Initial objective 0.0013105094734534607
1	 LLH-5	0.0013093153716327113	0.0013093153716327113
2	 LLH-0	0.0013076517370912597	0.0013076517370912597
3	 LLH-6	0.0013083651887909238	0.0013083651887909238
4	 LLH-2	0.0013085779799231361	0.0013085779799231361
5	 LLH-4	0.001306985707066511	0.001306985707066511
7	 LLH-1	0.0013069428810318548	0.0013069428810318548
8	 LLH-3	0.001426294784430068	0.001426294784430068
9	 LLH-5	0.0014269471502040081	0.0014269471502040081
10	 LLH-0	0.0014298189922611285	0.0014298189922611285
11	 LLH-6	0.0014284830048748418	0.0014284830048748418
12	 LLH-2	0.001374051901134949	0.001374051901134949
13	 LLH-4	0.0013717355311619064	0.0013717355311619064
15	 LLH-2	0.0013624656051348084	0.0013624656051348084
16	 LLH-1	0.0013623187445479833	0.0013623187445479833
17	 LLH-2	0.0013459261541092229	0.0013459261541092229
18	 LLH-4	0.0013437880189777806	0.0013437880189777806
20	 LLH-2	0.0013486144609682136	0.0013486144609682136
21	 LLH-5	0.0013481714175220714	0.0013481714175220714
22	 LLH-0	0.0013502240043343366	0.0013502240043343366
23	 LLH-6	0.0013507755476240987	0.0013507755476240987
24	 LLH-3	0.0012603190122348973	0.0012603190122348973
25	 LLH-2	0.001272316083227624	0.001272316083227624
26	 LLH-4	0.001272316083227624	0.001272316083227624
31	 LLH-1	0.001272456782353499	0.001272456782353499
32	 LLH-5	0.001272175063290895	0.001272175063290895
33	 LLH-2	0.001276272756323007	0.001276272756323007
34	 LLH-0	0.0012753196982190486	0.0012753196982190486
35	 LLH-6	0.0012735618117119532	0.0012735618117119532
36	 LLH-3	0.001350621430311867	0.001350621430311867
37	 LLH-2	0.0013451283802423113	0.0013451283802423113
38	 LLH-4	0.00134361225515973	0.00134361225515973
40	 LLH-2	0.0013217337261925031	0.0013217337261925031
41	 LLH-1	0.0013217337261925031	0.0013217337261925031
42	 LLH-5	0.0013219140749342138	0.0013219140749342138
43	 LLH-0	0.0013236396903660433	0.0013236396903660433
44	 LLH-6	0.0013231713124114994	0.0013231713124114994
45	 LLH-2	0.0013174650186025575	0.0013174650186025575
46	 LLH-4	0.0013158317621055574	0.0013158317621055574
48	 LLH-2	0.0013061400193174716	0.0013061400193174716
49	 LLH-1	0.0013064747766362995	0.0013064747766362995
50	 LLH-5	0.0013085312318532035	0.0013085312318532035
51	 LLH-3	0.0014353878316460177	0.0014353878316460177
52	 LLH-0	0.0014385107820814003	0.0014385107820814003
53	 LLH-6	0.001439662730617201	0.001439662730617201
54	 LLH-2	0.0013655677534359619	0.0013655677534359619
55	 LLH-2	0.0013526352926724872	0.0013526352926724872
56	 LLH-2	0.001317161294029726	0.001317161294029726
57	 LLH-2	0.0013176992998763962	0.0013176992998763962
58	 LLH-2	0.0013134635131018765	0.0013134635131018765
59	 LLH-2	0.0013287644974390883	0.0013287644974390883
60	 LLH-2	0.001327318128391119	0.001327318128391119
61	 LLH-2	0.001307955238260551	0.001307955238260551
62	 LLH-2	0.0013219094078915196	0.0013219094078915196
63	 LLH-4	0.0013202845043580212	0.0013202845043580212
65	 LLH-2	0.001313548453434001	0.001313548453434001
66	 LLH-2	0.0013120628343598847	0.0013120628343598847
67	 LLH-2	0.0013085344914398516	0.0013085344914398516
68	 LLH-2	0.0013197892951938243	0.0013197892951938243
69	 LLH-1	0.0013200593497669335	0.0013200593497669335
70	 LLH-5	0.0013201833473487053	0.0013201833473487053
71	 LLH-0	0.0013184117798902633	0.0013184117798902633
72	 LLH-2	0.0013167711426075885	0.0013167711426075885
73	 LLH-2	0.0013141308351133285	0.0013141308351133285
74	 LLH-2	0.0013219591398293013	0.0013219591398293013
75	 LLH-6	0.0013216640412926162	0.0013216640412926162
76	 LLH-2	0.0013130977941306864	0.0013130977941306864
77	 LLH-2	0.0013226374579305641	0.0013226374579305641
78	 LLH-4	0.001321056915785086	0.001321056915785086
81	 LLH-2	0.0013208139693652947	0.0013208139693652947
82	 LLH-2	0.0013093693327918075	0.0013093693327918075
83	 LLH-2	0.0013205522102766414	0.0013205522102766414
84	 LLH-3	0.0014367948644689373	0.0014367948644689373
85	 LLH-1	0.001436434149107228	0.001436434149107228
86	 LLH-2	0.0013924083413353917	0.0013924083413353917
87	 LLH-2	0.0013705537116494664	0.0013705537116494664
88	 LLH-2	0.0013411328117825837	0.0013411328117825837
89	 LLH-2	0.0013268710288372372	0.0013268710288372372
90	 LLH-2	0.001314266509906294	0.001314266509906294
91	 LLH-2	0.0013117311172963727	0.0013117311172963727
92	 LLH-2	0.0013255263192549068	0.0013255263192549068
93	 LLH-2	0.001307649077778248	0.001307649077778248
94	 LLH-2	0.0013127066487247264	0.0013127066487247264
95	 LLH-2	0.0013122164064797452	0.0013122164064797452
96	 LLH-2	0.0013157024513901143	0.0013157024513901143
97	 LLH-2	0.0013016042013355362	0.0013016042013355362
98	 LLH-2	0.0013139380117274029	0.0013139380117274029
99	 LLH-2	0.0013279701362943444	0.0013279701362943444
100	 LLH-5	0.001328039288029119	0.001328039288029119
101	 LLH-0	0.001329748127473504	0.001329748127473504
102	 LLH-6	0.0013290855358426964	0.0013290855358426964
103	 LLH-2	0.0013082399105521986	0.0013082399105521986
104	 LLH-2	0.001328428537437358	0.001328428537437358
105	 LLH-4	0.001326595499800894	0.001326595499800894
108	 LLH-2	0.0013201463924661207	0.0013201463924661207
109	 LLH-2	0.0013102964090080675	0.0013102964090080675
110	 LLH-2	0.0013143489945993056	0.0013143489945993056
111	 LLH-2	0.00131406142802743	0.00131406142802743
112	 LLH-2	0.0013206095330478998	0.0013206095330478998
113	 LLH-1	0.0013206461031172202	0.0013206461031172202
114	 LLH-3	0.0012677876019239814	0.0012677876019239814
115	 LLH-2	0.0012885417695488919	0.0012885417695488919
116	 LLH-2	0.0013049075372602906	0.0013049075372602906
117	 LLH-5	0.001306301071599774	0.001306301071599774
118	 LLH-0	0.001305026831098037	0.001305026831098037
119	 LLH-2	0.0013020418523952565	0.0013020418523952565
120	 LLH-2	0.0013045387043731807	0.0013045387043731807
121	 LLH-2	0.0013058678918981994	0.0013058678918981994
122	 LLH-6	0.0013067062916713988	0.0013067062916713988
123	 LLH-4	0.0013053327030134578	0.0013053327030134578
125	 LLH-2	0.0013250641033171928	0.0013250641033171928
126	 LLH-2	0.0013183207753405771	0.0013183207753405771
127	 LLH-2	0.0013223838684512177	0.0013223838684512177
128	 LLH-2	0.0013298971991268162	0.0013298971991268162
129	 LLH-1	0.0013298971991268162	0.0013298971991268162
130	 LLH-5	0.0013304834537892348	0.0013304834537892348
131	 LLH-0	0.0013288205209061636	0.0013288205209061636
132	 LLH-2	0.0013069762284630701	0.0013069762284630701
133	 LLH-2	0.001311874307893134	0.001311874307893134
134	 LLH-2	0.0013242389980738622	0.0013242389980738622
135	 LLH-2	0.0013244383052117505	0.0013244383052117505
136	 LLH-4	0.0013229020119672023	0.0013229020119672023
138	 LLH-2	0.001310193356501581	0.001310193356501581
139	 LLH-2	0.0012957277691374339	0.0012957277691374339
140	 LLH-2	0.0012958429181834268	0.0012958429181834268
141	 LLH-2	0.0013186730034108463	0.0013186730034108463
142	 LLH-6	0.0013178927608405743	0.0013178927608405743
143	 LLH-2	0.0013217530865641174	0.0013217530865641174
144	 LLH-2	0.0013132338819860962	0.0013132338819860962
145	 LLH-2	0.00132159008331605	0.00132159008331605
146	 LLH-2	0.001312035097294485	0.001312035097294485
147	 LLH-2	0.0013040935312644128	0.0013040935312644128
148	 LLH-2	0.0013156396673334268	0.0013156396673334268
149	 LLH-1	0.0013154556358750558	0.0013154556358750558
150	 LLH-5	0.001315797415241689	0.001315797415241689
151	 LLH-0	0.0013143858118685237	0.0013143858118685237
152	 LLH-2	0.0013055534362186234	0.0013055534362186234
153	 LLH-2	0.0012886017905917246	0.0012886017905917246
154	 LLH-2	0.0012978411935656159	0.0012978411935656159
155	 LLH-2	0.0013151350880254884	0.0013151350880254884
156	 LLH-3	0.0012746309767926673	0.0012746309767926673
157	 LLH-2	0.0012742168774585907	0.0012742168774585907
158	 LLH-2	0.0012836669302877148	0.0012836669302877148
159	 LLH-4	0.0012836669302877148	0.0012836669302877148
164	 LLH-6	0.0012839131830926223	0.0012839131830926223
165	 LLH-1	0.0012838401759310589	0.0012838401759310589
166	 LLH-2	0.0012701207779037492	0.0012701207779037492
167	 LLH-2	0.0012843254024733613	0.0012843254024733613
168	 LLH-2	0.0012783987605445397	0.0012783987605445397
169	 LLH-2	0.0012989302306140157	0.0012989302306140157
170	 LLH-5	0.0012996073527693722	0.0012996073527693722
171	 LLH-0	0.001300914297019016	0.001300914297019016
172	 LLH-3	0.0013808996750009914	0.0013808996750009914
173	 LLH-4	0.0013786226620920946	0.0013786226620920946
175	 LLH-2	0.0013410518168211157	0.0013410518168211157
176	 LLH-2	0.001333105669437135	0.001333105669437135
177	 LLH-2	0.0013424686046588571	0.0013424686046588571
178	 LLH-2	0.0013415271333531314	0.0013415271333531314
179	 LLH-2	0.0013525005072947544	0.0013525005072947544
180	 LLH-2	0.0013404440692225135	0.0013404440692225135
181	 LLH-2	0.0013281984654628632	0.0013281984654628632
182	 LLH-2	0.0013299685201370792	0.0013299685201370792
183	 LLH-2	0.001312892935839608	0.001312892935839608
184	 LLH-2	0.001315718591478505	0.001315718591478505
185	 LLH-2	0.0013133345223893499	0.0013133345223893499
186	 LLH-2	0.0013089857319052742	0.0013089857319052742
187	 LLH-2	0.0013221911401765673	0.0013089857319052742
188	 LLH-1	0.0013089857319052742	0.0013089857319052742
189	 LLH-6	0.0013097201052068518	0.0013097201052068518
190	 LLH-5	0.0013088676717562457	0.0013088676717562457
191	 LLH-0	0.0013103550936717579	0.0013103550936717579
192	 LLH-4	0.001308737326038876	0.001308737326038876
195	 LLH-2	0.0013130933231881529	0.0013130933231881529
196	 LLH-2	0.0013192440348261682	0.0013192440348261682
197	 LLH-2	0.0013326921146669312	0.0013326921146669312
198	 LLH-3	0.0014374728767013328	0.0013326921146669312
199	 LLH-1	0.0013332957515488598	0.0013332957515488598
200	 LLH-6	0.001333711297081561	0.001333711297081561
201	 LLH-5	0.0013341964156420372	0.0013341964156420372
202	 LLH-0	0.0013325857114010557	0.0013325857114010557
203	 LLH-2	0.0013207695996626753	0.0013207695996626753
204	 LLH-2	0.001304867286417805	0.001304867286417805
205	 LLH-2	0.0013128336985839283	0.0013128336985839283
206	 LLH-2	0.0013051379436542878	0.0013051379436542878
207	 LLH-2	0.0013232969288911442	0.0013232969288911442
208	 LLH-2	0.0013251547007796759	0.0013251547007796759
209	 LLH-4	0.0013236600976844204	0.0013236600976844204
212	 LLH-2	0.0013216960174140338	0.0013216960174140338
213	 LLH-2	0.0013091680314479051	0.0013091680314479051
214	 LLH-2	0.0013041518347584775	0.0013041518347584775
215	 LLH-2	0.001308236047130787	0.001308236047130787
216	 LLH-2	0.001318971787187675	0.001318971787187675
217	 LLH-1	0.0013189487863341026	0.0013189487863341026
218	 LLH-6	0.0013201132055197895	0.0013201132055197895
219	 LLH-5	0.0013182231430508586	0.0013182231430508586
220	 LLH-0	0.0013168843518606439	0.0013168843518606439
221	 LLH-2	0.0013085763029974224	0.0013085763029974224
222	 LLH-2	0.001320114265640708	0.001320114265640708
223	 LLH-2	0.001307950635693287	0.001307950635693287
224	 LLH-2	0.0013221798828891205	0.0013221798828891205
225	 LLH-2	0.0013186320673192879	0.0013186320673192879
226	 LLH-2	0.0013206396749815945	0.0013206396749815945
227	 LLH-4	0.001319211056398917	0.001319211056398917
230	 LLH-2	0.0013174744194037083	0.0013174744194037083
231	 LLH-2	0.001308750583253788	0.001308750583253788
232	 LLH-2	0.0013149565988268912	0.0013149565988268912
233	 LLH-2	0.0013100222396216711	0.0013100222396216711
234	 LLH-2	0.001317976200558389	0.001317976200558389
235	 LLH-1	0.0013179854315356326	0.0013179854315356326
236	 LLH-3	0.0014210615257155025	0.0013179854315356326
237	 LLH-6	0.0013176060278654036	0.0013176060278654036
238	 LLH-2	0.0013471066886344963	0.0013471066886344963
239	 LLH-5	0.0013480927062296496	0.0013480927062296496
240	 LLH-0	0.0013497591311936144	0.0013497591311936144
241	 LLH-4	0.0013478734396777776	0.0013478734396777776
244	 LLH-2	0.0013461700165448291	0.0013461700165448291
245	 LLH-2	0.0013553617572104317	0.0013553617572104317
246	 LLH-2	0.0013523741909489799	0.0013523741909489799
247	 LLH-2	0.00131986906415006	0.00131986906415006
248	 LLH-2	0.0013109526192962644	0.0013109526192962644
249	 LLH-2	0.0013154416748033032	0.0013154416748033032
250	 LLH-2	0.0013076900656974289	0.0013076900656974289
251	 LLH-2	0.001325429791362041	0.001325429791362041
252	 LLH-2	0.0013272168682246506	0.0013272168682246506
253	 LLH-1	0.0013272168682246506	0.0013272168682246506
254	 LLH-6	0.0013273762062270904	0.0013273762062270904
255	 LLH-5	0.001327078394825714	0.001327078394825714
256	 LLH-0	0.0013288836658901784	0.0013288836658901784
257	 LLH-4	0.0013272935398180167	0.0013272935398180167
259	 LLH-2	0.0013059660420130282	0.0013059660420130282
260	 LLH-2	0.0013314566152081756	0.0013314566152081756
261	 LLH-2	0.0013252211696504384	0.0013252211696504384
262	 LLH-2	0.001313712000919125	0.001313712000919125
263	 LLH-2	0.0013221544122117373	0.0013221544122117373
264	 LLH-2	0.0013158761949822434	0.0013158761949822434
265	 LLH-2	0.0013409339198012737	0.0013409339198012737
266	 LLH-2	0.0013225173577548189	0.0013225173577548189
267	 LLH-2	0.0013232108401607413	0.0013232108401607413
268	 LLH-2	0.0013229538812429278	0.0013229538812429278
269	 LLH-2	0.001326804035177626	0.001326804035177626
270	 LLH-2	0.001313175586018106	0.001313175586018106
271	 LLH-2	0.0013479238511033488	0.0013479238511033488
272	 LLH-1	0.0013479238511033488	0.0013479238511033488
273	 LLH-6	0.0013471031983115268	0.0013471031983115268
274	 LLH-5	0.001346829501714038	0.001346829501714038
275	 LLH-0	0.0013488170229225432	0.0013488170229225432
276	 LLH-4	0.001346695557297345	0.001346695557297345
278	 LLH-2	0.0013247033700496073	0.0013247033700496073
279	 LLH-2	0.001350401088916037	0.001350401088916037
280	 LLH-2	0.0013525816384570405	0.0013525816384570405
281	 LLH-3	0.0014389822214274993	0.0014389822214274993
282	 LLH-1	0.0014389241799006441	0.0014389241799006441
283	 LLH-2	0.0013728076409891003	0.0013728076409891003
284	 LLH-2	0.0013762918616456689	0.0013762918616456689
285	 LLH-2	0.001334435834773447	0.001334435834773447
286	 LLH-2	0.0013426003283918218	0.0013426003283918218
287	 LLH-2	0.001309984974501391	0.001309984974501391
288	 LLH-2	0.0013170192012458327	0.0013170192012458327
289	 LLH-2	0.0013064452243917192	0.0013064452243917192
290	 LLH-2	0.001324166796108863	0.001324166796108863
291	 LLH-2	0.0013114728930735064	0.0013114728930735064
292	 LLH-2	0.0013161827555755268	0.0013161827555755268
293	 LLH-2	0.001312965147208699	0.001312965147208699
294	 LLH-2	0.0013140467899136297	0.0013140467899136297
295	 LLH-2	0.0013088034455229075	0.0013088034455229075
296	 LLH-2	0.0013095927511577155	0.0013095927511577155
297	 LLH-2	0.001307193314196565	0.001307193314196565
298	 LLH-2	0.0012920948419651403	0.0012920948419651403
299	 LLH-2	0.0013218124476322337	0.0013218124476322337
300	 LLH-2	0.0013042879726755646	0.0013042879726755646
301	 LLH-2	0.0013060277226027439	0.0013060277226027439
302	 LLH-2	0.0013149577513999265	0.0013149577513999265
303	 LLH-6	0.0013153801704797064	0.0013153801704797064
304	 LLH-5	0.0013140740279278967	0.0013140740279278967
305	 LLH-0	0.0013152358617953522	0.0013152358617953522
306	 LLH-4	0.0013138873032721185	0.0013138873032721185
308	 LLH-2	0.0013074001751082085	0.0013074001751082085
309	 LLH-2	0.001313882589614247	0.001313882589614247
310	 LLH-1	0.001313882589614247	0.001313882589614247
311	 LLH-2	0.0013203656689059558	0.0013203656689059558
312	 LLH-2	0.0013170307493854548	0.0013170307493854548
313	 LLH-2	0.0013077788300145192	0.0013077788300145192
314	 LLH-2	0.0013049520939939856	0.0013049520939939856
315	 LLH-2	0.001322537857383676	0.001322537857383676
316	 LLH-2	0.0013095332168321316	0.0013095332168321316
317	 LLH-2	0.0013127849047572296	0.0013127849047572296
318	 LLH-2	0.0013165843212792235	0.0013165843212792235
319	 LLH-2	0.0013151140322109449	0.0013151140322109449
320	 LLH-2	0.0013133375027130714	0.0013133375027130714
321	 LLH-2	0.0013052033710676386	0.0013052033710676386
322	 LLH-2	0.0013166961640814702	0.0013166961640814702
323	 LLH-2	0.0013179250765607893	0.0013179250765607893
324	 LLH-6	0.0013168815569266632	0.0013168815569266632
325	 LLH-2	0.0013007131477260196	0.0013007131477260196
326	 LLH-2	0.0013167014753396574	0.0013167014753396574
327	 LLH-4	0.0013152078985378657	0.0013152078985378657
331	 LLH-5	0.0013159169206977588	0.0013159169206977588
332	 LLH-0	0.0013145279993720972	0.0013145279993720972
333	 LLH-1	0.0013147615074436316	0.0013147615074436316
334	 LLH-2	0.001295766806852291	0.001295766806852291
335	 LLH-2	0.001301798676703618	0.001301798676703618
336	 LLH-2	0.0013228337883458463	0.0013228337883458463
337	 LLH-3	0.0012721773270882517	0.0012721773270882517
338	 LLH-2	0.0012707564115089888	0.0012707564115089888
339	 LLH-2	0.0012920575923143101	0.0012920575923143101
340	 LLH-2	0.001285956362366774	0.001285956362366774
341	 LLH-2	0.0012812298193473164	0.0012812298193473164
342	 LLH-2	0.0012893409650594563	0.0012893409650594563
343	 LLH-2	0.0012891041549080273	0.0012891041549080273
344	 LLH-2	0.0013156362658896525	0.0012891041549080273
345	 LLH-6	0.0012894800160383121	0.0012894800160383121
346	 LLH-4	0.0012881498205045533	0.0012881498205045533
351	 LLH-2	0.0013018867234342326	0.0013018867234342326
352	 LLH-5	0.001303002558001825	0.001303002558001825
353	 LLH-0	0.0013042475158798533	0.0013042475158798533
354	 LLH-1	0.0013047556638589375	0.0013047556638589375
355	 LLH-6	0.0013019785993967602	0.0013019785993967602
356	 LLH-2	0.0013047741090196985	0.0013047741090196985
357	 LLH-2	0.001316441010645184	0.001316441010645184
358	 LLH-4	0.0013150494304289373	0.0013150494304289373
360	 LLH-2	0.0013231406338917507	0.0013231406338917507
361	 LLH-2	0.0013147163470809665	0.0013147163470809665
362	 LLH-2	0.0013226070880469603	0.0013226070880469603
363	 LLH-2	0.0013072785518228127	0.0013072785518228127
364	 LLH-2	0.001326898333817451	0.001326898333817451
365	 LLH-2	0.0013209253410296489	0.0013209253410296489
366	 LLH-2	0.0013242245213180455	0.0013242245213180455
367	 LLH-5	0.001323286814881427	0.001323286814881427
368	 LLH-0	0.0013218737540360793	0.0013218737540360793
369	 LLH-1	0.001322371098493695	0.001322371098493695
370	 LLH-6	0.0013225014455817711	0.0013225014455817711
371	 LLH-3	0.0012811403670801675	0.0012811403670801675
372	 LLH-2	0.001279279219208205	0.001279279219208205
373	 LLH-2	0.0012914903757739859	0.0012914903757739859
374	 LLH-4	0.0012904837067506294	0.0012904837067506294
376	 LLH-2	0.0012961198899215933	0.0012904837067506294
377	 LLH-2	0.0012863490550406908	0.0012863490550406908
378	 LLH-2	0.0012971814262673373	0.0012971814262673373
379	 LLH-2	0.0012900154553092034	0.0012900154553092034
380	 LLH-2	0.0012929155873073305	0.0012929155873073305
381	 LLH-5	0.001295456830653931	0.001295456830653931
382	 LLH-0	0.001296907077348628	0.001296907077348628
383	 LLH-1	0.001296907077348628	0.001296907077348628
384	 LLH-6	0.0012964925504007833	0.0012964925504007833
385	 LLH-2	0.0012969990423886445	0.0012969990423886445
386	 LLH-4	0.0012954758100096066	0.0012954758100096066
388	 LLH-2	0.0013013780862450091	0.0013013780862450091
389	 LLH-2	0.001306366139045671	0.001306366139045671
390	 LLH-5	0.0013049682866831066	0.0013049682866831066
391	 LLH-0	0.0013067358069658217	0.0013067358069658217
392	 LLH-1	0.0013064243546233568	0.0013064243546233568
393	 LLH-2	0.0012946888636575166	0.0012946888636575166
394	 LLH-2	0.0013040460637505854	0.0013040460637505854
395	 LLH-4	0.0013027939395935573	0.0013027939395935573
397	 LLH-6	0.001303159709567501	0.001303159709567501
398	 LLH-2	0.0013112961559882154	0.0013112961559882154
399	 LLH-5	0.0013114112526884636	0.0013114112526884636
400	 LLH-3	0.0014297593393917337	0.0014297593393917337
401	 LLH-0	0.0014267102462682405	0.0014267102462682405
402	 LLH-1	0.0014263270149160337	0.0014263270149160337
403	 LLH-2	0.0013672902702647517	0.0013672902702647517
404	 LLH-2	0.0013627452393932635	0.0013627452393932635
405	 LLH-2	0.0013371468616249008	0.0013371468616249008
406	 LLH-2	0.0013377169533653234	0.0013377169533653234
407	 LLH-2	0.0013329134598714686	0.0013329134598714686
408	 LLH-2	0.0013275750149130162	0.0013275750149130162
409	 LLH-2	0.001314519172737576	0.001314519172737576
410	 LLH-2	0.0013181137519221332	0.0013181137519221332
411	 LLH-2	0.0013275236166014341	0.0013275236166014341
412	 LLH-4	0.0013259703475648902	0.0013259703475648902
414	 LLH-2	0.001346241441694441	0.001346241441694441
415	 LLH-2	0.0013191134296194034	0.0013191134296194034
416	 LLH-2	0.0013215759288323148	0.0013215759288323148
417	 LLH-2	0.001326388110212867	0.001326388110212867
418	 LLH-6	0.001324948366684594	0.001324948366684594
419	 LLH-5	0.0013262873937531883	0.0013262873937531883
420	 LLH-0	0.0013024515154989006	0.0013024515154989006
421	 LLH-1	0.0013028618953156025	0.0013028618953156025
422	 LLH-2	0.0013240262955849472	0.0013028618953156025
423	 LLH-2	0.0013096681517465517	0.0013096681517465517
424	 LLH-4	0.0013080212761422904	0.0013080212761422904
426	 LLH-2	0.001313696293319438	0.001313696293319438
427	 LLH-2	0.0013250702353127819	0.001313696293319438
428	 LLH-2	0.0013229224173833371	0.0013229224173833371
429	 LLH-3	0.0012764015370045033	0.0012764015370045033
430	 LLH-2	0.0012740640773103767	0.0012740640773103767
431	 LLH-2	0.0012775193855390156	0.0012775193855390156
432	 LLH-2	0.0012788128541769755	0.0012788128541769755
433	 LLH-6	0.001279408542212192	0.001279408542212192
434	 LLH-5	0.0012810031548751628	0.0012810031548751628
435	 LLH-0	0.0012820957701290942	0.0012820957701290942
436	 LLH-1	0.0012823973510046262	0.0012823973510046262
437	 LLH-4	0.0012811398591658686	0.0012811398591658686
439	 LLH-2	0.001287590578316718	0.001287590578316718
440	 LLH-2	0.0012947844222271766	0.0012947844222271766
441	 LLH-2	0.001283695159603854	0.001283695159603854
442	 LLH-2	0.001286373013845746	0.001286373013845746
443	 LLH-2	0.0013098929818966592	0.001286373013845746
444	 LLH-6	0.0012853468729716047	0.0012853468729716047
445	 LLH-0	0.0012866932637722631	0.0012866932637722631
446	 LLH-5	0.0012884608233987476	0.0012884608233987476
447	 LLH-1	0.0012884903402732104	0.0012884903402732104
448	 LLH-4	0.0012870762752664022	0.0012870762752664022
451	 LLH-2	0.0013006695798344855	0.0013006695798344855
452	 LLH-2	0.001301150336899481	0.001301150336899481
453	 LLH-6	0.0013017505930765605	0.0013017505930765605
454	 LLH-3	0.0012619111257616558	0.0012619111257616558
455	 LLH-2	0.0012648943546973964	0.0012648943546973964
456	 LLH-2	0.0012810313416216882	0.0012810313416216882
457	 LLH-0	0.0012796966731251224	0.0012796966731251224
458	 LLH-1	0.0012796966731251224	0.0012796966731251224
459	 LLH-5	0.0012807716063147866	0.0012807716063147866
460	 LLH-4	0.0012799871560149985	0.0012799871560149985
463	 LLH-6	0.0012782445617113294	0.0012782445617113294
464	 LLH-2	0.0012796393552154312	0.0012796393552154312
465	 LLH-2	0.0012925926215953073	0.0012925926215953073
466	 LLH-0	0.0012913295582451802	0.0012913295582451802
467	 LLH-1	0.0012914284221609035	0.0012914284221609035
468	 LLH-5	0.0012909484939190848	0.0012909484939190848
469	 LLH-4	0.0012899632671111297	0.0012899632671111297
474	 LLH-6	0.0012894183066362377	0.0012894183066362377
475	 LLH-2	0.001294022951450334	0.001294022951450334
476	 LLH-0	0.0012949517831165752	0.0012949517831165752
477	 LLH-1	0.0012949247510148942	0.0012949247510148942
478	 LLH-2	0.0012913694853007537	0.0012913694853007537
479	 LLH-2	0.001295375903616581	0.001295375903616581
480	 LLH-5	0.0012955786998717087	0.0012955786998717087
481	 LLH-4	0.0012942393365539553	0.0012942393365539553
483	 LLH-6	0.0012927432828930678	0.0012927432828930678
484	 LLH-0	0.0012914283645929165	0.0012914283645929165
485	 LLH-1	0.0012915427875512357	0.0012915427875512357
486	 LLH-2	0.0012955555154654534	0.0012955555154654534
487	 LLH-3	0.0012569003552563014	0.0012569003552563014
488	 LLH-2	0.001273663877128942	0.001273663877128942
489	 LLH-4	0.0012728372001536451	0.0012728372001536451
491	 LLH-5	0.0012721983354946564	0.0012721983354946564
492	 LLH-0	0.0012712669944522571	0.0012712669944522571
493	 LLH-6	0.0012708095693849482	0.0012708095693849482
494	 LLH-1	0.0012707356606590514	0.0012707356606590514
495	 LLH-2	0.0012736675062788132	0.0012736675062788132
496	 LLH-4	0.001272394707846817	0.001272394707846817
498	 LLH-0	0.0012737437052694877	0.0012737437052694877
499	 LLH-5	0.00127467184543911	0.00127467184543911
500	 LLH-6	0.001274168383047689	0.001274168383047689
501	 LLH-2	0.0012840452928364575	0.0012840452928364575
502	 LLH-1	0.0012840452928364575	0.0012840452928364575
503	 LLH-4	0.0012830654100876133	0.0012830654100876133
508	 LLH-0	0.001284071315538782	0.001284071315538782
509	 LLH-6	0.001284906578474502	0.001284906578474502
510	 LLH-3	0.0012681203849214413	0.0012681203849214413
511	 LLH-2	0.0012757363061962838	0.0012757363061962838
512	 LLH-5	0.0012759582480383778	0.0012759582480383778
513	 LLH-1	0.0012759146584425923	0.0012759146584425923
514	 LLH-2	0.0012635457715821747	0.0012635457715821747
515	 LLH-4	0.0012635457715821747	0.0012635457715821747
520	 LLH-0	0.0012828404030601913	0.0012828404030601913
521	 LLH-6	0.0012823352385076946	0.0012823352385076946
522	 LLH-5	0.0012816281279439672	0.0012816281279439672
523	 LLH-1	0.0012817718626460983	0.0012817718626460983
524	 LLH-2	0.001269595212661358	0.001269595212661358
525	 LLH-2	0.0012863655834739968	0.0012863655834739968
526	 LLH-4	0.0012854949409989139	0.0012854949409989139
528	 LLH-6	0.0012846534379101153	0.0012846534379101153
529	 LLH-0	0.0012858103274578652	0.0012858103274578652
530	 LLH-1	0.0012857537313593526	0.0012857537313593526
531	 LLH-2	0.0012759626211217823	0.0012759626211217823
532	 LLH-2	0.0012730386600046922	0.0012730386600046922
533	 LLH-2	0.0012801126623173346	0.0012801126623173346
534	 LLH-5	0.0012803429294470361	0.0012803429294470361
535	 LLH-4	0.0012792946499228697	0.0012792946499228697
537	 LLH-6	0.001280075087023551	0.001280075087023551
538	 LLH-3	0.0013631612620673551	0.001280075087023551
539	 LLH-2	0.0013060971102119652	0.001280075087023551
540	 LLH-0	0.001281221302658259	0.001281221302658259
541	 LLH-1	0.0012813073409932416	0.0012813073409932416
542	 LLH-5	0.0012827567388534523	0.0012827567388534523
543	 LLH-4	0.0012816358770094093	0.0012816358770094093
545	 LLH-6	0.0012817526956130643	0.0012817526956130643
546	 LLH-2	0.0012966321012618414	0.0012817526956130643
547	 LLH-1	0.0012819699197665483	0.0012819699197665483
548	 LLH-0	0.001283052068059131	0.001283052068059131
549	 LLH-5	0.0012823360863382428	0.0012823360863382428
550	 LLH-4	0.0012812188548460128	0.0012812188548460128
552	 LLH-6	0.0012817752985867345	0.0012817752985867345
553	 LLH-1	0.0012817752985867345	0.0012817752985867345
554	 LLH-2	0.0012981680713725697	0.0012981680713725697
555	 LLH-0	0.0012993074968503833	0.0012993074968503833
556	 LLH-3	0.001275067239502038	0.001275067239502038
557	 LLH-2	0.0012671425938776601	0.0012671425938776601
558	 LLH-4	0.0012660744377468408	0.0012660744377468408
562	 LLH-5	0.0012658776324698893	0.0012658776324698893
563	 LLH-6	0.001267109338651019	0.001267109338651019
564	 LLH-1	0.0012672921447729418	0.0012672921447729418
565	 LLH-0	0.0012681648905110662	0.0012681648905110662
566	 LLH-2	0.00127274713621596	0.00127274713621596
567	 LLH-4	0.00127166565948836	0.00127166565948836
572	 LLH-6	0.0012716625503428017	0.0012716625503428017
573	 LLH-5	0.0012725896726250496	0.0012725896726250496
574	 LLH-1	0.0012725896726250496	0.0012725896726250496
575	 LLH-2	0.0012745637399108013	0.0012745637399108013
576	 LLH-0	0.0012738111013714673	0.0012738111013714673
577	 LLH-4	0.0012727538335859869	0.0012727538335859869
581	 LLH-6	0.0012705867592425317	0.0012705867592425317
582	 LLH-5	0.0012724878267496497	0.0012724878267496497
583	 LLH-1	0.0012724878267496497	0.0012724878267496497
584	 LLH-3	0.0012599236991985624	0.0012599236991985624
585	 LLH-2	0.0012602857998198502	0.0012602857998198502
586	 LLH-4	0.0012602857998198502	0.0012602857998198502
591	 LLH-0	0.0012612242173511922	0.0012612242173511922
592	 LLH-6	0.0012593167109095852	0.0012593167109095852
593	 LLH-5	0.0012592167497707755	0.0012592167497707755
594	 LLH-1	0.0012592167497707755	0.0012592167497707755
595	 LLH-2	0.0012794066935480713	0.0012592167497707755
596	 LLH-4	0.0012583543104096122	0.0012583543104096122
599	 LLH-6	0.0012591657463735736	0.0012591657463735736
600	 LLH-0	0.0012599137322991181	0.0012599137322991181
601	 LLH-1	0.001260093316968506	0.001260093316968506
602	 LLH-5	0.001260060311223884	0.001260060311223884
603	 LLH-4	0.0012593709371122458	0.0012593709371122458
607	 LLH-6	0.0012602668921570014	0.0012602668921570014
608	 LLH-2	0.001262391467465383	0.001262391467465383
609	 LLH-3	0.0012619455302826218	0.0012619455302826218
610	 LLH-2	0.0012611897475905184	0.0012611897475905184
611	 LLH-4	0.0012611897475905184	0.0012611897475905184
616	 LLH-1	0.0012609967907533882	0.0012609967907533882
617	 LLH-0	0.001260312920905406	0.001260312920905406
618	 LLH-5	0.0012600823730387859	0.0012600823730387859
619	 LLH-6	0.0012603278997065817	0.0012603278997065817
620	 LLH-2	0.0012794728124885637	0.0012794728124885637
621	 LLH-4	0.0012784788241155761	0.0012784788241155761
623	 LLH-1	0.0012779285491969527	0.0012779285491969527
624	 LLH-0	0.0012789504852291204	0.0012789504852291204
625	 LLH-6	0.0012792499813052507	0.0012792499813052507
626	 LLH-5	0.0012794254291277267	0.0012794254291277267
627	 LLH-4	0.0012786019676351928	0.0012786019676351928
629	 LLH-1	0.0012784306803070118	0.0012784306803070118
630	 LLH-2	0.0012813439813351012	0.0012813439813351012
631	 LLH-4	0.001280545674424729	0.001280545674424729
633	 LLH-6	0.0012809964386558828	0.0012809964386558828
634	 LLH-3	0.0013467226194582786	0.0013467226194582786
635	 LLH-2	0.00134979960871747	0.00134979960871747
636	 LLH-0	0.0013517975990256284	0.0013517975990256284
637	 LLH-5	0.0013516470984389663	0.0013516470984389663
638	 LLH-1	0.0013514225262376638	0.0013514225262376638
639	 LLH-4	0.0013496494561169806	0.0013496494561169806
641	 LLH-6	0.001349476913239555	0.001349476913239555
642	 LLH-0	0.0013471290630204932	0.0013471290630204932
643	 LLH-1	0.0013471828507019186	0.0013471828507019186
644	 LLH-2	0.0013246160610949995	0.0013246160610949995
645	 LLH-4	0.0013228936659434114	0.0013228936659434114
649	 LLH-5	0.0013237476002786201	0.0013237476002786201
650	 LLH-6	0.001323491124644583	0.001323491124644583
651	 LLH-0	0.001324993882267114	0.001324993882267114
652	 LLH-1	0.0013246077473902038	0.0013246077473902038
653	 LLH-2	0.0013173144790463553	0.0013173144790463553
654	 LLH-4	0.0013158459105687417	0.0013158459105687417
657	 LLH-6	0.0013138636185498302	0.0013138636185498302
658	 LLH-5	0.001313886377314492	0.001313886377314492
659	 LLH-0	0.001311980066458014	0.001311980066458014
660	 LLH-1	0.001312313371623379	0.001312313371623379
661	 LLH-2	0.001311734690076611	0.001311734690076611
662	 LLH-4	0.0013100326466797207	0.0013100326466797207
664	 LLH-6	0.001309742696654117	0.001309742696654117
665	 LLH-5	0.0013118252324079796	0.0013118252324079796
666	 LLH-0	0.0013135156782588323	0.0013135156782588323
667	 LLH-3	0.0012730418780470911	0.0012730418780470911
668	 LLH-2	0.0012732740235323085	0.0012732740235323085
669	 LLH-4	0.0012724084891683354	0.0012724084891683354
674	 LLH-1	0.0012723815268190736	0.0012723815268190736
675	 LLH-6	0.0012714294944729228	0.0012714294944729228
676	 LLH-5	0.0012724639494582134	0.0012714294944729228
677	 LLH-0	0.001272347946736311	0.001272347946736311
678	 LLH-2	0.0012923555810792878	0.0012923555810792878
679	 LLH-4	0.0012912594994171716	0.0012912594994171716
681	 LLH-6	0.0012910413741704608	0.0012910413741704608
682	 LLH-1	0.0012910413741704608	0.0012910413741704608
683	 LLH-2	0.00128982008055313	0.00128982008055313
684	 LLH-4	0.0012886056678042307	0.0012886056678042307
688	 LLH-5	0.0012882323806991136	0.0012882323806991136
689	 LLH-0	0.0012868038493278138	0.0012868038493278138
690	 LLH-1	0.001286733975804203	0.001286733975804203
691	 LLH-6	0.0012872979145653704	0.0012872979145653704
692	 LLH-3	0.001270466838291761	0.001270466838291761
693	 LLH-2	0.0012685774719619312	0.0012685774719619312
694	 LLH-4	0.0012685774719619312	0.0012685774719619312
699	 LLH-5	0.0012680129835126108	0.0012680129835126108
700	 LLH-0	0.001269202738400625	0.001269202738400625
701	 LLH-1	0.0012692116069384707	0.0012692116069384707
702	 LLH-6	0.001269042633363443	0.001269042633363443
703	 LLH-4	0.001268255131467897	0.001268255131467897
705	 LLH-5	0.0012692361552381509	0.0012692361552381509
706	 LLH-0	0.0012701234066903053	0.0012701234066903053
707	 LLH-2	0.0012664964442920465	0.0012664964442920465
708	 LLH-4	0.0012650752567699404	0.0012650752567699404
710	 LLH-6	0.0012643455411320294	0.0012643455411320294
711	 LLH-1	0.001264591047486875	0.001264591047486875
712	 LLH-2	0.001270814240956233	0.001264591047486875
713	 LLH-3	0.0013514413277874874	0.001264591047486875
714	 LLH-5	0.0012641481849224871	0.0012641481849224871
715	 LLH-0	0.0012653219861758916	0.0012653219861758916
716	 LLH-4	0.0012653219861758916	0.0012653219861758916
721	 LLH-6	0.0012648066526065862	0.0012648066526065862
722	 LLH-1	0.0012648066526065862	0.0012648066526065862
723	 LLH-2	0.0012878653926090035	0.0012648066526065862
724	 LLH-5	0.0012654948920488443	0.0012654948920488443
725	 LLH-0	0.0012665651243076472	0.0012665651243076472
726	 LLH-4	0.001265505316211522	0.001265505316211522
730	 LLH-6	0.0012655170200485694	0.0012655170200485694
731	 LLH-1	0.0012655170200485694	0.0012655170200485694
732	 LLH-2	0.0012864488969933825	0.0012864488969933825
733	 LLH-5	0.0012875520105235423	0.0012875520105235423
734	 LLH-0	0.0012863373100970156	0.0012863373100970156
735	 LLH-4	0.0012853541688113502	0.0012853541688113502
738	 LLH-6	0.0012851977014243499	0.0012851977014243499
739	 LLH-1	0.0012851977014243499	0.0012851977014243499
740	 LLH-5	0.001285061613885084	0.001285061613885084
741	 LLH-0	0.0012862424596053086	0.0012862424596053086
742	 LLH-3	0.0012637955537868671	0.0012637955537868671
743	 LLH-2	0.0012741568055024775	0.0012741568055024775
744	 LLH-4	0.0012733225439226525	0.0012733225439226525
747	 LLH-6	0.0012735145818521857	0.0012735145818521857
748	 LLH-1	0.0012735145818521857	0.0012735145818521857
749	 LLH-5	0.0012727659264486716	0.0012727659264486716
750	 LLH-0	0.0012741063480609179	0.0012741063480609179
751	 LLH-4	0.0012729825537426045	0.0012729825537426045
753	 LLH-6	0.001275122933580784	0.001275122933580784
754	 LLH-1	0.001275122933580784	0.001275122933580784
755	 LLH-2	0.0012696708364837391	0.0012696708364837391
756	 LLH-4	0.0012684599751041359	0.0012684599751041359
760	 LLH-5	0.0012690647617234515	0.0012690647617234515
761	 LLH-0	0.0012699081999962925	0.0012699081999962925
762	 LLH-6	0.0012746275499729007	0.0012699081999962925
763	 LLH-3	0.0012533476702810457	0.0012533476702810457
764	 LLH-2	0.0012624105338584527	0.0012624105338584527
765	 LLH-1	0.0012624105338584527	0.0012624105338584527
766	 LLH-4	0.0012615620498902759	0.0012615620498902759
769	 LLH-6	0.001263122865603327	0.001263122865603327
770	 LLH-5	0.001263658125174812	0.001263658125174812
771	 LLH-0	0.0012626368465644003	0.0012626368465644003
772	 LLH-1	0.0012626315647421699	0.0012626315647421699
773	 LLH-4	0.0012626315647421699	0.0012626315647421699
778	 LLH-6	0.0012632846505246057	0.0012632846505246057
779	 LLH-2	0.0012669167329609691	0.0012632846505246057
780	 LLH-5	0.001262706590340705	0.001262706590340705
781	 LLH-0	0.0012635208355428016	0.0012635208355428016
782	 LLH-1	0.0012635208355428016	0.0012635208355428016
783	 LLH-4	0.0012626353065347457	0.0012626353065347457
785	 LLH-6	0.0012628449207624513	0.0012628449207624513
786	 LLH-3	0.0012483026762012154	0.0012483026762012154
787	 LLH-2	0.0012626369414532085	0.0012626369414532085
788	 LLH-4	0.0012618568385229076	0.0012618568385229076
791	 LLH-5	0.0012622550518017375	0.0012622550518017375
792	 LLH-0	0.0012628362889141606	0.0012628362889141606
793	 LLH-1	0.0012628362889141606	0.0012628362889141606
794	 LLH-6	0.001262759135975235	0.001262759135975235
795	 LLH-4	0.0012620086012785547	0.0012620086012785547
798	 LLH-5	0.001262789674353155	0.001262789674353155
799	 LLH-0	0.0012618898302694723	0.0012618898302694723
800	 LLH-1	0.0012618898302694723	0.0012618898302694723
801	 LLH-2	0.0012721164808364568	0.0012618898302694723
802	 LLH-4	0.001261190640723289	0.001261190640723289
807	 LLH-6	0.0012614481076221931	0.0012614481076221931
808	 LLH-5	0.0012611994127758827	0.0012611994127758827
809	 LLH-0	0.0012622854944442682	0.0012622854944442682
810	 LLH-1	0.0012622854944442682	0.0012622854944442682
811	 LLH-3	0.001323910812684292	0.0012622854944442682
812	 LLH-2	0.0012588185271070864	0.0012588185271070864
813	 LLH-4	0.0012579016127707708	0.0012579016127707708
815	 LLH-6	0.001256574427571563	0.001256574427571563
816	 LLH-5	0.0012560376406339114	0.0012560376406339114
817	 LLH-0	0.0012552504956612294	0.0012552504956612294
818	 LLH-1	0.0012552504956612294	0.0012552504956612294
819	 LLH-4	0.0012552504956612294	0.0012552504956612294
824	 LLH-6	0.0012550172104043363	0.0012550172104043363
825	 LLH-5	0.0012549750467593843	0.0012549750467593843
826	 LLH-0	0.0012560390437609734	0.0012549750467593843
827	 LLH-1	0.001255034831166899	0.001255034831166899
828	 LLH-2	0.0012714510391693174	0.001255034831166899
829	 LLH-4	0.001255034831166899	0.001255034831166899
834	 LLH-3	0.0012590962203199187	0.001255034831166899
835	 LLH-6	0.0012552940091711444	0.0012552940091711444
836	 LLH-5	0.0012552789690034806	0.0012552789690034806
837	 LLH-0	0.001256047386830178	0.001256047386830178
838	 LLH-1	0.001256047386830178	0.001256047386830178
839	 LLH-2	0.0012616171492665323	0.001256047386830178
840	 LLH-4	0.0012554673044785111	0.0012554673044785111
843	 LLH-6	0.0012556898319412207	0.0012556898319412207
844	 LLH-5	0.0012560090602481118	0.0012560090602481118
845	 LLH-0	0.0012566880124806816	0.0012566880124806816
846	 LLH-1	0.0012566880124806816	0.0012566880124806816
847	 LLH-2	0.0012662479579133067	0.0012566880124806816
848	 LLH-4	0.0012559652105665173	0.0012559652105665173
851	 LLH-6	0.0012556906074748147	0.0012556906074748147
852	 LLH-5	0.0012567291553076563	0.0012567291553076563
853	 LLH-0	0.0012745504017469883	0.0012567291553076563
854	 LLH-3	0.001249323067237883	0.001249323067237883
855	 LLH-2	0.0012671539703486914	0.001249323067237883
856	 LLH-1	0.0012492413140595313	0.0012492413140595313
857	 LLH-4	0.0012492413140595313	0.0012492413140595313
862	 LLH-6	0.0012492563764713435	0.0012492563764713435
863	 LLH-5	0.0012485437759852595	0.0012485437759852595
864	 LLH-1	0.0012485437759852595	0.0012485437759852595
865	 LLH-0	0.0012491344481091768	0.0012491344481091768
866	 LLH-4	0.0012491344481091768	0.0012491344481091768
871	 LLH-2	0.001252610441439426	0.0012491344481091768
872	 LLH-6	0.0012491176726469918	0.0012491176726469918
873	 LLH-5	0.0012491988588455498	0.0012491988588455498
874	 LLH-1	0.0012491988588455498	0.0012491988588455498
875	 LLH-0	0.0012496993295837418	0.0012496993295837418
876	 LLH-3	0.0013061962132423725	0.0012496993295837418
877	 LLH-2	0.0012579676011978413	0.0012496993295837418
878	 LLH-4	0.0012489731954828931	0.0012489731954828931
881	 LLH-6	0.001249734477073153	0.001249734477073153
882	 LLH-5	0.0012496852726244063	0.0012496852726244063
883	 LLH-1	0.0012496852726244063	0.0012496852726244063
884	 LLH-0	0.0012502337092971162	0.0012502337092971162
885	 LLH-4	0.0012496988075763596	0.0012496988075763596
887	 LLH-6	0.0012483306588867982	0.0012483306588867982
888	 LLH-5	0.0012475605517052184	0.0012475605517052184
889	 LLH-1	0.0012475605517052184	0.0012475605517052184
890	 LLH-2	0.0012529539215789798	0.0012475605517052184
891	 LLH-4	0.0012475605517052184	0.0012475605517052184
896	 LLH-3	0.0012537046358594235	0.0012475605517052184
897	 LLH-0	0.001248062190605742	0.001248062190605742
898	 LLH-6	0.0012496721164528975	0.0012496721164528975
899	 LLH-5	0.0012501926299546716	0.0012501926299546716
900	 LLH-1	0.0012501926299546716	0.0012501926299546716
901	 LLH-2	0.0012564848841666136	0.0012501926299546716
902	 LLH-4	0.0012496350730931598	0.0012496350730931598
904	 LLH-6	0.0012495698834696222	0.0012495698834696222
905	 LLH-5	0.001249469130850532	0.001249469130850532
906	 LLH-1	0.001249469130850532	0.001249469130850532
907	 LLH-0	0.0012489028145238634	0.0012489028145238634
908	 LLH-4	0.0012489028145238634	0.0012489028145238634
913	 LLH-6	0.0012492105932522752	0.0012492105932522752
914	 LLH-5	0.0012491312309767418	0.0012491312309767418
915	 LLH-1	0.0012491312309767418	0.0012491312309767418
916	 LLH-2	0.001258800985440113	0.0012491312309767418
917	 LLH-0	0.0012497430564480426	0.0012497430564480426
918	 LLH-3	0.0012441213172103807	0.0012441213172103807
919	 LLH-2	0.0012502876377116041	0.0012502876377116041
920	 LLH-4	0.0012496167350784194	0.0012496167350784194
925	 LLH-6	0.0012505676341739284	0.0012505676341739284
926	 LLH-5	0.0012505514105030585	0.0012505514105030585
927	 LLH-1	0.0012505514105030585	0.0012505514105030585
928	 LLH-0	0.0012498922385995252	0.0012498922385995252
929	 LLH-4	0.0012498922385995252	0.0012498922385995252
934	 LLH-6	0.0012504832249097045	0.0012504832249097045
935	 LLH-2	0.0012526983157077017	0.0012526983157077017
936	 LLH-5	0.001252703748693618	0.001252703748693618
937	 LLH-1	0.001252703748693618	0.001252703748693618
938	 LLH-3	0.0013010696503903975	0.001252703748693618
939	 LLH-0	0.0012533574222248147	0.0012533574222248147
940	 LLH-4	0.0012527062086543196	0.0012527062086543196
943	 LLH-6	0.0012531513584153053	0.0012531513584153053
944	 LLH-5	0.0012533305852998776	0.0012533305852998776
945	 LLH-1	0.0012533305852998776	0.0012533305852998776
946	 LLH-2	0.0012690091516724606	0.0012533305852998776
947	 LLH-0	0.0012542089958919402	0.0012533305852998776
948	 LLH-4	0.0012523745906635492	0.0012523745906635492
950	 LLH-6	0.0012535620595112086	0.0012535620595112086
951	 LLH-5	0.0012532811673792081	0.0012532811673792081
952	 LLH-1	0.0012532811673792081	0.0012532811673792081
953	 LLH-0	0.0012526738973262315	0.0012526738973262315
954	 LLH-4	0.001251867573348873	0.001251867573348873
957	 LLH-6	0.001251356106564869	0.001251356106564869
958	 LLH-5	0.001250424110287912	0.001250424110287912
959	 LLH-1	0.001250424110287912	0.001250424110287912
960	 LLH-0	0.0012510065649319097	0.0012510065649319097
961	 LLH-3	0.0012554425186754527	0.0012554425186754527
962	 LLH-2	0.0012639041311675635	0.0012554425186754527
963	 LLH-4	0.0012554425186754527	0.0012554425186754527
968	 LLH-6	0.001256218547991459	0.001256218547991459
969	 LLH-5	0.0012555586782089523	0.0012555586782089523
970	 LLH-1	0.0012556409518840088	0.0012556409518840088
971	 LLH-0	0.0012563031345038595	0.0012563031345038595
972	 LLH-4	0.0012557429577192446	0.0012557429577192446
976	 LLH-6	0.0012551553986472942	0.0012551553986472942
977	 LLH-5	0.0012552011737792788	0.0012552011737792788
978	 LLH-1	0.0012551661906064254	0.0012551661906064254
979	 LLH-0	0.0012559083405059544	0.0012559083405059544
980	 LLH-2	0.0012546530825298901	0.0012546530825298901
981	 LLH-4	0.0012538777121011845	0.0012538777121011845
986	 LLH-6	0.0012548917059314458	0.0012538777121011845
987	 LLH-5	0.001253247403969273	0.001253247403969273
988	 LLH-1	0.0012534309064091453	0.0012534309064091453
989	 LLH-0	0.0012543931784907705	0.0012534309064091453
990	 LLH-3	0.0012567533252042028	0.0012567533252042028
991	 LLH-2	0.0012619916924553848	0.0012567533252042028
992	 LLH-4	0.001256071151266448	0.001256071151266448
996	 LLH-6	0.0012566042541419585	0.0012566042541419585
997	 LLH-5	0.001257556908864296	0.0012566042541419585
998	 LLH-1	0.0012566042541419585	0.0012566042541419585
999	 LLH-0	0.0012572391177052967	0.0012572391177052967
1000	 LLH-2	0.0012670454701756901	0.0012572391177052967
1001	 LLH-4	0.0012572391177052967	0.0012572391177052967
1006	 LLH-3	0.0012959057722915029	0.0012572391177052967
1007	 LLH-6	0.0012571700904128863	0.0012571700904128863
1008	 LLH-5	0.0012577064826907387	0.0012577064826907387
1009	 LLH-1	0.0012577064826907387	0.0012577064826907387
1010	 LLH-0	0.0012583793638282178	0.0012583793638282178
1011	 LLH-2	0.001248368295213496	0.001248368295213496
1012	 LLH-4	0.001248368295213496	0.001248368295213496
1017	 LLH-6	0.001249080540687217	0.001249080540687217
1018	 LLH-5	0.0012487465743028468	0.0012487465743028468
1019	 LLH-1	0.001248743955693335	0.001248743955693335
1020	 LLH-0	0.0012658370504596524	0.001248743955693335
1021	 LLH-4	0.001248743955693335	0.001248743955693335
1026	 LLH-2	0.0012611411885025473	0.001248743955693335
1027	 LLH-6	0.0012499712752239726	0.0012499712752239726
1028	 LLH-3	0.001306625825547792	0.0012499712752239726
1029	 LLH-5	0.001249434261705589	0.001249434261705589
1030	 LLH-1	0.001249434261705589	0.001249434261705589
1031	 LLH-0	0.0012499886540169247	0.0012499886540169247
1032	 LLH-4	0.0012494581073136083	0.0012494581073136083
1034	 LLH-6	0.0012487160901110826	0.0012487160901110826
1035	 LLH-5	0.0012485002223616565	0.0012485002223616565
1036	 LLH-1	0.0012485002223616565	0.0012485002223616565
1037	 LLH-4	0.0012485002223616565	0.0012485002223616565
1042	 LLH-2	0.0012578609324436414	0.0012485002223616565
1043	 LLH-0	0.0012490986136679178	0.0012490986136679178
1044	 LLH-6	0.0012493048038695826	0.0012493048038695826
1045	 LLH-5	0.0012492307702722484	0.0012492307702722484
1046	 LLH-1	0.0012492307702722484	0.0012492307702722484
1047	 LLH-4	0.001248382536831921	0.001248382536831921
1049	 LLH-6	0.001248686194303469	0.001248686194303469
1050	 LLH-5	0.0012488685392795557	0.0012488685392795557
1051	 LLH-0	0.0012495286151912974	0.0012495286151912974
1052	 LLH-3	0.0013030663065603854	0.0012495286151912974
1053	 LLH-2	0.0012584941266577416	0.0012495286151912974
1054	 LLH-1	0.0012495286151912974	0.0012495286151912974
1055	 LLH-4	0.0012489017074345092	0.0012489017074345092
1059	 LLH-6	0.0012490610610086986	0.0012490610610086986
1060	 LLH-5	0.0012493496546569112	0.0012493496546569112
1061	 LLH-0	0.0012502776240514862	0.0012502776240514862
1062	 LLH-1	0.0012502776240514862	0.0012502776240514862
1063	 LLH-2	0.0012555838919012833	0.0012502776240514862
1064	 LLH-4	0.0012495211398734164	0.0012495211398734164
1067	 LLH-6	0.0012491237543840181	0.0012491237543840181
1068	 LLH-5	0.0012496297287378072	0.0012496297287378072
1069	 LLH-1	0.001249429663730729	0.001249429663730729
1070	 LLH-4	0.001249429663730729	0.001249429663730729
1075	 LLH-0	0.0012501570722063167	0.0012501570722063167
1076	 LLH-6	0.0012490812666512583	0.0012490812666512583
1077	 LLH-5	0.0012488542761042011	0.0012488542761042011
1078	 LLH-1	0.0012488542761042011	0.0012488542761042011
1079	 LLH-2	0.001254940201305449	0.0012488542761042011
1080	 LLH-4	0.0012488542761042011	0.0012488542761042011
1085	 LLH-3	0.001251123171937351	0.001251123171937351
1086	 LLH-0	0.0012516829081813978	0.0012516829081813978
1087	 LLH-6	0.001250994156918611	0.001250994156918611
1088	 LLH-5	0.0012501735289995176	0.0012501735289995176
1089	 LLH-1	0.0012498309753924538	0.0012498309753924538
1090	 LLH-4	0.0012490867024617064	0.0012490867024617064
1094	 LLH-6	0.0012504223752691783	0.0012490867024617064
1095	 LLH-2	0.001256085906452342	0.0012490867024617064
1096	 LLH-0	0.0012496002636553667	0.0012496002636553667
1097	 LLH-5	0.0012500294037781172	0.0012500294037781172
1098	 LLH-1	0.0012500294037781172	0.0012500294037781172
1099	 LLH-4	0.0012500294037781172	0.0012500294037781172
1104	 LLH-3	0.001250713987306477	0.001250713987306477
1105	 LLH-2	0.001258224256831977	0.001250713987306477
1106	 LLH-6	0.0012516773811063013	0.0012516773811063013
1107	 LLH-0	0.0012521325074367	0.0012521325074367
1108	 LLH-5	0.0012515087073841009	0.0012515087073841009
1109	 LLH-1	0.0012515087073841009	0.0012515087073841009
1110	 LLH-4	0.0012515087073841009	0.0012515087073841009
1115	 LLH-6	0.0012514141231140577	0.0012514141231140577
1116	 LLH-5	0.0012517256509988514	0.0012517256509988514
1117	 LLH-1	0.0012517256509988514	0.0012517256509988514
1118	 LLH-0	0.0012522056081343904	0.0012522056081343904
1119	 LLH-2	0.001246102852278982	0.001246102852278982
1120	 LLH-4	0.001246102852278982	0.001246102852278982
1125	 LLH-6	0.0012468733521819946	0.0012468733521819946
1126	 LLH-5	0.0012473237010275323	0.0012473237010275323
1127	 LLH-1	0.0012469946072541796	0.0012469946072541796
1128	 LLH-4	0.0012469946072541796	0.0012469946072541796
1133	 LLH-0	0.0012475790486553033	0.0012475790486553033
1134	 LLH-3	0.0012570487166852827	0.0012475790486553033
1135	 LLH-2	0.0012641032889280513	0.0012475790486553033
1136	 LLH-6	0.0012478232388680194	0.0012478232388680194
1137	 LLH-5	0.001247967427432487	0.001247967427432487
1138	 LLH-1	0.001247967427432487	0.001247967427432487
1139	 LLH-4	0.0012474627967534587	0.0012474627967534587
1144	 LLH-6	0.0012474076639065025	0.0012474076639065025
1145	 LLH-0	0.0012480038057891664	0.0012480038057891664
1146	 LLH-1	0.0012480038057891664	0.0012480038057891664
1147	 LLH-5	0.00124759480607294	0.00124759480607294
1148	 LLH-4	0.001247021864576247	0.001247021864576247
1152	 LLH-6	0.0012469480508427826	0.0012469480508427826
1153	 LLH-1	0.001246886183777415	0.001246886183777415
1154	 LLH-5	0.0012465530608558688	0.0012465530608558688
1155	 LLH-0	0.0012471758307103305	0.0012471758307103305
1156	 LLH-2	0.0012600538975512559	0.0012471758307103305
1157	 LLH-4	0.0012464103453155928	0.0012464103453155928
1161	 LLH-6	0.001246440593707004	0.001246440593707004
1162	 LLH-1	0.0012463350766558617	0.0012463350766558617
1163	 LLH-5	0.0012466669078813092	0.0012466669078813092
1164	 LLH-0	0.001247227779610637	0.001247227779610637
1165	 LLH-3	0.001243088614571575	0.001243088614571575
1166	 LLH-2	0.0012582519408307605	0.001243088614571575
1167	 LLH-4	0.001243088614571575	0.001243088614571575
1172	 LLH-6	0.001243099127097983	0.001243099127097983
1173	 LLH-1	0.001243099127097983	0.001243099127097983
1174	 LLH-5	0.0012432269196780096	0.0012432269196780096
1175	 LLH-0	0.0012437399125867436	0.0012432269196780096
1176	 LLH-2	0.0012484415510063982	0.0012484415510063982
1177	 LLH-4	0.0012475833875134007	0.0012475833875134007
1180	 LLH-6	0.0012492332374646974	0.0012492332374646974
1181	 LLH-1	0.0012496141089579859	0.0012496141089579859
1182	 LLH-5	0.0012493293728942697	0.0012493293728942697
1183	 LLH-4	0.0012493293728942697	0.0012493293728942697
1188	 LLH-0	0.0012483844323643446	0.0012483844323643446
1189	 LLH-1	0.0012484096767495542	0.0012484096767495542
1190	 LLH-6	0.0012484757373840136	0.0012484757373840136
1191	 LLH-3	0.0012440970571968195	0.0012440970571968195
1192	 LLH-2	0.0012530582503336332	0.0012440970571968195
1193	 LLH-5	0.0012445545423779728	0.0012445545423779728
1194	 LLH-4	0.0012445545423779728	0.0012445545423779728
1199	 LLH-1	0.0012445545423779728	0.0012445545423779728
1200	 LLH-0	0.0012451291754123769	0.0012451291754123769
1201	 LLH-6	0.001245992420314408	0.001245992420314408
1202	 LLH-5	0.0012453738545848067	0.0012453738545848067
1203	 LLH-4	0.0012448688997056135	0.0012448688997056135
1206	 LLH-1	0.0012448688997056135	0.0012448688997056135
1207	 LLH-6	0.0012459617581257365	0.0012459617581257365
1208	 LLH-2	0.0012583182012845938	0.0012459617581257365
1209	 LLH-0	0.0012463770869509888	0.0012463770869509888
1210	 LLH-3	0.00128891778894322	0.0012463770869509888
1211	 LLH-5	0.001246295109837755	0.001246295109837755
1212	 LLH-4	0.0012457691929017218	0.0012457691929017218
1214	 LLH-1	0.0012457691929017218	0.0012457691929017218
1215	 LLH-6	0.0012447808741660998	0.0012447808741660998
1216	 LLH-5	0.0012444473637825554	0.0012444473637825554
1217	 LLH-4	0.0012439751919139863	0.0012439751919139863
1221	 LLH-1	0.0012439459647898433	0.0012439459647898433
1222	 LLH-0	0.001243303645896467	0.001243303645896467
1223	 LLH-6	0.0012425990190390909	0.0012425990190390909
1224	 LLH-5	0.001242464609296948	0.001242464609296948
1225	 LLH-4	0.001242464609296948	0.001242464609296948
1230	 LLH-2	0.0012472453862088636	0.001242464609296948
1231	 LLH-1	0.001242464609296948	0.001242464609296948
1232	 LLH-6	0.0012433372257259568	0.0012433372257259568
1233	 LLH-3	0.001287923140086886	0.0012433372257259568
1234	 LLH-0	0.001243853934817956	0.001243853934817956
1235	 LLH-5	0.001243996472736411	0.001243996472736411
1236	 LLH-4	0.001243996472736411	0.001243996472736411
1241	 LLH-1	0.0012438072261250236	0.0012438072261250236
1242	 LLH-6	0.0012440040529290396	0.0012438072261250236
1243	 LLH-5	0.0012436240089430135	0.0012436240089430135
1244	 LLH-0	0.0012441550119518935	0.0012441550119518935
1245	 LLH-2	0.0012554053225665464	0.0012441550119518935
1246	 LLH-4	0.001243541765521432	0.001243541765521432
1248	 LLH-1	0.001243541765521432	0.001243541765521432
1249	 LLH-6	0.0012439294711879337	0.0012439294711879337
1250	 LLH-5	0.0012436338077443621	0.0012436338077443621
1251	 LLH-4	0.0012431381689135465	0.0012431381689135465
1254	 LLH-1	0.001243185044926017	0.001243185044926017
1255	 LLH-0	0.0012437057032091993	0.001243185044926017
1256	 LLH-6	0.0012443875478064933	0.001243185044926017
1257	 LLH-3	0.0012558074781315732	0.001243185044926017
1258	 LLH-2	0.0012632378288083836	0.001243185044926017
1259	 LLH-5	0.0012419116335236167	0.0012419116335236167
1260	 LLH-4	0.0012419116335236167	0.0012419116335236167
1265	 LLH-1	0.0012419116335236167	0.0012419116335236167
1266	 LLH-6	0.001242206532243628	0.001242206532243628
1267	 LLH-0	0.0012574203901129974	0.001242206532243628
1268	 LLH-5	0.0012424668117085953	0.0012424668117085953
1269	 LLH-2	0.0012533772000174683	0.0012424668117085953
1270	 LLH-4	0.0012424668117085953	0.0012424668117085953
1275	 LLH-3	0.0012751873598286505	0.0012424668117085953
1276	 LLH-1	0.0012424668117085953	0.0012424668117085953
1277	 LLH-6	0.0012414229748729207	0.0012414229748729207
1278	 LLH-5	0.00124146079977273	0.00124146079977273
1279	 LLH-0	0.0012422583089914247	0.00124146079977273
1280	 LLH-4	0.00124146079977273	0.00124146079977273
1285	 LLH-2	0.0012486758299340476	0.00124146079977273
1286	 LLH-1	0.00124146079977273	0.00124146079977273
1287	 LLH-6	0.0012424002775004812	0.00124146079977273
1288	 LLH-5	0.001242303876194544	0.001242303876194544
1289	 LLH-0	0.0012431343328442794	0.0012431343328442794
1290	 LLH-3	0.0012437369198180755	0.0012431343328442794
1291	 LLH-4	0.0012431343328442794	0.0012431343328442794
1296	 LLH-1	0.0012430583375962043	0.0012430583375962043
1297	 LLH-6	0.00124286423610336	0.00124286423610336
1298	 LLH-5	0.0012428933692231533	0.0012428933692231533
1299	 LLH-0	0.001243389874352301	0.001243389874352301
1300	 LLH-2	0.0012646112219268613	0.001243389874352301
1301	 LLH-4	0.0012426217069231814	0.0012426217069231814
1303	 LLH-1	0.0012422260220130944	0.0012422260220130944
1304	 LLH-6	0.0012422799607418808	0.0012422799607418808
1305	 LLH-5	0.001242270181221483	0.001242270181221483
1306	 LLH-4	0.0012415966897419354	0.0012415966897419354
1309	 LLH-1	0.0012415000248224494	0.0012415000248224494
1310	 LLH-6	0.001241864812463388	0.001241864812463388
1311	 LLH-0	0.001242278841915338	0.001242278841915338
1312	 LLH-5	0.0012424132066388442	0.0012424132066388442
1313	 LLH-3	0.0012440081082108873	0.0012424132066388442
1314	 LLH-2	0.0012515922467493308	0.0012424132066388442
1315	 LLH-4	0.0012424132066388442	0.0012424132066388442
1320	 LLH-1	0.0012424132066388442	0.0012424132066388442
1321	 LLH-6	0.001242599166721548	0.001242599166721548
1322	 LLH-0	0.0012431809103328635	0.001242599166721548
1323	 LLH-5	0.001242599166721548	0.001242599166721548
1324	 LLH-2	0.001248681769225741	0.001248681769225741
1325	 LLH-3	0.0013113997129324544	0.001248681769225741
1326	 LLH-4	0.001248681769225741	0.001248681769225741
1331	 LLH-1	0.001248681769225741	0.001248681769225741
1332	 LLH-6	0.0012480667901481495	0.0012480667901481495
1333	 LLH-5	0.001248812146701059	0.001248812146701059
1334	 LLH-0	0.0012481381051417377	0.0012481381051417377
1335	 LLH-1	0.0012481381051417377	0.0012481381051417377
1336	 LLH-4	0.0012475767388297177	0.0012475767388297177
1338	 LLH-6	0.0012476471719592847	0.0012476471719592847
1339	 LLH-2	0.001249027221515977	0.0012476471719592847
1340	 LLH-5	0.001247297774873213	0.001247297774873213
1341	 LLH-1	0.001247297774873213	0.001247297774873213
1342	 LLH-4	0.001247297774873213	0.001247297774873213
1347	 LLH-0	0.001246679023350004	0.001246679023350004
1348	 LLH-1	0.001246679023350004	0.001246679023350004
1349	 LLH-6	0.0012476353044097014	0.001246679023350004
1350	 LLH-5	0.0012472732166000924	0.0012472732166000924
1351	 LLH-3	0.0013026347232985437	0.0012472732166000924
1352	 LLH-2	0.0012558395801671944	0.0012472732166000924
1353	 LLH-4	0.0012464699161941583	0.0012464699161941583
1355	 LLH-1	0.0012464699161941583	0.0012464699161941583
1356	 LLH-6	0.0012463401877051065	0.0012463401877051065
1357	 LLH-5	0.0012467853349536948	0.0012467853349536948
1358	 LLH-0	0.0012473689244177871	0.0012467853349536948
1359	 LLH-4	0.0012462359221781557	0.0012462359221781557
1362	 LLH-1	0.0012462949643522645	0.0012462949643522645
1363	 LLH-6	0.0012464622165488215	0.0012464622165488215
1364	 LLH-5	0.0012476028954283903	0.0012464622165488215
1365	 LLH-2	0.0012646858959191906	0.0012464622165488215
1366	 LLH-0	0.0012470507444724047	0.0012464622165488215
1367	 LLH-3	0.0012950728825958297	0.0012464622165488215
1368	 LLH-4	0.0012458914067485607	0.0012458914067485607
1371	 LLH-1	0.0012458914067485607	0.0012458914067485607
1372	 LLH-6	0.0012467981301924403	0.0012458914067485607
1373	 LLH-5	0.0012460738121238763	0.0012460738121238763
1374	 LLH-0	0.001245277213270612	0.001245277213270612
1375	 LLH-1	0.001245277213270612	0.001245277213270612
1376	 LLH-4	0.001245277213270612	0.001245277213270612
1381	 LLH-2	0.0012516534655169485	0.001245277213270612
1382	 LLH-6	0.001244668080480829	0.001244668080480829
1383	 LLH-5	0.0012452081842208493	0.001244668080480829
1384	 LLH-1	0.001244668080480829	0.001244668080480829
1385	 LLH-0	0.0012455457740259154	0.001244668080480829
1386	 LLH-4	0.001244668080480829	0.001244668080480829
1391	 LLH-3	0.0012880142935186303	0.001244668080480829
1392	 LLH-6	0.0012452589707001509	0.0012452589707001509
1393	 LLH-5	0.0012447807808104463	0.0012447807808104463
1394	 LLH-1	0.0012447807808104463	0.0012447807808104463
1395	 LLH-0	0.0012456716935146978	0.0012447807808104463
1396	 LLH-2	0.0012588197173075515	0.0012447807808104463
1397	 LLH-4	0.0012447807808104463	0.0012447807808104463
1402	 LLH-6	0.0012444224931544886	0.0012444224931544886
1403	 LLH-5	0.001244709358543414	0.0012444224931544886
1404	 LLH-1	0.0012445638953177075	0.0012445638953177075
1405	 LLH-0	0.001245046830228271	0.0012445638953177075
1406	 LLH-4	0.0012445638953177075	0.0012445638953177075
1411	 LLH-2	0.00125370437366747	0.0012445638953177075
1412	 LLH-3	0.001285563304120882	0.0012445638953177075
1413	 LLH-6	0.0012456550059921335	0.0012445638953177075
1414	 LLH-5	0.0012453345191255558	0.0012445638953177075
1415	 LLH-1	0.0012445638953177075	0.0012445638953177075
1416	 LLH-0	0.0012451514375654618	0.0012451514375654618
1417	 LLH-4	0.0012451514375654618	0.0012451514375654618
1422	 LLH-2	0.0012567497771421906	0.0012451514375654618
1423	 LLH-6	0.0012464897700554091	0.0012451514375654618
1424	 LLH-5	0.001245287963071387	0.0012451514375654618
1425	 LLH-1	0.0012451514375654618	0.0012451514375654618
1426	 LLH-3	0.0012934957992873602	0.0012451514375654618
1427	 LLH-0	0.0012456494304711242	0.0012451514375654618
1428	 LLH-4	0.001244671193144551	0.001244671193144551
1431	 LLH-6	0.0012448694925264884	0.0012448694925264884
1432	 LLH-5	0.0012456798551592353	0.0012456798551592353
1433	 LLH-1	0.0012455031583305993	0.0012455031583305993
1434	 LLH-4	0.0012455031583305993	0.0012455031583305993
1439	 LLH-0	0.0012617191949603366	0.0012455031583305993
1440	 LLH-2	0.0012635898871317449	0.0012455031583305993
1441	 LLH-6	0.00124589034340021	0.0012455031583305993
1442	 LLH-5	0.0012460330846791592	0.0012460330846791592
1443	 LLH-1	0.0012461074573965048	0.0012460330846791592
1444	 LLH-3	0.0012553883326545247	0.0012460330846791592
1445	 LLH-4	0.0012460330846791592	0.0012460330846791592
1450	 LLH-0	0.0012467226399238776	0.0012460330846791592
1451	 LLH-6	0.0012452028658784487	0.0012452028658784487
1452	 LLH-5	0.0012456153472194574	0.0012456153472194574
1453	 LLH-1	0.0012456153472194574	0.0012456153472194574
1454	 LLH-2	0.001257419567825018	0.0012456153472194574
1455	 LLH-4	0.0012456153472194574	0.0012456153472194574
1460	 LLH-6	0.0012447974793576948	0.0012447974793576948
1461	 LLH-5	0.0012455464839901775	0.0012447974793576948
1462	 LLH-0	0.0012455353230250447	0.0012447974793576948
1463	 LLH-1	0.0012447359768332543	0.0012447359768332543
1464	 LLH-4	0.0012447359768332543	0.0012447359768332543
1469	 LLH-6	0.001245716966707068	0.001245716966707068
1470	 LLH-2	0.0012505218639700714	0.001245716966707068
1471	 LLH-3	0.0012585832453763665	0.001245716966707068
1472	 LLH-5	0.0012456153162162561	0.0012456153162162561
1473	 LLH-1	0.0012456153162162561	0.0012456153162162561
1474	 LLH-0	0.0012615714518513614	0.0012456153162162561
1475	 LLH-4	0.0012456153162162561	0.0012456153162162561
1480	 LLH-6	0.0012470348001857449	0.0012470348001857449
1481	 LLH-5	0.001247197546752717	0.0012470348001857449
1482	 LLH-1	0.0012470348001857449	0.0012470348001857449
1483	 LLH-2	0.0012525940265154863	0.0012470348001857449
1484	 LLH-0	0.001247630457406794	0.001247630457406794
1485	 LLH-3	0.001302551267545929	0.001247630457406794
1486	 LLH-4	0.0012470595896176377	0.0012470595896176377
1488	 LLH-6	0.0012478586007253123	0.0012470595896176377
1489	 LLH-5	0.00124672676409121	0.00124672676409121
1490	 LLH-1	0.00124672676409121	0.00124672676409121
1491	 LLH-4	0.00124672676409121	0.00124672676409121
1496	 LLH-0	0.0012473299517645035	0.00124672676409121
1497	 LLH-6	0.0012475938855236474	0.0012475938855236474
1498	 LLH-2	0.0012530360756769932	0.0012475938855236474
1499	 LLH-5	0.001247520344878947	0.001247520344878947
1500	 LLH-1	0.001247520344878947	0.001247520344878947
1501	 LLH-4	0.001247520344878947	0.001247520344878947
1506	 LLH-6	0.0012477050778269513	0.0012477050778269513
1507	 LLH-0	0.001248233499668852	0.001248233499668852
1508	 LLH-3	0.0013046906372001716	0.001248233499668852
1509	 LLH-5	0.0012493261118411763	0.001248233499668852
1510	 LLH-1	0.001248233499668852	0.001248233499668852
1511	 LLH-2	0.0012539229782361056	0.001248233499668852
1512	 LLH-4	0.0012476487859071324	0.0012476487859071324
1515	 LLH-6	0.001247399097219727	0.001247399097219727
1516	 LLH-5	0.0012474248715881632	0.0012474248715881632
1517	 LLH-0	0.0012636307386663778	0.0012474248715881632
1518	 LLH-1	0.0012473433449993647	0.0012473433449993647
1519	 LLH-4	0.0012473433449993647	0.0012473433449993647
1524	 LLH-6	0.0012492025873958432	0.0012473433449993647
1525	 LLH-5	0.0012480433995977387	0.0012473433449993647
1526	 LLH-2	0.00126035147729141	0.0012473433449993647
1527	 LLH-1	0.0012473433449993647	0.0012473433449993647
1528	 LLH-0	0.0012635727653419891	0.0012473433449993647
1529	 LLH-3	0.0012518146327696149	0.0012473433449993647
1530	 LLH-4	0.0012473433449993647	0.0012473433449993647
1535	 LLH-6	0.001246166356239093	0.001246166356239093
1536	 LLH-5	0.0012462823168700276	0.0012462823168700276
1537	 LLH-1	0.0012462823168700276	0.0012462823168700276
1538	 LLH-0	0.0012469725247615429	0.0012462823168700276
1539	 LLH-2	0.0012520325300271508	0.0012462823168700276
1540	 LLH-4	0.0012462823168700276	0.0012462823168700276
1545	 LLH-6	0.0012472641014626385	0.0012462823168700276
1546	 LLH-5	0.001246583703487722	0.0012462823168700276
1547	 LLH-1	0.0012462823168700276	0.0012462823168700276
1548	 LLH-3	0.0012501887303173148	0.0012462823168700276
1549	 LLH-0	0.0012625053652284015	0.0012462823168700276
1550	 LLH-2	0.0012500327126426765	0.0012462823168700276
1551	 LLH-4	0.0012462823168700276	0.0012462823168700276
1556	 LLH-6	0.0012457479406004543	0.0012457479406004543
1557	 LLH-5	0.001245764980068187	0.001245764980068187
1558	 LLH-1	0.001245313530203522	0.001245313530203522
1559	 LLH-4	0.001245313530203522	0.001245313530203522
1564	 LLH-0	0.001246125143854404	0.001245313530203522
1565	 LLH-6	0.0012450272873899078	0.0012450272873899078
1566	 LLH-5	0.0012450272873899078	0.0012450272873899078
1567	 LLH-1	0.0012450272873899078	0.0012450272873899078
1568	 LLH-2	0.0012623385642865428	0.0012450272873899078
1569	 LLH-4	0.0012450272873899078	0.0012450272873899078
1574	 LLH-3	0.0012975443640690948	0.0012450272873899078
1575	 LLH-6	0.0012462507653651766	0.0012450272873899078
1576	 LLH-0	0.0012454924155200751	0.0012450272873899078
1577	 LLH-5	0.0012448737988173674	0.0012448737988173674
1578	 LLH-1	0.001244886690238671	0.001244886690238671
1579	 LLH-4	0.001244886690238671	0.001244886690238671
1584	 LLH-2	0.001262992357897587	0.001244886690238671
1585	 LLH-6	0.0012458252482352066	0.001244886690238671
1586	 LLH-5	0.001245584745045176	0.001245584745045176
1587	 LLH-0	0.0012461171745636321	0.001245584745045176
1588	 LLH-1	0.001245829937704026	0.001245829937704026
1589	 LLH-3	0.0013099170273104263	0.001245829937704026
1590	 LLH-4	0.001245829937704026	0.001245829937704026
1595	 LLH-6	0.0012452995002840894	0.0012452995002840894
1596	 LLH-5	0.0012454065414557432	0.0012454065414557432
1597	 LLH-1	0.0012454065414557432	0.0012454065414557432
1598	 LLH-0	0.0012458963386462042	0.0012454065414557432
1599	 LLH-2	0.0012543136026789117	0.0012454065414557432
1600	 LLH-4	0.0012454065414557432	0.0012454065414557432
1605	 LLH-6	0.001245972230645126	0.0012454065414557432
1606	 LLH-5	0.0012453813895182814	0.0012453813895182814
1607	 LLH-1	0.0012451673918651783	0.0012451673918651783
1608	 LLH-4	0.0012451673918651783	0.0012451673918651783
1613	 LLH-0	0.0012613768931246977	0.0012451673918651783
1614	 LLH-6	0.0012446946500462401	0.0012446946500462401
1615	 LLH-5	0.0012458720905871414	0.0012446946500462401
1616	 LLH-1	0.0012446946500462401	0.0012446946500462401
1617	 LLH-2	0.0012472694716693922	0.0012446946500462401
1618	 LLH-3	0.0012812800781021733	0.0012446946500462401
1619	 LLH-4	0.0012446946500462401	0.0012446946500462401
1624	 LLH-6	0.0012440517916012823	0.0012440517916012823
1625	 LLH-5	0.0012436877881656123	0.0012436877881656123
1626	 LLH-1	0.0012436101176913005	0.0012436101176913005
1627	 LLH-4	0.0012436101176913005	0.0012436101176913005
1632	 LLH-0	0.0012595754189779756	0.0012436101176913005
1633	 LLH-6	0.001245250536307084	0.0012436101176913005
1634	 LLH-2	0.0012498872613692187	0.0012436101176913005
1635	 LLH-5	0.0012444305071225713	0.0012436101176913005
1636	 LLH-1	0.0012435817201043619	0.0012435817201043619
1637	 LLH-4	0.0012435817201043619	0.0012435817201043619
1642	 LLH-6	0.0012456901439831239	0.0012435817201043619
1643	 LLH-5	0.0012435075084197824	0.0012435075084197824
1644	 LLH-1	0.0012433476357541604	0.0012433476357541604
1645	 LLH-4	0.0012433476357541604	0.0012433476357541604
1650	 LLH-0	0.0012441608029289673	0.0012433476357541604
1651	 LLH-3	0.0012522367366272738	0.0012433476357541604
1652	 LLH-2	0.001251395774364057	0.0012433476357541604
1653	 LLH-6	0.001244163320554485	0.0012433476357541604
1654	 LLH-5	0.0012445265847972266	0.0012433476357541604
1655	 LLH-1	0.0012431577867452299	0.0012431577867452299
1656	 LLH-4	0.0012431577867452299	0.0012431577867452299
1661	 LLH-6	0.0012439426462150698	0.0012431577867452299
1662	 LLH-0	0.001243771985350123	0.0012431577867452299
1663	 LLH-5	0.00124329900816466	0.00124329900816466
1664	 LLH-1	0.00124329900816466	0.00124329900816466
1665	 LLH-2	0.0012505627906507335	0.00124329900816466
1666	 LLH-4	0.00124329900816466	0.00124329900816466
1671	 LLH-3	0.001289754184665465	0.00124329900816466
1672	 LLH-6	0.0012439151875002549	0.00124329900816466
1673	 LLH-0	0.0012438443066876575	0.00124329900816466
1674	 LLH-5	0.0012432086225505328	0.0012432086225505328
1675	 LLH-1	0.0012432086225505328	0.0012432086225505328
1676	 LLH-4	0.0012432086225505328	0.0012432086225505328
1681	 LLH-6	0.001243535041153291	0.001243535041153291
1682	 LLH-2	0.001248927123294036	0.001243535041153291
1683	 LLH-5	0.0012445472948357144	0.001243535041153291
1684	 LLH-0	0.0012440637143423243	0.001243535041153291
1685	 LLH-1	0.001243535041153291	0.001243535041153291
1686	 LLH-3	0.0012538216365308348	0.001243535041153291
1687	 LLH-4	0.001243535041153291	0.001243535041153291
1692	 LLH-6	0.0012451465495132406	0.001243535041153291
1693	 LLH-5	0.0012434395243635734	0.0012434395243635734
1694	 LLH-1	0.0012434395243635734	0.0012434395243635734
1695	 LLH-0	0.0012596423893572917	0.0012434395243635734
1696	 LLH-2	0.0012507174334413047	0.0012434395243635734
1697	 LLH-4	0.0012434395243635734	0.0012434395243635734
1702	 LLH-6	0.0012435760817838498	0.0012435760817838498
1703	 LLH-5	0.0012435473887163636	0.0012435473887163636
1704	 LLH-1	0.0012435473887163636	0.0012435473887163636
1705	 LLH-4	0.0012435473887163636	0.0012435473887163636
1710	 LLH-0	0.0012440832021767359	0.0012440832021767359
1711	 LLH-2	0.0012528688627998171	0.0012440832021767359
1712	 LLH-3	0.0013049400637250453	0.0012440832021767359
1713	 LLH-6	0.0012443743217992278	0.0012440832021767359
1714	 LLH-5	0.0012439914917773528	0.0012439914917773528
1715	 LLH-1	0.0012439914917773528	0.0012439914917773528
1716	 LLH-4	0.0012434760473545518	0.0012434760473545518
1718	 LLH-6	0.0012443338204530471	0.0012434760473545518
1719	 LLH-5	0.0012438311743174885	0.0012434760473545518
1720	 LLH-0	0.0012439403933578275	0.0012439403933578275
1721	 LLH-1	0.0012439403933578275	0.0012439403933578275
1722	 LLH-2	0.00125913040764742	0.0012439403933578275
1723	 LLH-4	0.0012431847869479667	0.0012431847869479667
1725	 LLH-6	0.0012438036760252294	0.0012431847869479667
1726	 LLH-5	0.0012440668990048923	0.0012431847869479667
1727	 LLH-1	0.0012431847869479667	0.0012431847869479667
1728	 LLH-0	0.001244135862408943	0.0012431847869479667
1729	 LLH-4	0.0012431847869479667	0.0012431847869479667
1734	 LLH-3	0.0012939559055843285	0.0012431847869479667
1735	 LLH-2	0.0012486356862782492	0.0012431847869479667
1736	 LLH-6	0.0012438683309775895	0.0012431847869479667
1737	 LLH-5	0.0012427928540256646	0.0012427928540256646
1738	 LLH-1	0.0012427928540256646	0.0012427928540256646
1739	 LLH-4	0.0012427928540256646	0.0012427928540256646
1744	 LLH-0	0.00124331889656317	0.0012427928540256646
1745	 LLH-6	0.0012436277563651825	0.0012427928540256646
1746	 LLH-5	0.0012434166967732825	0.0012427928540256646
1747	 LLH-1	0.0012427928540256646	0.0012427928540256646
1748	 LLH-2	0.0012657253253380812	0.0012427928540256646
1749	 LLH-4	0.0012427928540256646	0.0012427928540256646
1754	 LLH-3	0.0012497013342049077	0.0012427928540256646
1755	 LLH-0	0.0012433967333562999	0.0012427928540256646
1756	 LLH-6	0.0012435696329176624	0.0012427928540256646
1757	 LLH-5	0.0012424003735982425	0.0012424003735982425
1758	 LLH-1	0.0012424003735982425	0.0012424003735982425
1759	 LLH-4	0.0012424003735982425	0.0012424003735982425
1764	 LLH-2	0.0012615673273808454	0.0012424003735982425
1765	 LLH-6	0.0012438503565501446	0.0012424003735982425
1766	 LLH-0	0.0012430067725642813	0.0012424003735982425
1767	 LLH-5	0.0012427419350527962	0.0012424003735982425
1768	 LLH-1	0.0012424003735982425	0.0012424003735982425
1769	 LLH-3	0.0012535931485431963	0.0012424003735982425
1770	 LLH-4	0.0012424003735982425	0.0012424003735982425
1775	 LLH-6	0.0012424822409142482	0.0012424003735982425
1776	 LLH-2	0.001246463441626047	0.0012424003735982425
1777	 LLH-0	0.0012585395629695518	0.0012424003735982425
1778	 LLH-5	0.0012428949124568655	0.0012424003735982425
1779	 LLH-1	0.0012424003735982425	0.0012424003735982425
1780	 LLH-3	0.0012496537874558946	0.0012424003735982425
1781	 LLH-4	0.0012424003735982425	0.0012424003735982425
1786	 LLH-6	0.001243665718651515	0.0012424003735982425
1787	 LLH-2	0.0012591684038403257	0.0012424003735982425
1788	 LLH-0	0.001258323493086774	0.0012424003735982425
1789	 LLH-5	0.0012430237574461145	0.0012424003735982425
1790	 LLH-1	0.0012424003735982425	0.0012424003735982425
1791	 LLH-3	0.0012515885904640287	0.0012424003735982425
1792	 LLH-4	0.0012424003735982425	0.0012424003735982425
1797	 LLH-6	0.0012427220319383213	0.0012424003735982425
1798	 LLH-2	0.0012627499715256983	0.0012424003735982425
1799	 LLH-0	0.0012585473035164917	0.0012424003735982425
1800	 LLH-5	0.0012423580146549498	0.0012423580146549498
1801	 LLH-1	0.0012423911818828803	0.0012423911818828803
1802	 LLH-4	0.0012423911818828803	0.0012423911818828803
1807	 LLH-6	0.0012431541356465702	0.0012423911818828803
1808	 LLH-5	0.0012426228805465004	0.0012423911818828803
1809	 LLH-0	0.0012430053656149228	0.0012423911818828803
1810	 LLH-3	0.0012473872096515435	0.0012423911818828803
1811	 LLH-2	0.0012592300697188922	0.0012423911818828803
1812	 LLH-1	0.0012423911818828803	0.0012423911818828803
1813	 LLH-4	0.0012423911818828803	0.0012423911818828803
1818	 LLH-6	0.0012435225090187182	0.0012423911818828803
1819	 LLH-5	0.00124255074099317	0.00124255074099317
1820	 LLH-0	0.0012431620656962064	0.00124255074099317
1821	 LLH-1	0.0012425091126636793	0.0012425091126636793
1822	 LLH-4	0.0012425091126636793	0.0012425091126636793
1827	 LLH-6	0.0012433964932677035	0.0012425091126636793
1828	 LLH-2	0.0012517243883541534	0.0012425091126636793
1829	 LLH-5	0.0012427868133254262	0.0012427868133254262
1830	 LLH-1	0.0012427097043596	0.0012427097043596
1831	 LLH-4	0.0012427097043596	0.0012427097043596
1836	 LLH-0	0.0012433848533655912	0.0012427097043596
1837	 LLH-3	0.0012526013658593442	0.0012427097043596
1838	 LLH-6	0.0012435094408599792	0.0012427097043596
1839	 LLH-5	0.001242850147010838	0.0012427097043596
1840	 LLH-1	0.0012427097043596	0.0012427097043596
1841	 LLH-2	0.0012522555903567796	0.0012427097043596
1842	 LLH-4	0.0012427097043596	0.0012427097043596
1847	 LLH-0	0.0012433149687887683	0.0012427097043596
1848	 LLH-6	0.0012437051940311064	0.0012427097043596
1849	 LLH-5	0.0012441360966926052	0.0012427097043596
1850	 LLH-1	0.0012427097043596	0.0012427097043596
1851	 LLH-3	0.001281801454396329	0.0012427097043596
1852	 LLH-2	0.0012603052581780657	0.0012427097043596
1853	 LLH-4	0.0012427097043596	0.0012427097043596
1858	 LLH-0	0.0012431716744070729	0.0012427097043596
1859	 LLH-6	0.001243394597656805	0.0012427097043596
1860	 LLH-5	0.0012439695984316037	0.0012427097043596
1861	 LLH-1	0.0012427097043596	0.0012427097043596
1862	 LLH-2	0.001252440490122063	0.0012427097043596
1863	 LLH-3	0.001286675086645986	0.0012427097043596
1864	 LLH-4	0.0012427097043596	0.0012427097043596
1869	 LLH-0	0.001243487689360918	0.0012427097043596
1870	 LLH-6	0.0012442122518914183	0.0012427097043596
1871	 LLH-5	0.0012428944186641418	0.0012427097043596
1872	 LLH-1	0.0012427097043596	0.0012427097043596
1873	 LLH-2	0.0012490592814155444	0.0012427097043596
1874	 LLH-3	0.0012801322494227154	0.0012427097043596
1875	 LLH-4	0.0012427097043596	0.0012427097043596
1880	 LLH-0	0.001243231822187465	0.0012427097043596
1881	 LLH-6	0.0012439670776029084	0.0012427097043596
1882	 LLH-5	0.0012429491880906216	0.0012427097043596
1883	 LLH-1	0.001242685034792759	0.001242685034792759
1884	 LLH-4	0.001242685034792759	0.001242685034792759
1889	 LLH-2	0.001265818239803885	0.001242685034792759
1890	 LLH-6	0.0012425208560024575	0.0012425208560024575
1891	 LLH-5	0.0012429963218624125	0.0012425208560024575
1892	 LLH-0	0.0012430289679957122	0.0012425208560024575
1893	 LLH-1	0.0012425208560024575	0.0012425208560024575
1894	 LLH-3	0.0012519574591505018	0.0012425208560024575
1895	 LLH-4	0.0012425208560024575	0.0012425208560024575
1900	 LLH-6	0.0012434589341262293	0.0012425208560024575
1901	 LLH-5	0.0012431174069612726	0.0012425208560024575
1902	 LLH-2	0.0012472092961307918	0.0012425208560024575
1903	 LLH-0	0.001243053906281374	0.0012425208560024575
1904	 LLH-1	0.0012425208560024575	0.0012425208560024575
1905	 LLH-3	0.0012506512822873421	0.0012425208560024575
1906	 LLH-4	0.0012425208560024575	0.0012425208560024575
1911	 LLH-6	0.0012432171931187094	0.0012425208560024575
1912	 LLH-5	0.0012431850903323529	0.0012425208560024575
1913	 LLH-2	0.0012578873320441034	0.0012425208560024575
1914	 LLH-0	0.0012430299753988512	0.0012425208560024575
1915	 LLH-1	0.0012427847622839651	0.0012425208560024575
1916	 LLH-3	0.0013034149766519574	0.0012425208560024575
1917	 LLH-4	0.0012425208560024575	0.0012425208560024575
1922	 LLH-6	0.001244541960512742	0.0012425208560024575
1923	 LLH-5	0.0012432116887630175	0.0012425208560024575
1924	 LLH-2	0.001256234353797661	0.0012425208560024575
1925	 LLH-0	0.0012431027968372215	0.0012425208560024575
1926	 LLH-1	0.0012425208560024575	0.0012425208560024575
1927	 LLH-3	0.0012562377599350779	0.0012425208560024575
1928	 LLH-4	0.0012425208560024575	0.0012425208560024575
1933	 LLH-6	0.001243270213876026	0.0012425208560024575
1934	 LLH-5	0.0012426659842176323	0.0012425208560024575
1935	 LLH-2	0.0012511389013737575	0.0012425208560024575
1936	 LLH-0	0.0012431134900140013	0.0012425208560024575
1937	 LLH-1	0.0012425208560024575	0.0012425208560024575
1938	 LLH-3	0.0012551431894257097	0.0012425208560024575
1939	 LLH-4	0.0012425208560024575	0.0012425208560024575
1944	 LLH-6	0.0012443261261756522	0.0012425208560024575
1945	 LLH-5	0.0012419544129345953	0.0012419544129345953
1946	 LLH-1	0.0012419544129345953	0.0012419544129345953
1947	 LLH-0	0.0012427949795397583	0.0012419544129345953
1948	 LLH-2	0.0012500400002428697	0.0012419544129345953
1949	 LLH-4	0.0012419544129345953	0.0012419544129345953
1954	 LLH-6	0.0012437617064480697	0.0012419544129345953
1955	 LLH-3	0.0012988372780170208	0.0012419544129345953
1956	 LLH-5	0.0012417508027726717	0.0012417508027726717
1957	 LLH-1	0.0012417508027726717	0.0012417508027726717
1958	 LLH-0	0.0012423401639949717	0.0012417508027726717
1959	 LLH-4	0.0012417508027726717	0.0012417508027726717
1964	 LLH-2	0.0012638773605755944	0.0012417508027726717
1965	 LLH-6	0.0012424069580185527	0.0012417508027726717
1966	 LLH-5	0.0012427341509182188	0.0012417508027726717
1967	 LLH-1	0.0012415594813474054	0.0012415594813474054
1968	 LLH-4	0.0012415594813474054	0.0012415594813474054
1973	 LLH-0	0.0012424088323375925	0.0012415594813474054
1974	 LLH-6	0.001242235786470616	0.0012415594813474054
1975	 LLH-3	0.001295892056374816	0.0012415594813474054
1976	 LLH-2	0.0012607000757825458	0.0012415594813474054
1977	 LLH-5	0.001243454545227553	0.0012415594813474054
1978	 LLH-1	0.0012415594813474054	0.0012415594813474054
1979	 LLH-4	0.0012415594813474054	0.0012415594813474054
1984	 LLH-0	0.0012422651454495556	0.0012415594813474054
1985	 LLH-6	0.0012425353789459772	0.0012415594813474054
1986	 LLH-5	0.0012417251822917411	0.0012415594813474054
1987	 LLH-2	0.0012451504387984479	0.0012415594813474054
1988	 LLH-1	0.001241505072742063	0.001241505072742063
1989	 LLH-4	0.001241505072742063	0.001241505072742063
1994	 LLH-6	0.0012431839758854015	0.001241505072742063
1995	 LLH-0	0.0012422100303658876	0.001241505072742063
1996	 LLH-5	0.001241734551855494	0.001241505072742063
1997	 LLH-3	0.0012836024532913394	0.001241505072742063
1998	 LLH-1	0.0012415437758466503	0.001241505072742063
1999	 LLH-2	0.0012613784723233222	0.001241505072742063
GRID-Start
0.0	0.0
0.0	308.0385
0.0	616.077
0.0	924.1155
0.0	1232.154
0.0	1540.1925
0.0	1848.2310000000002
0.0	2464.3080000000004
0.0	2772.3465000000006
0.0	3080.3850000000007
0.0	3388.423500000001
0.0	3696.462000000001
0.0	4004.500500000001
0.0	4312.539000000001
0.0	4620.5775
0.0	4928.616
0.0	5544.692999999999
0.0	5852.731499999999
0.0	6160.769999999999
0.0	6468.808499999998
308.0385	0.0
308.0385	308.0385
308.0385	616.077
308.0385	924.1155
308.0385	1232.154
308.0385	1540.1925
308.0385	2156.2695000000003
308.0385	2772.3465000000006
308.0385	3080.3850000000007
308.0385	3388.423500000001
308.0385	3696.462000000001
308.0385	4004.500500000001
308.0385	4312.539000000001
308.0385	4620.5775
308.0385	4928.616
308.0385	5544.692999999999
308.0385	6160.769999999999
308.0385	6468.808499999998
616.077	0.0
616.077	308.0385
616.077	924.1155
616.077	1232.154
616.077	1540.1925
616.077	2156.2695000000003
616.077	2464.3080000000004
616.077	2772.3465000000006
616.077	3080.3850000000007
616.077	3696.462000000001
616.077	4004.500500000001
616.077	4312.539000000001
616.077	4620.5775
616.077	4928.616
616.077	5236.6545
616.077	5544.692999999999
616.077	6160.769999999999
616.077	6468.808499999998
924.1155	0.0
924.1155	616.077
924.1155	924.1155
924.1155	1232.154
924.1155	1540.1925
924.1155	1848.2310000000002
924.1155	2156.2695000000003
924.1155	2464.3080000000004
924.1155	2772.3465000000006
924.1155	3080.3850000000007
924.1155	3388.423500000001
924.1155	3696.462000000001
924.1155	4004.500500000001
924.1155	4620.5775
924.1155	4928.616
924.1155	5236.6545
924.1155	5544.692999999999
924.1155	5852.731499999999
924.1155	6160.769999999999
924.1155	6468.808499999998
1232.154	0.0
1232.154	616.077
1232.154	924.1155
1232.154	1232.154
1232.154	1540.1925
1232.154	2464.3080000000004
1232.154	3080.3850000000007
1232.154	4620.5775
1232.154	4928.616
1232.154	5236.6545
1232.154	5544.692999999999
1232.154	6160.769999999999
1232.154	6468.808499999998
1540.1925	0.0
1540.1925	308.0385
1540.1925	616.077
1540.1925	924.1155
1540.1925	1232.154
1540.1925	1540.1925
1540.1925	2156.2695000000003
1540.1925	2464.3080000000004
1540.1925	2772.3465000000006
1540.1925	3080.3850000000007
1540.1925	4928.616
1540.1925	5236.6545
1540.1925	5544.692999999999
1540.1925	6160.769999999999
1540.1925	6468.808499999998
1848.2310000000002	0.0
1848.2310000000002	308.0385
1848.2310000000002	924.1155
1848.2310000000002	1232.154
1848.2310000000002	3080.3850000000007
1848.2310000000002	4620.5775
1848.2310000000002	4928.616
1848.2310000000002	5852.731499999999
1848.2310000000002	6160.769999999999
2156.2695000000003	0.0
2156.2695000000003	308.0385
2156.2695000000003	616.077
2156.2695000000003	924.1155
2156.2695000000003	1232.154
2156.2695000000003	1540.1925
2156.2695000000003	1848.2310000000002
2156.2695000000003	2156.2695000000003
2156.2695000000003	2464.3080000000004
2156.2695000000003	2772.3465000000006
2156.2695000000003	3080.3850000000007
2156.2695000000003	4620.5775
2156.2695000000003	5544.692999999999
2156.2695000000003	6160.769999999999
2156.2695000000003	6468.808499999998
2464.3080000000004	0.0
2464.3080000000004	2772.3465000000006
2464.3080000000004	3080.3850000000007
2464.3080000000004	3388.423500000001
2464.3080000000004	3696.462000000001
2464.3080000000004	4004.500500000001
2464.3080000000004	4312.539000000001
2464.3080000000004	4620.5775
2464.3080000000004	4928.616
2464.3080000000004	5236.6545
2464.3080000000004	5544.692999999999
2772.3465000000006	2464.3080000000004
2772.3465000000006	2772.3465000000006
2772.3465000000006	3080.3850000000007
2772.3465000000006	3388.423500000001
2772.3465000000006	3696.462000000001
2772.3465000000006	4004.500500000001
2772.3465000000006	4312.539000000001
2772.3465000000006	4620.5775
2772.3465000000006	4928.616
2772.3465000000006	5236.6545
2772.3465000000006	5852.731499999999
2772.3465000000006	6160.769999999999
3080.3850000000007	0.0
3080.3850000000007	2464.3080000000004
3080.3850000000007	2772.3465000000006
3080.3850000000007	3080.3850000000007
3080.3850000000007	4004.500500000001
3080.3850000000007	4312.539000000001
3080.3850000000007	4620.5775
3080.3850000000007	4928.616
3080.3850000000007	5236.6545
3080.3850000000007	5544.692999999999
3080.3850000000007	6468.808499999998
3388.423500000001	0.0
3388.423500000001	2464.3080000000004
3388.423500000001	2772.3465000000006
3388.423500000001	3080.3850000000007
3388.423500000001	3388.423500000001
3388.423500000001	3696.462000000001
3388.423500000001	4312.539000000001
3388.423500000001	4620.5775
3388.423500000001	4928.616
3388.423500000001	5544.692999999999
3388.423500000001	5852.731499999999
3388.423500000001	6160.769999999999
3388.423500000001	6468.808499999998
3696.462000000001	0.0
3696.462000000001	616.077
3696.462000000001	924.1155
3696.462000000001	1232.154
3696.462000000001	1540.1925
3696.462000000001	1848.2310000000002
3696.462000000001	2156.2695000000003
3696.462000000001	3388.423500000001
3696.462000000001	3696.462000000001
3696.462000000001	4312.539000000001
3696.462000000001	4928.616
3696.462000000001	5236.6545
3696.462000000001	5852.731499999999
3696.462000000001	6160.769999999999
3696.462000000001	6468.808499999998
4004.500500000001	0.0
4004.500500000001	308.0385
4004.500500000001	616.077
4004.500500000001	924.1155
4004.500500000001	1232.154
4004.500500000001	1540.1925
4004.500500000001	1848.2310000000002
4004.500500000001	2156.2695000000003
4004.500500000001	3388.423500000001
4004.500500000001	3696.462000000001
4004.500500000001	4312.539000000001
4004.500500000001	4620.5775
4004.500500000001	4928.616
4004.500500000001	5236.6545
4004.500500000001	5544.692999999999
4004.500500000001	5852.731499999999
4004.500500000001	6468.808499999998
4312.539000000001	0.0
4312.539000000001	308.0385
4312.539000000001	924.1155
4312.539000000001	1232.154
4312.539000000001	1540.1925
4312.539000000001	1848.2310000000002
4312.539000000001	2156.2695000000003
4312.539000000001	3388.423500000001
4312.539000000001	3696.462000000001
4312.539000000001	4312.539000000001
4312.539000000001	4620.5775
4312.539000000001	4928.616
4312.539000000001	5236.6545
4312.539000000001	5544.692999999999
4312.539000000001	6160.769999999999
4312.539000000001	6468.808499999998
4620.5775	0.0
4620.5775	308.0385
4620.5775	616.077
4620.5775	924.1155
4620.5775	1232.154
4620.5775	1540.1925
4620.5775	2772.3465000000006
4620.5775	3080.3850000000007
4620.5775	3388.423500000001
4620.5775	3696.462000000001
4620.5775	4004.500500000001
4620.5775	4312.539000000001
4620.5775	4620.5775
4620.5775	4928.616
4620.5775	5236.6545
4620.5775	5544.692999999999
4620.5775	5852.731499999999
4620.5775	6468.808499999998
4928.616	308.0385
4928.616	616.077
4928.616	924.1155
4928.616	1232.154
4928.616	1848.2310000000002
4928.616	2156.2695000000003
4928.616	2464.3080000000004
4928.616	2772.3465000000006
4928.616	3080.3850000000007
4928.616	3388.423500000001
4928.616	4004.500500000001
4928.616	4312.539000000001
4928.616	4620.5775
4928.616	4928.616
4928.616	5236.6545
4928.616	5544.692999999999
4928.616	5852.731499999999
4928.616	6160.769999999999
4928.616	6468.808499999998
5236.6545	0.0
5236.6545	308.0385
5236.6545	616.077
5236.6545	924.1155
5236.6545	1540.1925
5236.6545	1848.2310000000002
5236.6545	2156.2695000000003
5236.6545	2464.3080000000004
5236.6545	3080.3850000000007
5236.6545	3696.462000000001
5236.6545	4004.500500000001
5236.6545	4312.539000000001
5236.6545	4620.5775
5236.6545	4928.616
5236.6545	5236.6545
5236.6545	5544.692999999999
5236.6545	5852.731499999999
5236.6545	6468.808499999998
5544.692999999999	0.0
5544.692999999999	308.0385
5544.692999999999	616.077
5544.692999999999	924.1155
5544.692999999999	1232.154
5544.692999999999	1848.2310000000002
5544.692999999999	2772.3465000000006
5544.692999999999	3080.3850000000007
5544.692999999999	3696.462000000001
5544.692999999999	4312.539000000001
5544.692999999999	4928.616
5544.692999999999	5544.692999999999
5544.692999999999	6160.769999999999
5544.692999999999	6468.808499999998
5852.731499999999	0.0
5852.731499999999	308.0385
5852.731499999999	616.077
5852.731499999999	1232.154
5852.731499999999	1540.1925
5852.731499999999	2464.3080000000004
5852.731499999999	3080.3850000000007
5852.731499999999	3388.423500000001
5852.731499999999	3696.462000000001
5852.731499999999	4004.500500000001
5852.731499999999	4312.539000000001
5852.731499999999	4620.5775
5852.731499999999	4928.616
5852.731499999999	5544.692999999999
5852.731499999999	5852.731499999999
5852.731499999999	6160.769999999999
6160.769999999999	0.0
6160.769999999999	924.1155
6160.769999999999	1232.154
6160.769999999999	1540.1925
6160.769999999999	1848.2310000000002
6160.769999999999	2156.2695000000003
6160.769999999999	2464.3080000000004
6160.769999999999	2772.3465000000006
6160.769999999999	3080.3850000000007
6160.769999999999	3388.423500000001
6160.769999999999	3696.462000000001
6160.769999999999	4004.500500000001
6160.769999999999	4928.616
6160.769999999999	5236.6545
6160.769999999999	6160.769999999999
6160.769999999999	6468.808499999998
6468.808499999998	0.0
6468.808499999998	308.0385
6468.808499999998	616.077
6468.808499999998	1540.1925
6468.808499999998	1848.2310000000002
6468.808499999998	2464.3080000000004
6468.808499999998	3080.3850000000007
6468.808499999998	3696.462000000001
6468.808499999998	4004.500500000001
6468.808499999998	4312.539000000001
6468.808499999998	4620.5775
6468.808499999998	4928.616
6468.808499999998	5236.6545
6468.808499999998	5544.692999999999
6468.808499999998	5852.731499999999
6468.808499999998	6160.769999999999
6468.808499999998	6468.808499999998
6776.846999999998	308.0385
6776.846999999998	616.077
6776.846999999998	924.1155
6776.846999999998	1232.154
6776.846999999998	1540.1925
6776.846999999998	1848.2310000000002
6776.846999999998	2464.3080000000004
6776.846999999998	3080.3850000000007
6776.846999999998	3696.462000000001
6776.846999999998	4004.500500000001
6776.846999999998	4620.5775
6776.846999999998	4928.616
6776.846999999998	5544.692999999999
6776.846999999998	5852.731499999999
6776.846999999998	6160.769999999999
6776.846999999998	6468.808499999998
7084.885499999998	0.0
7084.885499999998	308.0385
7084.885499999998	616.077
7084.885499999998	924.1155
7084.885499999998	1232.154
7084.885499999998	1540.1925
7084.885499999998	1848.2310000000002
7084.885499999998	2156.2695000000003
7084.885499999998	2464.3080000000004
7084.885499999998	2772.3465000000006
7084.885499999998	3080.3850000000007
7084.885499999998	3388.423500000001
7084.885499999998	4312.539000000001
7084.885499999998	4620.5775
7084.885499999998	4928.616
7084.885499999998	5236.6545
7084.885499999998	5852.731499999999
7084.885499999998	6160.769999999999
7084.885499999998	6468.808499999998
7392.923999999997	0.0
7392.923999999997	308.0385
7392.923999999997	616.077
7392.923999999997	1232.154
7392.923999999997	1540.1925
7392.923999999997	2464.3080000000004
7392.923999999997	3080.3850000000007
7392.923999999997	3388.423500000001
7392.923999999997	3696.462000000001
7392.923999999997	4004.500500000001
7392.923999999997	4620.5775
7392.923999999997	4928.616
7392.923999999997	5544.692999999999
7392.923999999997	5852.731499999999
7392.923999999997	6160.769999999999
7392.923999999997	6468.808499999998
7700.962499999997	0.0
7700.962499999997	616.077
7700.962499999997	1232.154
7700.962499999997	1540.1925
7700.962499999997	1848.2310000000002
7700.962499999997	2156.2695000000003
7700.962499999997	2464.3080000000004
7700.962499999997	3080.3850000000007
7700.962499999997	3388.423500000001
7700.962499999997	3696.462000000001
7700.962499999997	4004.500500000001
7700.962499999997	4620.5775
7700.962499999997	4928.616
7700.962499999997	5236.6545
7700.962499999997	5544.692999999999
7700.962499999997	5852.731499999999
7700.962499999997	6468.808499999998
8009.000999999997	0.0
8009.000999999997	308.0385
8009.000999999997	616.077
8009.000999999997	924.1155
8009.000999999997	1232.154
8009.000999999997	1540.1925
8009.000999999997	1848.2310000000002
8009.000999999997	2156.2695000000003
8009.000999999997	2464.3080000000004
8009.000999999997	2772.3465000000006
8009.000999999997	3696.462000000001
8009.000999999997	4004.500500000001
8009.000999999997	4312.539000000001
8009.000999999997	4620.5775
8009.000999999997	5236.6545
8009.000999999997	5544.692999999999
8009.000999999997	5852.731499999999
8009.000999999997	6160.769999999999
8009.000999999997	6468.808499999998
8317.039499999997	0.0
8317.039499999997	308.0385
8317.039499999997	616.077
8317.039499999997	924.1155
8317.039499999997	1540.1925
8317.039499999997	1848.2310000000002
8317.039499999997	2156.2695000000003
8317.039499999997	2464.3080000000004
8317.039499999997	2772.3465000000006
8317.039499999997	3080.3850000000007
8317.039499999997	3388.423500000001
8317.039499999997	3696.462000000001
8317.039499999997	4004.500500000001
8317.039499999997	4620.5775
8317.039499999997	5236.6545
8317.039499999997	5544.692999999999
8317.039499999997	6160.769999999999
8625.077999999998	0.0
8625.077999999998	308.0385
8625.077999999998	616.077
8625.077999999998	1540.1925
8625.077999999998	1848.2310000000002
8625.077999999998	2464.3080000000004
8625.077999999998	2772.3465000000006
8625.077999999998	3388.423500000001
8625.077999999998	4004.500500000001
8625.077999999998	4312.539000000001
8625.077999999998	4620.5775
8625.077999999998	4928.616
8625.077999999998	5236.6545
8625.077999999998	5544.692999999999
8625.077999999998	6468.808499999998
8933.116499999998	0.0
8933.116499999998	616.077
8933.116499999998	924.1155
8933.116499999998	1232.154
8933.116499999998	1540.1925
8933.116499999998	1848.2310000000002
8933.116499999998	2156.2695000000003
8933.116499999998	2464.3080000000004
8933.116499999998	2772.3465000000006
8933.116499999998	3080.3850000000007
8933.116499999998	3388.423500000001
8933.116499999998	3696.462000000001
8933.116499999998	4004.500500000001
8933.116499999998	4620.5775
8933.116499999998	4928.616
8933.116499999998	5544.692999999999
8933.116499999998	5852.731499999999
8933.116499999998	6160.769999999999
8933.116499999998	6468.808499999998
GRID-End
num_of_evaluations 2000
best obj 0.001241505072742063
LLH0	33
LLH1	48
LLH2	138
LLH3	21
LLH4	103
LLH5	75
LLH6	68
