Initial objective 0.0013066254796460061	 Seed value 394936987
1	 LLH-5	0.0013072683461330988	0.0013072683461330988
2	 LLH-5	0.0013084004502695087	0.0013084004502695087
3	 LLH-0	0.0013099247578793507	0.0013099247578793507
4	 LLH-6	0.001311649169911504	0.001311649169911504
5	 LLH-0	0.0013134264644608486	0.0013134264644608486
6	 LLH-4	0.001311779158021011	0.001311779158021011
9	 LLH-0	0.001313458680207772	0.001313458680207772
10	 LLH-3	0.0012818951463648954	0.0012818951463648954
11	 LLH-2	0.0012712654619803255	0.0012712654619803255
12	 LLH-0	0.0012721285725015572	0.0012721285725015572
13	 LLH-3	0.001347339390433057	0.001347339390433057
14	 LLH-3	0.0012727053891615674	0.0012727053891615674
15	 LLH-4	0.0012716928531643263	0.0012716928531643263
19	 LLH-3	0.0012602833556039496	0.0012602833556039496
20	 LLH-5	0.0012599004616635696	0.0012599004616635696
21	 LLH-6	0.0012590066519871498	0.0012590066519871498
22	 LLH-0	0.00125983825353057	0.00125983825353057
23	 LLH-3	0.0012556675006729651	0.0012556675006729651
24	 LLH-6	0.0012562437842566865	0.0012562437842566865
25	 LLH-4	0.0012562437842566865	0.0012562437842566865
30	 LLH-0	0.0012567216502152795	0.0012567216502152795
31	 LLH-2	0.0012599100414364525	0.0012599100414364525
32	 LLH-1	0.0012600462722247325	0.0012600462722247325
33	 LLH-1	0.0012600462722247325	0.0012600462722247325
34	 LLH-2	0.001262340366433526	0.001262340366433526
35	 LLH-6	0.0012628274964760317	0.0012628274964760317
36	 LLH-4	0.0012619340433729833	0.0012619340433729833
41	 LLH-5	0.0012612004127615668	0.0012612004127615668
42	 LLH-3	0.0013040361271556876	0.0013040361271556876
43	 LLH-2	0.0013049503483261663	0.0013049503483261663
44	 LLH-1	0.0013046254399535695	0.0013046254399535695
45	 LLH-3	0.0012639760653007622	0.0012639760653007622
46	 LLH-1	0.0012640359782928644	0.0012640359782928644
47	 LLH-3	0.0012558174636668389	0.0012558174636668389
48	 LLH-3	0.0013032035469735437	0.0013032035469735437
49	 LLH-0	0.0013020540220903072	0.0013020540220903072
50	 LLH-1	0.0013020938157383382	0.0013020938157383382
51	 LLH-2	0.0012978136533059795	0.0012978136533059795
52	 LLH-4	0.001296357042176822	0.001296357042176822
57	 LLH-6	0.0012967999699850727	0.0012967999699850727
58	 LLH-0	0.0012980382965072535	0.0012980382965072535
59	 LLH-6	0.001296665802665266	0.001296665802665266
60	 LLH-4	0.0012953222456341105	0.0012953222456341105
64	 LLH-1	0.0012953222456341105	0.0012953222456341105
65	 LLH-5	0.001296513673635269	0.001296513673635269
66	 LLH-3	0.0013864143765453224	0.0013864143765453224
67	 LLH-2	0.001338413504713518	0.001338413504713518
68	 LLH-6	0.0013376829329809806	0.0013376829329809806
69	 LLH-2	0.0013396333758120952	0.0013396333758120952
70	 LLH-1	0.0013396333758120952	0.0013396333758120952
71	 LLH-5	0.0013389028146256264	0.0013389028146256264
72	 LLH-0	0.0013370318231141329	0.0013370318231141329
73	 LLH-1	0.0013369842866557634	0.0013369842866557634
74	 LLH-6	0.0013377613498902186	0.0013377613498902186
75	 LLH-4	0.001336254585739737	0.001336254585739737
79	 LLH-3	0.0014732283771184593	0.0014732283771184593
80	 LLH-5	0.0014735476453447741	0.0014735476453447741
81	 LLH-6	0.001473986904224156	0.001473986904224156
82	 LLH-0	0.0014775511339412243	0.0014775511339412243
83	 LLH-6	0.0014794425853851562	0.0014794425853851562
84	 LLH-1	0.0014794771559715808	0.0014794771559715808
85	 LLH-5	0.0014799659006443876	0.0014799659006443876
86	 LLH-3	0.0013027576891334637	0.0013027576891334637
87	 LLH-5	0.001303685154548222	0.001303685154548222
88	 LLH-5	0.0013031392775862253	0.0013031392775862253
89	 LLH-4	0.0013015511147022086	0.0013015511147022086
91	 LLH-6	0.0012999875220157493	0.0012999875220157493
92	 LLH-0	0.0013019364950797928	0.0013019364950797928
93	 LLH-1	0.0013019629543486806	0.0013019629543486806
94	 LLH-1	0.0013019629543486806	0.0013019629543486806
95	 LLH-4	0.0013006042661386763	0.0013006042661386763
98	 LLH-4	0.0012990609458292265	0.0012990609458292265
101	 LLH-3	0.0012770037433574213	0.0012770037433574213
102	 LLH-6	0.0012790339333334253	0.0012790339333334253
103	 LLH-3	0.001325881401963685	0.001325881401963685
104	 LLH-2	0.0013259986928309763	0.0013259986928309763
105	 LLH-2	0.0013423303148573061	0.0013423303148573061
106	 LLH-6	0.0013413071140749469	0.0013413071140749469
107	 LLH-5	0.0013414241505289777	0.0013414241505289777
108	 LLH-5	0.0013408820564223276	0.0013408820564223276
109	 LLH-0	0.0013428190516541188	0.0013428190516541188
110	 LLH-6	0.001343941747709508	0.001343941747709508
111	 LLH-6	0.0013447287217152487	0.0013447287217152487
112	 LLH-6	0.0013425409282354177	0.0013425409282354177
113	 LLH-0	0.0013407958836960054	0.0013407958836960054
114	 LLH-6	0.0013416020928052608	0.0013416020928052608
115	 LLH-3	0.0014414709314586084	0.0014414709314586084
116	 LLH-3	0.0016906730751351437	0.0014414709314586084
117	 LLH-3	0.0016547887276278685	0.0014414709314586084
118	 LLH-1	0.0014414709314586084	0.0014414709314586084
119	 LLH-4	0.0014384947616186364	0.0014384947616186364
121	 LLH-3	0.0012977305193376384	0.0012977305193376384
122	 LLH-0	0.0012992005552761507	0.0012992005552761507
123	 LLH-0	0.0013005722191874827	0.0013005722191874827
124	 LLH-3	0.001263284126439276	0.001263284126439276
125	 LLH-5	0.0012631973993597796	0.0012631973993597796
126	 LLH-2	0.001274631192547171	0.001274631192547171
127	 LLH-0	0.0012760415354889274	0.0012760415354889274
128	 LLH-6	0.0012746779111600978	0.0012746779111600978
129	 LLH-1	0.001274947622691665	0.001274947622691665
130	 LLH-6	0.0012762301668325046	0.0012762301668325046
131	 LLH-3	0.0012582217745853944	0.0012582217745853944
132	 LLH-0	0.0012589941769026844	0.0012589941769026844
133	 LLH-0	0.00126008155138424	0.00126008155138424
134	 LLH-4	0.0012589961070041454	0.0012589961070041454
137	 LLH-4	0.0012589961070041454	0.0012589961070041454
142	 LLH-3	0.0013035243365961335	0.0013035243365961335
143	 LLH-4	0.0013019367732746848	0.0013019367732746848
146	 LLH-2	0.0012997754364269703	0.0012997754364269703
147	 LLH-6	0.0012976459775601162	0.0012976459775601162
148	 LLH-1	0.001297112466979781	0.001297112466979781
149	 LLH-0	0.0012983327947271137	0.0012983327947271137
150	 LLH-3	0.0012643997068953225	0.0012643997068953225
151	 LLH-6	0.0012647551914395487	0.0012647551914395487
152	 LLH-6	0.001263355089147283	0.001263355089147283
153	 LLH-2	0.0012698689525549268	0.0012698689525549268
154	 LLH-5	0.0012694740219331081	0.0012694740219331081
155	 LLH-1	0.0012694740219331081	0.0012694740219331081
156	 LLH-2	0.0012788002873905658	0.0012788002873905658
157	 LLH-6	0.0012777324382407334	0.0012777324382407334
158	 LLH-5	0.001277868579660408	0.001277868579660408
159	 LLH-4	0.0012768479224350767	0.0012768479224350767
163	 LLH-3	0.0012615320832455943	0.0012615320832455943
164	 LLH-6	0.0012613740804877998	0.0012613740804877998
165	 LLH-1	0.0012613740804877998	0.0012613740804877998
166	 LLH-6	0.0012620908303165991	0.0012620908303165991
167	 LLH-6	0.0012626455847586865	0.0012626455847586865
168	 LLH-3	0.0012445244033513453	0.0012445244033513453
169	 LLH-4	0.0012445244033513453	0.0012445244033513453
174	 LLH-3	0.0012928704129816868	0.0012928704129816868
175	 LLH-5	0.001292926683698857	0.001292926683698857
176	 LLH-4	0.0012919019179028152	0.0012919019179028152
179	 LLH-4	0.0012919019179028152	0.0012919019179028152
184	 LLH-0	0.0012932005663876325	0.0012932005663876325
185	 LLH-6	0.0012946012085846925	0.0012946012085846925
186	 LLH-5	0.0012941346394482016	0.0012941346394482016
187	 LLH-6	0.0012931547063997305	0.0012931547063997305
188	 LLH-5	0.001292625059672982	0.001292625059672982
189	 LLH-2	0.0013000328498630601	0.0013000328498630601
190	 LLH-2	0.0012979788048356228	0.0012979788048356228
191	 LLH-0	0.0012992697150768335	0.0012992697150768335
192	 LLH-1	0.0012989566256896136	0.0012989566256896136
193	 LLH-4	0.0012975497001660992	0.0012975497001660992
195	 LLH-4	0.0012961279512307751	0.0012961279512307751
198	 LLH-0	0.0012974880994986368	0.0012974880994986368
199	 LLH-0	0.0012988810426636463	0.0012988810426636463
200	 LLH-6	0.0013002739843102978	0.0013002739843102978
201	 LLH-1	0.0013002739843102978	0.0013002739843102978
202	 LLH-3	0.0012657814322452597	0.0012657814322452597
203	 LLH-0	0.0012649275471844324	0.0012649275471844324
204	 LLH-1	0.0012649275471844324	0.0012649275471844324
205	 LLH-0	0.0012656906205906846	0.0012656906205906846
206	 LLH-0	0.00126505917377363	0.00126505917377363
207	 LLH-2	0.001260519844366384	0.001260519844366384
208	 LLH-6	0.0012604999131910419	0.0012604999131910419
209	 LLH-5	0.0012604615488045513	0.0012604615488045513
210	 LLH-3	0.0012615579183210895	0.0012615579183210895
211	 LLH-1	0.0012615579183210895	0.0012615579183210895
212	 LLH-0	0.0012455105678942173	0.0012455105678942173
213	 LLH-3	0.001256059637835746	0.001256059637835746
214	 LLH-4	0.0012555728320391153	0.0012555728320391153
219	 LLH-0	0.0012561062718848405	0.0012561062718848405
220	 LLH-0	0.001255305045479164	0.001255305045479164
221	 LLH-0	0.0012557743481548182	0.0012557743481548182
222	 LLH-6	0.0012554711809387921	0.0012554711809387921
223	 LLH-0	0.0012559578982167252	0.0012559578982167252
224	 LLH-0	0.0012567697492284159	0.0012567697492284159
225	 LLH-0	0.0012576297748813788	0.0012576297748813788
226	 LLH-3	0.0012784552330009765	0.0012784552330009765
227	 LLH-2	0.001288012958890944	0.001288012958890944
228	 LLH-0	0.0012870666520404415	0.0012870666520404415
229	 LLH-5	0.0012875413450173666	0.0012875413450173666
230	 LLH-2	0.001278508814065808	0.001278508814065808
231	 LLH-5	0.001278418623668697	0.001278418623668697
232	 LLH-6	0.001278629617958628	0.001278629617958628
233	 LLH-1	0.001278629617958628	0.001278629617958628
234	 LLH-6	0.001278918744108263	0.001278918744108263
235	 LLH-1	0.0012789106388093662	0.0012789106388093662
236	 LLH-0	0.0012798207545507935	0.0012798207545507935
237	 LLH-6	0.0012821337035471931	0.0012821337035471931
238	 LLH-0	0.0012831359639928724	0.0012831359639928724
239	 LLH-1	0.0012829834543221757	0.0012829834543221757
240	 LLH-5	0.0012840747124082815	0.0012840747124082815
241	 LLH-1	0.0012840747124082815	0.0012840747124082815
242	 LLH-1	0.0012840747124082815	0.0012840747124082815
243	 LLH-5	0.0012849957309657599	0.0012849957309657599
244	 LLH-0	0.0012837210008545229	0.0012837210008545229
245	 LLH-0	0.0012848046479708535	0.0012848046479708535
246	 LLH-2	0.0012836347653769555	0.0012836347653769555
247	 LLH-0	0.0012825638952772421	0.0012825638952772421
248	 LLH-3	0.0012629041564379754	0.0012629041564379754
249	 LLH-4	0.0012622028871346223	0.0012622028871346223
252	 LLH-3	0.0013160577583126607	0.0013160577583126607
253	 LLH-6	0.0013151266980946468	0.0013151266980946468
254	 LLH-4	0.001313429896523769	0.001313429896523769
257	 LLH-2	0.001313369947951077	0.001313369947951077
258	 LLH-0	0.001311912807893357	0.001311912807893357
259	 LLH-1	0.0013117848116361414	0.0013117848116361414
260	 LLH-6	0.0013132577781945322	0.0013132577781945322
261	 LLH-4	0.0013132577781945322	0.0013132577781945322
266	 LLH-1	0.0013132577781945322	0.0013132577781945322
267	 LLH-3	0.0012824422577003495	0.0012824422577003495
268	 LLH-4	0.0012814863724316514	0.0012814863724316514
271	 LLH-4	0.001280578368164636	0.001280578368164636
275	 LLH-4	0.001279514507103557	0.001279514507103557
280	 LLH-1	0.001279514507103557	0.001279514507103557
281	 LLH-2	0.0012804597239295394	0.0012804597239295394
282	 LLH-2	0.001283964993387962	0.001283964993387962
283	 LLH-2	0.0012897099124680668	0.0012897099124680668
284	 LLH-3	0.001397528629718255	0.001397528629718255
285	 LLH-2	0.0013711839457343704	0.0013711839457343704
286	 LLH-4	0.0013687822795921776	0.0013687822795921776
288	 LLH-5	0.0013681260721334016	0.0013681260721334016
289	 LLH-0	0.0013703042041640287	0.0013703042041640287
290	 LLH-5	0.0013712545270203277	0.0013712545270203277
291	 LLH-1	0.0013712545270203277	0.0013712545270203277
292	 LLH-3	0.0012935383070666992	0.0012935383070666992
293	 LLH-4	0.0012923509897733855	0.0012923509897733855
296	 LLH-0	0.0012935854341089273	0.0012935854341089273
297	 LLH-4	0.0012921153664603037	0.0012921153664603037
299	 LLH-4	0.0012921153664603037	0.0012921153664603037
304	 LLH-6	0.001290924536862896	0.001290924536862896
305	 LLH-3	0.0012559790312637027	0.0012559790312637027
306	 LLH-4	0.0012559790312637027	0.0012559790312637027
311	 LLH-2	0.0012715834482724885	0.0012715834482724885
312	 LLH-4	0.0012708515278803284	0.0012708515278803284
315	 LLH-0	0.0012718021869525902	0.0012718021869525902
316	 LLH-6	0.0012687593113984042	0.0012687593113984042
317	 LLH-5	0.0012685580486157286	0.0012685580486157286
318	 LLH-2	0.0012915038305097203	0.0012685580486157286
319	 LLH-1	0.0012684125214106482	0.0012684125214106482
320	 LLH-0	0.0012695339693926152	0.0012695339693926152
321	 LLH-1	0.0012694637451802662	0.0012694637451802662
322	 LLH-3	0.0012522969183569692	0.0012522969183569692
323	 LLH-6	0.0012520791590043998	0.0012520791590043998
324	 LLH-3	0.0013204573306386128	0.0012520791590043998
325	 LLH-1	0.0012520791590043998	0.0012520791590043998
326	 LLH-3	0.001306570776211639	0.0012520791590043998
327	 LLH-4	0.001251395075676026	0.001251395075676026
330	 LLH-6	0.0012514047092369027	0.0012514047092369027
331	 LLH-2	0.0012660957235464663	0.0012660957235464663
332	 LLH-3	0.0013100735985068692	0.0013100735985068692
333	 LLH-4	0.0013085701081590787	0.0013085701081590787
335	 LLH-4	0.001307069423561408	0.001307069423561408
337	 LLH-0	0.0013086665957238743	0.0013086665957238743
338	 LLH-1	0.0013087412060058033	0.0013087412060058033
339	 LLH-3	0.0014184221330732988	0.0013087412060058033
340	 LLH-3	0.0014323089501228335	0.0014323089501228335
341	 LLH-4	0.0014295340014554997	0.0014295340014554997
343	 LLH-4	0.001426645312322944	0.001426645312322944
346	 LLH-0	0.0014238008517842736	0.0014238008517842736
347	 LLH-4	0.001420978377210773	0.001420978377210773
349	 LLH-5	0.0014214242066242062	0.0014214242066242062
350	 LLH-4	0.0014185602207618243	0.0014185602207618243
352	 LLH-5	0.0014181622738492338	0.0014181622738492338
353	 LLH-0	0.0014151102108384632	0.0014151102108384632
354	 LLH-2	0.0013683639842722198	0.0013683639842722198
355	 LLH-0	0.0013661608779726366	0.0013661608779726366
356	 LLH-3	0.0015592515926110596	0.0015592515926110596
357	 LLH-1	0.0015598977140902671	0.0015598977140902671
358	 LLH-1	0.0015596551389513219	0.0015596551389513219
359	 LLH-0	0.001554485562705087	0.001554485562705087
360	 LLH-3	0.0017292312585681134	0.001554485562705087
361	 LLH-5	0.001553493500382069	0.001553493500382069
362	 LLH-0	0.0015485961564073467	0.0015485961564073467
363	 LLH-3	0.0013162444703351522	0.0013162444703351522
364	 LLH-1	0.0013162444703351522	0.0013162444703351522
365	 LLH-4	0.0013147659826279082	0.0013147659826279082
367	 LLH-5	0.001313442800807436	0.001313442800807436
368	 LLH-6	0.0013157599061833641	0.0013157599061833641
369	 LLH-2	0.0013253084755978934	0.0013253084755978934
370	 LLH-0	0.0013234010594513949	0.0013234010594513949
371	 LLH-4	0.0013221034342805892	0.0013221034342805892
375	 LLH-2	0.0013142730245415794	0.0013142730245415794
376	 LLH-0	0.0013126237718590092	0.0013126237718590092
377	 LLH-4	0.0013110213020520668	0.0013110213020520668
380	 LLH-0	0.0013127871046836417	0.0013127871046836417
381	 LLH-6	0.0013118375546674623	0.0013118375546674623
382	 LLH-2	0.0013128525540134215	0.0013128525540134215
383	 LLH-3	0.00142977961835146	0.0013128525540134215
384	 LLH-0	0.0013141125155610566	0.0013141125155610566
385	 LLH-6	0.0013136345672468694	0.0013136345672468694
386	 LLH-3	0.0014042496785987924	0.0014042496785987924
387	 LLH-0	0.0014014490149841527	0.0014014490149841527
388	 LLH-3	0.0016351480170171107	0.0016351480170171107
389	 LLH-5	0.0016351808448406514	0.0016351808448406514
390	 LLH-3	0.0013274685925971056	0.0013274685925971056
391	 LLH-6	0.001325605353617761	0.001325605353617761
392	 LLH-6	0.001328428404920904	0.001328428404920904
393	 LLH-4	0.0013268191964999332	0.0013268191964999332
397	 LLH-3	0.0012806057719555307	0.0012806057719555307
398	 LLH-2	0.0012801214214780746	0.0012801214214780746
399	 LLH-5	0.0012800676297349337	0.0012800676297349337
400	 LLH-1	0.0012800676297349337	0.0012800676297349337
401	 LLH-2	0.0012896749401806649	0.0012896749401806649
402	 LLH-4	0.001288383720117742	0.001288383720117742
407	 LLH-2	0.0012914717561433677	0.0012914717561433677
408	 LLH-2	0.001297517963627194	0.001297517963627194
409	 LLH-2	0.0012959646301673512	0.0012959646301673512
410	 LLH-4	0.0012944957036125108	0.0012944957036125108
414	 LLH-4	0.0012930804894976803	0.0012930804894976803
419	 LLH-3	0.0012670001514436214	0.0012670001514436214
420	 LLH-1	0.0012671051215232766	0.0012671051215232766
421	 LLH-6	0.001265412486535771	0.001265412486535771
422	 LLH-3	0.0013226835381360091	0.001265412486535771
423	 LLH-4	0.001265412486535771	0.001265412486535771
428	 LLH-1	0.0012653683944955935	0.0012653683944955935
429	 LLH-2	0.0012648173127659797	0.0012648173127659797
430	 LLH-1	0.0012648173127659797	0.0012648173127659797
431	 LLH-6	0.001265282236473915	0.001265282236473915
432	 LLH-2	0.0012681725742340769	0.0012681725742340769
433	 LLH-5	0.0012685161219946482	0.0012685161219946482
434	 LLH-5	0.001268722822244466	0.001268722822244466
435	 LLH-3	0.0012515463466786288	0.0012515463466786288
436	 LLH-0	0.0012522498040484155	0.0012522498040484155
437	 LLH-3	0.0012595601039322006	0.0012595601039322006
438	 LLH-2	0.0012603858990981212	0.0012603858990981212
439	 LLH-3	0.0012870297760372638	0.0012870297760372638
440	 LLH-1	0.0012870297760372638	0.0012870297760372638
441	 LLH-0	0.0013091421677715947	0.0013091421677715947
442	 LLH-3	0.0012617777091271836	0.0012617777091271836
443	 LLH-5	0.001262407013980148	0.001262407013980148
444	 LLH-5	0.0012616835112222566	0.0012616835112222566
445	 LLH-3	0.001251140656062875	0.001251140656062875
446	 LLH-3	0.00125438456343582	0.00125438456343582
447	 LLH-6	0.0012560613723171191	0.0012560613723171191
448	 LLH-5	0.001254819209769058	0.001254819209769058
449	 LLH-1	0.001254819209769058	0.001254819209769058
450	 LLH-0	0.0012542692856667243	0.0012542692856667243
451	 LLH-5	0.0012542264172399203	0.0012542264172399203
452	 LLH-5	0.0012548251848272399	0.0012548251848272399
453	 LLH-5	0.0012550046191620134	0.0012550046191620134
454	 LLH-6	0.0012533790357566442	0.0012533790357566442
455	 LLH-5	0.0012531754481698437	0.0012531754481698437
456	 LLH-2	0.0012442204918462398	0.0012442204918462398
457	 LLH-3	0.0012563999304780796	0.0012442204918462398
458	 LLH-3	0.0012527492554182081	0.0012527492554182081
459	 LLH-6	0.0012531121133603643	0.0012531121133603643
460	 LLH-3	0.0012548419547890846	0.0012548419547890846
461	 LLH-0	0.001255357812006687	0.001255357812006687
462	 LLH-4	0.0012546778908932594	0.0012546778908932594
464	 LLH-2	0.0012470322225036593	0.0012470322225036593
465	 LLH-0	0.0012478357151759379	0.0012478357151759379
466	 LLH-4	0.0012473039776152216	0.0012473039776152216
470	 LLH-5	0.0012472285750727784	0.0012472285750727784
471	 LLH-0	0.0012477884288894065	0.0012477884288894065
472	 LLH-5	0.0012479411966304116	0.0012479411966304116
473	 LLH-3	0.0012456519151467713	0.0012456519151467713
474	 LLH-2	0.001260238464480374	0.001260238464480374
475	 LLH-5	0.0012595280011647742	0.0012595280011647742
476	 LLH-0	0.001260329522807485	0.001260329522807485
477	 LLH-4	0.001260329522807485	0.001260329522807485
482	 LLH-6	0.0012598166319579248	0.0012598166319579248
483	 LLH-1	0.0012598227499403386	0.0012598227499403386
484	 LLH-3	0.0012496918328479272	0.0012496918328479272
485	 LLH-4	0.00124924605342347	0.00124924605342347
489	 LLH-6	0.0012491291380279108	0.0012491291380279108
490	 LLH-6	0.0012490193353271663	0.0012490193353271663
491	 LLH-0	0.0012485824141668918	0.0012485824141668918
492	 LLH-4	0.0012485824141668918	0.0012485824141668918
497	 LLH-5	0.0012488989232295876	0.0012488989232295876
498	 LLH-3	0.0012523756241876014	0.0012523756241876014
499	 LLH-6	0.0012523670323179598	0.0012523670323179598
500	 LLH-1	0.0012523670323179598	0.0012523670323179598
501	 LLH-0	0.0012529367028587498	0.0012529367028587498
502	 LLH-0	0.001252246568762433	0.001252246568762433
503	 LLH-3	0.0012801918789473005	0.0012801918789473005
504	 LLH-2	0.00126542674340041	0.00126542674340041
505	 LLH-5	0.0012649082463311967	0.0012649082463311967
506	 LLH-1	0.0012650011246955431	0.0012650011246955431
507	 LLH-4	0.0012641754866548184	0.0012641754866548184
509	 LLH-1	0.0012643268707282168	0.0012643268707282168
510	 LLH-3	0.0012471858230249876	0.0012471858230249876
511	 LLH-3	0.0012491490871123633	0.0012491490871123633
512	 LLH-0	0.0012486146488715126	0.0012486146488715126
513	 LLH-4	0.0012480250692050098	0.0012480250692050098
516	 LLH-5	0.0012477929527696825	0.0012477929527696825
517	 LLH-0	0.0012482604636853787	0.0012482604636853787
518	 LLH-1	0.0012482604636853787	0.0012482604636853787
519	 LLH-2	0.0012540493510783792	0.0012540493510783792
520	 LLH-5	0.001254144048458786	0.001254144048458786
521	 LLH-5	0.0012539960878653234	0.0012539960878653234
522	 LLH-2	0.0012595452789835601	0.0012595452789835601
523	 LLH-1	0.0012595452789835601	0.0012595452789835601
524	 LLH-2	0.0012594406464565679	0.0012594406464565679
525	 LLH-2	0.0012729707538740318	0.0012729707538740318
526	 LLH-2	0.0012789899732046865	0.0012729707538740318
527	 LLH-3	0.0012605396130405723	0.0012605396130405723
528	 LLH-4	0.0012605396130405723	0.0012605396130405723
533	 LLH-0	0.0012614799019278662	0.0012614799019278662
534	 LLH-3	0.0012599566797653371	0.0012599566797653371
535	 LLH-4	0.0012599566797653371	0.0012599566797653371
540	 LLH-1	0.0012599566797653371	0.0012599566797653371
541	 LLH-0	0.001260540911810349	0.001260540911810349
542	 LLH-0	0.0012597730467156989	0.0012597730467156989
543	 LLH-6	0.001258886035529218	0.001258886035529218
544	 LLH-0	0.0012593615990945347	0.0012593615990945347
545	 LLH-5	0.0012588692186517518	0.0012588692186517518
546	 LLH-4	0.0012588692186517518	0.0012588692186517518
551	 LLH-0	0.001259474434633756	0.001259474434633756
552	 LLH-0	0.0012439879807780796	0.0012439879807780796
553	 LLH-5	0.0012443215675490337	0.0012443215675490337
554	 LLH-4	0.0012443215675490337	0.0012443215675490337
559	 LLH-3	0.001289974744272567	0.0012443215675490337
560	 LLH-3	0.001254760775605887	0.0012443215675490337
561	 LLH-1	0.0012443215675490337	0.0012443215675490337
562	 LLH-5	0.0012436500241587221	0.0012436500241587221
563	 LLH-6	0.0012448664670488925	0.0012448664670488925
564	 LLH-1	0.0012448664670488925	0.0012448664670488925
565	 LLH-6	0.0012441548911560664	0.0012441548911560664
566	 LLH-3	0.0012431058834738264	0.0012431058834738264
567	 LLH-1	0.0012431058834738264	0.0012431058834738264
568	 LLH-3	0.001245214651170039	0.001245214651170039
569	 LLH-1	0.001245214651170039	0.001245214651170039
570	 LLH-2	0.0012588130897223846	0.0012588130897223846
571	 LLH-4	0.0012588130897223846	0.0012588130897223846
576	 LLH-0	0.001259780853926717	0.001259780853926717
577	 LLH-5	0.0012598410685914947	0.0012598410685914947
578	 LLH-6	0.0012599796713341402	0.0012599796713341402
579	 LLH-6	0.0012607171611221562	0.0012607171611221562
580	 LLH-0	0.001261174732465229	0.001261174732465229
581	 LLH-1	0.001261174732465229	0.001261174732465229
582	 LLH-5	0.0012609642561052922	0.0012609642561052922
583	 LLH-0	0.001245498928905633	0.001245498928905633
584	 LLH-6	0.0012454220383645244	0.0012454220383645244
585	 LLH-4	0.0012454220383645244	0.0012454220383645244
590	 LLH-3	0.0012773352839805445	0.0012454220383645244
591	 LLH-5	0.0012453288368324859	0.0012453288368324859
592	 LLH-3	0.0012559907541101578	0.0012559907541101578
593	 LLH-5	0.0012551466705211767	0.0012551466705211767
594	 LLH-3	0.0012773791214883536	0.0012551466705211767
595	 LLH-5	0.0012555131026917928	0.0012555131026917928
596	 LLH-2	0.0012615262906849325	0.0012615262906849325
597	 LLH-0	0.001262218692267704	0.001262218692267704
598	 LLH-1	0.001262218692267704	0.001262218692267704
599	 LLH-1	0.001262391241050319	0.001262391241050319
600	 LLH-1	0.0012621816253239905	0.0012621816253239905
601	 LLH-2	0.0012696471316041265	0.0012621816253239905
602	 LLH-6	0.0012620783288799296	0.0012620783288799296
603	 LLH-6	0.0012626564565607153	0.0012626564565607153
604	 LLH-6	0.0012626880713401826	0.0012626880713401826
605	 LLH-3	0.0012924722901646668	0.0012626880713401826
606	 LLH-1	0.0012626880713401826	0.0012626880713401826
607	 LLH-6	0.0012627490371264702	0.0012627490371264702
608	 LLH-4	0.0012627490371264702	0.0012627490371264702
613	 LLH-4	0.0012622006868328508	0.0012622006868328508
618	 LLH-5	0.0012622006868328508	0.0012622006868328508
619	 LLH-4	0.0012622006868328508	0.0012622006868328508
624	 LLH-5	0.0012616469276428705	0.0012616469276428705
625	 LLH-1	0.0012616469276428705	0.0012616469276428705
626	 LLH-6	0.001262607674847014	0.001262607674847014
627	 LLH-2	0.001253193593481929	0.001253193593481929
628	 LLH-3	0.001318975599042521	0.001253193593481929
629	 LLH-2	0.0012747706898641156	0.001253193593481929
630	 LLH-3	0.0013268312803479125	0.001253193593481929
631	 LLH-5	0.0012524437277425804	0.0012524437277425804
632	 LLH-2	0.0012654753992010891	0.0012654753992010891
633	 LLH-2	0.001261587397853176	0.001261587397853176
634	 LLH-4	0.001261587397853176	0.001261587397853176
639	 LLH-2	0.0012730218229126309	0.001261587397853176
640	 LLH-5	0.0012626398331736619	0.0012626398331736619
641	 LLH-2	0.0012669396188465633	0.0012669396188465633
642	 LLH-5	0.0012690006350620233	0.0012690006350620233
643	 LLH-4	0.0012676318289680927	0.0012676318289680927
646	 LLH-3	0.0012520735669192405	0.0012520735669192405
647	 LLH-4	0.001251299661211641	0.001251299661211641
650	 LLH-2	0.0012690661527644572	0.001251299661211641
651	 LLH-0	0.0012523966981784942	0.0012523966981784942
652	 LLH-0	0.0012530234319084704	0.0012530234319084704
653	 LLH-2	0.0012643744536876217	0.0012530234319084704
654	 LLH-2	0.0012622976043047537	0.0012622976043047537
655	 LLH-0	0.0012629597735774993	0.0012629597735774993
656	 LLH-6	0.001262130150871245	0.001262130150871245
657	 LLH-0	0.0012632044985619395	0.0012632044985619395
658	 LLH-1	0.0012629538994765029	0.0012629538994765029
659	 LLH-3	0.0012487253226247685	0.0012487253226247685
660	 LLH-0	0.0012494839306511755	0.0012494839306511755
661	 LLH-5	0.0012496184452619515	0.0012496184452619515
662	 LLH-4	0.001248670920460904	0.001248670920460904
665	 LLH-6	0.001248837023666261	0.001248837023666261
666	 LLH-6	0.0012499610140910638	0.0012499610140910638
667	 LLH-5	0.0012496095033848371	0.0012496095033848371
668	 LLH-1	0.0012499770970237788	0.0012499770970237788
669	 LLH-4	0.0012499770970237788	0.0012499770970237788
674	 LLH-1	0.0012499770970237788	0.0012499770970237788
675	 LLH-6	0.00125060751720184	0.00125060751720184
676	 LLH-2	0.0012611460250575015	0.0012611460250575015
677	 LLH-0	0.0012619384678828928	0.0012619384678828928
678	 LLH-0	0.0012627857827452217	0.0012627857827452217
679	 LLH-2	0.0012696733584745031	0.0012627857827452217
680	 LLH-2	0.0012651530984824763	0.0012651530984824763
681	 LLH-2	0.0012746602161530416	0.0012651530984824763
682	 LLH-3	0.0012521037679811922	0.0012521037679811922
683	 LLH-0	0.001251632010646641	0.001251632010646641
684	 LLH-6	0.0012514441177676177	0.0012514441177676177
685	 LLH-4	0.0012509559953253109	0.0012509559953253109
690	 LLH-3	0.0012443075081370364	0.0012443075081370364
691	 LLH-6	0.001244476176658914	0.001244476176658914
692	 LLH-0	0.001245019318811771	0.001245019318811771
693	 LLH-0	0.0012444672339455938	0.0012444672339455938
694	 LLH-0	0.00124490450976466	0.00124490450976466
695	 LLH-1	0.00124490450976466	0.00124490450976466
696	 LLH-4	0.0012444283925443786	0.0012444283925443786
698	 LLH-1	0.0012444283925443786	0.0012444283925443786
699	 LLH-3	0.0012438857525037973	0.0012438857525037973
700	 LLH-6	0.0012442413350140877	0.0012442413350140877
701	 LLH-5	0.0012445382363605202	0.0012445382363605202
702	 LLH-1	0.001244404301234563	0.001244404301234563
703	 LLH-4	0.001244404301234563	0.001244404301234563
708	 LLH-3	0.0012808663600601855	0.001244404301234563
709	 LLH-5	0.0012444365779110359	0.0012444365779110359
710	 LLH-1	0.0012444365779110359	0.0012444365779110359
711	 LLH-0	0.001243875513708119	0.001243875513708119
712	 LLH-4	0.0012431613688938523	0.0012431613688938523
717	 LLH-4	0.0012431613688938523	0.0012431613688938523
722	 LLH-1	0.0012431613688938523	0.0012431613688938523
723	 LLH-5	0.0012429251337820854	0.0012429251337820854
724	 LLH-3	0.0012474851731114807	0.0012429251337820854
725	 LLH-6	0.0012434586031895743	0.0012434586031895743
726	 LLH-0	0.001243953879685466	0.001243953879685466
727	 LLH-3	0.001244891452414412	0.001244891452414412
728	 LLH-6	0.0012463070282446396	0.0012463070282446396
729	 LLH-6	0.0012460858466244078	0.0012460858466244078
730	 LLH-1	0.0012460858466244078	0.0012460858466244078
731	 LLH-4	0.0012460858466244078	0.0012460858466244078
736	 LLH-1	0.0012460858466244078	0.0012460858466244078
737	 LLH-2	0.0012574183461800282	0.0012460858466244078
738	 LLH-6	0.0012451304013020906	0.0012451304013020906
739	 LLH-2	0.0012505578874384153	0.0012505578874384153
740	 LLH-2	0.0012628102209739644	0.0012628102209739644
741	 LLH-1	0.001262791766299213	0.001262791766299213
742	 LLH-5	0.0012628280456613943	0.0012628280456613943
743	 LLH-5	0.001261706767314248	0.001261706767314248
744	 LLH-3	0.0012453104660287851	0.0012453104660287851
745	 LLH-0	0.0012448511390687998	0.0012448511390687998
746	 LLH-4	0.0012439714812576912	0.0012439714812576912
748	 LLH-4	0.0012434378384026654	0.0012434378384026654
750	 LLH-2	0.001252693262957486	0.001252693262957486
751	 LLH-4	0.0012520041133522535	0.0012520041133522535
753	 LLH-1	0.0012520041133522535	0.0012520041133522535
754	 LLH-2	0.0012503125453320703	0.0012503125453320703
755	 LLH-0	0.0012496227957166618	0.0012496227957166618
756	 LLH-5	0.0012501224475699258	0.0012496227957166618
757	 LLH-0	0.0012502847584732852	0.0012502847584732852
758	 LLH-3	0.001307896345628484	0.0012502847584732852
759	 LLH-5	0.0012501858223898585	0.0012501858223898585
760	 LLH-3	0.0012960191312924225	0.0012501858223898585
761	 LLH-0	0.0012507475752290627	0.0012501858223898585
762	 LLH-0	0.0012509788400539878	0.0012509788400539878
763	 LLH-1	0.0012509788400539878	0.0012509788400539878
764	 LLH-2	0.0012612285265442326	0.0012612285265442326
765	 LLH-3	0.0012480506034603374	0.0012480506034603374
766	 LLH-5	0.0012480009706852331	0.0012480009706852331
767	 LLH-5	0.001248235928031853	0.001248235928031853
768	 LLH-4	0.0012476147460121895	0.0012476147460121895
771	 LLH-4	0.0012476147460121895	0.0012476147460121895
776	 LLH-0	0.0012470505271214897	0.0012470505271214897
777	 LLH-6	0.001246481928087908	0.001246481928087908
778	 LLH-5	0.0012468381018401063	0.0012468381018401063
779	 LLH-1	0.0012469450881256797	0.0012469450881256797
780	 LLH-5	0.0012476668505469047	0.0012476668505469047
781	 LLH-2	0.001253693024321184	0.0012476668505469047
782	 LLH-4	0.0012476668505469047	0.0012476668505469047
787	 LLH-2	0.0012566344003368526	0.0012476668505469047
788	 LLH-1	0.0012476668505469047	0.0012476668505469047
789	 LLH-2	0.0012631763962401414	0.0012476668505469047
790	 LLH-6	0.001247301420107874	0.001247301420107874
791	 LLH-1	0.001247301420107874	0.001247301420107874
792	 LLH-3	0.0012849157735066548	0.001247301420107874
793	 LLH-1	0.001247301420107874	0.001247301420107874
794	 LLH-2	0.0012552007003189456	0.001247301420107874
795	 LLH-6	0.0012469568034774166	0.0012469568034774166
796	 LLH-0	0.0012474559519046855	0.0012474559519046855
797	 LLH-1	0.0012474559519046855	0.0012474559519046855
798	 LLH-2	0.0012568665543481496	0.0012474559519046855
799	 LLH-1	0.0012474559519046855	0.0012474559519046855
800	 LLH-6	0.0012488664480910514	0.0012488664480910514
801	 LLH-1	0.0012488664480910514	0.0012488664480910514
802	 LLH-2	0.0012553243293090023	0.0012488664480910514
803	 LLH-3	0.0012537789031913426	0.0012537789031913426
804	 LLH-0	0.0012542356296644794	0.0012542356296644794
805	 LLH-5	0.0012541519835647435	0.0012541519835647435
806	 LLH-4	0.001253227911850477	0.001253227911850477
809	 LLH-0	0.0012527183619557363	0.0012527183619557363
810	 LLH-2	0.0012527114151965786	0.0012527114151965786
811	 LLH-3	0.0013000740243680668	0.0012527114151965786
812	 LLH-1	0.0012527114151965786	0.0012527114151965786
813	 LLH-4	0.0012527114151965786	0.0012527114151965786
818	 LLH-0	0.001253323648836673	0.001253323648836673
819	 LLH-6	0.001253381360016278	0.001253381360016278
820	 LLH-1	0.001253381360016278	0.001253381360016278
821	 LLH-6	0.0012534275388132307	0.0012534275388132307
822	 LLH-5	0.001253404413555012	0.001253404413555012
823	 LLH-4	0.001253404413555012	0.001253404413555012
828	 LLH-6	0.001252917084456444	0.001252917084456444
829	 LLH-2	0.0012673561945948405	0.001252917084456444
830	 LLH-0	0.001253555271109477	0.001253555271109477
831	 LLH-2	0.0012663506003713727	0.001253555271109477
832	 LLH-3	0.0013072842104850744	0.001253555271109477
833	 LLH-4	0.001253555271109477	0.001253555271109477
838	 LLH-2	0.001262439315202195	0.001253555271109477
839	 LLH-1	0.0012533394098446274	0.0012533394098446274
840	 LLH-0	0.001253901656371803	0.001253901656371803
841	 LLH-3	0.0012864579398968643	0.001253901656371803
842	 LLH-4	0.0012532872204968968	0.0012532872204968968
844	 LLH-3	0.0012976952676113595	0.0012532872204968968
845	 LLH-1	0.0012532872204968968	0.0012532872204968968
846	 LLH-2	0.0012515240803480131	0.0012515240803480131
847	 LLH-5	0.0012516251866489124	0.0012516251866489124
848	 LLH-2	0.001261775721743775	0.0012516251866489124
849	 LLH-0	0.001252485546987526	0.001252485546987526
850	 LLH-3	0.0012921454210053581	0.001252485546987526
851	 LLH-0	0.001253175130141947	0.001253175130141947
852	 LLH-5	0.0012535778960769467	0.0012535778960769467
853	 LLH-6	0.0012541317222142844	0.0012541317222142844
854	 LLH-0	0.0012549858796124106	0.0012549858796124106
855	 LLH-6	0.001255817983177009	0.001255817983177009
856	 LLH-6	0.0012545912376458119	0.0012545912376458119
857	 LLH-1	0.0012545912376458119	0.0012545912376458119
858	 LLH-6	0.0012539043715931427	0.0012539043715931427
859	 LLH-1	0.0012536741171516952	0.0012536741171516952
860	 LLH-6	0.0012533494601184494	0.0012533494601184494
861	 LLH-6	0.0012538659540809777	0.0012538659540809777
862	 LLH-3	0.001259443850426232	0.0012538659540809777
863	 LLH-4	0.0012538659540809777	0.0012538659540809777
868	 LLH-4	0.0012532671959627787	0.0012532671959627787
871	 LLH-1	0.0012532671959627787	0.0012532671959627787
872	 LLH-2	0.0012728527149478402	0.0012532671959627787
873	 LLH-3	0.0013084992635685048	0.0012532671959627787
874	 LLH-3	0.0012485050142741142	0.0012485050142741142
875	 LLH-5	0.0012480381921225192	0.0012480381921225192
876	 LLH-6	0.0012482970976989444	0.0012482970976989444
877	 LLH-6	0.001248209412678101	0.001248209412678101
878	 LLH-0	0.0012487535199608138	0.0012487535199608138
879	 LLH-2	0.001253975081330249	0.0012487535199608138
880	 LLH-3	0.0012489001210263134	0.0012489001210263134
881	 LLH-1	0.0012489001210263134	0.0012489001210263134
882	 LLH-5	0.0012487583118209918	0.0012487583118209918
883	 LLH-1	0.0012487583118209918	0.0012487583118209918
884	 LLH-6	0.0012486598411078221	0.0012486598411078221
885	 LLH-6	0.001247988624246775	0.001247988624246775
886	 LLH-4	0.0012475352761995456	0.0012475352761995456
889	 LLH-4	0.0012475352761995456	0.0012475352761995456
894	 LLH-5	0.0012483303153848727	0.0012483303153848727
895	 LLH-6	0.0012486869109743027	0.0012486869109743027
896	 LLH-3	0.0012510598528849603	0.0012510598528849603
897	 LLH-4	0.0012510598528849603	0.0012510598528849603
902	 LLH-5	0.0012512503871377522	0.0012512503871377522
903	 LLH-3	0.001266140113644609	0.0012512503871377522
904	 LLH-0	0.0012519632474420532	0.0012519632474420532
905	 LLH-3	0.0012560809659517098	0.0012519632474420532
906	 LLH-3	0.001243486302252845	0.001243486302252845
907	 LLH-2	0.0012523066292935412	0.001243486302252845
908	 LLH-0	0.0012438661941268241	0.0012438661941268241
909	 LLH-2	0.0012551761480217984	0.0012438661941268241
910	 LLH-0	0.0012442541371591432	0.0012442541371591432
911	 LLH-5	0.0012437945581598706	0.0012437945581598706
912	 LLH-3	0.0012532741314742943	0.0012437945581598706
913	 LLH-0	0.001243395063633572	0.001243395063633572
914	 LLH-4	0.001243395063633572	0.001243395063633572
919	 LLH-6	0.0012435280072050948	0.001243395063633572
920	 LLH-3	0.0012497567842632248	0.0012497567842632248
921	 LLH-3	0.0012470503614147666	0.0012470503614147666
922	 LLH-5	0.0012470503614147666	0.0012470503614147666
923	 LLH-0	0.0012474114971913434	0.0012474114971913434
924	 LLH-3	0.0012442083476973773	0.0012442083476973773
925	 LLH-0	0.001244541179720149	0.001244541179720149
926	 LLH-2	0.0012435148492824031	0.0012435148492824031
927	 LLH-4	0.0012435148492824031	0.0012435148492824031
932	 LLH-5	0.0012425693005641563	0.0012425693005641563
933	 LLH-1	0.001242460506391824	0.001242460506391824
934	 LLH-3	0.0012493593339111119	0.001242460506391824
935	 LLH-4	0.001242460506391824	0.001242460506391824
940	 LLH-0	0.0012431623600955646	0.0012431623600955646
941	 LLH-4	0.0012431623600955646	0.0012431623600955646
946	 LLH-1	0.0012431615450067383	0.0012431615450067383
947	 LLH-0	0.001243903706550007	0.0012431615450067383
948	 LLH-6	0.001243416579723657	0.001243416579723657
949	 LLH-6	0.0012435265407193892	0.0012435265407193892
950	 LLH-5	0.0012437601396515102	0.0012437601396515102
951	 LLH-2	0.0012578912961432695	0.0012437601396515102
952	 LLH-6	0.0012431785263777733	0.0012431785263777733
953	 LLH-1	0.0012428137337805562	0.0012428137337805562
954	 LLH-0	0.0012432854610987712	0.0012432854610987712
955	 LLH-4	0.0012426132188892852	0.0012426132188892852
957	 LLH-2	0.001255639942730802	0.0012426132188892852
958	 LLH-1	0.0012426132188892852	0.0012426132188892852
959	 LLH-4	0.0012426132188892852	0.0012426132188892852
964	 LLH-4	0.0012426132188892852	0.0012426132188892852
969	 LLH-4	0.0012421381991147475	0.0012421381991147475
972	 LLH-4	0.0012421381991147475	0.0012421381991147475
977	 LLH-1	0.001242148001916182	0.001242148001916182
978	 LLH-0	0.001242599799446669	0.001242599799446669
979	 LLH-6	0.0012420916907993804	0.0012420916907993804
980	 LLH-0	0.0012428878848165716	0.0012428878848165716
981	 LLH-2	0.0012591692567507373	0.0012428878848165716
982	 LLH-5	0.0012429140683701285	0.0012429140683701285
983	 LLH-2	0.0012568940075299844	0.0012429140683701285
984	 LLH-2	0.0012547437662443744	0.0012429140683701285
985	 LLH-5	0.0012428995904280348	0.0012428995904280348
986	 LLH-1	0.0012428995904280348	0.0012428995904280348
987	 LLH-6	0.0012432809606313627	0.0012428995904280348
988	 LLH-3	0.0012804994766611728	0.0012428995904280348
989	 LLH-2	0.0012529777266280595	0.0012428995904280348
990	 LLH-0	0.0012433917709660425	0.0012433917709660425
991	 LLH-4	0.0012433917709660425	0.0012433917709660425
996	 LLH-0	0.0012438162284540938	0.0012433917709660425
997	 LLH-5	0.0012436535928175437	0.0012436535928175437
998	 LLH-5	0.0012436535928175437	0.0012436535928175437
999	 LLH-5	0.0012436655180146313	0.0012436655180146313
1000	 LLH-3	0.001244771073483075	0.0012436655180146313
1001	 LLH-6	0.0012450302365148427	0.0012450302365148427
1002	 LLH-5	0.001245140850787561	0.001245140850787561
1003	 LLH-2	0.001258012779463632	0.001245140850787561
1004	 LLH-0	0.0012456979931673795	0.0012456979931673795
1005	 LLH-1	0.0012458931109400112	0.0012458931109400112
1006	 LLH-3	0.0012512475183394916	0.0012458931109400112
1007	 LLH-0	0.0012465814134448494	0.0012465814134448494
1008	 LLH-6	0.001247076173842279	0.0012465814134448494
1009	 LLH-4	0.0012461089005654058	0.0012461089005654058
1013	 LLH-2	0.0012472339017601478	0.0012461089005654058
1014	 LLH-6	0.001246350801293383	0.001246350801293383
1015	 LLH-2	0.0012586049587990232	0.001246350801293383
1016	 LLH-6	0.0012459028503301573	0.0012459028503301573
1017	 LLH-5	0.0012459028503301573	0.0012459028503301573
1018	 LLH-6	0.001245403228969257	0.001245403228969257
1019	 LLH-6	0.0012453575986796639	0.0012453575986796639
1020	 LLH-4	0.0012453575986796639	0.0012453575986796639
1025	 LLH-1	0.0012453575986796639	0.0012453575986796639
1026	 LLH-2	0.0012608086152819044	0.0012453575986796639
1027	 LLH-6	0.0012453602929315768	0.0012453602929315768
1028	 LLH-1	0.0012453257680325872	0.0012453257680325872
1029	 LLH-1	0.0012453257680325872	0.0012453257680325872
1030	 LLH-4	0.0012448089202693657	0.0012448089202693657
1032	 LLH-1	0.0012448089202693657	0.0012448089202693657
1033	 LLH-1	0.0012447565701158428	0.0012447565701158428
1034	 LLH-6	0.0012447937093181206	0.0012447937093181206
1035	 LLH-0	0.0012452593184729584	0.0012452593184729584
1036	 LLH-4	0.0012452593184729584	0.0012452593184729584
1041	 LLH-3	0.0012468577907757687	0.0012468577907757687
1042	 LLH-3	0.0012590629048502733	0.0012468577907757687
1043	 LLH-0	0.0012473218681157783	0.0012473218681157783
1044	 LLH-3	0.0012801561027959102	0.0012473218681157783
1045	 LLH-0	0.0012477249837184031	0.0012477249837184031
1046	 LLH-1	0.0012477249837184031	0.0012477249837184031
1047	 LLH-3	0.0012793413628619504	0.0012477249837184031
1048	 LLH-2	0.0012576971143559246	0.0012477249837184031
1049	 LLH-3	0.0012711744719024758	0.0012477249837184031
1050	 LLH-1	0.0012477249837184031	0.0012477249837184031
1051	 LLH-6	0.00124824574539924	0.00124824574539924
1052	 LLH-1	0.00124824574539924	0.00124824574539924
1053	 LLH-5	0.0012484452781642823	0.0012484452781642823
1054	 LLH-5	0.0012481607370798697	0.0012481607370798697
1055	 LLH-6	0.0012483385753401651	0.0012483385753401651
1056	 LLH-6	0.0012480330612797187	0.0012480330612797187
1057	 LLH-4	0.0012480330612797187	0.0012480330612797187
1062	 LLH-2	0.0012514932810420753	0.0012480330612797187
1063	 LLH-0	0.0012484057225866944	0.0012484057225866944
1064	 LLH-5	0.0012477074991518759	0.0012477074991518759
1065	 LLH-5	0.0012477396037099383	0.0012477396037099383
1066	 LLH-5	0.0012476158045203682	0.0012476158045203682
1067	 LLH-2	0.0012585751523995904	0.0012476158045203682
1068	 LLH-3	0.0012822468553153697	0.0012476158045203682
1069	 LLH-1	0.0012476158045203682	0.0012476158045203682
1070	 LLH-5	0.0012476430098610238	0.0012476430098610238
1071	 LLH-2	0.0012560964327966164	0.0012476430098610238
1072	 LLH-3	0.0012763594124561865	0.0012476430098610238
1073	 LLH-6	0.0012479583413032805	0.0012479583413032805
1074	 LLH-1	0.0012479583413032805	0.0012479583413032805
1075	 LLH-4	0.0012479583413032805	0.0012479583413032805
1080	 LLH-2	0.0012522348738774373	0.0012479583413032805
1081	 LLH-5	0.00124803490254697	0.00124803490254697
1082	 LLH-3	0.0012552038982340079	0.00124803490254697
1083	 LLH-5	0.0012486556123782885	0.00124803490254697
1084	 LLH-1	0.00124803490254697	0.00124803490254697
1085	 LLH-3	0.0012428078549230575	0.0012428078549230575
1086	 LLH-3	0.0012524855593035796	0.0012428078549230575
1087	 LLH-3	0.0012525165021225729	0.0012428078549230575
1088	 LLH-2	0.0012435573683145474	0.0012428078549230575
1089	 LLH-2	0.001258394566153062	0.0012428078549230575
1090	 LLH-3	0.0012814469819770764	0.0012428078549230575
1091	 LLH-3	0.0012800279209750865	0.0012428078549230575
1092	 LLH-2	0.0012488164432801034	0.0012428078549230575
1093	 LLH-1	0.0012428078549230575	0.0012428078549230575
1094	 LLH-1	0.0012428078549230575	0.0012428078549230575
1095	 LLH-0	0.0012432111344983048	0.0012428078549230575
1096	 LLH-3	0.0012494627353527978	0.0012428078549230575
1097	 LLH-2	0.0012437187827672913	0.0012428078549230575
1098	 LLH-6	0.0012423998662131831	0.0012423998662131831
1099	 LLH-0	0.0012430328335667356	0.0012430328335667356
1100	 LLH-4	0.0012430328335667356	0.0012430328335667356
1105	 LLH-5	0.0012429205489925493	0.0012429205489925493
1106	 LLH-4	0.0012429205489925493	0.0012429205489925493
1111	 LLH-2	0.0012516839850596174	0.0012429205489925493
1112	 LLH-6	0.0012428486605335575	0.0012428486605335575
1113	 LLH-2	0.0012537996796959257	0.0012428486605335575
1114	 LLH-3	0.0012510666090965817	0.0012428486605335575
1115	 LLH-2	0.0012568642695265917	0.0012428486605335575
1116	 LLH-4	0.0012428486605335575	0.0012428486605335575
1121	 LLH-4	0.0012424439710535607	0.0012424439710535607
1126	 LLH-0	0.0012563177313167963	0.0012424439710535607
1127	 LLH-6	0.0012428252113848813	0.0012428252113848813
1128	 LLH-5	0.0012429622677226316	0.0012429622677226316
1129	 LLH-0	0.0012435500761312445	0.0012435500761312445
1130	 LLH-4	0.0012431550207153228	0.0012431550207153228
1132	 LLH-2	0.0012500914752188413	0.0012431550207153228
1133	 LLH-1	0.0012431550207153228	0.0012431550207153228
1134	 LLH-4	0.0012431550207153228	0.0012431550207153228
1139	 LLH-4	0.0012431550207153228	0.0012431550207153228
1144	 LLH-0	0.0012435639866295858	0.0012435639866295858
1145	 LLH-3	0.0012709136483232976	0.0012435639866295858
1146	 LLH-2	0.0012538028271301938	0.0012435639866295858
1147	 LLH-2	0.0012589159398865943	0.0012435639866295858
1148	 LLH-1	0.0012435639866295858	0.0012435639866295858
1149	 LLH-0	0.0012439613037518722	0.0012439613037518722
1150	 LLH-3	0.0012721130542163108	0.0012439613037518722
1151	 LLH-2	0.0012587584084996657	0.0012439613037518722
1152	 LLH-2	0.0012515430806887885	0.0012439613037518722
1153	 LLH-3	0.0012656694542160102	0.0012439613037518722
1154	 LLH-5	0.001242926467034007	0.001242926467034007
1155	 LLH-6	0.001243026320381604	0.001243026320381604
1156	 LLH-1	0.001243026320381604	0.001243026320381604
1157	 LLH-1	0.0012427792753094387	0.0012427792753094387
1158	 LLH-3	0.0012687784918064158	0.0012427792753094387
1159	 LLH-6	0.0012425704532417745	0.0012425704532417745
1160	 LLH-6	0.0012427046085370362	0.0012427046085370362
1161	 LLH-6	0.0012428923087734857	0.0012428923087734857
1162	 LLH-3	0.0012639042741679238	0.0012428923087734857
1163	 LLH-5	0.0012430904430809748	0.0012430904430809748
1164	 LLH-3	0.001266858781434831	0.0012430904430809748
1165	 LLH-2	0.0012425936518122142	0.0012425936518122142
1166	 LLH-5	0.0012427885692416012	0.0012427885692416012
1167	 LLH-5	0.0012430800779112223	0.0012430800779112223
1168	 LLH-4	0.0012430800779112223	0.0012430800779112223
1173	 LLH-1	0.0012430800779112223	0.0012430800779112223
1174	 LLH-4	0.0012430800779112223	0.0012430800779112223
1179	 LLH-1	0.0012427625302663802	0.0012427625302663802
1180	 LLH-1	0.0012427625302663802	0.0012427625302663802
1181	 LLH-2	0.0012532582450490318	0.0012427625302663802
1182	 LLH-6	0.0012440357247007804	0.0012440357247007804
1183	 LLH-5	0.0012438296971939249	0.0012438296971939249
1184	 LLH-6	0.0012437053002181523	0.0012437053002181523
1185	 LLH-3	0.0012866648082453	0.0012437053002181523
1186	 LLH-6	0.0012442613181391847	0.0012437053002181523
1187	 LLH-5	0.0012433038081545236	0.0012433038081545236
1188	 LLH-0	0.0012438171514818036	0.0012438171514818036
1189	 LLH-0	0.001244314737986721	0.001244314737986721
1190	 LLH-1	0.001244314737986721	0.001244314737986721
1191	 LLH-6	0.0012446235456711325	0.0012446235456711325
1192	 LLH-1	0.0012446235456711325	0.0012446235456711325
1193	 LLH-3	0.0012917346689034223	0.0012446235456711325
1194	 LLH-3	0.0012831930789117913	0.0012446235456711325
1195	 LLH-3	0.001304617433058426	0.0012446235456711325
1196	 LLH-5	0.0012444500540267592	0.0012444500540267592
1197	 LLH-3	0.001279201371453672	0.0012444500540267592
1198	 LLH-1	0.0012444570348748493	0.0012444570348748493
1199	 LLH-1	0.0012444570348748493	0.0012444570348748493
1200	 LLH-4	0.0012444570348748493	0.0012444570348748493
1205	 LLH-2	0.0012500899211938129	0.0012444570348748493
1206	 LLH-2	0.0012582499543909071	0.0012444570348748493
1207	 LLH-2	0.0012543187415503276	0.0012444570348748493
1208	 LLH-5	0.001244780336372457	0.001244780336372457
1209	 LLH-2	0.0012550108142561072	0.001244780336372457
1210	 LLH-4	0.001244780336372457	0.001244780336372457
1215	 LLH-5	0.0012461142865616704	0.001244780336372457
1216	 LLH-1	0.001244780336372457	0.001244780336372457
1217	 LLH-1	0.001244780336372457	0.001244780336372457
1218	 LLH-6	0.00124394383221226	0.00124394383221226
1219	 LLH-5	0.0012444848449130355	0.0012444848449130355
1220	 LLH-6	0.00124370548402564	0.00124370548402564
1221	 LLH-0	0.001243185541229696	0.001243185541229696
1222	 LLH-6	0.0012432916406725821	0.0012432916406725821
1223	 LLH-5	0.0012433672510775075	0.0012433672510775075
1224	 LLH-0	0.0012438354217542498	0.0012438354217542498
1225	 LLH-1	0.0012438354217542498	0.0012438354217542498
1226	 LLH-1	0.0012438354217542498	0.0012438354217542498
1227	 LLH-0	0.0012445348546900722	0.0012445348546900722
1228	 LLH-6	0.0012441911580819435	0.0012441911580819435
1229	 LLH-6	0.0012447065020383832	0.0012441911580819435
1230	 LLH-1	0.0012441911580819435	0.0012441911580819435
1231	 LLH-6	0.0012436439827528988	0.0012436439827528988
1232	 LLH-1	0.0012436439827528988	0.0012436439827528988
1233	 LLH-5	0.0012429173583160232	0.0012429173583160232
1234	 LLH-6	0.0012442151702473977	0.0012429173583160232
1235	 LLH-4	0.0012429173583160232	0.0012429173583160232
1240	 LLH-3	0.001287852990397536	0.0012429173583160232
1241	 LLH-1	0.0012429173583160232	0.0012429173583160232
1242	 LLH-1	0.0012429173583160232	0.0012429173583160232
1243	 LLH-4	0.0012429173583160232	0.0012429173583160232
1248	 LLH-0	0.001243454877037812	0.0012429173583160232
1249	 LLH-4	0.0012422043499187645	0.0012422043499187645
1254	 LLH-1	0.0012422043499187645	0.0012422043499187645
1255	 LLH-1	0.0012422043499187645	0.0012422043499187645
1256	 LLH-0	0.0012431409087680753	0.0012422043499187645
1257	 LLH-4	0.0012422043499187645	0.0012422043499187645
1262	 LLH-4	0.0012422043499187645	0.0012422043499187645
1267	 LLH-6	0.0012425633047428277	0.0012422043499187645
1268	 LLH-6	0.0012422220650854833	0.0012422220650854833
1269	 LLH-0	0.0012427886710361837	0.0012422220650854833
1270	 LLH-0	0.001242766814113304	0.0012422220650854833
1271	 LLH-2	0.0012577591596775147	0.0012422220650854833
1272	 LLH-4	0.0012417169962849486	0.0012417169962849486
1274	 LLH-1	0.0012417169962849486	0.0012417169962849486
1275	 LLH-1	0.0012417169962849486	0.0012417169962849486
1276	 LLH-5	0.0012429631856277134	0.0012417169962849486
1277	 LLH-0	0.0012422342247641483	0.0012417169962849486
1278	 LLH-2	0.0012541130442197959	0.0012417169962849486
1279	 LLH-6	0.0012427831266301832	0.0012417169962849486
1280	 LLH-4	0.0012412654473461075	0.0012412654473461075
1283	 LLH-0	0.0012417905804337677	0.0012412654473461075
1284	 LLH-0	0.0012418663974521793	0.0012412654473461075
1285	 LLH-2	0.0012596827493315005	0.0012412654473461075
1286	 LLH-2	0.001246843585270498	0.0012412654473461075
1287	 LLH-3	0.0012753365152490177	0.0012412654473461075
1288	 LLH-2	0.0012592487093454315	0.0012412654473461075
1289	 LLH-2	0.0012440114241681814	0.0012412654473461075
1290	 LLH-2	0.0012492567958381487	0.0012412654473461075
1291	 LLH-1	0.0012412654473461075	0.0012412654473461075
1292	 LLH-4	0.0012412654473461075	0.0012412654473461075
1297	 LLH-1	0.001241152470744765	0.001241152470744765
1298	 LLH-3	0.0012815083751795773	0.001241152470744765
1299	 LLH-3	0.001241940584080626	0.001241152470744765
1300	 LLH-2	0.0012649329046409729	0.001241152470744765
1301	 LLH-2	0.0012446375370049503	0.001241152470744765
1302	 LLH-2	0.001253521604064126	0.001241152470744765
1303	 LLH-3	0.0012557733854043388	0.001241152470744765
1304	 LLH-1	0.001241152470744765	0.001241152470744765
1305	 LLH-6	0.0012420340820408907	0.001241152470744765
1306	 LLH-5	0.001241270690255943	0.001241152470744765
1307	 LLH-6	0.0012423117050630672	0.001241152470744765
1308	 LLH-2	0.001245691091091555	0.001241152470744765
1309	 LLH-5	0.0012418558840438182	0.001241152470744765
1310	 LLH-0	0.0012417030671386827	0.001241152470744765
1311	 LLH-1	0.0012411755623470734	0.0012411755623470734
1312	 LLH-5	0.0012418015887566778	0.0012411755623470734
1313	 LLH-1	0.0012411755623470734	0.0012411755623470734
1314	 LLH-6	0.0012421035091926876	0.0012421035091926876
1315	 LLH-1	0.0012421035091926876	0.0012421035091926876
1316	 LLH-1	0.0012421035091926876	0.0012421035091926876
1317	 LLH-1	0.0012421035091926876	0.0012421035091926876
1318	 LLH-6	0.0012426372752067278	0.0012421035091926876
1319	 LLH-6	0.0012424044240686733	0.0012421035091926876
1320	 LLH-4	0.0012421035091926876	0.0012421035091926876
1325	 LLH-2	0.0012534560916418283	0.0012421035091926876
1326	 LLH-2	0.0012440139394219378	0.0012421035091926876
1327	 LLH-1	0.0012421035091926876	0.0012421035091926876
1328	 LLH-2	0.0012563121820740703	0.0012421035091926876
1329	 LLH-5	0.0012421035091926876	0.0012421035091926876
1330	 LLH-5	0.0012422005661723511	0.0012422005661723511
1331	 LLH-1	0.0012422257337827056	0.0012422257337827056
1332	 LLH-1	0.0012422257337827056	0.0012422257337827056
1333	 LLH-2	0.001256049453108454	0.0012422257337827056
1334	 LLH-1	0.0012422333616795692	0.0012422333616795692
1335	 LLH-0	0.001243384914099277	0.0012422333616795692
1336	 LLH-1	0.0012422333616795692	0.0012422333616795692
1337	 LLH-6	0.0012422940460189399	0.0012422940460189399
1338	 LLH-2	0.00126050907719926	0.0012422940460189399
1339	 LLH-4	0.0012422940460189399	0.0012422940460189399
1344	 LLH-5	0.0012421012993041368	0.0012421012993041368
1345	 LLH-6	0.0012430845873844078	0.0012421012993041368
1346	 LLH-0	0.0012428226897068166	0.0012421012993041368
1347	 LLH-0	0.0012427002673528428	0.0012421012993041368
1348	 LLH-4	0.0012421012993041368	0.0012421012993041368
1353	 LLH-2	0.001256289477467084	0.0012421012993041368
1354	 LLH-5	0.0012432890072354046	0.0012421012993041368
1355	 LLH-6	0.001243386218970141	0.0012421012993041368
1356	 LLH-4	0.0012421012993041368	0.0012421012993041368
1361	 LLH-4	0.0012421012993041368	0.0012421012993041368
1366	 LLH-3	0.001273578166437511	0.0012421012993041368
1367	 LLH-5	0.001241947181409133	0.001241947181409133
1368	 LLH-2	0.001252227659555001	0.001241947181409133
1369	 LLH-6	0.0012420874557385532	0.0012420874557385532
1370	 LLH-3	0.001245366667000595	0.0012420874557385532
1371	 LLH-4	0.0012420874557385532	0.0012420874557385532
1376	 LLH-1	0.0012420874557385532	0.0012420874557385532
1377	 LLH-2	0.0012506460519783116	0.0012420874557385532
1378	 LLH-1	0.0012420874557385532	0.0012420874557385532
1379	 LLH-1	0.0012420874557385532	0.0012420874557385532
1380	 LLH-5	0.0012421447870639133	0.0012421447870639133
1381	 LLH-1	0.0012421447870639133	0.0012421447870639133
1382	 LLH-3	0.0012814926864407438	0.0012421447870639133
1383	 LLH-0	0.0012428971209199754	0.0012421447870639133
1384	 LLH-3	0.001243102754108732	0.0012421447870639133
1385	 LLH-3	0.0012562028909637638	0.0012421447870639133
1386	 LLH-4	0.0012421447870639133	0.0012421447870639133
1391	 LLH-0	0.0012426597201460638	0.0012421447870639133
1392	 LLH-6	0.0012430555013562344	0.0012421447870639133
1393	 LLH-4	0.0012421447870639133	0.0012421447870639133
1398	 LLH-4	0.0012421447870639133	0.0012421447870639133
1403	 LLH-1	0.0012421447870639133	0.0012421447870639133
1404	 LLH-0	0.0012426066416606847	0.0012421447870639133
1405	 LLH-6	0.0012421177803576841	0.0012421177803576841
1406	 LLH-5	0.0012432805293113409	0.0012421177803576841
1407	 LLH-5	0.0012424043852062908	0.0012421177803576841
1408	 LLH-4	0.0012421177803576841	0.0012421177803576841
1413	 LLH-1	0.0012421177803576841	0.0012421177803576841
1414	 LLH-0	0.001257524198035148	0.0012421177803576841
1415	 LLH-6	0.0012423945327630435	0.0012423945327630435
1416	 LLH-2	0.0012522743800349812	0.0012423945327630435
1417	 LLH-1	0.0012423945327630435	0.0012423945327630435
1418	 LLH-4	0.0012423945327630435	0.0012423945327630435
1423	 LLH-4	0.0012423945327630435	0.0012423945327630435
1428	 LLH-0	0.0012429021209754538	0.0012423945327630435
1429	 LLH-2	0.001251203877792375	0.0012423945327630435
1430	 LLH-3	0.0012461186565037843	0.0012423945327630435
1431	 LLH-2	0.0012544961635422229	0.0012423945327630435
1432	 LLH-4	0.0012423945327630435	0.0012423945327630435
1437	 LLH-2	0.001252061410053849	0.0012423945327630435
1438	 LLH-0	0.0012429253642145496	0.0012423945327630435
1439	 LLH-1	0.0012423945327630435	0.0012423945327630435
1440	 LLH-4	0.0012423945327630435	0.0012423945327630435
1445	 LLH-6	0.001242146839942586	0.001242146839942586
1446	 LLH-6	0.0012437163109922838	0.001242146839942586
1447	 LLH-0	0.0012427757058751097	0.001242146839942586
1448	 LLH-4	0.001242146839942586	0.001242146839942586
1453	 LLH-1	0.001242146839942586	0.001242146839942586
1454	 LLH-0	0.0012429697011607066	0.001242146839942586
1455	 LLH-1	0.0012421228429407769	0.0012421228429407769
1456	 LLH-4	0.0012421228429407769	0.0012421228429407769
1461	 LLH-3	0.0012422840420356382	0.0012422840420356382
1462	 LLH-3	0.0012696852343298908	0.0012422840420356382
1463	 LLH-2	0.001254022520752733	0.0012422840420356382
1464	 LLH-1	0.0012422840420356382	0.0012422840420356382
1465	 LLH-6	0.001243779425238364	0.0012422840420356382
1466	 LLH-5	0.001242210166786868	0.001242210166786868
1467	 LLH-6	0.0012423830851678247	0.001242210166786868
1468	 LLH-6	0.0012426235236089067	0.001242210166786868
1469	 LLH-5	0.0012423727011076275	0.0012423727011076275
1470	 LLH-0	0.0012429470086372087	0.0012423727011076275
1471	 LLH-0	0.0012419467141511272	0.0012419467141511272
1472	 LLH-5	0.0012417733185827425	0.0012417733185827425
1473	 LLH-2	0.0012520695304008113	0.0012417733185827425
1474	 LLH-5	0.0012420522901845134	0.0012417733185827425
1475	 LLH-5	0.0012416376279407398	0.0012416376279407398
1476	 LLH-4	0.0012412512152853562	0.0012412512152853562
1480	 LLH-3	0.0012796681624012097	0.0012412512152853562
1481	 LLH-0	0.001256025917991324	0.0012412512152853562
1482	 LLH-3	0.0012482155797130445	0.0012412512152853562
1483	 LLH-5	0.0012414110889391156	0.0012412512152853562
1484	 LLH-4	0.0012412512152853562	0.0012412512152853562
1489	 LLH-2	0.0012467232254040421	0.0012412512152853562
1490	 LLH-2	0.0012597390387798113	0.0012412512152853562
1491	 LLH-3	0.0012681916572085902	0.0012412512152853562
1492	 LLH-1	0.0012412512152853562	0.0012412512152853562
1493	 LLH-4	0.0012412512152853562	0.0012412512152853562
1498	 LLH-3	0.0012734908881492975	0.0012412512152853562
1499	 LLH-6	0.0012420010260177003	0.0012412512152853562
1500	 LLH-4	0.0012412512152853562	0.0012412512152853562
1505	 LLH-3	0.001275828988177304	0.0012412512152853562
1506	 LLH-4	0.0012412512152853562	0.0012412512152853562
1511	 LLH-0	0.0012417865211433276	0.0012412512152853562
1512	 LLH-6	0.001241105644976215	0.001241105644976215
1513	 LLH-0	0.0012414995108920583	0.001241105644976215
1514	 LLH-3	0.0012489286974707273	0.001241105644976215
1515	 LLH-4	0.001241105644976215	0.001241105644976215
1520	 LLH-4	0.001241105644976215	0.001241105644976215
1525	 LLH-1	0.001241105644976215	0.001241105644976215
1526	 LLH-5	0.00124086752811445	0.00124086752811445
1527	 LLH-4	0.00124086752811445	0.00124086752811445
1532	 LLH-4	0.00124086752811445	0.00124086752811445
1537	 LLH-1	0.00124086752811445	0.00124086752811445
1538	 LLH-5	0.0012407861009419178	0.0012407861009419178
1539	 LLH-4	0.0012407861009419178	0.0012407861009419178
1544	 LLH-0	0.0012411817534434416	0.0012407861009419178
1545	 LLH-3	0.0012428445276850926	0.0012407861009419178
1546	 LLH-1	0.0012407861009419178	0.0012407861009419178
1547	 LLH-6	0.0012403711489403898	0.0012403711489403898
1548	 LLH-1	0.0012403711489403898	0.0012403711489403898
1549	 LLH-4	0.0012403711489403898	0.0012403711489403898
1554	 LLH-2	0.0012527769342734005	0.0012403711489403898
1555	 LLH-5	0.001241114315325657	0.0012403711489403898
1556	 LLH-5	0.0012404020012350037	0.0012403711489403898
1557	 LLH-2	0.0012541695457072715	0.0012403711489403898
1558	 LLH-3	0.0012698420013032043	0.0012403711489403898
1559	 LLH-3	0.0012447972512868227	0.0012403711489403898
1560	 LLH-0	0.0012547881827948645	0.0012403711489403898
1561	 LLH-2	0.0012561936350587422	0.0012403711489403898
1562	 LLH-5	0.0012404949313824763	0.0012403711489403898
1563	 LLH-1	0.0012403711489403898	0.0012403711489403898
1564	 LLH-5	0.001241460823317068	0.0012403711489403898
1565	 LLH-4	0.0012403711489403898	0.0012403711489403898
1570	 LLH-3	0.0012421184210412765	0.0012403711489403898
1571	 LLH-1	0.0012403711489403898	0.0012403711489403898
1572	 LLH-0	0.00124076105324195	0.0012403711489403898
1573	 LLH-5	0.0012406239747516851	0.0012403711489403898
1574	 LLH-3	0.0012712403660345422	0.0012403711489403898
1575	 LLH-1	0.0012403711489403898	0.0012403711489403898
1576	 LLH-6	0.0012408458621118832	0.0012403711489403898
1577	 LLH-3	0.0012649375620925845	0.0012403711489403898
1578	 LLH-6	0.0012403855326197138	0.0012403855326197138
1579	 LLH-6	0.0012406222158365318	0.0012403855326197138
1580	 LLH-4	0.0012403855326197138	0.0012403855326197138
1585	 LLH-3	0.0012465258601859336	0.0012403855326197138
1586	 LLH-3	0.0012686215737780493	0.0012403855326197138
1587	 LLH-5	0.0012409028150733087	0.0012403855326197138
1588	 LLH-4	0.0012403855326197138	0.0012403855326197138
1593	 LLH-6	0.001242004864613915	0.0012403855326197138
1594	 LLH-2	0.0012543032218457592	0.0012403855326197138
1595	 LLH-4	0.0012403855326197138	0.0012403855326197138
1600	 LLH-2	0.0012519700614037426	0.0012403855326197138
1601	 LLH-4	0.0012403855326197138	0.0012403855326197138
1606	 LLH-6	0.0012410089524774327	0.0012403855326197138
1607	 LLH-0	0.0012408004968307124	0.0012403855326197138
1608	 LLH-3	0.0012452653529856036	0.0012403855326197138
1609	 LLH-1	0.0012403855326197138	0.0012403855326197138
1610	 LLH-0	0.0012408929560734077	0.0012403855326197138
1611	 LLH-6	0.001240969194630213	0.0012403855326197138
1612	 LLH-6	0.0012405394045332846	0.0012403855326197138
1613	 LLH-1	0.0012403855326197138	0.0012403855326197138
1614	 LLH-0	0.00124084652365771	0.0012403855326197138
1615	 LLH-1	0.0012403855326197138	0.0012403855326197138
1616	 LLH-4	0.0012403855326197138	0.0012403855326197138
1621	 LLH-3	0.0012640088711172173	0.0012403855326197138
1622	 LLH-4	0.0012403855326197138	0.0012403855326197138
1627	 LLH-1	0.0012403855326197138	0.0012403855326197138
1628	 LLH-3	0.0012639727575315734	0.0012403855326197138
1629	 LLH-5	0.0012403630614097202	0.0012403630614097202
1630	 LLH-2	0.0012484666607960556	0.0012403630614097202
1631	 LLH-0	0.0012408968546909341	0.0012403630614097202
1632	 LLH-1	0.0012403630614097202	0.0012403630614097202
1633	 LLH-6	0.0012406815916859754	0.0012403630614097202
1634	 LLH-4	0.0012403630614097202	0.0012403630614097202
1639	 LLH-5	0.0012411726047556132	0.0012403630614097202
1640	 LLH-4	0.0012403630614097202	0.0012403630614097202
1645	 LLH-1	0.0012403630614097202	0.0012403630614097202
1646	 LLH-1	0.0012403630614097202	0.0012403630614097202
1647	 LLH-0	0.0012408245765973506	0.0012403630614097202
1648	 LLH-3	0.0012694356591103739	0.0012403630614097202
1649	 LLH-4	0.0012403630614097202	0.0012403630614097202
1654	 LLH-0	0.0012410169685992275	0.0012403630614097202
1655	 LLH-2	0.001248488466601786	0.0012403630614097202
1656	 LLH-1	0.0012403630614097202	0.0012403630614097202
1657	 LLH-1	0.0012403630614097202	0.0012403630614097202
1658	 LLH-2	0.0012556651028577516	0.0012403630614097202
1659	 LLH-1	0.0012403630614097202	0.0012403630614097202
1660	 LLH-3	0.00127140988828534	0.0012403630614097202
1661	 LLH-2	0.0012534428309539335	0.0012403630614097202
1662	 LLH-6	0.0012401422454354626	0.0012401422454354626
1663	 LLH-6	0.0012405900782046196	0.0012401422454354626
1664	 LLH-5	0.0012408422172086062	0.0012401422454354626
1665	 LLH-2	0.0012513110406803408	0.0012401422454354626
1666	 LLH-6	0.0012405565941095722	0.0012401422454354626
1667	 LLH-1	0.001240214388425571	0.001240214388425571
1668	 LLH-5	0.0012402850378334378	0.001240214388425571
1669	 LLH-2	0.001253502661396424	0.001240214388425571
1670	 LLH-3	0.0012462448100809917	0.001240214388425571
1671	 LLH-3	0.0012823897806837235	0.001240214388425571
1672	 LLH-3	0.0012476508495442972	0.001240214388425571
1673	 LLH-3	0.0012738631570426047	0.001240214388425571
1674	 LLH-2	0.0012517706155424867	0.001240214388425571
1675	 LLH-3	0.0012445935734697034	0.001240214388425571
1676	 LLH-5	0.0012402583046580518	0.0012402583046580518
1677	 LLH-1	0.0012402583046580518	0.0012402583046580518
1678	 LLH-0	0.001240847426439462	0.0012402583046580518
1679	 LLH-5	0.0012405507596887665	0.0012402583046580518
1680	 LLH-6	0.0012405099097467338	0.0012402583046580518
1681	 LLH-1	0.0012402583046580518	0.0012402583046580518
1682	 LLH-4	0.0012402583046580518	0.0012402583046580518
1687	 LLH-6	0.0012407452432355729	0.0012402583046580518
1688	 LLH-3	0.0012715011371501272	0.0012402583046580518
1689	 LLH-1	0.0012402583046580518	0.0012402583046580518
1690	 LLH-2	0.0012562782225001333	0.0012402583046580518
1691	 LLH-3	0.0012457122862807798	0.0012402583046580518
1692	 LLH-3	0.0012481192010591869	0.0012402583046580518
1693	 LLH-1	0.0012402583046580518	0.0012402583046580518
1694	 LLH-4	0.0012402583046580518	0.0012402583046580518
1699	 LLH-1	0.0012402583046580518	0.0012402583046580518
1700	 LLH-4	0.0012402583046580518	0.0012402583046580518
1705	 LLH-5	0.0012402583046580518	0.0012402583046580518
1706	 LLH-5	0.001240541424577899	0.0012402583046580518
1707	 LLH-5	0.0012408091619262073	0.0012402583046580518
1708	 LLH-2	0.0012534870960414426	0.0012402583046580518
1709	 LLH-2	0.0012441982988900245	0.0012402583046580518
1710	 LLH-3	0.0012471140240813135	0.0012402583046580518
1711	 LLH-0	0.0012549678065676322	0.0012402583046580518
1712	 LLH-5	0.0012404235912083653	0.0012402583046580518
1713	 LLH-4	0.0012402583046580518	0.0012402583046580518
1718	 LLH-5	0.0012402946570388988	0.0012402583046580518
1719	 LLH-6	0.001242129823118373	0.0012402583046580518
1720	 LLH-0	0.001240679819365603	0.0012402583046580518
1721	 LLH-4	0.0012402583046580518	0.0012402583046580518
1726	 LLH-5	0.0012407354609431603	0.0012402583046580518
1727	 LLH-1	0.0012402583046580518	0.0012402583046580518
1728	 LLH-4	0.0012402583046580518	0.0012402583046580518
1733	 LLH-5	0.0012411767398530244	0.0012402583046580518
1734	 LLH-3	0.0012461862668963818	0.0012402583046580518
1735	 LLH-5	0.0012407126234235484	0.0012402583046580518
1736	 LLH-5	0.0012402782860968912	0.0012402583046580518
1737	 LLH-5	0.0012402583046580518	0.0012402583046580518
1738	 LLH-5	0.0012404027146223347	0.0012402583046580518
1739	 LLH-3	0.0012844269895868567	0.0012402583046580518
1740	 LLH-4	0.0012402583046580518	0.0012402583046580518
1745	 LLH-0	0.0012406877509223047	0.0012402583046580518
1746	 LLH-5	0.001240367621891064	0.0012402583046580518
1747	 LLH-1	0.0012402583046580518	0.0012402583046580518
1748	 LLH-3	0.001247444472685481	0.0012402583046580518
1749	 LLH-5	0.0012403222670216985	0.0012402583046580518
1750	 LLH-3	0.0012468228708732865	0.0012402583046580518
1751	 LLH-1	0.0012402583046580518	0.0012402583046580518
1752	 LLH-6	0.0012407365441481906	0.0012402583046580518
1753	 LLH-2	0.0012504843208879734	0.0012402583046580518
1754	 LLH-1	0.0012402583046580518	0.0012402583046580518
1755	 LLH-4	0.0012402583046580518	0.0012402583046580518
1760	 LLH-2	0.001258310797934094	0.0012402583046580518
1761	 LLH-1	0.0012402583046580518	0.0012402583046580518
1762	 LLH-2	0.0012465729012322588	0.0012402583046580518
1763	 LLH-6	0.0012418405702420286	0.0012402583046580518
1764	 LLH-1	0.0012402583046580518	0.0012402583046580518
1765	 LLH-1	0.0012402583046580518	0.0012402583046580518
1766	 LLH-4	0.0012402583046580518	0.0012402583046580518
1771	 LLH-5	0.0012405558020356041	0.0012402583046580518
1772	 LLH-5	0.0012402437976041054	0.0012402437976041054
1773	 LLH-3	0.0012463593290660824	0.0012402437976041054
1774	 LLH-5	0.001240430102994684	0.0012402437976041054
1775	 LLH-4	0.0012402437976041054	0.0012402437976041054
1780	 LLH-2	0.0012531076322437468	0.0012402437976041054
1781	 LLH-3	0.0012436466941321408	0.0012402437976041054
1782	 LLH-4	0.0012402437976041054	0.0012402437976041054
1787	 LLH-2	0.0012491465437288378	0.0012402437976041054
1788	 LLH-6	0.0012413834636068812	0.0012402437976041054
1789	 LLH-1	0.0012402437976041054	0.0012402437976041054
1790	 LLH-2	0.0012560560367202254	0.0012402437976041054
1791	 LLH-1	0.0012402437976041054	0.0012402437976041054
1792	 LLH-3	0.0012464931801750392	0.0012402437976041054
1793	 LLH-3	0.0012454688971129096	0.0012402437976041054
1794	 LLH-1	0.0012402437976041054	0.0012402437976041054
1795	 LLH-1	0.0012402437976041054	0.0012402437976041054
1796	 LLH-2	0.001245842923587935	0.0012402437976041054
1797	 LLH-5	0.0012402932326433852	0.0012402437976041054
1798	 LLH-6	0.0012413451616008235	0.0012402437976041054
1799	 LLH-1	0.0012402437976041054	0.0012402437976041054
1800	 LLH-3	0.001269148987650099	0.0012402437976041054
1801	 LLH-3	0.0012779205942175151	0.0012402437976041054
1802	 LLH-3	0.0012462610483066378	0.0012402437976041054
1803	 LLH-1	0.0012405109128093418	0.0012402437976041054
1804	 LLH-5	0.0012403435284535785	0.0012402437976041054
1805	 LLH-2	0.0012511692478278775	0.0012402437976041054
1806	 LLH-6	0.0012409693025545044	0.0012402437976041054
1807	 LLH-5	0.001240363882028091	0.0012402437976041054
1808	 LLH-5	0.0012408934201326774	0.0012402437976041054
1809	 LLH-3	0.0012455979981281934	0.0012402437976041054
1810	 LLH-3	0.0012436105762521448	0.0012402437976041054
1811	 LLH-3	0.0012693586266929277	0.0012402437976041054
1812	 LLH-5	0.001240327386331423	0.0012402437976041054
1813	 LLH-1	0.0012402005528886176	0.0012402005528886176
1814	 LLH-0	0.0012406481584199365	0.0012402005528886176
1815	 LLH-1	0.0012402005528886176	0.0012402005528886176
1816	 LLH-0	0.001240951685476896	0.0012402005528886176
1817	 LLH-3	0.0012422142002583582	0.0012402005528886176
1818	 LLH-0	0.0012407333760397897	0.0012402005528886176
1819	 LLH-5	0.0012409011209467643	0.0012402005528886176
1820	 LLH-6	0.0012406309985414073	0.0012402005528886176
1821	 LLH-5	0.0012406379019415908	0.0012402005528886176
1822	 LLH-0	0.0012407510485522174	0.0012402005528886176
1823	 LLH-4	0.0012402005528886176	0.0012402005528886176
1828	 LLH-6	0.0012409802039970127	0.0012402005528886176
1829	 LLH-2	0.0012504271901741324	0.0012402005528886176
1830	 LLH-4	0.0012402005528886176	0.0012402005528886176
1835	 LLH-2	0.0012469236560710023	0.0012402005528886176
1836	 LLH-3	0.0012748174658441863	0.0012402005528886176
1837	 LLH-2	0.0012521102304908572	0.0012402005528886176
1838	 LLH-0	0.0012406096283041597	0.0012402005528886176
1839	 LLH-5	0.0012410557516144846	0.0012402005528886176
1840	 LLH-4	0.0012402005528886176	0.0012402005528886176
1845	 LLH-0	0.0012548116752418182	0.0012402005528886176
1846	 LLH-5	0.001240308297293987	0.0012402005528886176
1847	 LLH-4	0.0012402005528886176	0.0012402005528886176
1852	 LLH-5	0.0012400568477436186	0.0012400568477436186
1853	 LLH-2	0.0012568196251143654	0.0012400568477436186
1854	 LLH-2	0.0012512571552048596	0.0012400568477436186
1855	 LLH-2	0.0012483318095570578	0.0012400568477436186
1856	 LLH-0	0.0012405015749235658	0.0012400568477436186
1857	 LLH-0	0.001240578241194279	0.0012400568477436186
1858	 LLH-2	0.0012494769693447343	0.0012400568477436186
1859	 LLH-5	0.001240068270060045	0.001240068270060045
1860	 LLH-6	0.0012400318028458737	0.0012400318028458737
1861	 LLH-3	0.0012483914111303036	0.0012400318028458737
1862	 LLH-1	0.0012400318028458737	0.0012400318028458737
1863	 LLH-6	0.00124076857424827	0.0012400318028458737
1864	 LLH-4	0.0012400318028458737	0.0012400318028458737
1869	 LLH-2	0.001251302812081957	0.0012400318028458737
1870	 LLH-0	0.0012404436384295561	0.0012400318028458737
1871	 LLH-3	0.0012697804209523447	0.0012400318028458737
1872	 LLH-0	0.0012404416073257857	0.0012400318028458737
1873	 LLH-3	0.0012655432716696781	0.0012400318028458737
1874	 LLH-3	0.001248846569510151	0.0012400318028458737
1875	 LLH-5	0.0012401063462940951	0.0012400318028458737
1876	 LLH-2	0.0012501188353119656	0.0012400318028458737
1877	 LLH-1	0.0012400318028458737	0.0012400318028458737
1878	 LLH-5	0.0012405516790857294	0.0012400318028458737
1879	 LLH-3	0.001269969452705918	0.0012400318028458737
1880	 LLH-1	0.0012400318028458737	0.0012400318028458737
1881	 LLH-6	0.0012404935944701411	0.0012400318028458737
1882	 LLH-1	0.0012400318028458737	0.0012400318028458737
1883	 LLH-2	0.0012503178454272136	0.0012400318028458737
1884	 LLH-6	0.0012397991071183446	0.0012397991071183446
1885	 LLH-6	0.001240200431020212	0.0012397991071183446
1886	 LLH-0	0.0012402118843622015	0.0012397991071183446
1887	 LLH-2	0.001254334960104456	0.0012397991071183446
1888	 LLH-4	0.0012397991071183446	0.0012397991071183446
1893	 LLH-5	0.0012398679953523853	0.0012397991071183446
1894	 LLH-6	0.001240125247871544	0.0012397991071183446
1895	 LLH-6	0.0012413722049272947	0.0012397991071183446
1896	 LLH-4	0.0012397991071183446	0.0012397991071183446
1901	 LLH-0	0.0012402216938065154	0.0012397991071183446
1902	 LLH-4	0.0012397991071183446	0.0012397991071183446
1907	 LLH-6	0.0012403034236897548	0.0012397991071183446
1908	 LLH-2	0.0012488738929783414	0.0012397991071183446
1909	 LLH-0	0.0012405324699284342	0.0012397991071183446
1910	 LLH-3	0.0012638330505214115	0.0012397991071183446
1911	 LLH-2	0.0012562150934261175	0.0012397991071183446
1912	 LLH-5	0.001239691592543612	0.001239691592543612
1913	 LLH-5	0.0012399653509274251	0.001239691592543612
1914	 LLH-5	0.0012398742909042481	0.001239691592543612
1915	 LLH-1	0.001239691592543612	0.001239691592543612
1916	 LLH-2	0.0012576610791147113	0.001239691592543612
1917	 LLH-0	0.001240281963060655	0.001239691592543612
1918	 LLH-5	0.001239759704525568	0.001239691592543612
1919	 LLH-6	0.0012402506022904539	0.001239691592543612
1920	 LLH-1	0.001239691592543612	0.001239691592543612
1921	 LLH-1	0.001239691592543612	0.001239691592543612
1922	 LLH-4	0.001239691592543612	0.001239691592543612
1927	 LLH-0	0.0012401213221340333	0.001239691592543612
1928	 LLH-6	0.001240358560891347	0.001239691592543612
1929	 LLH-4	0.001239691592543612	0.001239691592543612
1934	 LLH-4	0.001239691592543612	0.001239691592543612
1939	 LLH-5	0.0012396842306775936	0.0012396842306775936
1940	 LLH-2	0.001248077415983852	0.0012396842306775936
1941	 LLH-5	0.0012396842306775936	0.0012396842306775936
1942	 LLH-5	0.0012396560283016147	0.0012396560283016147
1943	 LLH-1	0.0012396560283016147	0.0012396560283016147
1944	 LLH-5	0.0012408042252188963	0.0012396560283016147
1945	 LLH-1	0.0012396560283016147	0.0012396560283016147
1946	 LLH-4	0.0012396560283016147	0.0012396560283016147
1951	 LLH-5	0.0012397231932865333	0.0012396560283016147
1952	 LLH-5	0.001239451776055738	0.001239451776055738
1953	 LLH-0	0.0012399902180208213	0.001239451776055738
1954	 LLH-5	0.0012404953188004696	0.001239451776055738
1955	 LLH-5	0.001239507562480811	0.001239451776055738
1956	 LLH-0	0.001240027530913549	0.001239451776055738
1957	 LLH-4	0.001239451776055738	0.001239451776055738
1962	 LLH-6	0.0012400206069698913	0.001239451776055738
1963	 LLH-0	0.0012399134604305694	0.001239451776055738
1964	 LLH-1	0.001239451776055738	0.001239451776055738
1965	 LLH-5	0.0012408358630629887	0.001239451776055738
1966	 LLH-1	0.001239451776055738	0.001239451776055738
1967	 LLH-4	0.001239451776055738	0.001239451776055738
1972	 LLH-4	0.001239451776055738	0.001239451776055738
1977	 LLH-5	0.0012396168322960375	0.001239451776055738
1978	 LLH-1	0.0012397748756122842	0.001239451776055738
1979	 LLH-6	0.0012397294712337783	0.001239451776055738
1980	 LLH-4	0.001239451776055738	0.001239451776055738
1985	 LLH-2	0.001247430611739475	0.001239451776055738
1986	 LLH-4	0.001239451776055738	0.001239451776055738
1991	 LLH-5	0.0012405607636364832	0.001239451776055738
1992	 LLH-3	0.0012608206989727282	0.001239451776055738
1993	 LLH-4	0.001239451776055738	0.001239451776055738
1998	 LLH-6	0.0012402106432162618	0.001239451776055738
1999	 LLH-4	0.001239451776055738	0.001239451776055738
GRID-Start
0.0	0.0
0.0	308.0385
0.0	616.077
0.0	924.1155
0.0	1232.154
0.0	1540.1925
0.0	1848.2310000000002
0.0	2156.2695000000003
0.0	2464.3080000000004
0.0	2772.3465000000006
0.0	3080.3850000000007
0.0	3388.423500000001
0.0	3696.462000000001
0.0	4004.500500000001
0.0	4312.539000000001
0.0	4620.5775
0.0	4928.616
0.0	5236.6545
0.0	5544.692999999999
0.0	5852.731499999999
0.0	6160.769999999999
0.0	6468.808499999998
308.0385	0.0
308.0385	308.0385
308.0385	616.077
308.0385	924.1155
308.0385	1232.154
308.0385	1540.1925
308.0385	1848.2310000000002
308.0385	2156.2695000000003
308.0385	2464.3080000000004
308.0385	2772.3465000000006
308.0385	3080.3850000000007
308.0385	3388.423500000001
308.0385	3696.462000000001
308.0385	4004.500500000001
308.0385	4312.539000000001
308.0385	4620.5775
308.0385	4928.616
308.0385	5236.6545
308.0385	5544.692999999999
308.0385	5852.731499999999
308.0385	6160.769999999999
308.0385	6468.808499999998
616.077	0.0
616.077	308.0385
616.077	616.077
616.077	924.1155
616.077	1232.154
616.077	1540.1925
616.077	1848.2310000000002
616.077	2156.2695000000003
616.077	2464.3080000000004
616.077	2772.3465000000006
616.077	3080.3850000000007
616.077	3388.423500000001
616.077	3696.462000000001
616.077	4004.500500000001
616.077	4312.539000000001
616.077	4620.5775
616.077	4928.616
616.077	5236.6545
616.077	5544.692999999999
616.077	5852.731499999999
616.077	6160.769999999999
616.077	6468.808499999998
924.1155	0.0
924.1155	308.0385
924.1155	616.077
924.1155	924.1155
924.1155	1232.154
924.1155	1540.1925
924.1155	1848.2310000000002
924.1155	2156.2695000000003
924.1155	2464.3080000000004
924.1155	2772.3465000000006
924.1155	3080.3850000000007
924.1155	3388.423500000001
924.1155	3696.462000000001
924.1155	4004.500500000001
924.1155	4312.539000000001
924.1155	4620.5775
924.1155	4928.616
924.1155	5236.6545
924.1155	5544.692999999999
924.1155	5852.731499999999
924.1155	6160.769999999999
924.1155	6468.808499999998
1232.154	0.0
1232.154	308.0385
1232.154	616.077
1232.154	924.1155
1232.154	1232.154
1232.154	1540.1925
1232.154	1848.2310000000002
1232.154	2156.2695000000003
1232.154	2464.3080000000004
1232.154	2772.3465000000006
1232.154	3080.3850000000007
1232.154	4620.5775
1232.154	4928.616
1232.154	5236.6545
1232.154	5544.692999999999
1232.154	5852.731499999999
1232.154	6160.769999999999
1232.154	6468.808499999998
1540.1925	0.0
1540.1925	308.0385
1540.1925	616.077
1540.1925	924.1155
1540.1925	1232.154
1540.1925	1540.1925
1540.1925	1848.2310000000002
1540.1925	2156.2695000000003
1540.1925	2464.3080000000004
1540.1925	2772.3465000000006
1540.1925	3080.3850000000007
1540.1925	4620.5775
1540.1925	4928.616
1540.1925	5236.6545
1540.1925	5544.692999999999
1540.1925	5852.731499999999
1540.1925	6160.769999999999
1540.1925	6468.808499999998
1848.2310000000002	0.0
1848.2310000000002	308.0385
1848.2310000000002	616.077
1848.2310000000002	924.1155
1848.2310000000002	1232.154
1848.2310000000002	1540.1925
1848.2310000000002	1848.2310000000002
1848.2310000000002	2156.2695000000003
1848.2310000000002	2464.3080000000004
1848.2310000000002	2772.3465000000006
1848.2310000000002	3080.3850000000007
1848.2310000000002	4620.5775
1848.2310000000002	4928.616
1848.2310000000002	5236.6545
1848.2310000000002	5544.692999999999
1848.2310000000002	5852.731499999999
1848.2310000000002	6160.769999999999
1848.2310000000002	6468.808499999998
2156.2695000000003	0.0
2156.2695000000003	308.0385
2156.2695000000003	616.077
2156.2695000000003	924.1155
2156.2695000000003	1232.154
2156.2695000000003	1540.1925
2156.2695000000003	1848.2310000000002
2156.2695000000003	2156.2695000000003
2156.2695000000003	2464.3080000000004
2156.2695000000003	2772.3465000000006
2156.2695000000003	3080.3850000000007
2156.2695000000003	4620.5775
2156.2695000000003	4928.616
2156.2695000000003	5236.6545
2156.2695000000003	5544.692999999999
2156.2695000000003	5852.731499999999
2156.2695000000003	6160.769999999999
2156.2695000000003	6468.808499999998
2464.3080000000004	0.0
2464.3080000000004	2464.3080000000004
2464.3080000000004	2772.3465000000006
2464.3080000000004	3080.3850000000007
2464.3080000000004	3388.423500000001
2464.3080000000004	3696.462000000001
2464.3080000000004	4004.500500000001
2464.3080000000004	4312.539000000001
2464.3080000000004	4620.5775
2464.3080000000004	4928.616
2464.3080000000004	5236.6545
2464.3080000000004	5544.692999999999
2464.3080000000004	5852.731499999999
2464.3080000000004	6160.769999999999
2464.3080000000004	6468.808499999998
2772.3465000000006	0.0
2772.3465000000006	2464.3080000000004
2772.3465000000006	2772.3465000000006
2772.3465000000006	3080.3850000000007
2772.3465000000006	3388.423500000001
2772.3465000000006	3696.462000000001
2772.3465000000006	4004.500500000001
2772.3465000000006	4312.539000000001
2772.3465000000006	4620.5775
2772.3465000000006	4928.616
2772.3465000000006	5236.6545
2772.3465000000006	5544.692999999999
2772.3465000000006	5852.731499999999
2772.3465000000006	6160.769999999999
2772.3465000000006	6468.808499999998
3080.3850000000007	0.0
3080.3850000000007	2464.3080000000004
3080.3850000000007	2772.3465000000006
3080.3850000000007	3080.3850000000007
3080.3850000000007	3388.423500000001
3080.3850000000007	3696.462000000001
3080.3850000000007	4004.500500000001
3080.3850000000007	4312.539000000001
3080.3850000000007	4620.5775
3080.3850000000007	4928.616
3080.3850000000007	5236.6545
3080.3850000000007	5544.692999999999
3080.3850000000007	5852.731499999999
3080.3850000000007	6160.769999999999
3080.3850000000007	6468.808499999998
3388.423500000001	0.0
3388.423500000001	2464.3080000000004
3388.423500000001	2772.3465000000006
3388.423500000001	3080.3850000000007
3388.423500000001	3388.423500000001
3388.423500000001	3696.462000000001
3388.423500000001	4004.500500000001
3388.423500000001	4312.539000000001
3388.423500000001	4620.5775
3388.423500000001	4928.616
3388.423500000001	5236.6545
3388.423500000001	5544.692999999999
3388.423500000001	5852.731499999999
3388.423500000001	6160.769999999999
3388.423500000001	6468.808499999998
3696.462000000001	0.0
3696.462000000001	308.0385
3696.462000000001	616.077
3696.462000000001	924.1155
3696.462000000001	1232.154
3696.462000000001	1540.1925
3696.462000000001	1848.2310000000002
3696.462000000001	2156.2695000000003
3696.462000000001	3388.423500000001
3696.462000000001	3696.462000000001
3696.462000000001	4004.500500000001
3696.462000000001	4312.539000000001
3696.462000000001	4620.5775
3696.462000000001	4928.616
3696.462000000001	5236.6545
3696.462000000001	5544.692999999999
3696.462000000001	5852.731499999999
3696.462000000001	6160.769999999999
3696.462000000001	6468.808499999998
4004.500500000001	0.0
4004.500500000001	308.0385
4004.500500000001	616.077
4004.500500000001	924.1155
4004.500500000001	1232.154
4004.500500000001	1540.1925
4004.500500000001	1848.2310000000002
4004.500500000001	2156.2695000000003
4004.500500000001	3388.423500000001
4004.500500000001	3696.462000000001
4004.500500000001	4004.500500000001
4004.500500000001	4312.539000000001
4004.500500000001	4620.5775
4004.500500000001	4928.616
4004.500500000001	5236.6545
4004.500500000001	5544.692999999999
4004.500500000001	5852.731499999999
4004.500500000001	6160.769999999999
4004.500500000001	6468.808499999998
4312.539000000001	0.0
4312.539000000001	308.0385
4312.539000000001	616.077
4312.539000000001	924.1155
4312.539000000001	1232.154
4312.539000000001	1540.1925
4312.539000000001	1848.2310000000002
4312.539000000001	2156.2695000000003
4312.539000000001	3388.423500000001
4312.539000000001	3696.462000000001
4312.539000000001	4004.500500000001
4312.539000000001	4312.539000000001
4312.539000000001	4620.5775
4312.539000000001	4928.616
4312.539000000001	5236.6545
4312.539000000001	5544.692999999999
4312.539000000001	5852.731499999999
4312.539000000001	6160.769999999999
4312.539000000001	6468.808499999998
4620.5775	0.0
4620.5775	308.0385
4620.5775	616.077
4620.5775	924.1155
4620.5775	1232.154
4620.5775	1540.1925
4620.5775	1848.2310000000002
4620.5775	2156.2695000000003
4620.5775	2464.3080000000004
4620.5775	2772.3465000000006
4620.5775	3080.3850000000007
4620.5775	3388.423500000001
4620.5775	3696.462000000001
4620.5775	4004.500500000001
4620.5775	4312.539000000001
4620.5775	4620.5775
4620.5775	4928.616
4620.5775	5236.6545
4620.5775	5544.692999999999
4620.5775	5852.731499999999
4620.5775	6160.769999999999
4620.5775	6468.808499999998
4928.616	0.0
4928.616	308.0385
4928.616	616.077
4928.616	924.1155
4928.616	1232.154
4928.616	1540.1925
4928.616	1848.2310000000002
4928.616	2156.2695000000003
4928.616	2464.3080000000004
4928.616	2772.3465000000006
4928.616	3080.3850000000007
4928.616	3388.423500000001
4928.616	3696.462000000001
4928.616	4004.500500000001
4928.616	4312.539000000001
4928.616	4620.5775
4928.616	4928.616
4928.616	5236.6545
4928.616	5544.692999999999
4928.616	5852.731499999999
4928.616	6160.769999999999
4928.616	6468.808499999998
5236.6545	0.0
5236.6545	308.0385
5236.6545	616.077
5236.6545	924.1155
5236.6545	1232.154
5236.6545	1540.1925
5236.6545	1848.2310000000002
5236.6545	2156.2695000000003
5236.6545	2464.3080000000004
5236.6545	2772.3465000000006
5236.6545	3080.3850000000007
5236.6545	3388.423500000001
5236.6545	3696.462000000001
5236.6545	4004.500500000001
5236.6545	4312.539000000001
5236.6545	4620.5775
5236.6545	4928.616
5236.6545	5236.6545
5236.6545	5544.692999999999
5236.6545	5852.731499999999
5236.6545	6160.769999999999
5236.6545	6468.808499999998
5544.692999999999	0.0
5544.692999999999	308.0385
5544.692999999999	616.077
5544.692999999999	924.1155
5544.692999999999	1232.154
5544.692999999999	1540.1925
5544.692999999999	1848.2310000000002
5544.692999999999	2156.2695000000003
5544.692999999999	2464.3080000000004
5544.692999999999	2772.3465000000006
5544.692999999999	3080.3850000000007
5544.692999999999	3388.423500000001
5544.692999999999	3696.462000000001
5544.692999999999	4004.500500000001
5544.692999999999	4312.539000000001
5544.692999999999	4620.5775
5544.692999999999	4928.616
5544.692999999999	5236.6545
5544.692999999999	5544.692999999999
5544.692999999999	5852.731499999999
5544.692999999999	6160.769999999999
5544.692999999999	6468.808499999998
5852.731499999999	0.0
5852.731499999999	308.0385
5852.731499999999	616.077
5852.731499999999	924.1155
5852.731499999999	1232.154
5852.731499999999	1540.1925
5852.731499999999	1848.2310000000002
5852.731499999999	2156.2695000000003
5852.731499999999	2464.3080000000004
5852.731499999999	2772.3465000000006
5852.731499999999	3080.3850000000007
5852.731499999999	3388.423500000001
5852.731499999999	3696.462000000001
5852.731499999999	4004.500500000001
5852.731499999999	4312.539000000001
5852.731499999999	4620.5775
5852.731499999999	4928.616
5852.731499999999	5236.6545
5852.731499999999	5544.692999999999
5852.731499999999	5852.731499999999
5852.731499999999	6160.769999999999
5852.731499999999	6468.808499999998
6160.769999999999	0.0
6160.769999999999	308.0385
6160.769999999999	616.077
6160.769999999999	924.1155
6160.769999999999	1232.154
6160.769999999999	1540.1925
6160.769999999999	1848.2310000000002
6160.769999999999	2156.2695000000003
6160.769999999999	2464.3080000000004
6160.769999999999	2772.3465000000006
6160.769999999999	3080.3850000000007
6160.769999999999	3388.423500000001
6160.769999999999	3696.462000000001
6160.769999999999	4004.500500000001
6160.769999999999	4312.539000000001
6160.769999999999	4620.5775
6160.769999999999	4928.616
6160.769999999999	5236.6545
6160.769999999999	5544.692999999999
6160.769999999999	5852.731499999999
6160.769999999999	6160.769999999999
6160.769999999999	6468.808499999998
6468.808499999998	0.0
6468.808499999998	308.0385
6468.808499999998	616.077
6468.808499999998	924.1155
6468.808499999998	1232.154
6468.808499999998	1540.1925
6468.808499999998	1848.2310000000002
6468.808499999998	2156.2695000000003
6468.808499999998	2464.3080000000004
6468.808499999998	2772.3465000000006
6468.808499999998	3080.3850000000007
6468.808499999998	3388.423500000001
6468.808499999998	3696.462000000001
6468.808499999998	4004.500500000001
6468.808499999998	4312.539000000001
6468.808499999998	4620.5775
6468.808499999998	4928.616
6468.808499999998	5236.6545
6468.808499999998	5544.692999999999
6468.808499999998	5852.731499999999
6468.808499999998	6160.769999999999
6468.808499999998	6468.808499999998
6776.846999999998	0.0
6776.846999999998	308.0385
6776.846999999998	616.077
6776.846999999998	924.1155
6776.846999999998	1232.154
6776.846999999998	1540.1925
6776.846999999998	1848.2310000000002
6776.846999999998	2156.2695000000003
6776.846999999998	2464.3080000000004
6776.846999999998	2772.3465000000006
6776.846999999998	3080.3850000000007
6776.846999999998	3388.423500000001
6776.846999999998	3696.462000000001
6776.846999999998	4004.500500000001
6776.846999999998	4312.539000000001
6776.846999999998	4620.5775
6776.846999999998	4928.616
6776.846999999998	5236.6545
6776.846999999998	5544.692999999999
6776.846999999998	5852.731499999999
6776.846999999998	6160.769999999999
6776.846999999998	6468.808499999998
7084.885499999998	0.0
7084.885499999998	308.0385
7084.885499999998	616.077
7084.885499999998	924.1155
7084.885499999998	1232.154
7084.885499999998	1540.1925
7084.885499999998	1848.2310000000002
7084.885499999998	2156.2695000000003
7084.885499999998	2464.3080000000004
7084.885499999998	2772.3465000000006
7084.885499999998	3080.3850000000007
7084.885499999998	3388.423500000001
7084.885499999998	3696.462000000001
7084.885499999998	4004.500500000001
7084.885499999998	4312.539000000001
7084.885499999998	4620.5775
7084.885499999998	4928.616
7084.885499999998	5236.6545
7084.885499999998	5544.692999999999
7084.885499999998	5852.731499999999
7084.885499999998	6160.769999999999
7084.885499999998	6468.808499999998
7392.923999999997	0.0
7392.923999999997	308.0385
7392.923999999997	616.077
7392.923999999997	924.1155
7392.923999999997	1232.154
7392.923999999997	1540.1925
7392.923999999997	1848.2310000000002
7392.923999999997	2156.2695000000003
7392.923999999997	2464.3080000000004
7392.923999999997	2772.3465000000006
7392.923999999997	3080.3850000000007
7392.923999999997	3388.423500000001
7392.923999999997	3696.462000000001
7392.923999999997	4004.500500000001
7392.923999999997	4312.539000000001
7392.923999999997	4620.5775
7392.923999999997	4928.616
7392.923999999997	5236.6545
7392.923999999997	5544.692999999999
7392.923999999997	5852.731499999999
7392.923999999997	6160.769999999999
7392.923999999997	6468.808499999998
7700.962499999997	0.0
7700.962499999997	308.0385
7700.962499999997	616.077
7700.962499999997	924.1155
7700.962499999997	1232.154
7700.962499999997	1540.1925
7700.962499999997	1848.2310000000002
7700.962499999997	2156.2695000000003
7700.962499999997	2464.3080000000004
7700.962499999997	2772.3465000000006
7700.962499999997	3080.3850000000007
7700.962499999997	3388.423500000001
7700.962499999997	3696.462000000001
7700.962499999997	4004.500500000001
7700.962499999997	4312.539000000001
7700.962499999997	4620.5775
7700.962499999997	4928.616
7700.962499999997	5236.6545
7700.962499999997	5544.692999999999
7700.962499999997	5852.731499999999
7700.962499999997	6160.769999999999
7700.962499999997	6468.808499999998
8009.000999999997	0.0
8009.000999999997	308.0385
8009.000999999997	616.077
8009.000999999997	924.1155
8009.000999999997	1232.154
8009.000999999997	1540.1925
8009.000999999997	1848.2310000000002
8009.000999999997	2156.2695000000003
8009.000999999997	2464.3080000000004
8009.000999999997	2772.3465000000006
8009.000999999997	3080.3850000000007
8009.000999999997	3388.423500000001
8009.000999999997	3696.462000000001
8009.000999999997	4004.500500000001
8009.000999999997	4312.539000000001
8009.000999999997	4620.5775
8009.000999999997	4928.616
8009.000999999997	5236.6545
8009.000999999997	5544.692999999999
8009.000999999997	5852.731499999999
8009.000999999997	6160.769999999999
8009.000999999997	6468.808499999998
8317.039499999997	0.0
8317.039499999997	308.0385
8317.039499999997	616.077
8317.039499999997	924.1155
8317.039499999997	1232.154
8317.039499999997	1540.1925
8317.039499999997	1848.2310000000002
8317.039499999997	2156.2695000000003
8317.039499999997	2464.3080000000004
8317.039499999997	2772.3465000000006
8317.039499999997	3080.3850000000007
8317.039499999997	3388.423500000001
8317.039499999997	3696.462000000001
8317.039499999997	4004.500500000001
8317.039499999997	4312.539000000001
8317.039499999997	4620.5775
8317.039499999997	4928.616
8317.039499999997	5236.6545
8317.039499999997	5544.692999999999
8317.039499999997	5852.731499999999
8317.039499999997	6160.769999999999
8317.039499999997	6468.808499999998
8625.077999999998	0.0
8625.077999999998	308.0385
8625.077999999998	616.077
8625.077999999998	924.1155
8625.077999999998	1232.154
8625.077999999998	1540.1925
8625.077999999998	1848.2310000000002
8625.077999999998	2156.2695000000003
8625.077999999998	2464.3080000000004
8625.077999999998	2772.3465000000006
8625.077999999998	3080.3850000000007
8625.077999999998	3388.423500000001
8625.077999999998	3696.462000000001
8625.077999999998	4004.500500000001
8625.077999999998	4312.539000000001
8625.077999999998	4620.5775
8625.077999999998	4928.616
8625.077999999998	5236.6545
8625.077999999998	5544.692999999999
8625.077999999998	5852.731499999999
8625.077999999998	6160.769999999999
8625.077999999998	6468.808499999998
8933.116499999998	0.0
8933.116499999998	308.0385
8933.116499999998	616.077
8933.116499999998	924.1155
8933.116499999998	1232.154
8933.116499999998	1540.1925
8933.116499999998	1848.2310000000002
8933.116499999998	2156.2695000000003
8933.116499999998	2464.3080000000004
8933.116499999998	2772.3465000000006
8933.116499999998	3080.3850000000007
8933.116499999998	3388.423500000001
8933.116499999998	3696.462000000001
8933.116499999998	4004.500500000001
8933.116499999998	4312.539000000001
8933.116499999998	4620.5775
8933.116499999998	4928.616
8933.116499999998	5236.6545
8933.116499999998	5544.692999999999
8933.116499999998	5852.731499999999
8933.116499999998	6160.769999999999
8933.116499999998	6468.808499999998
GRID-End
num_of_evaluations 2000
best obj 0.001239451776055738
LLH0	36
LLH1	27
LLH2	26
LLH3	45
LLH4	70
LLH5	68
LLH6	66