Initial objective 0.0013018440987238008	 Seed value 276336444
1	 LLH-1	0.0013018440987238008	0.0013018440987238008
2	 LLH-2	0.0013119600055746653	0.0013119600055746653
3	 LLH-6	0.001312034711871932	0.001312034711871932
4	 LLH-0	0.0013135049319278832	0.0013135049319278832
5	 LLH-2	0.0013253808572285756	0.0013253808572285756
6	 LLH-3	0.0012660278924926465	0.0012660278924926465
7	 LLH-4	0.001264997531091256	0.001264997531091256
10	 LLH-6	0.0012652228429656394	0.0012652228429656394
11	 LLH-6	0.001266965854214363	0.001266965854214363
12	 LLH-5	0.0012663379657838875	0.0012663379657838875
13	 LLH-0	0.001265601269409227	0.001265601269409227
14	 LLH-2	0.0012847372126081847	0.0012847372126081847
15	 LLH-1	0.0012847372126081847	0.0012847372126081847
16	 LLH-6	0.0012859589834777736	0.0012859589834777736
17	 LLH-4	0.001285060352373775	0.001285060352373775
19	 LLH-1	0.001285060352373775	0.001285060352373775
20	 LLH-5	0.0012866625313393363	0.0012866625313393363
21	 LLH-5	0.0012863438269853885	0.0012863438269853885
22	 LLH-5	0.0012870123190570951	0.0012870123190570951
23	 LLH-2	0.0012907099625841922	0.0012907099625841922
24	 LLH-5	0.001290514547161576	0.001290514547161576
25	 LLH-6	0.0012895180500405222	0.0012895180500405222
26	 LLH-4	0.0012881652458130676	0.0012881652458130676
28	 LLH-2	0.0013104597128571734	0.0013104597128571734
29	 LLH-4	0.0012887355522879988	0.0012887355522879988
31	 LLH-2	0.0012952982362969944	0.0012952982362969944
32	 LLH-0	0.0012938459429212988	0.0012938459429212988
33	 LLH-5	0.0012941110318286796	0.0012941110318286796
34	 LLH-0	0.0012927219980506137	0.0012927219980506137
35	 LLH-1	0.0012927219980506137	0.0012927219980506137
36	 LLH-0	0.0012914579549749101	0.0012914579549749101
37	 LLH-0	0.0012927618577706175	0.0012927618577706175
38	 LLH-5	0.0012937898226523033	0.0012937898226523033
39	 LLH-2	0.0013189211652281194	0.0013189211652281194
40	 LLH-0	0.0013204048626926082	0.0013204048626926082
41	 LLH-1	0.0013202078097652608	0.0013202078097652608
42	 LLH-1	0.001319942707641545	0.001319942707641545
43	 LLH-0	0.0013185572897199769	0.0013185572897199769
44	 LLH-0	0.0013171427792289673	0.0013171427792289673
45	 LLH-6	0.0013185139774866271	0.0013185139774866271
46	 LLH-4	0.0013168276866000615	0.0013168276866000615
48	 LLH-0	0.0013185984538700208	0.0013185984538700208
49	 LLH-4	0.001317175530882051	0.001317175530882051
54	 LLH-0	0.0013158145230531162	0.0013158145230531162
55	 LLH-5	0.0013156833067842731	0.0013156833067842731
56	 LLH-1	0.0013156833067842731	0.0013156833067842731
57	 LLH-3	0.0012722835732944854	0.0012722835732944854
58	 LLH-0	0.001273013587442141	0.001273013587442141
59	 LLH-3	0.0013537858450589169	0.0013537858450589169
60	 LLH-0	0.001355890608726303	0.001355890608726303
61	 LLH-5	0.0013557561791737545	0.0013557561791737545
62	 LLH-0	0.0013538059737801674	0.0013538059737801674
63	 LLH-3	0.0012865650139523193	0.0012865650139523193
64	 LLH-1	0.001286925393193587	0.001286925393193587
65	 LLH-1	0.001287081049045439	0.001287081049045439
66	 LLH-3	0.0013303979702417364	0.001287081049045439
67	 LLH-2	0.00129291323846036	0.00129291323846036
68	 LLH-1	0.0012925502790045135	0.0012925502790045135
69	 LLH-1	0.0012925502790045135	0.0012925502790045135
70	 LLH-1	0.0012925502790045135	0.0012925502790045135
71	 LLH-4	0.0012913046016547968	0.0012913046016547968
73	 LLH-4	0.0012897349614732422	0.0012897349614732422
75	 LLH-3	0.0012743348560110604	0.0012743348560110604
76	 LLH-0	0.0012564025613992578	0.0012564025613992578
77	 LLH-3	0.0013254561563031738	0.0013254561563031738
78	 LLH-6	0.0013235926744579532	0.0013235926744579532
79	 LLH-1	0.0013238647457443887	0.0013238647457443887
80	 LLH-6	0.0013244349314546012	0.0013244349314546012
81	 LLH-3	0.001433355040272701	0.001433355040272701
82	 LLH-5	0.0014323612799672521	0.0014323612799672521
83	 LLH-2	0.0013869387762276834	0.0013869387762276834
84	 LLH-4	0.001384224809605424	0.001384224809605424
86	 LLH-5	0.0013859850023327767	0.0013859850023327767
87	 LLH-3	0.0015978620590481093	0.0013859850023327767
88	 LLH-1	0.0013859850023327767	0.0013859850023327767
89	 LLH-0	0.0013832579840570578	0.0013832579840570578
90	 LLH-4	0.0013812133892498048	0.0013812133892498048
94	 LLH-5	0.0013813221605372978	0.0013813221605372978
95	 LLH-5	0.0013811881797045726	0.0013811881797045726
96	 LLH-2	0.0013521614442679616	0.0013521614442679616
97	 LLH-0	0.0013499649858685606	0.0013499649858685606
98	 LLH-4	0.0013499649858685606	0.0013499649858685606
103	 LLH-6	0.0013502103973890866	0.0013502103973890866
104	 LLH-4	0.001348362209816143	0.001348362209816143
108	 LLH-1	0.001348362209816143	0.001348362209816143
109	 LLH-5	0.0013464630589001799	0.0013464630589001799
110	 LLH-6	0.0013454483598758994	0.0013454483598758994
111	 LLH-2	0.0013514142065875001	0.0013514142065875001
112	 LLH-0	0.001350080638377781	0.001350080638377781
113	 LLH-2	0.0013542274304940661	0.0013542274304940661
114	 LLH-4	0.0013520718874188895	0.0013520718874188895
116	 LLH-0	0.0013501268583638515	0.0013501268583638515
117	 LLH-2	0.0013465485983623667	0.0013465485983623667
118	 LLH-3	0.0012826110491788293	0.0012826110491788293
119	 LLH-2	0.0012837328364388994	0.0012837328364388994
120	 LLH-2	0.0012948501150345784	0.0012948501150345784
121	 LLH-6	0.0012948922282495269	0.0012948922282495269
122	 LLH-1	0.0012948922282495269	0.0012948922282495269
123	 LLH-5	0.0012938974180830857	0.0012938974180830857
124	 LLH-6	0.0012945129436034593	0.0012945129436034593
125	 LLH-2	0.001277862653089845	0.001277862653089845
126	 LLH-2	0.0012896108655238684	0.0012896108655238684
127	 LLH-1	0.0012896108655238684	0.0012896108655238684
128	 LLH-3	0.0012679523987624752	0.0012679523987624752
129	 LLH-6	0.0012673095918291663	0.0012673095918291663
130	 LLH-3	0.001308243519159499	0.001308243519159499
131	 LLH-1	0.001308068691566743	0.001308068691566743
132	 LLH-1	0.0013081819821668544	0.0013081819821668544
133	 LLH-4	0.0013064477155655158	0.0013064477155655158
136	 LLH-0	0.0013049753374490673	0.0013049753374490673
137	 LLH-2	0.0013111929633227474	0.0013111929633227474
138	 LLH-6	0.0013119707998231402	0.0013119707998231402
139	 LLH-6	0.0013089910155869595	0.0013089910155869595
140	 LLH-1	0.0013091953657572684	0.0013091953657572684
141	 LLH-3	0.0012796242013634945	0.0012796242013634945
142	 LLH-1	0.0012798278524760393	0.0012798278524760393
143	 LLH-4	0.0012798278524760393	0.0012798278524760393
148	 LLH-0	0.0012808868058906454	0.0012808868058906454
149	 LLH-4	0.0012794958417588847	0.0012794958417588847
154	 LLH-6	0.0012794527966994377	0.0012794527966994377
155	 LLH-5	0.0012781067177136687	0.0012781067177136687
156	 LLH-3	0.001335457316159908	0.001335457316159908
157	 LLH-4	0.0013334111843357646	0.0013334111843357646
159	 LLH-5	0.0013325718248792398	0.0013325718248792398
160	 LLH-5	0.0013338115329934131	0.0013338115329934131
161	 LLH-0	0.0013357640232827686	0.0013357640232827686
162	 LLH-0	0.0013376566413114972	0.0013376566413114972
163	 LLH-3	0.0012711214665951883	0.0012711214665951883
164	 LLH-3	0.0012490542853366064	0.0012490542853366064
165	 LLH-0	0.0012497458164972585	0.0012497458164972585
166	 LLH-4	0.0012488604789496658	0.0012488604789496658
169	 LLH-3	0.0013023961833366693	0.0012488604789496658
170	 LLH-2	0.0012726177956647715	0.0012726177956647715
171	 LLH-6	0.0012735281376798028	0.0012735281376798028
172	 LLH-3	0.0013068624913172974	0.0013068624913172974
173	 LLH-2	0.001305840981668412	0.001305840981668412
174	 LLH-4	0.0013044675157689596	0.0013044675157689596
177	 LLH-4	0.0013027598058933767	0.0013027598058933767
181	 LLH-6	0.001302779995435886	0.001302779995435886
182	 LLH-2	0.0013006708790160777	0.0013006708790160777
183	 LLH-1	0.0013006708790160777	0.0013006708790160777
184	 LLH-3	0.001408312192789649	0.001408312192789649
185	 LLH-6	0.0014067680988772415	0.0014067680988772415
186	 LLH-5	0.001407344119546938	0.001407344119546938
187	 LLH-5	0.0014067911444795213	0.0014067911444795213
188	 LLH-6	0.001407880991060909	0.001407880991060909
189	 LLH-4	0.0014052633444388272	0.0014052633444388272
192	 LLH-3	0.0012901102914283321	0.0012901102914283321
193	 LLH-1	0.0012901102914283321	0.0012901102914283321
194	 LLH-0	0.0012913811079030813	0.0012913811079030813
195	 LLH-2	0.001305227884217587	0.001305227884217587
196	 LLH-6	0.001306899648382206	0.001306899648382206
197	 LLH-6	0.0013076963326579328	0.0013076963326579328
198	 LLH-0	0.0013063087041550504	0.0013063087041550504
199	 LLH-1	0.0013061713658862888	0.0013061713658862888
200	 LLH-6	0.0013054848486459495	0.0013054848486459495
201	 LLH-0	0.001306827122063731	0.001306827122063731
202	 LLH-0	0.0013082142169164872	0.0013082142169164872
203	 LLH-3	0.0013839249724334596	0.0013839249724334596
204	 LLH-4	0.001381452654481497	0.001381452654481497
207	 LLH-0	0.0013792641218523531	0.0013792641218523531
208	 LLH-4	0.0013766771667930433	0.0013766771667930433
210	 LLH-0	0.0013786235112445916	0.0013786235112445916
211	 LLH-3	0.0012924168956306408	0.0012924168956306408
212	 LLH-5	0.0012909023945168005	0.0012909023945168005
213	 LLH-6	0.0012923421512675913	0.0012923421512675913
214	 LLH-6	0.0012928491091802516	0.0012928491091802516
215	 LLH-5	0.0012932081134252617	0.0012932081134252617
216	 LLH-6	0.0012931594403412655	0.0012931594403412655
217	 LLH-1	0.0012932110444880609	0.0012932110444880609
218	 LLH-3	0.0012642716289026986	0.0012642716289026986
219	 LLH-6	0.0012628826447322905	0.0012628826447322905
220	 LLH-1	0.0012629695634125	0.0012629695634125
221	 LLH-1	0.0012627122752655489	0.0012627122752655489
222	 LLH-3	0.001248485511649373	0.001248485511649373
223	 LLH-2	0.001257607894013984	0.001257607894013984
224	 LLH-4	0.0012569637546251916	0.0012569637546251916
227	 LLH-5	0.0012575160713972956	0.0012575160713972956
228	 LLH-2	0.0012643413083400815	0.0012643413083400815
229	 LLH-3	0.0013289566981987285	0.0013289566981987285
230	 LLH-4	0.0013272433230623296	0.0013272433230623296
232	 LLH-1	0.0013272433230623296	0.0013272433230623296
233	 LLH-3	0.0014193942725444436	0.0013272433230623296
234	 LLH-2	0.0013254656823051042	0.0013254656823051042
235	 LLH-1	0.0013252682531571436	0.0013252682531571436
236	 LLH-6	0.0013248955577475118	0.0013248955577475118
237	 LLH-6	0.0013283424710741737	0.0013283424710741737
238	 LLH-4	0.0013265499890941837	0.0013265499890941837
243	 LLH-4	0.0013250066869231897	0.0013250066869231897
245	 LLH-0	0.001322894119844378	0.001322894119844378
246	 LLH-2	0.0013145733480566162	0.0013145733480566162
247	 LLH-1	0.0013145733480566162	0.0013145733480566162
248	 LLH-3	0.0012787185639897122	0.0012787185639897122
249	 LLH-3	0.0012663399553941846	0.0012663399553941846
250	 LLH-0	0.0012495959174750049	0.0012495959174750049
251	 LLH-2	0.0012578335334483635	0.0012578335334483635
252	 LLH-4	0.0012570220886387936	0.0012570220886387936
255	 LLH-6	0.0012556248923943226	0.0012556248923943226
256	 LLH-1	0.0012556248923943226	0.0012556248923943226
257	 LLH-6	0.001256938495903735	0.001256938495903735
258	 LLH-3	0.001320672927845008	0.001320672927845008
259	 LLH-0	0.001319038662297078	0.001319038662297078
260	 LLH-5	0.0013199735051352961	0.0013199735051352961
261	 LLH-2	0.0013042217830361309	0.0013042217830361309
262	 LLH-4	0.0013042217830361309	0.0013042217830361309
267	 LLH-2	0.001304302416565904	0.001304302416565904
268	 LLH-1	0.0013043520899383965	0.0013043520899383965
269	 LLH-3	0.00141395001229426	0.00141395001229426
270	 LLH-0	0.001410703187598897	0.001410703187598897
271	 LLH-3	0.001290835083128817	0.001290835083128817
272	 LLH-6	0.0012902384714785727	0.0012902384714785727
273	 LLH-1	0.001290040872204811	0.001290040872204811
274	 LLH-0	0.0012889514420764562	0.0012889514420764562
275	 LLH-1	0.0012888844126855506	0.0012888844126855506
276	 LLH-1	0.0012891633550323955	0.0012891633550323955
277	 LLH-5	0.001289903823964112	0.001289903823964112
278	 LLH-6	0.0012894357078146344	0.0012894357078146344
279	 LLH-5	0.0012903868602699255	0.0012903868602699255
280	 LLH-1	0.0012903491555479813	0.0012903491555479813
281	 LLH-0	0.0012888720755533998	0.0012888720755533998
282	 LLH-4	0.0012875722297378098	0.0012875722297378098
284	 LLH-4	0.0012863043224446236	0.0012863043224446236
286	 LLH-0	0.0012875188677633925	0.0012875188677633925
287	 LLH-6	0.0012886030946730343	0.0012886030946730343
288	 LLH-5	0.0012887286427642512	0.0012887286427642512
289	 LLH-3	0.0012545200321857567	0.0012545200321857567
290	 LLH-3	0.0013208389212662215	0.0013208389212662215
291	 LLH-0	0.001319226573281174	0.001319226573281174
292	 LLH-3	0.001277164235232501	0.001277164235232501
293	 LLH-4	0.0012758410123765336	0.0012758410123765336
296	 LLH-4	0.0012758410123765336	0.0012758410123765336
301	 LLH-0	0.001276652807181874	0.001276652807181874
302	 LLH-0	0.0012773913829533252	0.0012773913829533252
303	 LLH-1	0.0012773913829533252	0.0012773913829533252
304	 LLH-3	0.0012616286601557004	0.0012616286601557004
305	 LLH-2	0.0012680068818993204	0.0012680068818993204
306	 LLH-4	0.0012672925666500031	0.0012672925666500031
309	 LLH-0	0.0012679749841450836	0.0012679749841450836
310	 LLH-2	0.0012628618929360618	0.0012628618929360618
311	 LLH-4	0.0012617840032850976	0.0012617840032850976
313	 LLH-2	0.0012721140891038118	0.0012721140891038118
314	 LLH-4	0.0012709588699295414	0.0012709588699295414
316	 LLH-5	0.0012716773210029618	0.0012716773210029618
317	 LLH-2	0.001290504018932142	0.001290504018932142
318	 LLH-3	0.0013667936646499027	0.001290504018932142
319	 LLH-4	0.0012893346572353075	0.0012893346572353075
321	 LLH-6	0.001291065797781381	0.001291065797781381
322	 LLH-6	0.0012888545592405305	0.0012888545592405305
323	 LLH-2	0.0012827908321259192	0.0012827908321259192
324	 LLH-1	0.0012827908321259192	0.0012827908321259192
325	 LLH-2	0.0012994293465079902	0.0012994293465079902
326	 LLH-3	0.0014100389942691438	0.0014100389942691438
327	 LLH-5	0.0014116022238722917	0.0014116022238722917
328	 LLH-0	0.0014139859554853271	0.0014139859554853271
329	 LLH-4	0.0014111624230046622	0.0014111624230046622
332	 LLH-5	0.001411116218490464	0.001411116218490464
333	 LLH-3	0.0015913092763752438	0.0015913092763752438
334	 LLH-0	0.0015861224902023914	0.0015861224902023914
335	 LLH-3	0.001770484093930352	0.0015861224902023914
336	 LLH-3	0.001307839735934033	0.001307839735934033
337	 LLH-6	0.0013078495926893258	0.0013078495926893258
338	 LLH-0	0.0013062247743919342	0.0013062247743919342
339	 LLH-5	0.0013051430543435214	0.0013051430543435214
340	 LLH-5	0.001305163059377207	0.001305163059377207
341	 LLH-3	0.0014370272892919598	0.001305163059377207
342	 LLH-4	0.001305163059377207	0.001305163059377207
347	 LLH-6	0.0013049203161320593	0.0013049203161320593
348	 LLH-6	0.0013048036574802534	0.0013048036574802534
349	 LLH-1	0.0013044158139838909	0.0013044158139838909
350	 LLH-0	0.0013281796403252027	0.0013044158139838909
351	 LLH-0	0.001305712874556306	0.001305712874556306
352	 LLH-2	0.0013152926202389665	0.0013152926202389665
353	 LLH-0	0.0013137619493365108	0.0013137619493365108
354	 LLH-5	0.0013151643462889545	0.0013151643462889545
355	 LLH-0	0.001313503254094232	0.001313503254094232
356	 LLH-6	0.0013121693087541635	0.0013121693087541635
357	 LLH-5	0.0013135726231283424	0.0013135726231283424
358	 LLH-0	0.0013122203557509992	0.0013122203557509992
359	 LLH-3	0.001425656246623917	0.001425656246623917
360	 LLH-5	0.0014273615661235912	0.0014273615661235912
361	 LLH-3	0.001572547985398165	0.0014273615661235912
362	 LLH-6	0.0014266228793595288	0.0014266228793595288
363	 LLH-1	0.001426773332627801	0.001426773332627801
364	 LLH-5	0.0014267439661845563	0.0014267439661845563
365	 LLH-6	0.0014264913863742562	0.0014264913863742562
366	 LLH-1	0.0014269669131324809	0.0014269669131324809
367	 LLH-5	0.0014269669131324809	0.0014269669131324809
368	 LLH-4	0.0014237612863860312	0.0014237612863860312
371	 LLH-6	0.0014217430342216366	0.0014217430342216366
372	 LLH-0	0.0014187680015597462	0.0014187680015597462
373	 LLH-4	0.0014163184830912792	0.0014163184830912792
375	 LLH-5	0.0014181508261670319	0.0014181508261670319
376	 LLH-2	0.0014224348444493045	0.0014224348444493045
377	 LLH-2	0.001393023102018453	0.001393023102018453
378	 LLH-4	0.0013901750287045277	0.0013901750287045277
380	 LLH-5	0.0013903252706769964	0.0013903252706769964
381	 LLH-6	0.0013876138157575759	0.0013876138157575759
382	 LLH-4	0.0013853448346053487	0.0013853448346053487
386	 LLH-1	0.0013853448346053487	0.0013853448346053487
387	 LLH-4	0.0013834619009861957	0.0013834619009861957
390	 LLH-4	0.0013808158933725392	0.0013808158933725392
393	 LLH-4	0.001378522583107102	0.001378522583107102
396	 LLH-5	0.0013781894266078993	0.0013781894266078993
397	 LLH-5	0.0013783720967382122	0.0013783720967382122
398	 LLH-4	0.001376121795340873	0.001376121795340873
400	 LLH-6	0.0013772127737952955	0.0013772127737952955
401	 LLH-4	0.0013749064437846357	0.0013749064437846357
403	 LLH-3	0.0015032903354191786	0.0013749064437846357
404	 LLH-2	0.0013460703215580532	0.0013460703215580532
405	 LLH-1	0.0013464388676435947	0.0013464388676435947
406	 LLH-6	0.0013476237688716177	0.0013476237688716177
407	 LLH-1	0.0013478404389188447	0.0013478404389188447
408	 LLH-3	0.0014884062019524138	0.0013478404389188447
409	 LLH-5	0.0013482068962454522	0.0013482068962454522
410	 LLH-2	0.001340533893172118	0.001340533893172118
411	 LLH-4	0.001338472940460634	0.001338472940460634
415	 LLH-2	0.0013240128225271046	0.0013240128225271046
416	 LLH-3	0.001431581265483567	0.0013240128225271046
417	 LLH-5	0.0013231880564496114	0.0013231880564496114
418	 LLH-1	0.0013231880564496114	0.0013231880564496114
419	 LLH-1	0.0013231880564496114	0.0013231880564496114
420	 LLH-4	0.0013210901562731897	0.0013210901562731897
422	 LLH-6	0.0013223699451135832	0.0013223699451135832
423	 LLH-5	0.0013236777421507572	0.0013236777421507572
424	 LLH-0	0.0013255490975301824	0.0013255490975301824
425	 LLH-4	0.001324110421059156	0.001324110421059156
428	 LLH-0	0.001325923344022485	0.001325923344022485
429	 LLH-2	0.0013115075644869621	0.0013115075644869621
430	 LLH-4	0.0013102390782268277	0.0013102390782268277
432	 LLH-3	0.001284306026627181	0.001284306026627181
433	 LLH-5	0.0012845272906225242	0.0012845272906225242
434	 LLH-6	0.0012837734244244023	0.0012837734244244023
435	 LLH-3	0.0013376595640579383	0.0013376595640579383
436	 LLH-2	0.0013335590257924684	0.0013335590257924684
437	 LLH-3	0.001457878992764059	0.0013335590257924684
438	 LLH-3	0.0012783892146418607	0.0012783892146418607
439	 LLH-6	0.0012772126800015362	0.0012772126800015362
440	 LLH-4	0.0012761470162329007	0.0012761470162329007
442	 LLH-1	0.0012761470162329007	0.0012761470162329007
443	 LLH-2	0.0012766029724422263	0.0012766029724422263
444	 LLH-0	0.0012779703861211609	0.0012779703861211609
445	 LLH-4	0.0012770107831672375	0.0012770107831672375
448	 LLH-5	0.0012766568792955462	0.0012766568792955462
449	 LLH-6	0.0012764370586599838	0.0012764370586599838
450	 LLH-3	0.001378062335463919	0.0012764370586599838
451	 LLH-2	0.001275624271503481	0.001275624271503481
452	 LLH-2	0.001288949680056646	0.001275624271503481
453	 LLH-3	0.0013738125370753842	0.001275624271503481
454	 LLH-3	0.0013725469733638625	0.001275624271503481
455	 LLH-6	0.001277094286966416	0.001277094286966416
456	 LLH-1	0.0012765908317153975	0.0012765908317153975
457	 LLH-4	0.0012754998215466634	0.0012754998215466634
460	 LLH-6	0.0012757509873326056	0.0012757509873326056
461	 LLH-5	0.0012747492775749417	0.0012747492775749417
462	 LLH-6	0.0012752964665721012	0.0012752964665721012
463	 LLH-2	0.001274170824546706	0.001274170824546706
464	 LLH-3	0.0013524811365381566	0.001274170824546706
465	 LLH-4	0.001272729240572497	0.001272729240572497
468	 LLH-4	0.001272729240572497	0.001272729240572497
473	 LLH-0	0.0012932104543858975	0.0012932104543858975
474	 LLH-6	0.0012932630992687148	0.0012932630992687148
475	 LLH-5	0.0012927407016958704	0.0012927407016958704
476	 LLH-5	0.0012922193617005211	0.0012922193617005211
477	 LLH-6	0.001292418406924338	0.001292418406924338
478	 LLH-4	0.0012719743339889285	0.0012719743339889285
480	 LLH-2	0.001280625345881139	0.001280625345881139
481	 LLH-4	0.0012796384094775366	0.0012796384094775366
485	 LLH-1	0.0012796384094775366	0.0012796384094775366
486	 LLH-3	0.0013537220975909032	0.0012796384094775366
487	 LLH-2	0.0012976302675505853	0.0012796384094775366
488	 LLH-2	0.0012895399499372653	0.0012895399499372653
489	 LLH-4	0.0012885866642677907	0.0012885866642677907
492	 LLH-5	0.0012873854738030019	0.0012873854738030019
493	 LLH-4	0.0012861860305366968	0.0012861860305366968
495	 LLH-5	0.0012869645653202787	0.0012869645653202787
496	 LLH-6	0.0012864958206551072	0.0012864958206551072
497	 LLH-0	0.0012873814635047064	0.0012873814635047064
498	 LLH-1	0.0012873814635047064	0.0012873814635047064
499	 LLH-6	0.0012858150653178566	0.0012858150653178566
500	 LLH-0	0.0012844604905194947	0.0012844604905194947
501	 LLH-6	0.0012858272388657909	0.0012858272388657909
502	 LLH-0	0.0012846397661429307	0.0012846397661429307
503	 LLH-2	0.001308283835714153	0.001308283835714153
504	 LLH-4	0.001306626391044242	0.001306626391044242
506	 LLH-0	0.0013053349630233995	0.0013053349630233995
507	 LLH-6	0.001306237823222363	0.001306237823222363
508	 LLH-5	0.0013060823641837436	0.0013060823641837436
509	 LLH-5	0.0013047676716868599	0.0013047676716868599
510	 LLH-1	0.0013047676716868599	0.0013047676716868599
511	 LLH-1	0.0013045519973565864	0.0013045519973565864
512	 LLH-2	0.0013048680238471853	0.0013048680238471853
513	 LLH-6	0.0013064269721365675	0.0013064269721365675
514	 LLH-3	0.001406956163710954	0.0013064269721365675
515	 LLH-2	0.0012950883650607683	0.0012950883650607683
516	 LLH-2	0.0013027936190899484	0.0012950883650607683
517	 LLH-4	0.001293702734721641	0.001293702734721641
520	 LLH-0	0.001294857666995366	0.001294857666995366
521	 LLH-3	0.001262866103691558	0.001262866103691558
522	 LLH-3	0.001304295581467684	0.001262866103691558
523	 LLH-1	0.001262866103691558	0.001262866103691558
524	 LLH-2	0.0012611933187281039	0.0012611933187281039
525	 LLH-0	0.0012599113725166925	0.0012599113725166925
526	 LLH-3	0.0013185370895264224	0.0013185370895264224
527	 LLH-5	0.0013185082916770488	0.0013185082916770488
528	 LLH-1	0.001318014219352512	0.001318014219352512
529	 LLH-3	0.0014195769261421051	0.001318014219352512
530	 LLH-1	0.001318014219352512	0.001318014219352512
531	 LLH-6	0.0013192961507389814	0.0013192961507389814
532	 LLH-0	0.0013179981209298416	0.0013179981209298416
533	 LLH-2	0.0013220846491321767	0.0013220846491321767
534	 LLH-3	0.0012740761983422782	0.0012740761983422782
535	 LLH-6	0.0012732857575376158	0.0012732857575376158
536	 LLH-5	0.0012727489511882891	0.0012727489511882891
537	 LLH-2	0.001286246595238503	0.001286246595238503
538	 LLH-3	0.0013746586970953833	0.001286246595238503
539	 LLH-4	0.0012852579584616852	0.0012852579584616852
541	 LLH-1	0.0012852819711659947	0.0012852819711659947
542	 LLH-5	0.0012861656783616227	0.0012861656783616227
543	 LLH-5	0.0012869499422625517	0.0012869499422625517
544	 LLH-1	0.001287607818219649	0.001287607818219649
545	 LLH-0	0.0012866680829757937	0.0012866680829757937
546	 LLH-5	0.0012862312738252338	0.0012862312738252338
547	 LLH-6	0.0012850684020084381	0.0012850684020084381
548	 LLH-2	0.0012785886673591425	0.0012785886673591425
549	 LLH-0	0.0012776005150566304	0.0012776005150566304
550	 LLH-6	0.0012767834426879094	0.0012767834426879094
551	 LLH-2	0.0012889924044982577	0.0012889924044982577
552	 LLH-6	0.001289058033951289	0.001289058033951289
553	 LLH-1	0.001289058033951289	0.001289058033951289
554	 LLH-0	0.0012903411328674319	0.0012903411328674319
555	 LLH-1	0.0012905854181345824	0.0012905854181345824
556	 LLH-6	0.0012907396811635183	0.0012907396811635183
557	 LLH-4	0.0012893238776132477	0.0012893238776132477
559	 LLH-3	0.0012713595991981285	0.0012713595991981285
560	 LLH-0	0.0012724850811986859	0.0012724850811986859
561	 LLH-6	0.0012713308090947534	0.0012713308090947534
562	 LLH-6	0.0012691571423856937	0.0012691571423856937
563	 LLH-1	0.001268933945235811	0.001268933945235811
564	 LLH-4	0.0012682016994768413	0.0012682016994768413
566	 LLH-6	0.001269678697795045	0.001269678697795045
567	 LLH-3	0.001325024597562087	0.001269678697795045
568	 LLH-4	0.0012686155152686444	0.0012686155152686444
573	 LLH-4	0.0012680540023558122	0.0012680540023558122
578	 LLH-3	0.0012539712303260733	0.0012539712303260733
579	 LLH-0	0.0012545423512994834	0.0012545423512994834
580	 LLH-5	0.0012541937669989442	0.0012541937669989442
581	 LLH-4	0.0012535005870075561	0.0012535005870075561
583	 LLH-5	0.0012522339539484957	0.0012522339539484957
584	 LLH-5	0.001252781810992988	0.001252781810992988
585	 LLH-1	0.001252781810992988	0.001252781810992988
586	 LLH-2	0.0012618530697484477	0.0012618530697484477
587	 LLH-5	0.0012622501438416887	0.0012622501438416887
588	 LLH-2	0.0012691350977760863	0.0012622501438416887
589	 LLH-2	0.0012574146064195067	0.0012574146064195067
590	 LLH-5	0.0012578784267548097	0.0012578784267548097
591	 LLH-1	0.0012578784267548097	0.0012578784267548097
592	 LLH-3	0.0012483863331539218	0.0012483863331539218
593	 LLH-6	0.0012476988267084038	0.0012476988267084038
594	 LLH-0	0.0012482408455663351	0.0012482408455663351
595	 LLH-5	0.0012481779094190627	0.0012481779094190627
596	 LLH-0	0.0012487399332858362	0.0012487399332858362
597	 LLH-4	0.0012487399332858362	0.0012487399332858362
602	 LLH-1	0.0012487399332858362	0.0012487399332858362
603	 LLH-1	0.0012487399332858362	0.0012487399332858362
604	 LLH-2	0.0012568030161317157	0.0012487399332858362
605	 LLH-3	0.0012557172608366432	0.0012557172608366432
606	 LLH-4	0.0012557172608366432	0.0012557172608366432
611	 LLH-5	0.0012563513682278368	0.0012563513682278368
612	 LLH-3	0.001278303411878728	0.0012563513682278368
613	 LLH-6	0.0012565402874825777	0.0012565402874825777
614	 LLH-4	0.0012565402874825777	0.0012565402874825777
619	 LLH-1	0.0012565402874825777	0.0012565402874825777
620	 LLH-4	0.0012565402874825777	0.0012565402874825777
625	 LLH-3	0.0012453757009114593	0.0012453757009114593
626	 LLH-3	0.0012512642969739693	0.0012512642969739693
627	 LLH-1	0.0012512642969739693	0.0012512642969739693
628	 LLH-3	0.0012576662474836327	0.0012576662474836327
629	 LLH-2	0.0012576291284802845	0.0012576291284802845
630	 LLH-3	0.0012563856725266334	0.0012563856725266334
631	 LLH-2	0.001247046183429768	0.001247046183429768
632	 LLH-2	0.001262297368967169	0.001262297368967169
633	 LLH-0	0.0012613880861863437	0.0012613880861863437
634	 LLH-5	0.0012610059156632533	0.0012610059156632533
635	 LLH-6	0.0012611083785016132	0.0012611083785016132
636	 LLH-3	0.0012485993782119982	0.0012485993782119982
637	 LLH-1	0.0012485453778572398	0.0012485453778572398
638	 LLH-5	0.0012490176785948464	0.0012490176785948464
639	 LLH-4	0.0012490176785948464	0.0012490176785948464
644	 LLH-6	0.0012491195471516009	0.0012491195471516009
645	 LLH-5	0.0012490063444502585	0.0012490063444502585
646	 LLH-4	0.0012484665944692084	0.0012484665944692084
651	 LLH-0	0.0012491107905952261	0.0012491107905952261
652	 LLH-0	0.0012499326265059116	0.0012499326265059116
653	 LLH-0	0.001250458693035713	0.0012499326265059116
654	 LLH-5	0.00124983796293573	0.00124983796293573
655	 LLH-0	0.001248936359680605	0.001248936359680605
656	 LLH-3	0.0012488667099905479	0.0012488667099905479
657	 LLH-2	0.0012458669608277914	0.0012458669608277914
658	 LLH-1	0.0012458669608277914	0.0012458669608277914
659	 LLH-0	0.0012467592900630947	0.0012458669608277914
660	 LLH-0	0.0012464660411868912	0.0012464660411868912
661	 LLH-0	0.0012470423263253529	0.0012470423263253529
662	 LLH-1	0.0012470423263253529	0.0012470423263253529
663	 LLH-0	0.0012478970768807158	0.0012478970768807158
664	 LLH-3	0.0012896145643920733	0.0012478970768807158
665	 LLH-1	0.0012478970768807158	0.0012478970768807158
666	 LLH-0	0.0012484978976935852	0.0012484978976935852
667	 LLH-0	0.0012490887622875878	0.0012490887622875878
668	 LLH-4	0.0012484119090935197	0.0012484119090935197
670	 LLH-3	0.001300005051309216	0.0012484119090935197
671	 LLH-0	0.0012490507058913148	0.0012490507058913148
672	 LLH-3	0.001241612552859215	0.001241612552859215
673	 LLH-5	0.0012419978117615242	0.0012419978117615242
674	 LLH-5	0.0012423520548928452	0.0012423520548928452
675	 LLH-4	0.0012423520548928452	0.0012423520548928452
680	 LLH-5	0.0012419295762607122	0.0012419295762607122
681	 LLH-0	0.0012426450622918153	0.0012426450622918153
682	 LLH-3	0.00128588692429286	0.0012426450622918153
683	 LLH-6	0.0012423820575545102	0.0012423820575545102
684	 LLH-3	0.0012418062397197172	0.0012418062397197172
685	 LLH-4	0.0012418062397197172	0.0012418062397197172
690	 LLH-0	0.0012422515026314382	0.0012422515026314382
691	 LLH-5	0.00124229111873508	0.00124229111873508
692	 LLH-4	0.00124229111873508	0.00124229111873508
697	 LLH-2	0.001251138028565842	0.00124229111873508
698	 LLH-5	0.0012425473878379105	0.0012425473878379105
699	 LLH-3	0.0012750141330175441	0.0012425473878379105
700	 LLH-4	0.0012425473878379105	0.0012425473878379105
705	 LLH-2	0.0012596189063039385	0.0012425473878379105
706	 LLH-3	0.001246572583346022	0.001246572583346022
707	 LLH-2	0.0012450809431993792	0.0012450809431993792
708	 LLH-6	0.0012458739513823273	0.0012458739513823273
709	 LLH-3	0.001291657987597401	0.0012458739513823273
710	 LLH-4	0.0012458739513823273	0.0012458739513823273
715	 LLH-5	0.001245624799754006	0.001245624799754006
716	 LLH-0	0.0012460845393412756	0.0012460845393412756
717	 LLH-6	0.0012457639204495477	0.0012457639204495477
718	 LLH-4	0.0012457639204495477	0.0012457639204495477
723	 LLH-2	0.0012614534938472056	0.0012457639204495477
724	 LLH-1	0.0012458178241946413	0.0012458178241946413
725	 LLH-2	0.00125562782421418	0.00125562782421418
726	 LLH-2	0.0012545088833270854	0.0012545088833270854
727	 LLH-0	0.0012555737094577877	0.0012555737094577877
728	 LLH-3	0.0012617174819876415	0.0012555737094577877
729	 LLH-3	0.0012991412216021543	0.0012555737094577877
730	 LLH-5	0.0012559727448964845	0.0012559727448964845
731	 LLH-3	0.0013141599749275353	0.0012559727448964845
732	 LLH-6	0.0012580663937046775	0.0012580663937046775
733	 LLH-1	0.0012580663937046775	0.0012580663937046775
734	 LLH-5	0.00125643177538847	0.00125643177538847
735	 LLH-0	0.001255716560290793	0.001255716560290793
736	 LLH-0	0.001255000374947779	0.001255000374947779
737	 LLH-3	0.0012524257419301312	0.0012524257419301312
738	 LLH-2	0.0012633643392564878	0.0012524257419301312
739	 LLH-2	0.0012573514639801489	0.0012573514639801489
740	 LLH-2	0.001266769987503159	0.0012573514639801489
741	 LLH-0	0.0012583146497497902	0.0012583146497497902
742	 LLH-6	0.0012586024875938038	0.0012586024875938038
743	 LLH-3	0.0012574854509611595	0.0012574854509611595
744	 LLH-3	0.001291092743843288	0.0012574854509611595
745	 LLH-3	0.001254223318116702	0.001254223318116702
746	 LLH-6	0.0012533869926711267	0.0012533869926711267
747	 LLH-2	0.001252532066175138	0.001252532066175138
748	 LLH-1	0.001252532066175138	0.001252532066175138
749	 LLH-0	0.0012530564488446609	0.0012530564488446609
750	 LLH-1	0.0012530564488446609	0.0012530564488446609
751	 LLH-5	0.001253010725224498	0.001253010725224498
752	 LLH-4	0.001253010725224498	0.001253010725224498
757	 LLH-6	0.0012535712042912955	0.0012535712042912955
758	 LLH-0	0.0012544809379431941	0.0012544809379431941
759	 LLH-2	0.001262152272651918	0.0012544809379431941
760	 LLH-1	0.0012544809379431941	0.0012544809379431941
761	 LLH-4	0.0012544809379431941	0.0012544809379431941
766	 LLH-5	0.0012541366430625887	0.0012541366430625887
767	 LLH-1	0.0012541366430625887	0.0012541366430625887
768	 LLH-1	0.0012541366430625887	0.0012541366430625887
769	 LLH-3	0.0012922433099665537	0.0012541366430625887
770	 LLH-6	0.001255292332645448	0.0012541366430625887
771	 LLH-6	0.0012542378900313195	0.0012542378900313195
772	 LLH-1	0.0012542378900313195	0.0012542378900313195
773	 LLH-0	0.001254834605205212	0.001254834605205212
774	 LLH-3	0.0012516210010144703	0.0012516210010144703
775	 LLH-6	0.0012518080207568315	0.0012518080207568315
776	 LLH-3	0.001256045891306731	0.0012518080207568315
777	 LLH-2	0.0012472031823795656	0.0012472031823795656
778	 LLH-4	0.0012472031823795656	0.0012472031823795656
783	 LLH-5	0.001247374993104452	0.001247374993104452
784	 LLH-4	0.001247374993104452	0.001247374993104452
789	 LLH-3	0.0012541949106378155	0.0012541949106378155
790	 LLH-2	0.0012517010236304743	0.0012517010236304743
791	 LLH-2	0.0012620715657888327	0.0012517010236304743
792	 LLH-3	0.0012541783593779312	0.0012541783593779312
793	 LLH-0	0.0012547380752485917	0.0012547380752485917
794	 LLH-6	0.0012531163383562936	0.0012531163383562936
795	 LLH-0	0.0012537079995876472	0.0012537079995876472
796	 LLH-1	0.0012536859072422896	0.0012536859072422896
797	 LLH-1	0.0012536859072422896	0.0012536859072422896
798	 LLH-5	0.0012534323608650905	0.0012534323608650905
799	 LLH-0	0.0012540457839511584	0.0012540457839511584
800	 LLH-0	0.0012545044580219537	0.0012545044580219537
801	 LLH-6	0.001255012224033263	0.001255012224033263
802	 LLH-0	0.0012555326819573924	0.001255012224033263
803	 LLH-0	0.0012557540290996688	0.0012557540290996688
804	 LLH-1	0.0012557540290996688	0.0012557540290996688
805	 LLH-2	0.0012466111185937571	0.0012466111185937571
806	 LLH-6	0.0012465970676375539	0.0012465970676375539
807	 LLH-0	0.0012472919603285857	0.0012472919603285857
808	 LLH-4	0.0012467607991909092	0.0012467607991909092
812	 LLH-2	0.001259053565600775	0.0012467607991909092
813	 LLH-1	0.0012467607991909092	0.0012467607991909092
814	 LLH-5	0.0012461308830680065	0.0012461308830680065
815	 LLH-5	0.0012464222041343228	0.0012464222041343228
816	 LLH-6	0.001247355671374403	0.001247355671374403
817	 LLH-4	0.0012466642354402948	0.0012466642354402948
821	 LLH-2	0.001254488076576171	0.0012466642354402948
822	 LLH-1	0.0012466642354402948	0.0012466642354402948
823	 LLH-2	0.0012596071594733525	0.0012466642354402948
824	 LLH-4	0.0012457938835088971	0.0012457938835088971
826	 LLH-6	0.001245857923725581	0.001245857923725581
827	 LLH-5	0.001245328945702739	0.001245328945702739
828	 LLH-5	0.0012451462076846832	0.0012451462076846832
829	 LLH-4	0.0012451462076846832	0.0012451462076846832
834	 LLH-1	0.0012450904622307915	0.0012450904622307915
835	 LLH-4	0.0012445616441192906	0.0012445616441192906
837	 LLH-5	0.0012443521072895392	0.0012443521072895392
838	 LLH-2	0.0012469750024996676	0.0012469750024996676
839	 LLH-0	0.0012640727320013749	0.0012469750024996676
840	 LLH-1	0.0012469750024996676	0.0012469750024996676
841	 LLH-3	0.0012486367880198777	0.0012469750024996676
842	 LLH-0	0.0012477887351731009	0.0012477887351731009
843	 LLH-4	0.0012472018383866824	0.0012472018383866824
848	 LLH-1	0.0012472018383866824	0.0012472018383866824
849	 LLH-5	0.0012475231973234037	0.0012472018383866824
850	 LLH-0	0.0012478779640242644	0.0012478779640242644
851	 LLH-0	0.0012486102645352872	0.0012478779640242644
852	 LLH-6	0.0012471899706363078	0.0012471899706363078
853	 LLH-2	0.0012611984220381237	0.0012471899706363078
854	 LLH-1	0.0012471899706363078	0.0012471899706363078
855	 LLH-5	0.001248005705999292	0.001248005705999292
856	 LLH-0	0.0012487547074643776	0.001248005705999292
857	 LLH-1	0.0012485659018416774	0.0012485659018416774
858	 LLH-4	0.0012480596987499985	0.0012480596987499985
863	 LLH-1	0.0012480596987499985	0.0012480596987499985
864	 LLH-6	0.0012485492394651283	0.0012485492394651283
865	 LLH-3	0.0012907267038254839	0.0012485492394651283
866	 LLH-0	0.0012655782957685362	0.0012485492394651283
867	 LLH-3	0.0012489827190975355	0.0012489827190975355
868	 LLH-1	0.0012489827190975355	0.0012489827190975355
869	 LLH-6	0.001248035124169354	0.001248035124169354
870	 LLH-3	0.0012768493079506754	0.001248035124169354
871	 LLH-6	0.0012492516990311197	0.0012492516990311197
872	 LLH-0	0.001249811475859553	0.001249811475859553
873	 LLH-5	0.0012490061743504772	0.0012490061743504772
874	 LLH-2	0.0012528150190475903	0.0012490061743504772
875	 LLH-3	0.0012454343543106428	0.0012454343543106428
876	 LLH-5	0.001245803467364105	0.001245803467364105
877	 LLH-3	0.0012594851343262902	0.001245803467364105
878	 LLH-5	0.0012461010760051697	0.0012461010760051697
879	 LLH-1	0.0012461010760051697	0.0012461010760051697
880	 LLH-5	0.0012461205864829615	0.0012461205864829615
881	 LLH-4	0.0012456631327668632	0.0012456631327668632
885	 LLH-5	0.0012457206614234317	0.0012457206614234317
886	 LLH-4	0.0012457206614234317	0.0012457206614234317
891	 LLH-4	0.0012457206614234317	0.0012457206614234317
896	 LLH-6	0.0012454403530605452	0.0012454403530605452
897	 LLH-4	0.0012454403530605452	0.0012454403530605452
902	 LLH-2	0.0012531747171502345	0.0012454403530605452
903	 LLH-1	0.0012454403530605452	0.0012454403530605452
904	 LLH-3	0.0012676636279321202	0.0012454403530605452
905	 LLH-6	0.001245204854570576	0.001245204854570576
906	 LLH-1	0.001245204854570576	0.001245204854570576
907	 LLH-4	0.001245204854570576	0.001245204854570576
912	 LLH-4	0.001245204854570576	0.001245204854570576
917	 LLH-2	0.0012556968262485589	0.001245204854570576
918	 LLH-5	0.0012455776028303207	0.0012455776028303207
919	 LLH-2	0.0012494588396679686	0.0012455776028303207
920	 LLH-6	0.0012447024414934497	0.0012447024414934497
921	 LLH-5	0.0012448952155349321	0.0012447024414934497
922	 LLH-2	0.0012617839177693304	0.0012447024414934497
923	 LLH-3	0.0012481149682926082	0.0012447024414934497
924	 LLH-1	0.0012447024414934497	0.0012447024414934497
925	 LLH-4	0.0012447024414934497	0.0012447024414934497
930	 LLH-5	0.0012457790620755524	0.0012457790620755524
931	 LLH-6	0.0012461661123311148	0.0012461661123311148
932	 LLH-0	0.0012468550591010327	0.0012461661123311148
933	 LLH-3	0.0012490422075210994	0.0012461661123311148
934	 LLH-3	0.0012491581294593566	0.0012491581294593566
935	 LLH-2	0.0012463253108170088	0.0012463253108170088
936	 LLH-3	0.0012457713350200487	0.0012457713350200487
937	 LLH-2	0.0012463885379554623	0.0012463885379554623
938	 LLH-4	0.0012458397893021216	0.0012458397893021216
940	 LLH-0	0.0012464818909048827	0.0012464818909048827
941	 LLH-6	0.0012466651087596516	0.0012466651087596516
942	 LLH-6	0.0012463839070329745	0.0012463839070329745
943	 LLH-3	0.0012801703172534871	0.0012463839070329745
944	 LLH-1	0.0012465586337171543	0.0012465586337171543
945	 LLH-1	0.0012465586337171543	0.0012465586337171543
946	 LLH-2	0.0012572317547471148	0.0012465586337171543
947	 LLH-4	0.0012465586337171543	0.0012465586337171543
952	 LLH-1	0.0012467482133875739	0.0012467482133875739
953	 LLH-0	0.0012476381720844944	0.0012476381720844944
954	 LLH-2	0.001264100033078614	0.0012476381720844944
955	 LLH-2	0.0012495451178333131	0.0012476381720844944
956	 LLH-5	0.0012478997236399258	0.0012478997236399258
957	 LLH-1	0.0012478997236399258	0.0012478997236399258
958	 LLH-5	0.0012476893969558737	0.0012476893969558737
959	 LLH-3	0.001283743414015514	0.0012476893969558737
960	 LLH-1	0.0012476893969558737	0.0012476893969558737
961	 LLH-0	0.0012483200342889268	0.0012483200342889268
962	 LLH-2	0.0012623886414760584	0.0012483200342889268
963	 LLH-0	0.0012478525890436153	0.0012478525890436153
964	 LLH-0	0.00124838802948535	0.00124838802948535
965	 LLH-4	0.001247914365287243	0.001247914365287243
968	 LLH-1	0.0012479317206264076	0.0012479317206264076
969	 LLH-3	0.0012427199617559474	0.0012427199617559474
970	 LLH-2	0.0012515673727228945	0.0012427199617559474
971	 LLH-6	0.0012429327548799862	0.0012429327548799862
972	 LLH-0	0.0012423909827939613	0.0012423909827939613
973	 LLH-6	0.0012425469693018514	0.0012425469693018514
974	 LLH-3	0.0012747148332720982	0.0012425469693018514
975	 LLH-6	0.0012425455965512713	0.0012425455965512713
976	 LLH-2	0.0012542140896884832	0.0012425455965512713
977	 LLH-2	0.0012507949830223887	0.0012425455965512713
978	 LLH-0	0.0012429446081332425	0.0012429446081332425
979	 LLH-2	0.0012565892948335875	0.0012429446081332425
980	 LLH-6	0.0012417472487903879	0.0012417472487903879
981	 LLH-2	0.001252741465313676	0.0012417472487903879
982	 LLH-6	0.0012418615582190549	0.0012418615582190549
983	 LLH-5	0.0012417021828910143	0.0012417021828910143
984	 LLH-2	0.0012525679882492708	0.0012417021828910143
985	 LLH-3	0.0012458417858306884	0.0012417021828910143
986	 LLH-5	0.001241605405067602	0.001241605405067602
987	 LLH-0	0.0012423277506195178	0.0012423277506195178
988	 LLH-6	0.0012422035341158636	0.0012422035341158636
989	 LLH-0	0.0012426220773711868	0.0012426220773711868
990	 LLH-0	0.0012431208677549448	0.0012426220773711868
991	 LLH-6	0.0012424224799767027	0.0012424224799767027
992	 LLH-2	0.0012554543762394045	0.0012424224799767027
993	 LLH-0	0.001242805779474733	0.001242805779474733
994	 LLH-3	0.001269567618383147	0.001242805779474733
995	 LLH-5	0.0012429901903401042	0.0012429901903401042
996	 LLH-1	0.0012429901903401042	0.0012429901903401042
997	 LLH-5	0.0012430332111889623	0.0012430332111889623
998	 LLH-0	0.0012434990584527508	0.0012434990584527508
999	 LLH-0	0.001243969729956257	0.001243969729956257
1000	 LLH-0	0.0012443870836671817	0.0012443870836671817
1001	 LLH-6	0.0012442781025117293	0.0012442781025117293
1002	 LLH-6	0.0012448216632946591	0.0012448216632946591
1003	 LLH-2	0.0012545232876782987	0.0012448216632946591
1004	 LLH-6	0.0012448581618398709	0.0012448581618398709
1005	 LLH-1	0.0012448581618398709	0.0012448581618398709
1006	 LLH-5	0.0012452843514879537	0.0012452843514879537
1007	 LLH-0	0.001245949330687968	0.0012452843514879537
1008	 LLH-1	0.0012452843514879537	0.0012452843514879537
1009	 LLH-3	0.0012921976334151347	0.0012452843514879537
1010	 LLH-3	0.001275781948434061	0.0012452843514879537
1011	 LLH-1	0.0012452843514879537	0.0012452843514879537
1012	 LLH-2	0.001252093655075674	0.0012452843514879537
1013	 LLH-3	0.0012746948068946143	0.0012452843514879537
1014	 LLH-2	0.001246871595233248	0.0012452843514879537
1015	 LLH-2	0.0012553930962360745	0.0012452843514879537
1016	 LLH-4	0.0012452843514879537	0.0012452843514879537
1021	 LLH-0	0.0012456724660060803	0.0012456724660060803
1022	 LLH-6	0.0012462477783809075	0.0012462477783809075
1023	 LLH-3	0.0012748336793278192	0.0012462477783809075
1024	 LLH-5	0.0012462499830278879	0.0012462499830278879
1025	 LLH-1	0.0012462499830278879	0.0012462499830278879
1026	 LLH-4	0.0012462499830278879	0.0012462499830278879
1031	 LLH-1	0.0012462499830278879	0.0012462499830278879
1032	 LLH-1	0.0012462499830278879	0.0012462499830278879
1033	 LLH-6	0.0012464396735166596	0.0012464396735166596
1034	 LLH-2	0.0012467240962241747	0.0012467240962241747
1035	 LLH-4	0.00124613454561726	0.00124613454561726
1040	 LLH-2	0.0012481211651702172	0.00124613454561726
1041	 LLH-4	0.001245581752999983	0.001245581752999983
1044	 LLH-5	0.0012452381290286665	0.0012452381290286665
1045	 LLH-5	0.0012452539784743764	0.0012452539784743764
1046	 LLH-3	0.0012911829397947744	0.0012452539784743764
1047	 LLH-1	0.0012452539784743764	0.0012452539784743764
1048	 LLH-2	0.0012531902307749507	0.0012452539784743764
1049	 LLH-5	0.0012447762075498815	0.0012447762075498815
1050	 LLH-1	0.0012447762075498815	0.0012447762075498815
1051	 LLH-3	0.0012925525145832805	0.0012447762075498815
1052	 LLH-2	0.0012570297779807421	0.0012447762075498815
1053	 LLH-3	0.0012424358634464394	0.0012424358634464394
1054	 LLH-5	0.0012424157786725676	0.0012424157786725676
1055	 LLH-6	0.0012427396880964558	0.0012427396880964558
1056	 LLH-1	0.0012427396880964558	0.0012427396880964558
1057	 LLH-5	0.001243173991965032	0.001243173991965032
1058	 LLH-1	0.001243173991965032	0.001243173991965032
1059	 LLH-6	0.0012440881278776282	0.0012440881278776282
1060	 LLH-4	0.0012434996756574273	0.0012434996756574273
1063	 LLH-2	0.001259324153544563	0.0012434996756574273
1064	 LLH-2	0.0012518345014423328	0.0012434996756574273
1065	 LLH-2	0.0012556591406553948	0.0012434996756574273
1066	 LLH-1	0.0012434996756574273	0.0012434996756574273
1067	 LLH-4	0.0012434996756574273	0.0012434996756574273
1072	 LLH-6	0.0012432428108141557	0.0012432428108141557
1073	 LLH-5	0.0012430654932021478	0.0012430654932021478
1074	 LLH-1	0.0012430654932021478	0.0012430654932021478
1075	 LLH-6	0.0012443910363925171	0.0012443910363925171
1076	 LLH-0	0.0012450320111159925	0.0012450320111159925
1077	 LLH-1	0.0012450320111159925	0.0012450320111159925
1078	 LLH-1	0.0012451015227231204	0.0012451015227231204
1079	 LLH-6	0.001244534892806515	0.001244534892806515
1080	 LLH-2	0.0012486292026566831	0.001244534892806515
1081	 LLH-6	0.0012447997436973422	0.0012447997436973422
1082	 LLH-4	0.0012447997436973422	0.0012447997436973422
1087	 LLH-0	0.001244053258713198	0.001244053258713198
1088	 LLH-3	0.0012772733195706835	0.001244053258713198
1089	 LLH-4	0.001244053258713198	0.001244053258713198
1094	 LLH-2	0.001250863199790389	0.001244053258713198
1095	 LLH-3	0.0012534227025513122	0.001244053258713198
1096	 LLH-2	0.001252465767271472	0.001244053258713198
1097	 LLH-4	0.001244053258713198	0.001244053258713198
1102	 LLH-5	0.001243776146830941	0.001243776146830941
1103	 LLH-3	0.0012910150109272372	0.001243776146830941
1104	 LLH-5	0.0012439534814308792	0.0012439534814308792
1105	 LLH-4	0.0012439534814308792	0.0012439534814308792
1110	 LLH-4	0.0012439534814308792	0.0012439534814308792
1115	 LLH-5	0.0012440133574389749	0.0012440133574389749
1116	 LLH-6	0.0012430344019127818	0.0012430344019127818
1117	 LLH-4	0.0012430344019127818	0.0012430344019127818
1122	 LLH-1	0.0012430344019127818	0.0012430344019127818
1123	 LLH-1	0.0012430344019127818	0.0012430344019127818
1124	 LLH-1	0.0012430344019127818	0.0012430344019127818
1125	 LLH-1	0.0012430344019127818	0.0012430344019127818
1126	 LLH-6	0.0012427713257041936	0.0012427713257041936
1127	 LLH-1	0.0012427713257041936	0.0012427713257041936
1128	 LLH-1	0.0012427713257041936	0.0012427713257041936
1129	 LLH-0	0.0012432883817393141	0.0012427713257041936
1130	 LLH-4	0.0012427713257041936	0.0012427713257041936
1135	 LLH-6	0.0012420253231863999	0.0012420253231863999
1136	 LLH-3	0.0012565225477853175	0.0012420253231863999
1137	 LLH-3	0.0012566490362915265	0.0012420253231863999
1138	 LLH-4	0.0012420253231863999	0.0012420253231863999
1143	 LLH-1	0.0012420253231863999	0.0012420253231863999
1144	 LLH-1	0.0012420253231863999	0.0012420253231863999
1145	 LLH-3	0.0012431099356825508	0.0012420253231863999
1146	 LLH-1	0.0012420253231863999	0.0012420253231863999
1147	 LLH-1	0.0012420253231863999	0.0012420253231863999
1148	 LLH-1	0.0012420253231863999	0.0012420253231863999
1149	 LLH-2	0.0012540341818261984	0.0012420253231863999
1150	 LLH-0	0.0012425036157895052	0.0012425036157895052
1151	 LLH-6	0.0012427621966774175	0.0012425036157895052
1152	 LLH-1	0.0012425036157895052	0.0012425036157895052
1153	 LLH-1	0.0012425036157895052	0.0012425036157895052
1154	 LLH-3	0.0012870068806453098	0.0012425036157895052
1155	 LLH-6	0.001241999365352358	0.001241999365352358
1156	 LLH-2	0.00125718307294381	0.001241999365352358
1157	 LLH-6	0.0012417520307907864	0.0012417520307907864
1158	 LLH-2	0.0012449883712534562	0.0012417520307907864
1159	 LLH-6	0.0012417873423499377	0.0012417873423499377
1160	 LLH-5	0.0012425777055480147	0.0012417873423499377
1161	 LLH-3	0.0012845067544221323	0.0012417873423499377
1162	 LLH-1	0.001242044911908634	0.001242044911908634
1163	 LLH-0	0.0012415438404226996	0.0012415438404226996
1164	 LLH-1	0.0012416500270684785	0.0012416500270684785
1165	 LLH-4	0.0012416500270684785	0.0012416500270684785
1170	 LLH-5	0.0012409164186496424	0.0012409164186496424
1171	 LLH-5	0.0012420810540838643	0.0012409164186496424
1172	 LLH-6	0.0012411040479302332	0.0012411040479302332
1173	 LLH-5	0.0012408603494539622	0.0012408603494539622
1174	 LLH-6	0.00124274606828336	0.0012408603494539622
1175	 LLH-3	0.0012846125953212832	0.0012408603494539622
1176	 LLH-3	0.0012426586906695743	0.0012408603494539622
1177	 LLH-2	0.001255872866656173	0.0012408603494539622
1178	 LLH-4	0.0012408603494539622	0.0012408603494539622
1183	 LLH-3	0.0012416261640035076	0.0012408603494539622
1184	 LLH-5	0.0012412609479665563	0.0012412609479665563
1185	 LLH-0	0.0012566804065219585	0.0012412609479665563
1186	 LLH-0	0.0012417697156501355	0.0012417697156501355
1187	 LLH-6	0.0012420886517335416	0.0012417697156501355
1188	 LLH-1	0.0012417697156501355	0.0012417697156501355
1189	 LLH-2	0.0012481615574571636	0.0012417697156501355
1190	 LLH-1	0.0012417697156501355	0.0012417697156501355
1191	 LLH-1	0.0012417697156501355	0.0012417697156501355
1192	 LLH-3	0.0012416832780824845	0.0012416832780824845
1193	 LLH-4	0.0012416832780824845	0.0012416832780824845
1198	 LLH-4	0.0012416832780824845	0.0012416832780824845
1203	 LLH-0	0.00124213712951529	0.0012416832780824845
1204	 LLH-1	0.0012416832780824845	0.0012416832780824845
1205	 LLH-6	0.001241814097779748	0.001241814097779748
1206	 LLH-0	0.0012424046932370176	0.0012424046932370176
1207	 LLH-0	0.0012428547683983155	0.0012424046932370176
1208	 LLH-3	0.001263095104208287	0.0012424046932370176
1209	 LLH-0	0.0012428396541242497	0.0012428396541242497
1210	 LLH-5	0.0012425298738591268	0.0012425298738591268
1211	 LLH-6	0.0012431513889321348	0.0012425298738591268
1212	 LLH-0	0.001243209550244368	0.0012425298738591268
1213	 LLH-6	0.0012425762125421432	0.0012425298738591268
1214	 LLH-4	0.0012420296489632583	0.0012420296489632583
1216	 LLH-3	0.0012889421857795805	0.0012420296489632583
1217	 LLH-4	0.0012420296489632583	0.0012420296489632583
1222	 LLH-4	0.0012420296489632583	0.0012420296489632583
1227	 LLH-0	0.00124254247414859	0.0012420296489632583
1228	 LLH-0	0.0012424182656381978	0.0012420296489632583
1229	 LLH-5	0.001242602925085777	0.0012420296489632583
1230	 LLH-4	0.0012416309559509146	0.0012416309559509146
1233	 LLH-4	0.0012416309559509146	0.0012416309559509146
1238	 LLH-6	0.0012420368725787375	0.0012416309559509146
1239	 LLH-2	0.0012448584178790271	0.0012416309559509146
1240	 LLH-4	0.0012416309559509146	0.0012416309559509146
1245	 LLH-2	0.001249800985242946	0.0012416309559509146
1246	 LLH-3	0.0012441445806057965	0.0012416309559509146
1247	 LLH-3	0.0012488513757955356	0.0012416309559509146
1248	 LLH-0	0.001242109237209277	0.0012416309559509146
1249	 LLH-4	0.0012411707564902105	0.0012411707564902105
1254	 LLH-0	0.0012419472029380075	0.0012419472029380075
1255	 LLH-0	0.001242326247149368	0.001242326247149368
1256	 LLH-4	0.0012419362646876272	0.0012419362646876272
1260	 LLH-3	0.0012470510670426766	0.0012419362646876272
1261	 LLH-4	0.0012419362646876272	0.0012419362646876272
1266	 LLH-2	0.0012551685105096362	0.0012419362646876272
1267	 LLH-1	0.0012419362646876272	0.0012419362646876272
1268	 LLH-3	0.0012706990960539835	0.0012419362646876272
1269	 LLH-5	0.0012425228217640308	0.0012419362646876272
1270	 LLH-5	0.001242395167317638	0.0012419362646876272
1271	 LLH-0	0.0012426466739826798	0.0012419362646876272
1272	 LLH-5	0.0012423719246958062	0.0012419362646876272
1273	 LLH-5	0.0012425834064605608	0.0012425834064605608
1274	 LLH-4	0.0012425834064605608	0.0012425834064605608
1279	 LLH-1	0.0012425834064605608	0.0012425834064605608
1280	 LLH-3	0.001267053128967659	0.0012425834064605608
1281	 LLH-0	0.0012432748639135552	0.0012425834064605608
1282	 LLH-1	0.0012425834064605608	0.0012425834064605608
1283	 LLH-0	0.0012430196322656207	0.0012425834064605608
1284	 LLH-4	0.0012425834064605608	0.0012425834064605608
1289	 LLH-2	0.0012577353569429089	0.0012425834064605608
1290	 LLH-0	0.0012431072199112208	0.0012425834064605608
1291	 LLH-3	0.0012790809280226513	0.0012425834064605608
1292	 LLH-0	0.0012432065130821297	0.0012425834064605608
1293	 LLH-2	0.0012593203475698002	0.0012425834064605608
1294	 LLH-3	0.0012731437816310117	0.0012425834064605608
1295	 LLH-3	0.0012459060013508187	0.0012425834064605608
1296	 LLH-6	0.0012428694662649756	0.0012425834064605608
1297	 LLH-4	0.0012425834064605608	0.0012425834064605608
1302	 LLH-4	0.0012425834064605608	0.0012425834064605608
1307	 LLH-2	0.0012534967331198504	0.0012425834064605608
1308	 LLH-5	0.001242829368527236	0.0012425834064605608
1309	 LLH-1	0.0012425834064605608	0.0012425834064605608
1310	 LLH-1	0.0012425834064605608	0.0012425834064605608
1311	 LLH-3	0.001270712305149174	0.0012425834064605608
1312	 LLH-1	0.0012425834064605608	0.0012425834064605608
1313	 LLH-3	0.0012475994824077744	0.0012425834064605608
1314	 LLH-0	0.001241806228742004	0.001241806228742004
1315	 LLH-0	0.0012413891550864514	0.0012413891550864514
1316	 LLH-0	0.0012417928026793733	0.0012417928026793733
1317	 LLH-2	0.0012457055939421734	0.0012417928026793733
1318	 LLH-5	0.0012418043057397124	0.0012418043057397124
1319	 LLH-5	0.001242373093330631	0.0012418043057397124
1320	 LLH-0	0.0012413552779640038	0.0012413552779640038
1321	 LLH-0	0.0012418391665735295	0.0012413552779640038
1322	 LLH-0	0.001241792028794335	0.0012413552779640038
1323	 LLH-6	0.0012421991309392215	0.0012413552779640038
1324	 LLH-0	0.001241971429921467	0.0012413552779640038
1325	 LLH-5	0.0012411098635656597	0.0012411098635656597
1326	 LLH-6	0.0012414398566517656	0.0012414398566517656
1327	 LLH-1	0.0012414398566517656	0.0012414398566517656
1328	 LLH-6	0.0012419249129725445	0.0012414398566517656
1329	 LLH-4	0.0012414398566517656	0.0012414398566517656
1334	 LLH-0	0.001256197641280686	0.0012414398566517656
1335	 LLH-0	0.0012419115384098703	0.0012414398566517656
1336	 LLH-6	0.0012426840765090476	0.0012414398566517656
1337	 LLH-5	0.001241240426855799	0.001241240426855799
1338	 LLH-5	0.0012419386912102606	0.001241240426855799
1339	 LLH-3	0.0012761575354252766	0.001241240426855799
1340	 LLH-1	0.0012415017151523636	0.001241240426855799
1341	 LLH-2	0.0012502160061379738	0.001241240426855799
1342	 LLH-4	0.001241240426855799	0.001241240426855799
1347	 LLH-4	0.001241240426855799	0.001241240426855799
1352	 LLH-6	0.0012412510532776404	0.0012412510532776404
1353	 LLH-3	0.0012462015852741527	0.0012412510532776404
1354	 LLH-5	0.0012413907031787969	0.0012413907031787969
1355	 LLH-2	0.0012496845051187249	0.0012413907031787969
1356	 LLH-6	0.0012416954013655195	0.0012413907031787969
1357	 LLH-1	0.0012413907031787969	0.0012413907031787969
1358	 LLH-6	0.0012413411037650306	0.0012413411037650306
1359	 LLH-0	0.0012420533084250578	0.0012413411037650306
1360	 LLH-1	0.0012413411037650306	0.0012413411037650306
1361	 LLH-1	0.0012413411037650306	0.0012413411037650306
1362	 LLH-2	0.0012482400855888677	0.0012413411037650306
1363	 LLH-1	0.0012413535562353847	0.0012413411037650306
1364	 LLH-1	0.0012413411037650306	0.0012413411037650306
1365	 LLH-0	0.0012417686896483815	0.0012413411037650306
1366	 LLH-2	0.0012484895820103806	0.0012413411037650306
1367	 LLH-6	0.0012415467106407273	0.0012413411037650306
1368	 LLH-0	0.0012420779384251738	0.0012413411037650306
1369	 LLH-1	0.0012413411037650306	0.0012413411037650306
1370	 LLH-5	0.0012405740053332952	0.0012405740053332952
1371	 LLH-3	0.0012798560510706577	0.0012405740053332952
1372	 LLH-5	0.0012405159158505052	0.0012405159158505052
1373	 LLH-1	0.0012405159158505052	0.0012405159158505052
1374	 LLH-3	0.0012692210644100995	0.0012405159158505052
1375	 LLH-3	0.001244568633324163	0.0012405159158505052
1376	 LLH-5	0.0012404947596874947	0.0012404947596874947
1377	 LLH-0	0.00124104737023109	0.0012404947596874947
1378	 LLH-6	0.0012408622043408313	0.0012408622043408313
1379	 LLH-6	0.0012418098954578463	0.0012408622043408313
1380	 LLH-1	0.0012408622043408313	0.0012408622043408313
1381	 LLH-1	0.0012409938328086288	0.0012409938328086288
1382	 LLH-2	0.001255345676290199	0.0012409938328086288
1383	 LLH-0	0.0012556701213435372	0.0012409938328086288
1384	 LLH-2	0.0012470247150650742	0.0012409938328086288
1385	 LLH-6	0.0012412682242972475	0.0012412682242972475
1386	 LLH-3	0.0012775538750710819	0.0012412682242972475
1387	 LLH-3	0.0012439718989280502	0.0012412682242972475
1388	 LLH-1	0.0012412682242972475	0.0012412682242972475
1389	 LLH-3	0.0012707949420700604	0.0012412682242972475
1390	 LLH-0	0.0012417236543084745	0.0012412682242972475
1391	 LLH-1	0.0012412682242972475	0.0012412682242972475
1392	 LLH-5	0.0012410912536385459	0.0012410912536385459
1393	 LLH-5	0.001241211995456093	0.001241211995456093
1394	 LLH-6	0.0012409622415854805	0.0012409622415854805
1395	 LLH-3	0.0012465360076075304	0.0012409622415854805
1396	 LLH-5	0.0012412009657547529	0.0012412009657547529
1397	 LLH-0	0.0012417235820135191	0.0012412009657547529
1398	 LLH-2	0.0012465902254862342	0.0012412009657547529
1399	 LLH-1	0.0012412009657547529	0.0012412009657547529
1400	 LLH-6	0.0012419793493944242	0.0012412009657547529
1401	 LLH-6	0.0012418896390452197	0.0012412009657547529
1402	 LLH-3	0.0012781428621447704	0.0012412009657547529
1403	 LLH-2	0.001253089881930054	0.0012412009657547529
1404	 LLH-3	0.0012469593973105505	0.0012412009657547529
1405	 LLH-2	0.0012464265062321696	0.0012412009657547529
1406	 LLH-6	0.001241065685707542	0.001241065685707542
1407	 LLH-3	0.0012679638788813004	0.001241065685707542
1408	 LLH-1	0.001241065685707542	0.001241065685707542
1409	 LLH-6	0.0012410652189999774	0.0012410652189999774
1410	 LLH-1	0.0012410652189999774	0.0012410652189999774
1411	 LLH-1	0.0012410652189999774	0.0012410652189999774
1412	 LLH-5	0.001242160268701599	0.0012410652189999774
1413	 LLH-6	0.0012415209939874233	0.0012410652189999774
1414	 LLH-0	0.0012414481325219782	0.0012410652189999774
1415	 LLH-5	0.001241262663233095	0.001241262663233095
1416	 LLH-6	0.0012414459306713413	0.001241262663233095
1417	 LLH-5	0.0012412654709877304	0.0012412654709877304
1418	 LLH-4	0.0012412654709877304	0.0012412654709877304
1423	 LLH-3	0.001249544484271033	0.0012412654709877304
1424	 LLH-4	0.0012412654709877304	0.0012412654709877304
1429	 LLH-3	0.0012443567738766668	0.0012412654709877304
1430	 LLH-5	0.001241476178746854	0.0012412654709877304
1431	 LLH-6	0.0012423995829725315	0.0012412654709877304
1432	 LLH-3	0.0012481903155077056	0.0012412654709877304
1433	 LLH-4	0.0012412654709877304	0.0012412654709877304
1438	 LLH-4	0.0012412654709877304	0.0012412654709877304
1443	 LLH-4	0.0012412654709877304	0.0012412654709877304
1448	 LLH-0	0.0012416402001178305	0.0012412654709877304
1449	 LLH-6	0.0012423391783648553	0.0012412654709877304
1450	 LLH-1	0.0012412654709877304	0.0012412654709877304
1451	 LLH-3	0.0012448051818636284	0.0012412654709877304
1452	 LLH-5	0.0012420536795778611	0.0012412654709877304
1453	 LLH-3	0.0012464925827300752	0.0012412654709877304
1454	 LLH-5	0.0012415522700752121	0.0012412654709877304
1455	 LLH-5	0.0012419087301489419	0.0012412654709877304
1456	 LLH-0	0.0012559551767862007	0.0012412654709877304
1457	 LLH-6	0.001242184132003753	0.0012412654709877304
1458	 LLH-4	0.0012412654709877304	0.0012412654709877304
1463	 LLH-2	0.001254459539118576	0.0012412654709877304
1464	 LLH-2	0.0012573022474028255	0.0012412654709877304
1465	 LLH-1	0.0012412654709877304	0.0012412654709877304
1466	 LLH-0	0.0012420496377917444	0.0012412654709877304
1467	 LLH-2	0.0012494920952100478	0.0012412654709877304
1468	 LLH-5	0.001241313406926743	0.001241313406926743
1469	 LLH-3	0.001268184391048189	0.001241313406926743
1470	 LLH-6	0.001240965516543277	0.001240965516543277
1471	 LLH-4	0.001240965516543277	0.001240965516543277
1476	 LLH-5	0.0012412242918353948	0.001240965516543277
1477	 LLH-3	0.0012741945081701667	0.001240965516543277
1478	 LLH-4	0.001240965516543277	0.001240965516543277
1483	 LLH-5	0.0012413437319798728	0.001240965516543277
1484	 LLH-4	0.001240965516543277	0.001240965516543277
1489	 LLH-5	0.001240482924355345	0.001240482924355345
1490	 LLH-5	0.0012405404610431818	0.001240482924355345
1491	 LLH-6	0.001240687921570281	0.001240482924355345
1492	 LLH-0	0.0012410376452067142	0.001240482924355345
1493	 LLH-0	0.0012408928320752693	0.001240482924355345
1494	 LLH-2	0.0012575366035506158	0.001240482924355345
1495	 LLH-4	0.001240482924355345	0.001240482924355345
1500	 LLH-1	0.001240482924355345	0.001240482924355345
1501	 LLH-2	0.0012527508988657797	0.001240482924355345
1502	 LLH-6	0.0012412497745805668	0.001240482924355345
1503	 LLH-2	0.001258718211724554	0.001240482924355345
1504	 LLH-2	0.0012558887198522225	0.001240482924355345
1505	 LLH-6	0.0012413628925222863	0.001240482924355345
1506	 LLH-4	0.001240482924355345	0.001240482924355345
1511	 LLH-0	0.0012408713187799536	0.001240482924355345
1512	 LLH-5	0.001240736150122655	0.001240482924355345
1513	 LLH-6	0.0012411219176059148	0.001240482924355345
1514	 LLH-0	0.0012411623949714233	0.001240482924355345
1515	 LLH-1	0.0012404918499966371	0.0012404918499966371
1516	 LLH-6	0.0012408054860457505	0.0012404918499966371
1517	 LLH-0	0.0012408886625004214	0.0012404918499966371
1518	 LLH-4	0.0012404918499966371	0.0012404918499966371
1523	 LLH-6	0.0012410671519621434	0.0012404918499966371
1524	 LLH-5	0.0012406477926332322	0.0012404918499966371
1525	 LLH-2	0.0012557168485116713	0.0012404918499966371
1526	 LLH-0	0.0012414947682601485	0.0012404918499966371
1527	 LLH-2	0.0012488325435135806	0.0012404918499966371
1528	 LLH-4	0.0012404918499966371	0.0012404918499966371
1533	 LLH-0	0.0012551890119142522	0.0012404918499966371
1534	 LLH-5	0.0012405526662675685	0.0012404918499966371
1535	 LLH-3	0.0012859824901429778	0.0012404918499966371
1536	 LLH-4	0.0012404918499966371	0.0012404918499966371
1541	 LLH-1	0.0012404918499966371	0.0012404918499966371
1542	 LLH-4	0.0012404918499966371	0.0012404918499966371
1547	 LLH-4	0.0012404918499966371	0.0012404918499966371
1552	 LLH-3	0.0012607275673900851	0.0012404918499966371
1553	 LLH-4	0.0012404918499966371	0.0012404918499966371
1558	 LLH-0	0.0012409635767552671	0.0012404918499966371
1559	 LLH-0	0.001240889564886636	0.0012404918499966371
1560	 LLH-2	0.0012465888332897164	0.0012404918499966371
1561	 LLH-0	0.0012412187812241185	0.0012404918499966371
1562	 LLH-5	0.0012405691064329024	0.0012404918499966371
1563	 LLH-2	0.001250266519200331	0.0012404918499966371
1564	 LLH-3	0.0012494043749171667	0.0012404918499966371
1565	 LLH-6	0.0012415444831986773	0.0012404918499966371
1566	 LLH-0	0.001241069904233138	0.0012404918499966371
1567	 LLH-3	0.0012465941392581683	0.0012404918499966371
1568	 LLH-6	0.001240398950400451	0.001240398950400451
1569	 LLH-5	0.001240398950400451	0.001240398950400451
1570	 LLH-6	0.0012408660463942328	0.001240398950400451
1571	 LLH-4	0.001240398950400451	0.001240398950400451
1576	 LLH-2	0.0012518487438759234	0.001240398950400451
1577	 LLH-3	0.0012682890703497713	0.001240398950400451
1578	 LLH-3	0.0012722866824318637	0.001240398950400451
1579	 LLH-1	0.001240398950400451	0.001240398950400451
1580	 LLH-4	0.001240398950400451	0.001240398950400451
1585	 LLH-4	0.001240398950400451	0.001240398950400451
1590	 LLH-1	0.001240398950400451	0.001240398950400451
1591	 LLH-2	0.001245898411823299	0.001240398950400451
1592	 LLH-6	0.0012399074487871328	0.0012399074487871328
1593	 LLH-4	0.0012399074487871328	0.0012399074487871328
1598	 LLH-5	0.0012407693562582404	0.0012399074487871328
1599	 LLH-0	0.001240483082006663	0.0012399074487871328
1600	 LLH-4	0.0012399074487871328	0.0012399074487871328
1605	 LLH-2	0.0012512528960853034	0.0012399074487871328
1606	 LLH-4	0.0012399074487871328	0.0012399074487871328
1611	 LLH-1	0.001239851833070005	0.001239851833070005
1612	 LLH-2	0.0012499485744773527	0.001239851833070005
1613	 LLH-1	0.001239851833070005	0.001239851833070005
1614	 LLH-5	0.0012403047484560797	0.001239851833070005
1615	 LLH-5	0.0012401581463065063	0.001239851833070005
1616	 LLH-5	0.0012401604708576752	0.001239851833070005
1617	 LLH-2	0.0012506538123530967	0.001239851833070005
1618	 LLH-4	0.001239851833070005	0.001239851833070005
1623	 LLH-5	0.001240529168230147	0.001239851833070005
1624	 LLH-4	0.001239851833070005	0.001239851833070005
1629	 LLH-3	0.001279773634852011	0.001239851833070005
1630	 LLH-6	0.0012398830167066439	0.001239851833070005
1631	 LLH-5	0.0012403546689861015	0.001239851833070005
1632	 LLH-2	0.0012498439017369558	0.001239851833070005
1633	 LLH-6	0.001240617194912627	0.001239851833070005
1634	 LLH-3	0.0012744576957190435	0.001239851833070005
1635	 LLH-0	0.0012403217019830693	0.001239851833070005
1636	 LLH-2	0.0012522462978526636	0.001239851833070005
1637	 LLH-0	0.0012545887373335111	0.001239851833070005
1638	 LLH-6	0.001240316109946887	0.001239851833070005
1639	 LLH-5	0.0012405046509134895	0.001239851833070005
1640	 LLH-4	0.001239851833070005	0.001239851833070005
1645	 LLH-4	0.001239851833070005	0.001239851833070005
1650	 LLH-0	0.001240355047738931	0.001239851833070005
1651	 LLH-3	0.0012754845821006562	0.001239851833070005
1652	 LLH-2	0.0012591469301154604	0.001239851833070005
1653	 LLH-0	0.0012403847212647467	0.001239851833070005
1654	 LLH-1	0.001239851833070005	0.001239851833070005
1655	 LLH-6	0.0012408039158943015	0.001239851833070005
1656	 LLH-2	0.0012531673736767609	0.001239851833070005
1657	 LLH-2	0.0012500594985814916	0.001239851833070005
1658	 LLH-4	0.001239851833070005	0.001239851833070005
1663	 LLH-1	0.001239851833070005	0.001239851833070005
1664	 LLH-6	0.0012399290926731713	0.001239851833070005
1665	 LLH-3	0.001245728073217712	0.001239851833070005
1666	 LLH-2	0.0012537895907375864	0.001239851833070005
1667	 LLH-4	0.001239851833070005	0.001239851833070005
1672	 LLH-6	0.0012411620974791533	0.001239851833070005
1673	 LLH-4	0.001239851833070005	0.001239851833070005
1678	 LLH-0	0.0012402585223665868	0.001239851833070005
1679	 LLH-0	0.0012405151291674204	0.001239851833070005
1680	 LLH-2	0.0012564660560990643	0.001239851833070005
1681	 LLH-5	0.0012402324448411836	0.001239851833070005
1682	 LLH-6	0.0012408759913224738	0.001239851833070005
1683	 LLH-4	0.001239851833070005	0.001239851833070005
1688	 LLH-2	0.0012447062888759092	0.001239851833070005
1689	 LLH-2	0.0012518972953793558	0.001239851833070005
1690	 LLH-4	0.001239851833070005	0.001239851833070005
1695	 LLH-6	0.001242731662464789	0.001239851833070005
1696	 LLH-3	0.0012645325723624028	0.001239851833070005
1697	 LLH-0	0.0012544997062247025	0.001239851833070005
1698	 LLH-1	0.001239851833070005	0.001239851833070005
1699	 LLH-2	0.0012541250281494448	0.001239851833070005
1700	 LLH-0	0.0012403510504696736	0.001239851833070005
1701	 LLH-2	0.0012460159423936879	0.001239851833070005
1702	 LLH-0	0.0012402712970298886	0.001239851833070005
1703	 LLH-0	0.0012403405948739218	0.001239851833070005
1704	 LLH-5	0.0012399975973618905	0.001239851833070005
1705	 LLH-0	0.0012404301382422473	0.001239851833070005
1706	 LLH-1	0.0012398468453133772	0.0012398468453133772
1707	 LLH-6	0.001240115513036492	0.0012398468453133772
1708	 LLH-3	0.0012470503098882444	0.0012398468453133772
1709	 LLH-0	0.001240335638287585	0.0012398468453133772
1710	 LLH-1	0.0012398842840765922	0.0012398468453133772
1711	 LLH-2	0.0012469519031642277	0.0012398468453133772
1712	 LLH-1	0.0012398468453133772	0.0012398468453133772
1713	 LLH-5	0.0012398568967276955	0.0012398568967276955
1714	 LLH-2	0.0012536475683057801	0.0012398568967276955
1715	 LLH-2	0.0012511079503036214	0.0012398568967276955
1716	 LLH-1	0.0012398568967276955	0.0012398568967276955
1717	 LLH-4	0.0012398568967276955	0.0012398568967276955
1722	 LLH-2	0.0012539142935350778	0.0012398568967276955
1723	 LLH-5	0.0012401099626098522	0.0012398568967276955
1724	 LLH-5	0.0012399690939339952	0.0012398568967276955
1725	 LLH-3	0.0012621780755853428	0.0012398568967276955
1726	 LLH-3	0.0012638898092040083	0.0012398568967276955
1727	 LLH-2	0.0012542619782199699	0.0012398568967276955
1728	 LLH-1	0.0012398855534868421	0.0012398855534868421
1729	 LLH-2	0.0012472321313718568	0.0012398855534868421
1730	 LLH-4	0.0012398855534868421	0.0012398855534868421
1735	 LLH-0	0.0012404449157464217	0.0012398855534868421
1736	 LLH-5	0.0012400185748651688	0.0012398855534868421
1737	 LLH-3	0.0012461642599982034	0.0012398855534868421
1738	 LLH-4	0.0012398855534868421	0.0012398855534868421
1743	 LLH-5	0.0012398855534868421	0.0012398855534868421
1744	 LLH-6	0.0012402586767695147	0.0012398855534868421
1745	 LLH-0	0.001254595350834201	0.0012398855534868421
1746	 LLH-6	0.0012404222476502457	0.0012398855534868421
1747	 LLH-1	0.0012398855534868421	0.0012398855534868421
1748	 LLH-4	0.0012398855534868421	0.0012398855534868421
1753	 LLH-1	0.0012398967618936433	0.0012398855534868421
1754	 LLH-5	0.0012402106680234782	0.0012398855534868421
1755	 LLH-3	0.0012707240661290666	0.0012398855534868421
1756	 LLH-2	0.0012508382912368877	0.0012398855534868421
1757	 LLH-4	0.0012398855534868421	0.0012398855534868421
1762	 LLH-4	0.0012398855534868421	0.0012398855534868421
1767	 LLH-5	0.001240081099558456	0.0012398855534868421
1768	 LLH-4	0.0012398855534868421	0.0012398855534868421
1773	 LLH-5	0.0012402060904649502	0.0012398855534868421
1774	 LLH-6	0.001240007051013124	0.0012398855534868421
1775	 LLH-3	0.0012545106331206305	0.0012398855534868421
1776	 LLH-6	0.0012400515619769932	0.0012398855534868421
1777	 LLH-5	0.00124020110288367	0.0012398855534868421
1778	 LLH-5	0.0012401917555455912	0.0012398855534868421
1779	 LLH-0	0.001240371485000886	0.0012398855534868421
1780	 LLH-4	0.0012398855534868421	0.0012398855534868421
1785	 LLH-3	0.0012434153633226737	0.0012398855534868421
1786	 LLH-0	0.0012404864251877913	0.0012398855534868421
1787	 LLH-3	0.0012614468278461842	0.0012398855534868421
1788	 LLH-4	0.0012398855534868421	0.0012398855534868421
1793	 LLH-4	0.0012398855534868421	0.0012398855534868421
1798	 LLH-1	0.0012398855534868421	0.0012398855534868421
1799	 LLH-4	0.0012398855534868421	0.0012398855534868421
1804	 LLH-5	0.0012400821876528828	0.0012398855534868421
1805	 LLH-4	0.0012398855534868421	0.0012398855534868421
1810	 LLH-0	0.0012405685219938779	0.0012398855534868421
1811	 LLH-0	0.0012544616262089917	0.0012398855534868421
1812	 LLH-1	0.0012398855534868421	0.0012398855534868421
1813	 LLH-0	0.0012405383720370583	0.0012398855534868421
1814	 LLH-3	0.0012432360535708966	0.0012398855534868421
1815	 LLH-2	0.001249229689878436	0.0012398855534868421
1816	 LLH-4	0.0012398855534868421	0.0012398855534868421
1821	 LLH-6	0.0012408635320745604	0.0012398855534868421
1822	 LLH-5	0.0012396811517306123	0.0012396811517306123
1823	 LLH-1	0.0012396811517306123	0.0012396811517306123
1824	 LLH-0	0.0012401176149067943	0.0012396811517306123
1825	 LLH-6	0.0012401214070785192	0.0012396811517306123
1826	 LLH-2	0.0012510305039257746	0.0012396811517306123
1827	 LLH-0	0.00124010905623833	0.0012396811517306123
1828	 LLH-3	0.0012445234883055475	0.0012396811517306123
1829	 LLH-4	0.0012396811517306123	0.0012396811517306123
1834	 LLH-0	0.0012543521352556084	0.0012396811517306123
1835	 LLH-4	0.0012396811517306123	0.0012396811517306123
1840	 LLH-6	0.0012401291466130398	0.0012396811517306123
1841	 LLH-1	0.0012396811517306123	0.0012396811517306123
1842	 LLH-2	0.0012482136077379743	0.0012396811517306123
1843	 LLH-0	0.0012401402148727316	0.0012396811517306123
1844	 LLH-2	0.0012469947024525304	0.0012396811517306123
1845	 LLH-2	0.0012424338561936405	0.0012396811517306123
1846	 LLH-4	0.0012396811517306123	0.0012396811517306123
1851	 LLH-0	0.0012404031487195921	0.0012396811517306123
1852	 LLH-0	0.0012403899840094483	0.0012396811517306123
1853	 LLH-6	0.001240710749423431	0.0012396811517306123
1854	 LLH-1	0.0012396811517306123	0.0012396811517306123
1855	 LLH-6	0.0012407525071069536	0.0012396811517306123
1856	 LLH-6	0.0012403190843278539	0.0012396811517306123
1857	 LLH-6	0.001240043429676596	0.0012396811517306123
1858	 LLH-1	0.0012396811517306123	0.0012396811517306123
1859	 LLH-1	0.0012399219858912848	0.0012396811517306123
1860	 LLH-1	0.0012396811517306123	0.0012396811517306123
1861	 LLH-1	0.0012396811517306123	0.0012396811517306123
1862	 LLH-0	0.0012401243444414732	0.0012396811517306123
1863	 LLH-3	0.0012668126407914069	0.0012396811517306123
1864	 LLH-1	0.0012396811517306123	0.0012396811517306123
1865	 LLH-3	0.0012416826114784079	0.0012396811517306123
1866	 LLH-1	0.0012396811517306123	0.0012396811517306123
1867	 LLH-1	0.0012396811517306123	0.0012396811517306123
1868	 LLH-6	0.0012413638813969438	0.0012396811517306123
1869	 LLH-1	0.0012396811517306123	0.0012396811517306123
1870	 LLH-3	0.0012717585761403984	0.0012396811517306123
1871	 LLH-4	0.0012396811517306123	0.0012396811517306123
1876	 LLH-1	0.0012396811517306123	0.0012396811517306123
1877	 LLH-6	0.001240864813374244	0.0012396811517306123
1878	 LLH-3	0.0012662328500942577	0.0012396811517306123
1879	 LLH-5	0.0012404548410314905	0.0012396811517306123
1880	 LLH-4	0.0012396811517306123	0.0012396811517306123
1885	 LLH-1	0.0012396811517306123	0.0012396811517306123
1886	 LLH-1	0.0012396811517306123	0.0012396811517306123
1887	 LLH-5	0.001239724450754878	0.0012396811517306123
1888	 LLH-4	0.0012396811517306123	0.0012396811517306123
1893	 LLH-4	0.0012396811517306123	0.0012396811517306123
1898	 LLH-1	0.0012396811517306123	0.0012396811517306123
1899	 LLH-2	0.001247981914886722	0.0012396811517306123
1900	 LLH-4	0.0012396811517306123	0.0012396811517306123
1905	 LLH-0	0.0012403847801970105	0.0012396811517306123
1906	 LLH-4	0.0012396811517306123	0.0012396811517306123
1911	 LLH-3	0.0012726136171168454	0.0012396811517306123
1912	 LLH-1	0.0012396811517306123	0.0012396811517306123
1913	 LLH-0	0.0012543631834314305	0.0012396811517306123
1914	 LLH-3	0.0012482902804498192	0.0012396811517306123
1915	 LLH-0	0.001240115375547201	0.0012396811517306123
1916	 LLH-5	0.0012399928760998748	0.0012396811517306123
1917	 LLH-2	0.0012529045822852712	0.0012396811517306123
1918	 LLH-4	0.0012396811517306123	0.0012396811517306123
1923	 LLH-4	0.0012396811517306123	0.0012396811517306123
1928	 LLH-3	0.0012455244829947382	0.0012396811517306123
1929	 LLH-3	0.001242709472920482	0.0012396811517306123
1930	 LLH-5	0.0012408151425798535	0.0012396811517306123
1931	 LLH-0	0.0012542556081983922	0.0012396811517306123
1932	 LLH-0	0.0012401795949375017	0.0012396811517306123
1933	 LLH-2	0.0012556969542815938	0.0012396811517306123
1934	 LLH-0	0.001240353362395836	0.0012396811517306123
1935	 LLH-5	0.0012396639837503353	0.0012396639837503353
1936	 LLH-1	0.0012396639837503353	0.0012396639837503353
1937	 LLH-1	0.0012396639837503353	0.0012396639837503353
1938	 LLH-6	0.0012402907571911937	0.0012396639837503353
1939	 LLH-3	0.0012452032242920683	0.0012396639837503353
1940	 LLH-4	0.0012396639837503353	0.0012396639837503353
1945	 LLH-0	0.0012401763053062722	0.0012396639837503353
1946	 LLH-2	0.0012498583339566158	0.0012396639837503353
1947	 LLH-1	0.0012396639837503353	0.0012396639837503353
1948	 LLH-6	0.0012399082968951598	0.0012396639837503353
1949	 LLH-6	0.0012402195949126928	0.0012396639837503353
1950	 LLH-2	0.0012506136901957684	0.0012396639837503353
1951	 LLH-5	0.0012395020296461735	0.0012395020296461735
1952	 LLH-3	0.0012758975434186293	0.0012395020296461735
1953	 LLH-1	0.0012395020296461735	0.0012395020296461735
1954	 LLH-5	0.0012399855482819976	0.0012395020296461735
1955	 LLH-1	0.0012395020296461735	0.0012395020296461735
1956	 LLH-4	0.0012395020296461735	0.0012395020296461735
1961	 LLH-4	0.0012395020296461735	0.0012395020296461735
1966	 LLH-3	0.0012665794959644291	0.0012395020296461735
1967	 LLH-2	0.001243502073619551	0.0012395020296461735
1968	 LLH-0	0.0012400563512884755	0.0012395020296461735
1969	 LLH-1	0.0012395843772139913	0.0012395020296461735
1970	 LLH-1	0.0012395092412740773	0.0012395020296461735
1971	 LLH-3	0.0012723902173241665	0.0012395020296461735
1972	 LLH-4	0.0012395020296461735	0.0012395020296461735
1977	 LLH-1	0.0012395020296461735	0.0012395020296461735
1978	 LLH-3	0.0012428620165933178	0.0012395020296461735
1979	 LLH-5	0.0012395020296461735	0.0012395020296461735
1980	 LLH-2	0.0012577324737611667	0.0012395020296461735
1981	 LLH-5	0.0012402728972294723	0.0012395020296461735
1982	 LLH-5	0.001239847404895335	0.0012395020296461735
1983	 LLH-0	0.0012400551398511555	0.0012395020296461735
1984	 LLH-5	0.0012407088366368408	0.0012395020296461735
1985	 LLH-2	0.0012504754373233353	0.0012395020296461735
1986	 LLH-3	0.0012424741204300196	0.0012395020296461735
1987	 LLH-6	0.0012399545369225012	0.0012395020296461735
1988	 LLH-6	0.0012403384506930576	0.0012395020296461735
1989	 LLH-2	0.0012495615385547253	0.0012395020296461735
1990	 LLH-0	0.0012401820192858427	0.0012395020296461735
1991	 LLH-3	0.0012687369912466164	0.0012395020296461735
1992	 LLH-6	0.0012401654582237607	0.0012395020296461735
1993	 LLH-6	0.001241119704626211	0.0012395020296461735
1994	 LLH-1	0.0012395020296461735	0.0012395020296461735
1995	 LLH-6	0.0012406706516084004	0.0012395020296461735
1996	 LLH-5	0.001240272129503081	0.0012395020296461735
1997	 LLH-5	0.001240459140095607	0.0012395020296461735
1998	 LLH-3	0.0012461973638641826	0.0012395020296461735
1999	 LLH-1	0.0012395020296461735	0.0012395020296461735
GRID-Start
0.0	0.0
0.0	308.0385
0.0	616.077
0.0	924.1155
0.0	1232.154
0.0	1540.1925
0.0	1848.2310000000002
0.0	2156.2695000000003
0.0	2464.3080000000004
0.0	2772.3465000000006
0.0	3080.3850000000007
0.0	3388.423500000001
0.0	3696.462000000001
0.0	4004.500500000001
0.0	4312.539000000001
0.0	4620.5775
0.0	4928.616
0.0	5236.6545
0.0	5544.692999999999
0.0	5852.731499999999
0.0	6160.769999999999
0.0	6468.808499999998
308.0385	0.0
308.0385	308.0385
308.0385	616.077
308.0385	924.1155
308.0385	1232.154
308.0385	1540.1925
308.0385	1848.2310000000002
308.0385	2156.2695000000003
308.0385	2464.3080000000004
308.0385	2772.3465000000006
308.0385	3080.3850000000007
308.0385	3388.423500000001
308.0385	3696.462000000001
308.0385	4004.500500000001
308.0385	4312.539000000001
308.0385	4620.5775
308.0385	4928.616
308.0385	5236.6545
308.0385	5544.692999999999
308.0385	5852.731499999999
308.0385	6160.769999999999
308.0385	6468.808499999998
616.077	0.0
616.077	308.0385
616.077	616.077
616.077	924.1155
616.077	1232.154
616.077	1540.1925
616.077	1848.2310000000002
616.077	2156.2695000000003
616.077	2464.3080000000004
616.077	2772.3465000000006
616.077	3080.3850000000007
616.077	3388.423500000001
616.077	3696.462000000001
616.077	4004.500500000001
616.077	4312.539000000001
616.077	4620.5775
616.077	4928.616
616.077	5236.6545
616.077	5544.692999999999
616.077	5852.731499999999
616.077	6160.769999999999
616.077	6468.808499999998
924.1155	0.0
924.1155	308.0385
924.1155	616.077
924.1155	924.1155
924.1155	1232.154
924.1155	1540.1925
924.1155	1848.2310000000002
924.1155	2156.2695000000003
924.1155	2464.3080000000004
924.1155	2772.3465000000006
924.1155	3080.3850000000007
924.1155	3388.423500000001
924.1155	3696.462000000001
924.1155	4004.500500000001
924.1155	4312.539000000001
924.1155	4620.5775
924.1155	4928.616
924.1155	5236.6545
924.1155	5544.692999999999
924.1155	5852.731499999999
924.1155	6160.769999999999
924.1155	6468.808499999998
1232.154	0.0
1232.154	308.0385
1232.154	616.077
1232.154	924.1155
1232.154	1232.154
1232.154	1540.1925
1232.154	1848.2310000000002
1232.154	2156.2695000000003
1232.154	2464.3080000000004
1232.154	2772.3465000000006
1232.154	3080.3850000000007
1232.154	4620.5775
1232.154	4928.616
1232.154	5236.6545
1232.154	5544.692999999999
1232.154	5852.731499999999
1232.154	6160.769999999999
1232.154	6468.808499999998
1540.1925	0.0
1540.1925	308.0385
1540.1925	616.077
1540.1925	924.1155
1540.1925	1232.154
1540.1925	1540.1925
1540.1925	1848.2310000000002
1540.1925	2156.2695000000003
1540.1925	2464.3080000000004
1540.1925	2772.3465000000006
1540.1925	3080.3850000000007
1540.1925	4620.5775
1540.1925	4928.616
1540.1925	5236.6545
1540.1925	5544.692999999999
1540.1925	5852.731499999999
1540.1925	6160.769999999999
1540.1925	6468.808499999998
1848.2310000000002	0.0
1848.2310000000002	308.0385
1848.2310000000002	616.077
1848.2310000000002	924.1155
1848.2310000000002	1232.154
1848.2310000000002	1540.1925
1848.2310000000002	1848.2310000000002
1848.2310000000002	2156.2695000000003
1848.2310000000002	2464.3080000000004
1848.2310000000002	2772.3465000000006
1848.2310000000002	3080.3850000000007
1848.2310000000002	4620.5775
1848.2310000000002	4928.616
1848.2310000000002	5236.6545
1848.2310000000002	5544.692999999999
1848.2310000000002	5852.731499999999
1848.2310000000002	6160.769999999999
1848.2310000000002	6468.808499999998
2156.2695000000003	0.0
2156.2695000000003	308.0385
2156.2695000000003	616.077
2156.2695000000003	924.1155
2156.2695000000003	1232.154
2156.2695000000003	1540.1925
2156.2695000000003	1848.2310000000002
2156.2695000000003	2156.2695000000003
2156.2695000000003	2464.3080000000004
2156.2695000000003	2772.3465000000006
2156.2695000000003	3080.3850000000007
2156.2695000000003	4620.5775
2156.2695000000003	4928.616
2156.2695000000003	5236.6545
2156.2695000000003	5544.692999999999
2156.2695000000003	5852.731499999999
2156.2695000000003	6160.769999999999
2156.2695000000003	6468.808499999998
2464.3080000000004	0.0
2464.3080000000004	2464.3080000000004
2464.3080000000004	2772.3465000000006
2464.3080000000004	3080.3850000000007
2464.3080000000004	3388.423500000001
2464.3080000000004	3696.462000000001
2464.3080000000004	4004.500500000001
2464.3080000000004	4312.539000000001
2464.3080000000004	4620.5775
2464.3080000000004	4928.616
2464.3080000000004	5236.6545
2464.3080000000004	5544.692999999999
2464.3080000000004	5852.731499999999
2464.3080000000004	6160.769999999999
2464.3080000000004	6468.808499999998
2772.3465000000006	0.0
2772.3465000000006	2464.3080000000004
2772.3465000000006	2772.3465000000006
2772.3465000000006	3080.3850000000007
2772.3465000000006	3388.423500000001
2772.3465000000006	3696.462000000001
2772.3465000000006	4004.500500000001
2772.3465000000006	4312.539000000001
2772.3465000000006	4620.5775
2772.3465000000006	4928.616
2772.3465000000006	5236.6545
2772.3465000000006	5544.692999999999
2772.3465000000006	5852.731499999999
2772.3465000000006	6160.769999999999
2772.3465000000006	6468.808499999998
3080.3850000000007	0.0
3080.3850000000007	2464.3080000000004
3080.3850000000007	2772.3465000000006
3080.3850000000007	3080.3850000000007
3080.3850000000007	3388.423500000001
3080.3850000000007	3696.462000000001
3080.3850000000007	4004.500500000001
3080.3850000000007	4312.539000000001
3080.3850000000007	4620.5775
3080.3850000000007	4928.616
3080.3850000000007	5236.6545
3080.3850000000007	5544.692999999999
3080.3850000000007	5852.731499999999
3080.3850000000007	6160.769999999999
3080.3850000000007	6468.808499999998
3388.423500000001	0.0
3388.423500000001	2464.3080000000004
3388.423500000001	2772.3465000000006
3388.423500000001	3080.3850000000007
3388.423500000001	3388.423500000001
3388.423500000001	3696.462000000001
3388.423500000001	4004.500500000001
3388.423500000001	4312.539000000001
3388.423500000001	4620.5775
3388.423500000001	4928.616
3388.423500000001	5236.6545
3388.423500000001	5544.692999999999
3388.423500000001	5852.731499999999
3388.423500000001	6160.769999999999
3388.423500000001	6468.808499999998
3696.462000000001	0.0
3696.462000000001	308.0385
3696.462000000001	616.077
3696.462000000001	924.1155
3696.462000000001	1232.154
3696.462000000001	1540.1925
3696.462000000001	1848.2310000000002
3696.462000000001	2156.2695000000003
3696.462000000001	3388.423500000001
3696.462000000001	3696.462000000001
3696.462000000001	4004.500500000001
3696.462000000001	4312.539000000001
3696.462000000001	4620.5775
3696.462000000001	4928.616
3696.462000000001	5236.6545
3696.462000000001	5544.692999999999
3696.462000000001	5852.731499999999
3696.462000000001	6160.769999999999
3696.462000000001	6468.808499999998
4004.500500000001	0.0
4004.500500000001	308.0385
4004.500500000001	616.077
4004.500500000001	924.1155
4004.500500000001	1232.154
4004.500500000001	1540.1925
4004.500500000001	1848.2310000000002
4004.500500000001	2156.2695000000003
4004.500500000001	3388.423500000001
4004.500500000001	3696.462000000001
4004.500500000001	4004.500500000001
4004.500500000001	4312.539000000001
4004.500500000001	4620.5775
4004.500500000001	4928.616
4004.500500000001	5236.6545
4004.500500000001	5544.692999999999
4004.500500000001	5852.731499999999
4004.500500000001	6160.769999999999
4004.500500000001	6468.808499999998
4312.539000000001	0.0
4312.539000000001	308.0385
4312.539000000001	616.077
4312.539000000001	924.1155
4312.539000000001	1232.154
4312.539000000001	1540.1925
4312.539000000001	1848.2310000000002
4312.539000000001	2156.2695000000003
4312.539000000001	3388.423500000001
4312.539000000001	3696.462000000001
4312.539000000001	4004.500500000001
4312.539000000001	4312.539000000001
4312.539000000001	4620.5775
4312.539000000001	4928.616
4312.539000000001	5236.6545
4312.539000000001	5544.692999999999
4312.539000000001	5852.731499999999
4312.539000000001	6160.769999999999
4312.539000000001	6468.808499999998
4620.5775	0.0
4620.5775	308.0385
4620.5775	616.077
4620.5775	924.1155
4620.5775	1232.154
4620.5775	1540.1925
4620.5775	1848.2310000000002
4620.5775	2156.2695000000003
4620.5775	2464.3080000000004
4620.5775	2772.3465000000006
4620.5775	3080.3850000000007
4620.5775	3388.423500000001
4620.5775	3696.462000000001
4620.5775	4004.500500000001
4620.5775	4312.539000000001
4620.5775	4620.5775
4620.5775	4928.616
4620.5775	5236.6545
4620.5775	5544.692999999999
4620.5775	5852.731499999999
4620.5775	6160.769999999999
4620.5775	6468.808499999998
4928.616	0.0
4928.616	308.0385
4928.616	616.077
4928.616	924.1155
4928.616	1232.154
4928.616	1540.1925
4928.616	1848.2310000000002
4928.616	2156.2695000000003
4928.616	2464.3080000000004
4928.616	2772.3465000000006
4928.616	3080.3850000000007
4928.616	3388.423500000001
4928.616	3696.462000000001
4928.616	4004.500500000001
4928.616	4312.539000000001
4928.616	4620.5775
4928.616	4928.616
4928.616	5236.6545
4928.616	5544.692999999999
4928.616	5852.731499999999
4928.616	6160.769999999999
4928.616	6468.808499999998
5236.6545	0.0
5236.6545	308.0385
5236.6545	616.077
5236.6545	924.1155
5236.6545	1232.154
5236.6545	1540.1925
5236.6545	1848.2310000000002
5236.6545	2156.2695000000003
5236.6545	2464.3080000000004
5236.6545	2772.3465000000006
5236.6545	3080.3850000000007
5236.6545	3388.423500000001
5236.6545	3696.462000000001
5236.6545	4004.500500000001
5236.6545	4312.539000000001
5236.6545	4620.5775
5236.6545	4928.616
5236.6545	5236.6545
5236.6545	5544.692999999999
5236.6545	5852.731499999999
5236.6545	6160.769999999999
5236.6545	6468.808499999998
5544.692999999999	0.0
5544.692999999999	308.0385
5544.692999999999	616.077
5544.692999999999	924.1155
5544.692999999999	1232.154
5544.692999999999	1540.1925
5544.692999999999	1848.2310000000002
5544.692999999999	2156.2695000000003
5544.692999999999	2464.3080000000004
5544.692999999999	2772.3465000000006
5544.692999999999	3080.3850000000007
5544.692999999999	3388.423500000001
5544.692999999999	3696.462000000001
5544.692999999999	4004.500500000001
5544.692999999999	4312.539000000001
5544.692999999999	4620.5775
5544.692999999999	4928.616
5544.692999999999	5236.6545
5544.692999999999	5544.692999999999
5544.692999999999	5852.731499999999
5544.692999999999	6160.769999999999
5544.692999999999	6468.808499999998
5852.731499999999	0.0
5852.731499999999	308.0385
5852.731499999999	616.077
5852.731499999999	924.1155
5852.731499999999	1232.154
5852.731499999999	1540.1925
5852.731499999999	1848.2310000000002
5852.731499999999	2156.2695000000003
5852.731499999999	2464.3080000000004
5852.731499999999	2772.3465000000006
5852.731499999999	3080.3850000000007
5852.731499999999	3388.423500000001
5852.731499999999	3696.462000000001
5852.731499999999	4004.500500000001
5852.731499999999	4312.539000000001
5852.731499999999	4620.5775
5852.731499999999	4928.616
5852.731499999999	5236.6545
5852.731499999999	5544.692999999999
5852.731499999999	5852.731499999999
5852.731499999999	6160.769999999999
5852.731499999999	6468.808499999998
6160.769999999999	0.0
6160.769999999999	308.0385
6160.769999999999	616.077
6160.769999999999	924.1155
6160.769999999999	1232.154
6160.769999999999	1540.1925
6160.769999999999	1848.2310000000002
6160.769999999999	2156.2695000000003
6160.769999999999	2464.3080000000004
6160.769999999999	2772.3465000000006
6160.769999999999	3080.3850000000007
6160.769999999999	3388.423500000001
6160.769999999999	3696.462000000001
6160.769999999999	4004.500500000001
6160.769999999999	4312.539000000001
6160.769999999999	4620.5775
6160.769999999999	4928.616
6160.769999999999	5236.6545
6160.769999999999	5544.692999999999
6160.769999999999	5852.731499999999
6160.769999999999	6160.769999999999
6160.769999999999	6468.808499999998
6468.808499999998	0.0
6468.808499999998	308.0385
6468.808499999998	616.077
6468.808499999998	924.1155
6468.808499999998	1232.154
6468.808499999998	1540.1925
6468.808499999998	1848.2310000000002
6468.808499999998	2156.2695000000003
6468.808499999998	2464.3080000000004
6468.808499999998	2772.3465000000006
6468.808499999998	3080.3850000000007
6468.808499999998	3388.423500000001
6468.808499999998	3696.462000000001
6468.808499999998	4004.500500000001
6468.808499999998	4312.539000000001
6468.808499999998	4620.5775
6468.808499999998	4928.616
6468.808499999998	5236.6545
6468.808499999998	5544.692999999999
6468.808499999998	5852.731499999999
6468.808499999998	6160.769999999999
6468.808499999998	6468.808499999998
6776.846999999998	0.0
6776.846999999998	308.0385
6776.846999999998	616.077
6776.846999999998	924.1155
6776.846999999998	1232.154
6776.846999999998	1540.1925
6776.846999999998	1848.2310000000002
6776.846999999998	2156.2695000000003
6776.846999999998	2464.3080000000004
6776.846999999998	2772.3465000000006
6776.846999999998	3080.3850000000007
6776.846999999998	3388.423500000001
6776.846999999998	3696.462000000001
6776.846999999998	4004.500500000001
6776.846999999998	4312.539000000001
6776.846999999998	4620.5775
6776.846999999998	4928.616
6776.846999999998	5236.6545
6776.846999999998	5544.692999999999
6776.846999999998	5852.731499999999
6776.846999999998	6160.769999999999
6776.846999999998	6468.808499999998
7084.885499999998	0.0
7084.885499999998	308.0385
7084.885499999998	616.077
7084.885499999998	924.1155
7084.885499999998	1232.154
7084.885499999998	1540.1925
7084.885499999998	1848.2310000000002
7084.885499999998	2156.2695000000003
7084.885499999998	2464.3080000000004
7084.885499999998	2772.3465000000006
7084.885499999998	3080.3850000000007
7084.885499999998	3388.423500000001
7084.885499999998	3696.462000000001
7084.885499999998	4004.500500000001
7084.885499999998	4312.539000000001
7084.885499999998	4620.5775
7084.885499999998	4928.616
7084.885499999998	5236.6545
7084.885499999998	5544.692999999999
7084.885499999998	5852.731499999999
7084.885499999998	6160.769999999999
7084.885499999998	6468.808499999998
7392.923999999997	0.0
7392.923999999997	308.0385
7392.923999999997	616.077
7392.923999999997	924.1155
7392.923999999997	1232.154
7392.923999999997	1540.1925
7392.923999999997	1848.2310000000002
7392.923999999997	2156.2695000000003
7392.923999999997	2464.3080000000004
7392.923999999997	2772.3465000000006
7392.923999999997	3080.3850000000007
7392.923999999997	3388.423500000001
7392.923999999997	3696.462000000001
7392.923999999997	4004.500500000001
7392.923999999997	4312.539000000001
7392.923999999997	4620.5775
7392.923999999997	4928.616
7392.923999999997	5236.6545
7392.923999999997	5544.692999999999
7392.923999999997	5852.731499999999
7392.923999999997	6160.769999999999
7392.923999999997	6468.808499999998
7700.962499999997	0.0
7700.962499999997	308.0385
7700.962499999997	616.077
7700.962499999997	924.1155
7700.962499999997	1232.154
7700.962499999997	1540.1925
7700.962499999997	1848.2310000000002
7700.962499999997	2156.2695000000003
7700.962499999997	2464.3080000000004
7700.962499999997	2772.3465000000006
7700.962499999997	3080.3850000000007
7700.962499999997	3388.423500000001
7700.962499999997	3696.462000000001
7700.962499999997	4004.500500000001
7700.962499999997	4312.539000000001
7700.962499999997	4620.5775
7700.962499999997	4928.616
7700.962499999997	5236.6545
7700.962499999997	5544.692999999999
7700.962499999997	5852.731499999999
7700.962499999997	6160.769999999999
7700.962499999997	6468.808499999998
8009.000999999997	0.0
8009.000999999997	308.0385
8009.000999999997	616.077
8009.000999999997	924.1155
8009.000999999997	1232.154
8009.000999999997	1540.1925
8009.000999999997	1848.2310000000002
8009.000999999997	2156.2695000000003
8009.000999999997	2464.3080000000004
8009.000999999997	2772.3465000000006
8009.000999999997	3080.3850000000007
8009.000999999997	3388.423500000001
8009.000999999997	3696.462000000001
8009.000999999997	4004.500500000001
8009.000999999997	4312.539000000001
8009.000999999997	4620.5775
8009.000999999997	4928.616
8009.000999999997	5236.6545
8009.000999999997	5544.692999999999
8009.000999999997	5852.731499999999
8009.000999999997	6160.769999999999
8009.000999999997	6468.808499999998
8317.039499999997	0.0
8317.039499999997	308.0385
8317.039499999997	616.077
8317.039499999997	924.1155
8317.039499999997	1232.154
8317.039499999997	1540.1925
8317.039499999997	1848.2310000000002
8317.039499999997	2156.2695000000003
8317.039499999997	2464.3080000000004
8317.039499999997	2772.3465000000006
8317.039499999997	3080.3850000000007
8317.039499999997	3388.423500000001
8317.039499999997	3696.462000000001
8317.039499999997	4004.500500000001
8317.039499999997	4312.539000000001
8317.039499999997	4620.5775
8317.039499999997	4928.616
8317.039499999997	5236.6545
8317.039499999997	5544.692999999999
8317.039499999997	5852.731499999999
8317.039499999997	6160.769999999999
8317.039499999997	6468.808499999998
8625.077999999998	0.0
8625.077999999998	308.0385
8625.077999999998	616.077
8625.077999999998	924.1155
8625.077999999998	1232.154
8625.077999999998	1540.1925
8625.077999999998	1848.2310000000002
8625.077999999998	2156.2695000000003
8625.077999999998	2464.3080000000004
8625.077999999998	2772.3465000000006
8625.077999999998	3080.3850000000007
8625.077999999998	3388.423500000001
8625.077999999998	3696.462000000001
8625.077999999998	4004.500500000001
8625.077999999998	4312.539000000001
8625.077999999998	4620.5775
8625.077999999998	4928.616
8625.077999999998	5236.6545
8625.077999999998	5544.692999999999
8625.077999999998	5852.731499999999
8625.077999999998	6160.769999999999
8625.077999999998	6468.808499999998
8933.116499999998	0.0
8933.116499999998	308.0385
8933.116499999998	616.077
8933.116499999998	924.1155
8933.116499999998	1232.154
8933.116499999998	1540.1925
8933.116499999998	1848.2310000000002
8933.116499999998	2156.2695000000003
8933.116499999998	2464.3080000000004
8933.116499999998	2772.3465000000006
8933.116499999998	3080.3850000000007
8933.116499999998	3388.423500000001
8933.116499999998	3696.462000000001
8933.116499999998	4004.500500000001
8933.116499999998	4312.539000000001
8933.116499999998	4620.5775
8933.116499999998	4928.616
8933.116499999998	5236.6545
8933.116499999998	5544.692999999999
8933.116499999998	5852.731499999999
8933.116499999998	6160.769999999999
8933.116499999998	6468.808499999998
GRID-End
num_of_evaluations 2000
best obj 0.0012395020296461735
LLH0	47
LLH1	20
LLH2	33
LLH3	42
LLH4	81
LLH5	66
LLH6	63