Initial objective 0.0013063706683263364	 Seed value 118671567
1	 LLH-2	0.0012950242981637971	0.0012950242981637971
2	 LLH-4	0.0012938394093721464	0.0012938394093721464
4	 LLH-2	0.0012949811487087827	0.0012949811487087827
5	 LLH-6	0.0012934958654710952	0.0012934958654710952
6	 LLH-6	0.0012948273598550615	0.0012948273598550615
7	 LLH-3	0.0012604811877440132	0.0012604811877440132
8	 LLH-2	0.0012763664551363506	0.0012763664551363506
9	 LLH-2	0.001285688044025173	0.001285688044025173
10	 LLH-0	0.001284614875565004	0.001284614875565004
11	 LLH-1	0.0012844341082245809	0.0012844341082245809
12	 LLH-2	0.0012711893939343663	0.0012711893939343663
13	 LLH-4	0.0012700209375520349	0.0012700209375520349
17	 LLH-3	0.0013384002447734274	0.0013384002447734274
18	 LLH-2	0.0013300587471127517	0.0013300587471127517
19	 LLH-0	0.0013316398902147451	0.0013316398902147451
20	 LLH-6	0.0013337600606985796	0.0013337600606985796
21	 LLH-4	0.0013320186263769285	0.0013320186263769285
25	 LLH-0	0.0013301402596247484	0.0013301402596247484
26	 LLH-6	0.0013272809038566374	0.0013272809038566374
27	 LLH-3	0.001470654068478815	0.001470654068478815
28	 LLH-3	0.0016449134133671515	0.0016449134133671515
29	 LLH-5	0.0016459224799968246	0.0016459224799968246
30	 LLH-5	0.0016457272017223485	0.0016457272017223485
31	 LLH-6	0.0016470611393087646	0.0016470611393087646
32	 LLH-1	0.0016470611393087646	0.0016470611393087646
33	 LLH-4	0.0016410440603086395	0.0016410440603086395
36	 LLH-0	0.0016474715896970561	0.0016474715896970561
37	 LLH-4	0.0016404970717145387	0.0016404970717145387
39	 LLH-1	0.0016404970717145387	0.0016404970717145387
40	 LLH-3	0.0019428367238409387	0.0019428367238409387
41	 LLH-6	0.0019416854846661022	0.0019416854846661022
42	 LLH-5	0.0019442070964581404	0.0019442070964581404
43	 LLH-2	0.001628431174731642	0.001628431174731642
44	 LLH-1	0.001628431174731642	0.001628431174731642
45	 LLH-2	0.0015695437508240616	0.0015695437508240616
46	 LLH-5	0.0015704108986240141	0.0015704108986240141
47	 LLH-4	0.0015651957463944633	0.0015651957463944633
49	 LLH-5	0.0015668485394108261	0.0015668485394108261
50	 LLH-4	0.0015614390444891298	0.0015614390444891298
52	 LLH-5	0.001561249323438633	0.001561249323438633
53	 LLH-0	0.0015565324939477568	0.0015565324939477568
54	 LLH-5	0.0015550080767011273	0.0015550080767011273
55	 LLH-1	0.0015550080767011273	0.0015550080767011273
56	 LLH-2	0.0014141286175650164	0.0014141286175650164
57	 LLH-4	0.0014109467489491845	0.0014109467489491845
59	 LLH-5	0.0014115582533980858	0.0014115582533980858
60	 LLH-1	0.0014115582533980858	0.0014115582533980858
61	 LLH-3	0.001289430656683511	0.001289430656683511
62	 LLH-3	0.0012684494405837358	0.0012684494405837358
63	 LLH-4	0.0012674970755890695	0.0012674970755890695
67	 LLH-4	0.001266384592667364	0.001266384592667364
70	 LLH-4	0.0012655436365333504	0.0012655436365333504
74	 LLH-0	0.00126640525222159	0.00126640525222159
75	 LLH-0	0.001265469281124642	0.001265469281124642
76	 LLH-3	0.0012514262708593284	0.0012514262708593284
77	 LLH-2	0.0012711403445776121	0.0012711403445776121
78	 LLH-6	0.0012703029724621799	0.0012703029724621799
79	 LLH-1	0.0012702536031110154	0.0012702536031110154
80	 LLH-0	0.0012711557679237146	0.0012711557679237146
81	 LLH-5	0.001270038590679872	0.001270038590679872
82	 LLH-6	0.0012707032699555523	0.0012707032699555523
83	 LLH-6	0.0012710177661840016	0.0012710177661840016
84	 LLH-1	0.0012710177661840016	0.0012710177661840016
85	 LLH-2	0.0012747766797275067	0.0012747766797275067
86	 LLH-3	0.0013384886223984159	0.0013384886223984159
87	 LLH-4	0.0013366256561192667	0.0013366256561192667
90	 LLH-0	0.0013385796484287548	0.0013385796484287548
91	 LLH-6	0.0013360694636542956	0.0013360694636542956
92	 LLH-1	0.0013360694636542956	0.0013360694636542956
93	 LLH-5	0.0013361099664995272	0.0013361099664995272
94	 LLH-5	0.0013369529828097639	0.0013369529828097639
95	 LLH-3	0.0012701782274242774	0.0012701782274242774
96	 LLH-1	0.0012701782274242774	0.0012701782274242774
97	 LLH-4	0.0012701782274242774	0.0012701782274242774
102	 LLH-4	0.0012701782274242774	0.0012701782274242774
107	 LLH-1	0.0012699268502765855	0.0012699268502765855
108	 LLH-4	0.0012699268502765855	0.0012699268502765855
113	 LLH-4	0.0012699268502765855	0.0012699268502765855
118	 LLH-5	0.0012712697709542458	0.0012712697709542458
119	 LLH-5	0.001270765355133268	0.001270765355133268
120	 LLH-0	0.0012719118915602572	0.0012719118915602572
121	 LLH-3	0.001257005796269519	0.001257005796269519
122	 LLH-5	0.0012586705380031704	0.0012586705380031704
123	 LLH-2	0.0012554965026585721	0.0012554965026585721
124	 LLH-6	0.0012560370048578676	0.0012560370048578676
125	 LLH-3	0.0013134703469104762	0.0013134703469104762
126	 LLH-3	0.0012798768317197637	0.0012798768317197637
127	 LLH-4	0.0012788853749201045	0.0012788853749201045
132	 LLH-5	0.0012773148082652662	0.0012773148082652662
133	 LLH-3	0.0013317906299311012	0.0013317906299311012
134	 LLH-3	0.0014456402300397572	0.0014456402300397572
135	 LLH-2	0.0014239369212396583	0.0014239369212396583
136	 LLH-5	0.0014236807303950147	0.0014236807303950147
137	 LLH-1	0.0014236807303950147	0.0014236807303950147
138	 LLH-4	0.0014206773154250786	0.0014206773154250786
141	 LLH-6	0.0014219119165584373	0.0014219119165584373
142	 LLH-2	0.0013793433148648275	0.0013793433148648275
143	 LLH-2	0.001390581011927735	0.001390581011927735
144	 LLH-5	0.0013908153539594532	0.0013908153539594532
145	 LLH-6	0.0013897537879690332	0.0013897537879690332
146	 LLH-4	0.0013873820844209066	0.0013873820844209066
150	 LLH-2	0.0013494831471803483	0.0013494831471803483
151	 LLH-2	0.0013401511439862935	0.0013401511439862935
152	 LLH-1	0.0013401511439862935	0.0013401511439862935
153	 LLH-4	0.0013377980639054316	0.0013377980639054316
156	 LLH-4	0.0013360346977570662	0.0013360346977570662
158	 LLH-1	0.0013360346977570662	0.0013360346977570662
159	 LLH-4	0.0013344053980262833	0.0013344053980262833
161	 LLH-6	0.0013328420702650259	0.0013328420702650259
162	 LLH-2	0.0013064734935686838	0.0013064734935686838
163	 LLH-2	0.0013195383467830661	0.0013195383467830661
164	 LLH-3	0.0012726065760202013	0.0012726065760202013
165	 LLH-1	0.0012729779702397343	0.0012729779702397343
166	 LLH-3	0.0013517787447312295	0.0013517787447312295
167	 LLH-4	0.0013517787447312295	0.0013517787447312295
172	 LLH-4	0.0013496530183798696	0.0013496530183798696
174	 LLH-1	0.0013496530183798696	0.0013496530183798696
175	 LLH-2	0.0013336176275220324	0.0013336176275220324
176	 LLH-3	0.001443988694883735	0.0013336176275220324
177	 LLH-1	0.001333810954587926	0.001333810954587926
178	 LLH-2	0.0013296578695625838	0.0013296578695625838
179	 LLH-5	0.001330199170603043	0.001330199170603043
180	 LLH-4	0.0013285963421964453	0.0013285963421964453
183	 LLH-5	0.001327805770095385	0.001327805770095385
184	 LLH-0	0.001329440082759599	0.001329440082759599
185	 LLH-3	0.0012733674243664006	0.0012733674243664006
186	 LLH-4	0.0012720175911118173	0.0012720175911118173
189	 LLH-3	0.0013475848771346778	0.0013475848771346778
190	 LLH-6	0.0013486390035211166	0.0013486390035211166
191	 LLH-3	0.0014917102503620991	0.0013486390035211166
192	 LLH-5	0.0013472994303820056	0.0013472994303820056
193	 LLH-3	0.0014785156322730808	0.0014785156322730808
194	 LLH-3	0.0016228573845691555	0.0014785156322730808
195	 LLH-5	0.0014783470788008743	0.0014783470788008743
196	 LLH-5	0.0014761240885457663	0.0014761240885457663
197	 LLH-1	0.0014764969338051572	0.0014764969338051572
198	 LLH-2	0.0014348040041649423	0.0014348040041649423
199	 LLH-1	0.001434536266580092	0.001434536266580092
200	 LLH-2	0.001402595124774915	0.001402595124774915
201	 LLH-3	0.0013083996782627045	0.0013083996782627045
202	 LLH-4	0.0013068688194808856	0.0013068688194808856
204	 LLH-1	0.0013068688194808856	0.0013068688194808856
205	 LLH-6	0.0013068944134987021	0.0013068944134987021
206	 LLH-3	0.0014295644000458841	0.0013068944134987021
207	 LLH-1	0.0013064247668866593	0.0013064247668866593
208	 LLH-2	0.0013239331616876993	0.0013239331616876993
209	 LLH-1	0.0013239331616876993	0.0013239331616876993
210	 LLH-6	0.0013225629777998652	0.0013225629777998652
211	 LLH-6	0.0013208807142203493	0.0013208807142203493
212	 LLH-6	0.0013208714352248845	0.0013208714352248845
213	 LLH-4	0.0013192091181130606	0.0013192091181130606
217	 LLH-0	0.001320521919682785	0.001320521919682785
218	 LLH-2	0.001324472589191872	0.001324472589191872
219	 LLH-1	0.001324472589191872	0.001324472589191872
220	 LLH-3	0.0014094830144606016	0.0014094830144606016
221	 LLH-6	0.0014107526878510586	0.0014107526878510586
222	 LLH-5	0.0014104801498411729	0.0014104801498411729
223	 LLH-4	0.0014078858551178277	0.0014078858551178277
225	 LLH-0	0.0014049412212315494	0.0014049412212315494
226	 LLH-0	0.0014076969909629275	0.0014076969909629275
227	 LLH-0	0.0014104180986315691	0.0014104180986315691
228	 LLH-4	0.0014077364391477994	0.0014077364391477994
232	 LLH-0	0.0014050219349857232	0.0014050219349857232
233	 LLH-6	0.0014040447598255945	0.0014040447598255945
234	 LLH-2	0.001385747007524989	0.001385747007524989
235	 LLH-3	0.0012767533866573971	0.0012767533866573971
236	 LLH-4	0.0012753202372435574	0.0012753202372435574
238	 LLH-3	0.0013705018067366329	0.0013705018067366329
239	 LLH-1	0.0013705018067366329	0.0013705018067366329
240	 LLH-6	0.001369825896172308	0.001369825896172308
241	 LLH-2	0.001345952755727696	0.001345952755727696
242	 LLH-1	0.001345952755727696	0.001345952755727696
243	 LLH-5	0.0013459067721465338	0.0013459067721465338
244	 LLH-1	0.001346105541100327	0.001346105541100327
245	 LLH-2	0.0013327916213718026	0.0013327916213718026
246	 LLH-5	0.0013333299845862897	0.0013333299845862897
247	 LLH-6	0.001334510160116862	0.001334510160116862
248	 LLH-4	0.001332729606742489	0.001332729606742489
252	 LLH-0	0.0013346585609197623	0.0013346585609197623
253	 LLH-5	0.0013350860697292184	0.0013350860697292184
254	 LLH-6	0.0013357083517733103	0.0013350860697292184
255	 LLH-1	0.0013350860697292184	0.0013350860697292184
256	 LLH-0	0.0013369243849781574	0.0013369243849781574
257	 LLH-3	0.001487265249147786	0.0013369243849781574
258	 LLH-6	0.0013364769188343572	0.0013364769188343572
259	 LLH-2	0.0013315485144132697	0.0013315485144132697
260	 LLH-0	0.001329914605881105	0.001329914605881105
261	 LLH-4	0.0013276966971087862	0.0013276966971087862
264	 LLH-4	0.0013257206193751996	0.0013257206193751996
266	 LLH-0	0.0013273902107342945	0.0013273902107342945
267	 LLH-1	0.0013273902107342945	0.0013273902107342945
268	 LLH-2	0.0013210298251966162	0.0013210298251966162
269	 LLH-2	0.0013094544491113237	0.0013094544491113237
270	 LLH-6	0.0013095347451637597	0.0013095347451637597
271	 LLH-5	0.0013104381095676103	0.0013104381095676103
272	 LLH-3	0.0012681411257027932	0.0012681411257027932
273	 LLH-2	0.0012686707098723345	0.0012686707098723345
274	 LLH-5	0.001269586197017562	0.001269586197017562
275	 LLH-6	0.0012682594860378166	0.0012682594860378166
276	 LLH-3	0.0012637393271231158	0.0012637393271231158
277	 LLH-1	0.0012637393271231158	0.0012637393271231158
278	 LLH-3	0.001296414308291442	0.001296414308291442
279	 LLH-4	0.001296414308291442	0.001296414308291442
284	 LLH-5	0.0012958483511614394	0.0012958483511614394
285	 LLH-0	0.0012971848753894123	0.0012971848753894123
286	 LLH-5	0.001297654140375137	0.001297654140375137
287	 LLH-4	0.0012963556722701524	0.0012963556722701524
290	 LLH-0	0.0012948436890992713	0.0012948436890992713
291	 LLH-5	0.0012952535528297545	0.0012952535528297545
292	 LLH-3	0.0013700393641679818	0.0013700393641679818
293	 LLH-3	0.0015055088714937036	0.0015055088714937036
294	 LLH-3	0.0013153631407207202	0.0013153631407207202
295	 LLH-4	0.001314061239921137	0.001314061239921137
299	 LLH-5	0.0013141758137623512	0.0013141758137623512
300	 LLH-0	0.0013123769391298133	0.0013123769391298133
301	 LLH-2	0.001312690737970657	0.001312690737970657
302	 LLH-6	0.0013126280713848968	0.0013126280713848968
303	 LLH-3	0.0012698952677144418	0.0012698952677144418
304	 LLH-4	0.0012688337368663683	0.0012688337368663683
308	 LLH-5	0.0012693675588749222	0.0012693675588749222
309	 LLH-0	0.001268262511602849	0.001268262511602849
310	 LLH-4	0.0012671532379266034	0.0012671532379266034
315	 LLH-6	0.001267579242246094	0.001267579242246094
316	 LLH-0	0.0012685529134621996	0.0012685529134621996
317	 LLH-5	0.0012692370281739212	0.0012692370281739212
318	 LLH-6	0.0012704917803919558	0.0012704917803919558
319	 LLH-5	0.0012701660012037937	0.0012701660012037937
320	 LLH-1	0.0012701660012037937	0.0012701660012037937
321	 LLH-6	0.001269568693048388	0.001269568693048388
322	 LLH-1	0.001269568693048388	0.001269568693048388
323	 LLH-6	0.0012701091250559267	0.0012701091250559267
324	 LLH-6	0.0012702395159623443	0.0012702395159623443
325	 LLH-6	0.0012694343863588063	0.0012694343863588063
326	 LLH-0	0.001268621869503899	0.001268621869503899
327	 LLH-3	0.0013411242815065672	0.0013411242815065672
328	 LLH-3	0.0014627717413924616	0.0013411242815065672
329	 LLH-6	0.0013403110999465385	0.0013403110999465385
330	 LLH-3	0.0012788598516722807	0.0012788598516722807
331	 LLH-5	0.00127711838357526	0.00127711838357526
332	 LLH-4	0.0012761575238089925	0.0012761575238089925
334	 LLH-3	0.0012562425137889062	0.0012562425137889062
335	 LLH-2	0.0012611945273760692	0.0012611945273760692
336	 LLH-6	0.0012607839092617118	0.0012607839092617118
337	 LLH-0	0.0012598280695674134	0.0012598280695674134
338	 LLH-2	0.0012708018086768993	0.0012708018086768993
339	 LLH-6	0.0012707861210869097	0.0012707861210869097
340	 LLH-5	0.0012701925422829287	0.0012701925422829287
341	 LLH-6	0.0012710342577203226	0.0012710342577203226
342	 LLH-1	0.0012710342577203226	0.0012710342577203226
343	 LLH-4	0.001270074163186511	0.001270074163186511
346	 LLH-4	0.001270074163186511	0.001270074163186511
351	 LLH-0	0.001269315194809327	0.001269315194809327
352	 LLH-5	0.001269315194809327	0.001269315194809327
353	 LLH-2	0.0012870430177614367	0.0012870430177614367
354	 LLH-2	0.0013009724442619574	0.0013009724442619574
355	 LLH-4	0.0012996723124407848	0.0012996723124407848
359	 LLH-1	0.0013003781337626663	0.0013003781337626663
360	 LLH-2	0.001291688269523478	0.001291688269523478
361	 LLH-5	0.0012919225053336565	0.0012919225053336565
362	 LLH-1	0.0012917864578540369	0.0012917864578540369
363	 LLH-6	0.0012904654548399795	0.0012904654548399795
364	 LLH-2	0.0013011884392255366	0.0013011884392255366
365	 LLH-1	0.0013011884392255366	0.0013011884392255366
366	 LLH-1	0.0013011386386869985	0.0013011386386869985
367	 LLH-2	0.001297016852591605	0.001297016852591605
368	 LLH-2	0.0013019459209800408	0.0013019459209800408
369	 LLH-0	0.001303380773825395	0.001303380773825395
370	 LLH-0	0.0013047997655275046	0.0013047997655275046
371	 LLH-4	0.0013030894005763944	0.0013030894005763944
373	 LLH-0	0.0013041439733327096	0.0013041439733327096
374	 LLH-0	0.0013057615301898487	0.0013057615301898487
375	 LLH-3	0.0014108965318022763	0.0014108965318022763
376	 LLH-6	0.0014106736989195332	0.0014106736989195332
377	 LLH-4	0.0014078432047560626	0.0014078432047560626
379	 LLH-4	0.001405329179327988	0.001405329179327988
381	 LLH-5	0.0014066103078640738	0.0014066103078640738
382	 LLH-6	0.0014044764289511708	0.0014044764289511708
383	 LLH-6	0.0014055365138117672	0.0014055365138117672
384	 LLH-6	0.0014052643355830416	0.0014052643355830416
385	 LLH-3	0.0012906477625103687	0.0012906477625103687
386	 LLH-0	0.00129180132217542	0.00129180132217542
387	 LLH-0	0.0012905819322002329	0.0012905819322002329
388	 LLH-5	0.001290576204590959	0.001290576204590959
389	 LLH-3	0.0013699070709363387	0.0013699070709363387
390	 LLH-2	0.0013575084145229423	0.0013575084145229423
391	 LLH-3	0.0015054527792576298	0.0013575084145229423
392	 LLH-0	0.0013593612111823029	0.0013593612111823029
393	 LLH-1	0.001359865990116871	0.001359865990116871
394	 LLH-0	0.001357518513149266	0.001357518513149266
395	 LLH-4	0.0013551187712068614	0.0013551187712068614
397	 LLH-6	0.0013523625924630389	0.0013523625924630389
398	 LLH-4	0.0013501428518255978	0.0013501428518255978
401	 LLH-1	0.0013502335576735698	0.0013502335576735698
402	 LLH-2	0.0013352227703145665	0.0013352227703145665
403	 LLH-4	0.0013336242372142821	0.0013336242372142821
406	 LLH-6	0.0013350576565629025	0.0013350576565629025
407	 LLH-2	0.0013325913335214322	0.0013325913335214322
408	 LLH-0	0.0013309334480657107	0.0013309334480657107
409	 LLH-2	0.00132808183060497	0.00132808183060497
410	 LLH-6	0.0013287444764630378	0.0013287444764630378
411	 LLH-2	0.0013235617465568983	0.0013235617465568983
412	 LLH-3	0.0014171151719633145	0.0014171151719633145
413	 LLH-2	0.0014328567129869999	0.0014328567129869999
414	 LLH-2	0.0013824165938610966	0.0013824165938610966
415	 LLH-0	0.0013797781936806587	0.0013797781936806587
416	 LLH-0	0.0013772185958403976	0.0013772185958403976
417	 LLH-2	0.0013685601298826632	0.0013685601298826632
418	 LLH-4	0.0013665672150199775	0.0013665672150199775
420	 LLH-5	0.0013664623642531445	0.0013664623642531445
421	 LLH-2	0.0013366430853827744	0.0013366430853827744
422	 LLH-2	0.001332487664612398	0.001332487664612398
423	 LLH-0	0.0013307446026234045	0.0013307446026234045
424	 LLH-5	0.001331474496824839	0.001331474496824839
425	 LLH-1	0.001331657301041964	0.001331657301041964
426	 LLH-5	0.0013313873906004815	0.0013313873906004815
427	 LLH-5	0.00133033982546265	0.00133033982546265
428	 LLH-3	0.0012791904049922638	0.0012791904049922638
429	 LLH-4	0.0012783330115473373	0.0012783330115473373
431	 LLH-0	0.0012773205495872153	0.0012773205495872153
432	 LLH-4	0.0012763907795019158	0.0012763907795019158
436	 LLH-5	0.0012765591065282186	0.0012765591065282186
437	 LLH-0	0.0012774884180436208	0.0012774884180436208
438	 LLH-5	0.0012779152643817644	0.0012779152643817644
439	 LLH-6	0.0012784332127257292	0.0012784332127257292
440	 LLH-4	0.0012774328353183629	0.0012774328353183629
445	 LLH-1	0.0012774328353183629	0.0012774328353183629
446	 LLH-4	0.0012765107940939427	0.0012765107940939427
450	 LLH-3	0.0012510253734961962	0.0012510253734961962
451	 LLH-2	0.001262573513034046	0.001262573513034046
452	 LLH-6	0.0012617743897228595	0.0012617743897228595
453	 LLH-5	0.0012620821315362826	0.0012620821315362826
454	 LLH-1	0.0012620821315362826	0.0012620821315362826
455	 LLH-4	0.0012620821315362826	0.0012620821315362826
460	 LLH-0	0.0012612459970462425	0.0012612459970462425
461	 LLH-3	0.0012618426623430678	0.0012618426623430678
462	 LLH-2	0.0012569239152376483	0.0012569239152376483
463	 LLH-4	0.00125600762647498	0.00125600762647498
466	 LLH-2	0.0012633624077771413	0.0012633624077771413
467	 LLH-2	0.0012803775103807605	0.0012803775103807605
468	 LLH-5	0.0012793094695409029	0.0012793094695409029
469	 LLH-3	0.0013508402726919203	0.0012793094695409029
470	 LLH-1	0.0012793094695409029	0.0012793094695409029
471	 LLH-0	0.0012800355490239278	0.0012800355490239278
472	 LLH-1	0.0012800355490239278	0.0012800355490239278
473	 LLH-2	0.0012688796071694572	0.0012688796071694572
474	 LLH-0	0.0012697784043808405	0.0012697784043808405
475	 LLH-5	0.0012704441609592194	0.0012704441609592194
476	 LLH-3	0.0012486867694392035	0.0012486867694392035
477	 LLH-6	0.0012477384480439123	0.0012477384480439123
478	 LLH-6	0.001246460121083048	0.001246460121083048
479	 LLH-6	0.0012473581887230802	0.0012473581887230802
480	 LLH-4	0.0012473581887230802	0.0012473581887230802
485	 LLH-1	0.0012473581887230802	0.0012473581887230802
486	 LLH-5	0.0012478473849740022	0.0012478473849740022
487	 LLH-4	0.0012478473849740022	0.0012478473849740022
492	 LLH-6	0.001248623103948126	0.001248623103948126
493	 LLH-5	0.0012492009297227187	0.0012492009297227187
494	 LLH-5	0.0012499601509525734	0.0012499601509525734
495	 LLH-0	0.0012669281677437766	0.0012669281677437766
496	 LLH-3	0.0012528870665532803	0.0012528870665532803
497	 LLH-6	0.001251634671012189	0.001251634671012189
498	 LLH-4	0.001251634671012189	0.001251634671012189
503	 LLH-1	0.001251634671012189	0.001251634671012189
504	 LLH-3	0.0012480536646787524	0.0012480536646787524
505	 LLH-2	0.0012613332449189145	0.0012613332449189145
506	 LLH-5	0.0012609316572372057	0.0012609316572372057
507	 LLH-4	0.0012446892149701686	0.0012446892149701686
509	 LLH-4	0.0012446892149701686	0.0012446892149701686
514	 LLH-5	0.0012446169302941497	0.0012446169302941497
515	 LLH-6	0.0012450457205590828	0.0012450457205590828
516	 LLH-4	0.0012450457205590828	0.0012450457205590828
521	 LLH-6	0.0012447533896119954	0.0012447533896119954
522	 LLH-0	0.0012455016355637104	0.0012455016355637104
523	 LLH-3	0.0012801199074926597	0.0012455016355637104
524	 LLH-5	0.0012454628137455548	0.0012454628137455548
525	 LLH-1	0.0012454628137455548	0.0012454628137455548
526	 LLH-5	0.0012454830068582324	0.0012454830068582324
527	 LLH-1	0.0012454830068582324	0.0012454830068582324
528	 LLH-2	0.0012605367529304815	0.0012605367529304815
529	 LLH-3	0.0013144385925646018	0.0012605367529304815
530	 LLH-3	0.0012883043710854613	0.0012605367529304815
531	 LLH-5	0.0012606271351029803	0.0012606271351029803
532	 LLH-2	0.0012641744003192767	0.0012641744003192767
533	 LLH-5	0.0012640560125149187	0.0012640560125149187
534	 LLH-4	0.0012640560125149187	0.0012640560125149187
539	 LLH-2	0.0012651815706305426	0.0012651815706305426
540	 LLH-6	0.0012643229499362985	0.0012643229499362985
541	 LLH-5	0.0012642107068090106	0.0012642107068090106
542	 LLH-5	0.001263288001427059	0.001263288001427059
543	 LLH-6	0.001263011629134524	0.001263011629134524
544	 LLH-1	0.001263011629134524	0.001263011629134524
545	 LLH-0	0.0012638317109126577	0.0012638317109126577
546	 LLH-4	0.001262901284071507	0.001262901284071507
548	 LLH-2	0.0012719757665387913	0.0012719757665387913
549	 LLH-2	0.0012881441091391313	0.0012719757665387913
550	 LLH-4	0.0012719757665387913	0.0012719757665387913
555	 LLH-5	0.001271622556353798	0.001271622556353798
556	 LLH-5	0.0012732881847409116	0.0012732881847409116
557	 LLH-1	0.0012733197531073978	0.0012733197531073978
558	 LLH-4	0.0012733197531073978	0.0012733197531073978
563	 LLH-1	0.001272987881987257	0.001272987881987257
564	 LLH-1	0.0012726133359740404	0.0012726133359740404
565	 LLH-5	0.0012717701886659732	0.0012717701886659732
566	 LLH-1	0.0012717701886659732	0.0012717701886659732
567	 LLH-5	0.0012724955522509884	0.0012724955522509884
568	 LLH-4	0.0012724955522509884	0.0012724955522509884
573	 LLH-2	0.0012864865666416196	0.0012864865666416196
574	 LLH-0	0.0012875923684695946	0.0012875923684695946
575	 LLH-3	0.0012657600371146298	0.0012657600371146298
576	 LLH-2	0.0012680544146371382	0.0012680544146371382
577	 LLH-2	0.0012656864612198078	0.0012656864612198078
578	 LLH-5	0.001266888043423955	0.001266888043423955
579	 LLH-6	0.0012670127644941551	0.0012670127644941551
580	 LLH-1	0.001266972221822323	0.001266972221822323
581	 LLH-4	0.0012660547879804686	0.0012660547879804686
583	 LLH-0	0.001267115647250671	0.001267115647250671
584	 LLH-5	0.0012663292998036668	0.0012663292998036668
585	 LLH-5	0.0012665164575198613	0.0012665164575198613
586	 LLH-3	0.0012492190985516644	0.0012492190985516644
587	 LLH-5	0.001248506028098997	0.001248506028098997
588	 LLH-1	0.001248506028098997	0.001248506028098997
589	 LLH-1	0.001248506028098997	0.001248506028098997
590	 LLH-6	0.0012466687341973913	0.0012466687341973913
591	 LLH-5	0.0012474196109971063	0.0012474196109971063
592	 LLH-1	0.0012474196109971063	0.0012474196109971063
593	 LLH-4	0.0012474196109971063	0.0012474196109971063
598	 LLH-1	0.0012474196109971063	0.0012474196109971063
599	 LLH-4	0.0012474196109971063	0.0012474196109971063
604	 LLH-0	0.0012643472918196475	0.0012643472918196475
605	 LLH-0	0.0012635208472143217	0.0012635208472143217
606	 LLH-1	0.0012635208472143217	0.0012635208472143217
607	 LLH-0	0.0012624755369717486	0.0012624755369717486
608	 LLH-6	0.001261755585677121	0.001261755585677121
609	 LLH-3	0.0012906108721184946	0.001261755585677121
610	 LLH-2	0.0012649159941370738	0.0012649159941370738
611	 LLH-5	0.0012647618051301308	0.0012647618051301308
612	 LLH-3	0.0012463420969207042	0.0012463420969207042
613	 LLH-6	0.001246212961522677	0.001246212961522677
614	 LLH-6	0.001246218507792488	0.001246218507792488
615	 LLH-1	0.001246218507792488	0.001246218507792488
616	 LLH-0	0.0012467429881357357	0.0012467429881357357
617	 LLH-5	0.0012470228771692172	0.0012470228771692172
618	 LLH-4	0.0012470228771692172	0.0012470228771692172
623	 LLH-3	0.001254045359243192	0.001254045359243192
624	 LLH-6	0.0012538315535882518	0.0012538315535882518
625	 LLH-4	0.001253398231992272	0.001253398231992272
629	 LLH-6	0.0012532849195002105	0.0012532849195002105
630	 LLH-0	0.0012537434634376369	0.0012537434634376369
631	 LLH-2	0.0012484698815060165	0.0012484698815060165
632	 LLH-0	0.001248000551181174	0.001248000551181174
633	 LLH-2	0.001248441303167035	0.001248441303167035
634	 LLH-3	0.00130954074136092	0.001248441303167035
635	 LLH-2	0.0012587291509417052	0.0012587291509417052
636	 LLH-3	0.001325784453852895	0.0012587291509417052
637	 LLH-2	0.0012634773912383944	0.0012587291509417052
638	 LLH-0	0.0012598370384549389	0.0012598370384549389
639	 LLH-4	0.0012589408831262237	0.0012589408831262237
643	 LLH-5	0.0012591521283495319	0.0012591521283495319
644	 LLH-5	0.001259691106670697	0.001259691106670697
645	 LLH-3	0.0012630367533101863	0.0012630367533101863
646	 LLH-2	0.0012731478914962857	0.0012731478914962857
647	 LLH-2	0.0012768192286773863	0.0012768192286773863
648	 LLH-0	0.0012761004853954257	0.0012761004853954257
649	 LLH-4	0.0012761004853954257	0.0012761004853954257
654	 LLH-4	0.0012750132064063497	0.0012750132064063497
656	 LLH-5	0.001274745341368636	0.001274745341368636
657	 LLH-3	0.0013294979270870096	0.001274745341368636
658	 LLH-6	0.001273179081069992	0.001273179081069992
659	 LLH-5	0.0012732117818240758	0.0012732117818240758
660	 LLH-1	0.0012732117818240758	0.0012732117818240758
661	 LLH-4	0.0012723226683738183	0.0012723226683738183
665	 LLH-5	0.0012726420729661748	0.0012726420729661748
666	 LLH-6	0.0012734400420960738	0.0012734400420960738
667	 LLH-6	0.0012725953275579496	0.0012725953275579496
668	 LLH-1	0.0012725953275579496	0.0012725953275579496
669	 LLH-6	0.0012716537430154098	0.0012716537430154098
670	 LLH-5	0.0012726552365800955	0.0012726552365800955
671	 LLH-6	0.001270806794492929	0.001270806794492929
672	 LLH-3	0.0012492784041417606	0.0012492784041417606
673	 LLH-4	0.0012492784041417606	0.0012492784041417606
678	 LLH-6	0.0012490665814733103	0.0012490665814733103
679	 LLH-5	0.0012490621285835652	0.0012490621285835652
680	 LLH-3	0.001252786271984564	0.001252786271984564
681	 LLH-5	0.001252977715516543	0.001252977715516543
682	 LLH-2	0.0012525055819566577	0.0012525055819566577
683	 LLH-0	0.001253198656214573	0.001253198656214573
684	 LLH-2	0.0012575071124122867	0.0012575071124122867
685	 LLH-3	0.0012558226749546492	0.0012558226749546492
686	 LLH-2	0.0012671421362501364	0.0012558226749546492
687	 LLH-0	0.0012564494957091484	0.0012564494957091484
688	 LLH-1	0.0012564494957091484	0.0012564494957091484
689	 LLH-3	0.001243230962222922	0.001243230962222922
690	 LLH-2	0.0012541849367242804	0.0012541849367242804
691	 LLH-1	0.0012541849367242804	0.0012541849367242804
692	 LLH-2	0.0012560385014082475	0.0012560385014082475
693	 LLH-5	0.0012560731504708527	0.0012560731504708527
694	 LLH-5	0.0012568606723066585	0.0012568606723066585
695	 LLH-6	0.0012584058785453677	0.0012584058785453677
696	 LLH-5	0.0012577702305158899	0.0012577702305158899
697	 LLH-3	0.0013106223680780175	0.0012577702305158899
698	 LLH-4	0.0012568401189793207	0.0012568401189793207
701	 LLH-1	0.0012565717202228216	0.0012565717202228216
702	 LLH-0	0.0012573670518674753	0.0012573670518674753
703	 LLH-4	0.0012573670518674753	0.0012573670518674753
708	 LLH-5	0.0012564855434822981	0.0012564855434822981
709	 LLH-6	0.0012585639424100756	0.0012585639424100756
710	 LLH-4	0.0012579127617162525	0.0012579127617162525
712	 LLH-0	0.0012590997552085897	0.0012579127617162525
713	 LLH-2	0.001273099770846714	0.0012579127617162525
714	 LLH-6	0.0012588543968326373	0.0012588543968326373
715	 LLH-5	0.0012569953136986028	0.0012569953136986028
716	 LLH-3	0.0013114205716490282	0.0012569953136986028
717	 LLH-0	0.0012579636925254714	0.0012569953136986028
718	 LLH-2	0.0012560527776992957	0.0012560527776992957
719	 LLH-1	0.001256190933655517	0.001256190933655517
720	 LLH-4	0.001256190933655517	0.001256190933655517
725	 LLH-5	0.0012560195752745471	0.0012560195752745471
726	 LLH-3	0.0012599665830451581	0.0012599665830451581
727	 LLH-1	0.0012599665830451581	0.0012599665830451581
728	 LLH-2	0.001259633854739546	0.001259633854739546
729	 LLH-1	0.001259633854739546	0.001259633854739546
730	 LLH-1	0.001259633854739546	0.001259633854739546
731	 LLH-1	0.001259633854739546	0.001259633854739546
732	 LLH-2	0.0012691848576179658	0.0012691848576179658
733	 LLH-5	0.0012696496489557497	0.0012696496489557497
734	 LLH-2	0.0012667850489138037	0.0012667850489138037
735	 LLH-5	0.00126596014408376	0.00126596014408376
736	 LLH-4	0.0012650020682781291	0.0012650020682781291
738	 LLH-3	0.0013332195674840613	0.0012650020682781291
739	 LLH-4	0.0012642997555558277	0.0012642997555558277
741	 LLH-5	0.0012645664938263493	0.0012645664938263493
742	 LLH-4	0.0012636254974687532	0.0012636254974687532
745	 LLH-6	0.0012641923429580247	0.0012641923429580247
746	 LLH-2	0.001266442504920031	0.001266442504920031
747	 LLH-1	0.001266442504920031	0.001266442504920031
748	 LLH-3	0.0013490592356901149	0.001266442504920031
749	 LLH-4	0.001265377029839872	0.001265377029839872
752	 LLH-1	0.001265377029839872	0.001265377029839872
753	 LLH-0	0.0012643738578136349	0.0012643738578136349
754	 LLH-6	0.001263725754346091	0.001263725754346091
755	 LLH-4	0.0012626302929332612	0.0012626302929332612
757	 LLH-4	0.0012616282059363926	0.0012616282059363926
761	 LLH-6	0.001260798228619824	0.001260798228619824
762	 LLH-4	0.001260798228619824	0.001260798228619824
767	 LLH-0	0.001261834079953045	0.001261834079953045
768	 LLH-5	0.001261300659015216	0.001261300659015216
769	 LLH-2	0.001287359693027719	0.001261300659015216
770	 LLH-3	0.001259406107657697	0.001259406107657697
771	 LLH-1	0.001259406107657697	0.001259406107657697
772	 LLH-2	0.0012635520200587488	0.0012635520200587488
773	 LLH-1	0.001263510584363621	0.001263510584363621
774	 LLH-0	0.0012625357511063054	0.0012625357511063054
775	 LLH-0	0.0012636655563298396	0.0012625357511063054
776	 LLH-0	0.0012632339451034286	0.0012632339451034286
777	 LLH-0	0.0012641963600380113	0.0012641963600380113
778	 LLH-1	0.0012641963600380113	0.0012641963600380113
779	 LLH-0	0.0012650548050286983	0.0012650548050286983
780	 LLH-2	0.0012646432326079396	0.0012646432326079396
781	 LLH-4	0.0012646432326079396	0.0012646432326079396
786	 LLH-5	0.0012644550485115874	0.0012644550485115874
787	 LLH-4	0.001263313291712591	0.001263313291712591
789	 LLH-5	0.001263313291712591	0.001263313291712591
790	 LLH-3	0.0012607281768698309	0.0012607281768698309
791	 LLH-6	0.001260466040287037	0.001260466040287037
792	 LLH-5	0.0012605302933534363	0.0012605302933534363
793	 LLH-0	0.0012612126426108066	0.0012612126426108066
794	 LLH-2	0.0012689665657968708	0.0012689665657968708
795	 LLH-0	0.0012700383910410177	0.0012700383910410177
796	 LLH-0	0.0012690695762922325	0.0012690695762922325
797	 LLH-4	0.0012683115229092606	0.0012683115229092606
801	 LLH-5	0.001268395993445804	0.001268395993445804
802	 LLH-1	0.0012686008025235365	0.0012686008025235365
803	 LLH-6	0.0012678716944948317	0.0012678716944948317
804	 LLH-6	0.0012665950141982094	0.0012665950141982094
805	 LLH-1	0.0012665950141982094	0.0012665950141982094
806	 LLH-1	0.0012666959724988963	0.0012666959724988963
807	 LLH-3	0.0013089749914082815	0.0012666959724988963
808	 LLH-5	0.0012669000241550769	0.0012669000241550769
809	 LLH-2	0.00126272373820241	0.00126272373820241
810	 LLH-1	0.00126272373820241	0.00126272373820241
811	 LLH-3	0.0012580757304642403	0.0012580757304642403
812	 LLH-6	0.00125679930501013	0.00125679930501013
813	 LLH-1	0.0012568834241372421	0.0012568834241372421
814	 LLH-4	0.0012562666636463237	0.0012562666636463237
818	 LLH-2	0.0012676638415689127	0.0012562666636463237
819	 LLH-2	0.0012666649201739536	0.0012562666636463237
820	 LLH-5	0.0012567537103135601	0.0012567537103135601
821	 LLH-2	0.0012629311226534253	0.0012567537103135601
822	 LLH-4	0.0012562345729944086	0.0012562345729944086
825	 LLH-2	0.0012552764327893227	0.0012552764327893227
826	 LLH-5	0.001256098550276419	0.001256098550276419
827	 LLH-0	0.0012566848649151275	0.0012566848649151275
828	 LLH-1	0.0012566356190067578	0.0012566356190067578
829	 LLH-0	0.0012573172302219665	0.0012573172302219665
830	 LLH-4	0.0012560270461471294	0.0012560270461471294
832	 LLH-2	0.0012678721654335605	0.0012560270461471294
833	 LLH-6	0.0012565988812579694	0.0012560270461471294
834	 LLH-5	0.001256261466838102	0.001256261466838102
835	 LLH-6	0.001254989582765027	0.001254989582765027
836	 LLH-0	0.0012538702040612497	0.0012538702040612497
837	 LLH-2	0.0012642339618507271	0.0012642339618507271
838	 LLH-4	0.0012633458579481306	0.0012633458579481306
842	 LLH-2	0.0012669163239384178	0.0012669163239384178
843	 LLH-6	0.001269122408204697	0.001269122408204697
844	 LLH-6	0.0012686792219240434	0.0012686792219240434
845	 LLH-4	0.0012676180326135883	0.0012676180326135883
847	 LLH-5	0.0012672108237451354	0.0012672108237451354
848	 LLH-5	0.0012668439092017065	0.0012668439092017065
849	 LLH-5	0.001266688069378164	0.001266688069378164
850	 LLH-6	0.001266977002108548	0.001266977002108548
851	 LLH-6	0.0012691572281473508	0.0012691572281473508
852	 LLH-6	0.0012689581445110623	0.0012689581445110623
853	 LLH-6	0.001269222447360044	0.001269222447360044
854	 LLH-6	0.0012690260249303812	0.0012690260249303812
855	 LLH-6	0.0012694997836709264	0.0012694997836709264
856	 LLH-2	0.0012872758043516305	0.0012694997836709264
857	 LLH-1	0.0012696282917828046	0.0012696282917828046
858	 LLH-3	0.0013502724139097429	0.0012696282917828046
859	 LLH-3	0.001339071423033949	0.0012696282917828046
860	 LLH-2	0.0012902256450584302	0.0012696282917828046
861	 LLH-3	0.0013361997929715677	0.0012696282917828046
862	 LLH-4	0.0012684406519693422	0.0012684406519693422
864	 LLH-0	0.0012674552983519725	0.0012674552983519725
865	 LLH-0	0.0012683597072142474	0.0012683597072142474
866	 LLH-4	0.0012683597072142474	0.0012683597072142474
871	 LLH-0	0.0012694593808085452	0.0012694593808085452
872	 LLH-5	0.0012697189771248227	0.0012697189771248227
873	 LLH-1	0.0012697189771248227	0.0012697189771248227
874	 LLH-0	0.001271283430416924	0.0012697189771248227
875	 LLH-2	0.0012786291699702923	0.0012786291699702923
876	 LLH-3	0.0012640670763251032	0.0012640670763251032
877	 LLH-1	0.0012640670763251032	0.0012640670763251032
878	 LLH-1	0.0012640710449084878	0.0012640710449084878
879	 LLH-0	0.0012632894460886752	0.0012632894460886752
880	 LLH-3	0.001327028002638224	0.0012632894460886752
881	 LLH-2	0.0012627935053283442	0.0012627935053283442
882	 LLH-6	0.001261816824673308	0.001261816824673308
883	 LLH-5	0.0012632887346474856	0.0012632887346474856
884	 LLH-6	0.0012630925738938152	0.0012630925738938152
885	 LLH-5	0.0012626141963210213	0.0012626141963210213
886	 LLH-3	0.001250438982380397	0.001250438982380397
887	 LLH-5	0.001251228266537834	0.001251228266537834
888	 LLH-0	0.001251858966763793	0.001251858966763793
889	 LLH-5	0.0012517412079705668	0.0012517412079705668
890	 LLH-0	0.0012524250916691806	0.0012524250916691806
891	 LLH-6	0.0012522529918096896	0.0012522529918096896
892	 LLH-3	0.0012956854444762596	0.0012522529918096896
893	 LLH-5	0.0012523132561517432	0.0012523132561517432
894	 LLH-4	0.0012523132561517432	0.0012523132561517432
899	 LLH-4	0.0012516550125410684	0.0012516550125410684
902	 LLH-5	0.0012516256645507596	0.0012516256645507596
903	 LLH-4	0.001251043579868917	0.001251043579868917
906	 LLH-2	0.0012522975990327135	0.0012522975990327135
907	 LLH-0	0.0012529162993832835	0.0012529162993832835
908	 LLH-5	0.0012511802569510429	0.0012511802569510429
909	 LLH-2	0.0012549838394042092	0.0012511802569510429
910	 LLH-4	0.0012505985461371142	0.0012505985461371142
912	 LLH-2	0.001267723805628514	0.0012505985461371142
913	 LLH-2	0.0012548860317650001	0.0012505985461371142
914	 LLH-5	0.0012505985461371142	0.0012505985461371142
915	 LLH-0	0.0012499569373932969	0.0012499569373932969
916	 LLH-2	0.0012589871501210742	0.0012499569373932969
917	 LLH-0	0.0012491067595901358	0.0012491067595901358
918	 LLH-5	0.0012498416147180942	0.0012498416147180942
919	 LLH-4	0.0012498416147180942	0.0012498416147180942
924	 LLH-1	0.0012498416147180942	0.0012498416147180942
925	 LLH-1	0.0012498416147180942	0.0012498416147180942
926	 LLH-2	0.001258429040632841	0.0012498416147180942
927	 LLH-2	0.0012599283685801371	0.0012498416147180942
928	 LLH-4	0.0012491722471273787	0.0012491722471273787
931	 LLH-3	0.001310292076785359	0.0012491722471273787
932	 LLH-4	0.0012491722471273787	0.0012491722471273787
937	 LLH-2	0.0012683272159352778	0.0012491722471273787
938	 LLH-4	0.0012491722471273787	0.0012491722471273787
943	 LLH-2	0.0012652300728507198	0.0012491722471273787
944	 LLH-6	0.0012506150235244223	0.0012506150235244223
945	 LLH-5	0.001250907887993444	0.0012506150235244223
946	 LLH-2	0.0012723615010208945	0.0012506150235244223
947	 LLH-2	0.0012679137025888413	0.0012506150235244223
948	 LLH-0	0.0012514814579127954	0.0012514814579127954
949	 LLH-6	0.0012528478949118142	0.0012528478949118142
950	 LLH-4	0.0012519118350281038	0.0012519118350281038
954	 LLH-4	0.0012519118350281038	0.0012519118350281038
959	 LLH-3	0.001310950133109148	0.0012519118350281038
960	 LLH-0	0.0012529589378423697	0.0012519118350281038
961	 LLH-4	0.0012519118350281038	0.0012519118350281038
966	 LLH-0	0.0012524899265327454	0.0012524899265327454
967	 LLH-2	0.0012733142660977853	0.0012524899265327454
968	 LLH-6	0.0012523679787921134	0.0012523679787921134
969	 LLH-4	0.0012516660742837773	0.0012516660742837773
974	 LLH-2	0.0012733247260285695	0.0012516660742837773
975	 LLH-1	0.0012517156993227965	0.0012517156993227965
976	 LLH-1	0.0012517156993227965	0.0012517156993227965
977	 LLH-0	0.0012525792429021786	0.0012525792429021786
978	 LLH-2	0.0012650800091941758	0.0012525792429021786
979	 LLH-1	0.0012525792429021786	0.0012525792429021786
980	 LLH-5	0.0012524199660412184	0.0012524199660412184
981	 LLH-1	0.0012527030005273427	0.0012527030005273427
982	 LLH-4	0.001252121136996207	0.001252121136996207
985	 LLH-2	0.001259856686377689	0.001252121136996207
986	 LLH-3	0.0013098656728944423	0.001252121136996207
987	 LLH-5	0.0012505114378021473	0.0012505114378021473
988	 LLH-3	0.0012952255597064699	0.0012505114378021473
989	 LLH-4	0.0012505114378021473	0.0012505114378021473
994	 LLH-5	0.0012507414439125297	0.0012507414439125297
995	 LLH-3	0.0012529387445590246	0.0012507414439125297
996	 LLH-5	0.0012500508086575593	0.0012500508086575593
997	 LLH-0	0.0012507246061743069	0.0012507246061743069
998	 LLH-2	0.0012538071532380195	0.0012507246061743069
999	 LLH-4	0.001249779681064961	0.001249779681064961
1003	 LLH-5	0.0012493062755177752	0.0012493062755177752
1004	 LLH-1	0.0012492628881395045	0.0012492628881395045
1005	 LLH-0	0.0012499396230813591	0.0012492628881395045
1006	 LLH-1	0.0012492628881395045	0.0012492628881395045
1007	 LLH-1	0.0012492628881395045	0.0012492628881395045
1008	 LLH-0	0.0012499146411732646	0.0012499146411732646
1009	 LLH-3	0.001250600287092127	0.001250600287092127
1010	 LLH-5	0.001250743127605983	0.001250600287092127
1011	 LLH-1	0.001250600287092127	0.001250600287092127
1012	 LLH-6	0.0012504621136202585	0.0012504621136202585
1013	 LLH-4	0.0012504621136202585	0.0012504621136202585
1018	 LLH-2	0.00124970652016492	0.00124970652016492
1019	 LLH-2	0.0012576154972872744	0.00124970652016492
1020	 LLH-2	0.0012522099691360219	0.0012522099691360219
1021	 LLH-1	0.0012522099691360219	0.0012522099691360219
1022	 LLH-4	0.0012513467451120864	0.0012513467451120864
1026	 LLH-1	0.0012513467451120864	0.0012513467451120864
1027	 LLH-6	0.0012508709564640495	0.0012508709564640495
1028	 LLH-2	0.0012689742111115052	0.0012508709564640495
1029	 LLH-4	0.0012508709564640495	0.0012508709564640495
1034	 LLH-5	0.0012515211109784719	0.0012515211109784719
1035	 LLH-3	0.0012941417200763089	0.0012515211109784719
1036	 LLH-0	0.0012505826724614462	0.0012505826724614462
1037	 LLH-1	0.0012505826724614462	0.0012505826724614462
1038	 LLH-1	0.0012505826724614462	0.0012505826724614462
1039	 LLH-2	0.0012687554260033661	0.0012505826724614462
1040	 LLH-3	0.0012493005591974137	0.0012493005591974137
1041	 LLH-4	0.0012487553037329436	0.0012487553037329436
1043	 LLH-0	0.0012482084769192916	0.0012482084769192916
1044	 LLH-1	0.0012482084769192916	0.0012482084769192916
1045	 LLH-2	0.0012630063644063073	0.0012482084769192916
1046	 LLH-1	0.0012484647940434477	0.0012484647940434477
1047	 LLH-5	0.0012485856843450953	0.0012485856843450953
1048	 LLH-4	0.001248096927072124	0.001248096927072124
1052	 LLH-5	0.0012476538002195777	0.0012476538002195777
1053	 LLH-2	0.0012527598414603515	0.0012476538002195777
1054	 LLH-2	0.00125825697571512	0.0012476538002195777
1055	 LLH-1	0.0012476538002195777	0.0012476538002195777
1056	 LLH-0	0.0012484017772230868	0.0012476538002195777
1057	 LLH-3	0.0012469493809999109	0.0012469493809999109
1058	 LLH-1	0.0012469493809999109	0.0012469493809999109
1059	 LLH-1	0.001246955060428718	0.001246955060428718
1060	 LLH-4	0.0012464625029465378	0.0012464625029465378
1064	 LLH-4	0.0012464625029465378	0.0012464625029465378
1069	 LLH-3	0.0012839305724795507	0.0012464625029465378
1070	 LLH-3	0.001250471415877863	0.0012464625029465378
1071	 LLH-0	0.001246976367331066	0.001246976367331066
1072	 LLH-1	0.0012467819068002132	0.0012467819068002132
1073	 LLH-3	0.0012521985137289955	0.0012467819068002132
1074	 LLH-5	0.001247823631559935	0.0012467819068002132
1075	 LLH-0	0.001247556337398601	0.0012467819068002132
1076	 LLH-1	0.0012468653330299274	0.0012468653330299274
1077	 LLH-1	0.0012468653330299274	0.0012468653330299274
1078	 LLH-3	0.0012668538578876115	0.0012468653330299274
1079	 LLH-2	0.0012605636455283043	0.0012468653330299274
1080	 LLH-1	0.0012468653330299274	0.0012468653330299274
1081	 LLH-3	0.0012709144572013813	0.0012468653330299274
1082	 LLH-3	0.0012882507424853708	0.0012468653330299274
1083	 LLH-4	0.0012463470498909482	0.0012463470498909482
1086	 LLH-0	0.0012468050607931877	0.0012463470498909482
1087	 LLH-5	0.0012465820427497503	0.0012465820427497503
1088	 LLH-4	0.0012461611107672987	0.0012461611107672987
1092	 LLH-1	0.0012461611107672987	0.0012461611107672987
1093	 LLH-5	0.001246124014086752	0.001246124014086752
1094	 LLH-3	0.0012937307202954109	0.001246124014086752
1095	 LLH-6	0.0012461432073027116	0.0012461432073027116
1096	 LLH-2	0.0012534558088645898	0.0012461432073027116
1097	 LLH-6	0.0012460895298070686	0.0012460895298070686
1098	 LLH-3	0.0012462797036541843	0.0012462797036541843
1099	 LLH-5	0.0012464831726440662	0.0012464831726440662
1100	 LLH-3	0.0012775946555641398	0.0012464831726440662
1101	 LLH-1	0.0012464831726440662	0.0012464831726440662
1102	 LLH-4	0.0012464831726440662	0.0012464831726440662
1107	 LLH-3	0.0012539752586616703	0.0012464831726440662
1108	 LLH-1	0.0012464831726440662	0.0012464831726440662
1109	 LLH-6	0.0012463360738478473	0.0012463360738478473
1110	 LLH-2	0.0012442687567374802	0.0012442687567374802
1111	 LLH-0	0.0012447841538065448	0.0012442687567374802
1112	 LLH-4	0.0012438471806586321	0.0012438471806586321
1116	 LLH-0	0.0012442509255807107	0.0012438471806586321
1117	 LLH-2	0.0012596995291806968	0.0012438471806586321
1118	 LLH-0	0.0012443747314775575	0.0012443747314775575
1119	 LLH-0	0.001244896454867798	0.001244896454867798
1120	 LLH-6	0.001244034707297492	0.001244034707297492
1121	 LLH-4	0.001244034707297492	0.001244034707297492
1126	 LLH-2	0.001253276078607363	0.001244034707297492
1127	 LLH-6	0.0012438977555699108	0.0012438977555699108
1128	 LLH-6	0.0012437674511358852	0.0012437674511358852
1129	 LLH-3	0.0012851013826911761	0.0012437674511358852
1130	 LLH-5	0.0012438797199819098	0.0012438797199819098
1131	 LLH-2	0.001260900499693775	0.0012438797199819098
1132	 LLH-2	0.001247259417808243	0.0012438797199819098
1133	 LLH-6	0.0012450191086471841	0.0012438797199819098
1134	 LLH-5	0.0012438810466588613	0.0012438810466588613
1135	 LLH-6	0.001244260128901419	0.001244260128901419
1136	 LLH-6	0.0012440737396056444	0.0012440737396056444
1137	 LLH-2	0.001249061995251298	0.0012440737396056444
1138	 LLH-5	0.001243661782771188	0.001243661782771188
1139	 LLH-4	0.0012429101710235613	0.0012429101710235613
1143	 LLH-0	0.0012433168242031957	0.0012433168242031957
1144	 LLH-2	0.001255737841584615	0.0012433168242031957
1145	 LLH-1	0.0012433168242031957	0.0012433168242031957
1146	 LLH-2	0.0012530225105241667	0.0012433168242031957
1147	 LLH-5	0.0012436499382929033	0.0012433168242031957
1148	 LLH-1	0.0012433168242031957	0.0012433168242031957
1149	 LLH-6	0.0012437118586374803	0.0012433168242031957
1150	 LLH-1	0.0012434528998159944	0.0012434528998159944
1151	 LLH-6	0.0012429646580248766	0.0012429646580248766
1152	 LLH-4	0.0012429646580248766	0.0012429646580248766
1157	 LLH-6	0.001243488069595641	0.001243488069595641
1158	 LLH-4	0.0012430237878320045	0.0012430237878320045
1161	 LLH-6	0.0012426677370915335	0.0012426677370915335
1162	 LLH-5	0.0012426137306342743	0.0012426137306342743
1163	 LLH-4	0.0012420999331131655	0.0012420999331131655
1167	 LLH-6	0.0012420280334237237	0.0012420280334237237
1168	 LLH-2	0.0012508277002983969	0.0012420280334237237
1169	 LLH-5	0.001242231750560075	0.001242231750560075
1170	 LLH-6	0.0012425447471237487	0.0012425447471237487
1171	 LLH-2	0.001245189078626356	0.0012425447471237487
1172	 LLH-3	0.0012824865089947895	0.0012425447471237487
1173	 LLH-5	0.0012424341038111042	0.0012424341038111042
1174	 LLH-2	0.0012472399263499922	0.0012424341038111042
1175	 LLH-4	0.0012424341038111042	0.0012424341038111042
1180	 LLH-2	0.0012531556571037136	0.0012424341038111042
1181	 LLH-4	0.0012424341038111042	0.0012424341038111042
1186	 LLH-5	0.0012429781700148193	0.0012424341038111042
1187	 LLH-5	0.0012428591530616896	0.0012424341038111042
1188	 LLH-5	0.0012420894372381043	0.0012420894372381043
1189	 LLH-5	0.0012428106271026899	0.0012428106271026899
1190	 LLH-2	0.0012474309786776494	0.0012428106271026899
1191	 LLH-1	0.0012428106271026899	0.0012428106271026899
1192	 LLH-0	0.001243273186930586	0.0012428106271026899
1193	 LLH-5	0.0012430977992521298	0.0012428106271026899
1194	 LLH-0	0.0012433694179826314	0.0012433694179826314
1195	 LLH-4	0.0012433694179826314	0.0012433694179826314
1200	 LLH-4	0.001242811970416728	0.001242811970416728
1204	 LLH-4	0.0012420856534285435	0.0012420856534285435
1209	 LLH-5	0.0012423224053584373	0.0012423224053584373
1210	 LLH-3	0.0012552603227095726	0.0012423224053584373
1211	 LLH-0	0.001257573001675256	0.0012423224053584373
1212	 LLH-1	0.0012425344354964377	0.0012425344354964377
1213	 LLH-1	0.001242599140539826	0.001242599140539826
1214	 LLH-0	0.001243339327281906	0.001242599140539826
1215	 LLH-6	0.001242743286082664	0.001242743286082664
1216	 LLH-2	0.0012512682489231328	0.001242743286082664
1217	 LLH-0	0.001243255073870993	0.001243255073870993
1218	 LLH-0	0.0012438939261347941	0.0012438939261347941
1219	 LLH-1	0.0012438939261347941	0.0012438939261347941
1220	 LLH-5	0.001244153172111081	0.001244153172111081
1221	 LLH-0	0.0012448526340039419	0.0012448526340039419
1222	 LLH-4	0.0012442710838931389	0.0012442710838931389
1225	 LLH-5	0.0012442215187691173	0.0012442215187691173
1226	 LLH-1	0.0012442215187691173	0.0012442215187691173
1227	 LLH-6	0.00124380632727836	0.00124380632727836
1228	 LLH-0	0.001244364960605998	0.001244364960605998
1229	 LLH-3	0.0012549911095796646	0.001244364960605998
1230	 LLH-6	0.0012442486493930353	0.0012442486493930353
1231	 LLH-3	0.0012872706716484162	0.0012442486493930353
1232	 LLH-4	0.0012437111569799724	0.0012437111569799724
1235	 LLH-6	0.0012442242997998804	0.0012437111569799724
1236	 LLH-3	0.0012571360638541154	0.0012437111569799724
1237	 LLH-6	0.0012439110057968317	0.0012439110057968317
1238	 LLH-0	0.0012431049385512264	0.0012431049385512264
1239	 LLH-1	0.0012431049385512264	0.0012431049385512264
1240	 LLH-1	0.0012431365154217163	0.0012431365154217163
1241	 LLH-1	0.0012431365154217163	0.0012431365154217163
1242	 LLH-4	0.0012431365154217163	0.0012431365154217163
1247	 LLH-6	0.0012431001224481697	0.0012431001224481697
1248	 LLH-4	0.0012431001224481697	0.0012431001224481697
1253	 LLH-4	0.0012424811433229526	0.0012424811433229526
1257	 LLH-3	0.0012452359222293132	0.0012424811433229526
1258	 LLH-5	0.0012427219439366214	0.0012424811433229526
1259	 LLH-0	0.0012435753105366908	0.0012424811433229526
1260	 LLH-3	0.0012559270658734154	0.0012424811433229526
1261	 LLH-5	0.0012429362564751669	0.0012429362564751669
1262	 LLH-0	0.0012437452757664337	0.0012429362564751669
1263	 LLH-5	0.0012431675626321907	0.0012429362564751669
1264	 LLH-1	0.0012426538923938398	0.0012426538923938398
1265	 LLH-6	0.0012428863519660948	0.0012426538923938398
1266	 LLH-1	0.0012426538923938398	0.0012426538923938398
1267	 LLH-5	0.0012428302079843915	0.0012428302079843915
1268	 LLH-3	0.0012759359952908302	0.0012428302079843915
1269	 LLH-3	0.0012447518817456503	0.0012428302079843915
1270	 LLH-4	0.0012428302079843915	0.0012428302079843915
1275	 LLH-4	0.0012428302079843915	0.0012428302079843915
1280	 LLH-2	0.0012508110884051726	0.0012428302079843915
1281	 LLH-0	0.0012433496136295872	0.0012428302079843915
1282	 LLH-5	0.0012426193907492324	0.0012426193907492324
1283	 LLH-6	0.0012440213426841364	0.0012426193907492324
1284	 LLH-4	0.0012426193907492324	0.0012426193907492324
1289	 LLH-0	0.0012579003741975008	0.0012426193907492324
1290	 LLH-1	0.0012426193907492324	0.0012426193907492324
1291	 LLH-5	0.001242538280866404	0.001242538280866404
1292	 LLH-0	0.0012430805452231593	0.001242538280866404
1293	 LLH-2	0.0012470105443725388	0.001242538280866404
1294	 LLH-3	0.0012428996460686664	0.001242538280866404
1295	 LLH-2	0.0012526103596326363	0.001242538280866404
1296	 LLH-6	0.0012432063121524813	0.001242538280866404
1297	 LLH-3	0.001280164350366033	0.001242538280866404
1298	 LLH-6	0.0012422843439982424	0.0012422843439982424
1299	 LLH-1	0.0012422843439982424	0.0012422843439982424
1300	 LLH-3	0.0012875495398097007	0.0012422843439982424
1301	 LLH-5	0.0012422921517521914	0.0012422921517521914
1302	 LLH-1	0.0012422921517521914	0.0012422921517521914
1303	 LLH-1	0.0012422921517521914	0.0012422921517521914
1304	 LLH-3	0.0012877224145264956	0.0012422921517521914
1305	 LLH-0	0.0012427691020782555	0.0012422921517521914
1306	 LLH-2	0.0012559718935461226	0.0012422921517521914
1307	 LLH-1	0.0012422921517521914	0.0012422921517521914
1308	 LLH-3	0.001243521218950716	0.0012422921517521914
1309	 LLH-3	0.0012550325665865582	0.0012422921517521914
1310	 LLH-4	0.0012422921517521914	0.0012422921517521914
1315	 LLH-4	0.0012422921517521914	0.0012422921517521914
1320	 LLH-3	0.0013055865609213509	0.0012422921517521914
1321	 LLH-1	0.0012422921517521914	0.0012422921517521914
1322	 LLH-6	0.0012434034599865442	0.0012422921517521914
1323	 LLH-4	0.0012422921517521914	0.0012422921517521914
1328	 LLH-3	0.001242821944161284	0.0012422921517521914
1329	 LLH-5	0.0012422921517521914	0.0012422921517521914
1330	 LLH-6	0.0012426761618715319	0.0012422921517521914
1331	 LLH-3	0.001272502965284438	0.0012422921517521914
1332	 LLH-4	0.0012422921517521914	0.0012422921517521914
1337	 LLH-2	0.001254947113439197	0.0012422921517521914
1338	 LLH-5	0.0012423038454353005	0.0012423038454353005
1339	 LLH-6	0.001242409259134152	0.0012423038454353005
1340	 LLH-4	0.0012423038454353005	0.0012423038454353005
1345	 LLH-6	0.001243150372910757	0.0012423038454353005
1346	 LLH-3	0.0012454529637922207	0.0012423038454353005
1347	 LLH-4	0.0012423038454353005	0.0012423038454353005
1352	 LLH-2	0.0012488500968936235	0.0012423038454353005
1353	 LLH-0	0.001257628584852271	0.0012423038454353005
1354	 LLH-2	0.0012503724561721496	0.0012423038454353005
1355	 LLH-0	0.0012574045300658841	0.0012423038454353005
1356	 LLH-1	0.0012423038454353005	0.0012423038454353005
1357	 LLH-5	0.0012422374503247506	0.0012422374503247506
1358	 LLH-1	0.0012422928105253318	0.0012422928105253318
1359	 LLH-5	0.001242130355716531	0.001242130355716531
1360	 LLH-1	0.0012422422854034476	0.0012422422854034476
1361	 LLH-5	0.0012434086249544887	0.0012422422854034476
1362	 LLH-3	0.001243930180973954	0.0012422422854034476
1363	 LLH-4	0.0012422422854034476	0.0012422422854034476
1368	 LLH-5	0.0012425048981626924	0.0012425048981626924
1369	 LLH-5	0.001242490538368412	0.001242490538368412
1370	 LLH-6	0.0012428719519210266	0.0012428719519210266
1371	 LLH-4	0.0012428719519210266	0.0012428719519210266
1376	 LLH-3	0.0012757925361351133	0.0012428719519210266
1377	 LLH-4	0.0012428719519210266	0.0012428719519210266
1382	 LLH-1	0.0012427273664886718	0.0012427273664886718
1383	 LLH-0	0.0012434460822014777	0.0012427273664886718
1384	 LLH-2	0.0012513760456873961	0.0012427273664886718
1385	 LLH-4	0.0012427273664886718	0.0012427273664886718
1390	 LLH-1	0.0012427273664886718	0.0012427273664886718
1391	 LLH-2	0.0012509208262667143	0.0012427273664886718
1392	 LLH-4	0.0012427273664886718	0.0012427273664886718
1397	 LLH-1	0.0012427273664886718	0.0012427273664886718
1398	 LLH-1	0.0012427273664886718	0.0012427273664886718
1399	 LLH-3	0.0012450409468347846	0.0012427273664886718
1400	 LLH-0	0.001243552592439303	0.0012427273664886718
1401	 LLH-0	0.0012433079596439502	0.0012427273664886718
1402	 LLH-2	0.0012540363683423291	0.0012427273664886718
1403	 LLH-5	0.0012424832142221565	0.0012424832142221565
1404	 LLH-1	0.0012424832142221565	0.0012424832142221565
1405	 LLH-1	0.0012425207582726823	0.0012425207582726823
1406	 LLH-2	0.001253425808210105	0.0012425207582726823
1407	 LLH-2	0.001259998503893088	0.0012425207582726823
1408	 LLH-4	0.0012425207582726823	0.0012425207582726823
1413	 LLH-1	0.0012425207582726823	0.0012425207582726823
1414	 LLH-1	0.0012425207582726823	0.0012425207582726823
1415	 LLH-3	0.001241743733841536	0.001241743733841536
1416	 LLH-0	0.0012422008493583358	0.001241743733841536
1417	 LLH-6	0.001241443988540508	0.001241443988540508
1418	 LLH-2	0.00124651560998913	0.001241443988540508
1419	 LLH-5	0.0012413632192217548	0.0012413632192217548
1420	 LLH-6	0.0012414048869847664	0.0012414048869847664
1421	 LLH-0	0.0012419057340811847	0.0012414048869847664
1422	 LLH-5	0.0012416730554323026	0.0012414048869847664
1423	 LLH-1	0.0012414048869847664	0.0012414048869847664
1424	 LLH-3	0.0012690220651403062	0.0012414048869847664
1425	 LLH-4	0.0012414048869847664	0.0012414048869847664
1430	 LLH-6	0.0012410542413324767	0.0012410542413324767
1431	 LLH-6	0.0012410095921965526	0.0012410095921965526
1432	 LLH-2	0.0012547626616191809	0.0012410095921965526
1433	 LLH-6	0.0012418022055105896	0.0012410095921965526
1434	 LLH-6	0.001240907677129663	0.001240907677129663
1435	 LLH-1	0.001240907677129663	0.001240907677129663
1436	 LLH-6	0.001241654346826935	0.001240907677129663
1437	 LLH-6	0.0012415304827715367	0.001240907677129663
1438	 LLH-0	0.001241416526541581	0.001241416526541581
1439	 LLH-5	0.0012414310232428858	0.0012414310232428858
1440	 LLH-5	0.0012410086702262558	0.0012410086702262558
1441	 LLH-4	0.0012410086702262558	0.0012410086702262558
1446	 LLH-5	0.0012406087549162415	0.0012406087549162415
1447	 LLH-0	0.0012411114289763983	0.0012406087549162415
1448	 LLH-4	0.0012406087549162415	0.0012406087549162415
1453	 LLH-3	0.0012816666334243996	0.0012406087549162415
1454	 LLH-0	0.0012414090037767623	0.0012406087549162415
1455	 LLH-2	0.001258103547266071	0.0012406087549162415
1456	 LLH-3	0.0012447810182727387	0.0012406087549162415
1457	 LLH-2	0.001256504066801648	0.0012406087549162415
1458	 LLH-4	0.0012406087549162415	0.0012406087549162415
1463	 LLH-2	0.0012490787769265247	0.0012406087549162415
1464	 LLH-4	0.0012406087549162415	0.0012406087549162415
1469	 LLH-2	0.0012512185578752752	0.0012406087549162415
1470	 LLH-1	0.0012406087549162415	0.0012406087549162415
1471	 LLH-2	0.0012532467139482063	0.0012406087549162415
1472	 LLH-1	0.0012406475375328786	0.0012406475375328786
1473	 LLH-0	0.001241184899176842	0.0012406475375328786
1474	 LLH-1	0.0012406475375328786	0.0012406475375328786
1475	 LLH-5	0.001240519854934857	0.001240519854934857
1476	 LLH-3	0.0012447184612338854	0.001240519854934857
1477	 LLH-1	0.001240519854934857	0.001240519854934857
1478	 LLH-6	0.0012415718017338695	0.001240519854934857
1479	 LLH-0	0.001241283938176578	0.001240519854934857
1480	 LLH-4	0.001240015405047296	0.001240015405047296
1482	 LLH-0	0.0012406878867959104	0.001240015405047296
1483	 LLH-4	0.001240015405047296	0.001240015405047296
1488	 LLH-1	0.001240015405047296	0.001240015405047296
1489	 LLH-1	0.001240015405047296	0.001240015405047296
1490	 LLH-0	0.0012404895226273943	0.001240015405047296
1491	 LLH-2	0.0012533236685717906	0.001240015405047296
1492	 LLH-4	0.001240015405047296	0.001240015405047296
1497	 LLH-3	0.0012470348576626347	0.001240015405047296
1498	 LLH-3	0.0012796644079852996	0.001240015405047296
1499	 LLH-6	0.0012406183734736662	0.001240015405047296
1500	 LLH-2	0.0012575529942029414	0.001240015405047296
1501	 LLH-2	0.0012574398601035313	0.001240015405047296
1502	 LLH-6	0.0012406151059722935	0.001240015405047296
1503	 LLH-4	0.001240015405047296	0.001240015405047296
1508	 LLH-1	0.001240015405047296	0.001240015405047296
1509	 LLH-1	0.001240015405047296	0.001240015405047296
1510	 LLH-1	0.001240015405047296	0.001240015405047296
1511	 LLH-5	0.0012405006928483103	0.001240015405047296
1512	 LLH-3	0.0012454439453100387	0.001240015405047296
1513	 LLH-2	0.0012469492221938916	0.001240015405047296
1514	 LLH-1	0.001240015405047296	0.001240015405047296
1515	 LLH-3	0.0012460055225636132	0.001240015405047296
1516	 LLH-6	0.001240884039684369	0.001240015405047296
1517	 LLH-5	0.0012399786090886693	0.0012399786090886693
1518	 LLH-6	0.0012405203284207062	0.0012399786090886693
1519	 LLH-3	0.0012785035774177302	0.0012399786090886693
1520	 LLH-4	0.0012399786090886693	0.0012399786090886693
1525	 LLH-1	0.0012399786090886693	0.0012399786090886693
1526	 LLH-2	0.0012529501858534692	0.0012399786090886693
1527	 LLH-1	0.0012399786090886693	0.0012399786090886693
1528	 LLH-1	0.0012399786090886693	0.0012399786090886693
1529	 LLH-0	0.0012405687643003832	0.0012399786090886693
1530	 LLH-5	0.0012409198725398245	0.0012399786090886693
1531	 LLH-2	0.001243772978020168	0.0012399786090886693
1532	 LLH-1	0.0012399786090886693	0.0012399786090886693
1533	 LLH-2	0.0012498605534032184	0.0012399786090886693
1534	 LLH-3	0.0012740963886883863	0.0012399786090886693
1535	 LLH-6	0.0012402300048047182	0.0012399786090886693
1536	 LLH-0	0.0012406040165778094	0.0012399786090886693
1537	 LLH-4	0.0012399786090886693	0.0012399786090886693
1542	 LLH-2	0.0012571185069560173	0.0012399786090886693
1543	 LLH-4	0.0012399786090886693	0.0012399786090886693
1548	 LLH-2	0.0012522891988365403	0.0012399786090886693
1549	 LLH-3	0.0012616436341133692	0.0012399786090886693
1550	 LLH-4	0.0012399786090886693	0.0012399786090886693
1555	 LLH-5	0.0012406030165627395	0.0012399786090886693
1556	 LLH-5	0.0012402006201028808	0.0012399786090886693
1557	 LLH-2	0.0012450466930220378	0.0012399786090886693
1558	 LLH-0	0.0012546932808469133	0.0012399786090886693
1559	 LLH-5	0.0012400121880705589	0.0012399786090886693
1560	 LLH-3	0.001275725828692422	0.0012399786090886693
1561	 LLH-3	0.0012807847929218784	0.0012399786090886693
1562	 LLH-6	0.0012401608792117268	0.0012399786090886693
1563	 LLH-5	0.001240230626563953	0.0012399786090886693
1564	 LLH-6	0.0012402683550653006	0.0012399786090886693
1565	 LLH-4	0.0012399786090886693	0.0012399786090886693
1570	 LLH-2	0.001248355723273724	0.0012399786090886693
1571	 LLH-3	0.001245472206277939	0.0012399786090886693
1572	 LLH-0	0.001240458434434888	0.0012399786090886693
1573	 LLH-0	0.0012546272578326577	0.0012399786090886693
1574	 LLH-3	0.001271837727974913	0.0012399786090886693
1575	 LLH-1	0.0012399786090886693	0.0012399786090886693
1576	 LLH-6	0.001240039710418505	0.0012399786090886693
1577	 LLH-6	0.0012401624292319793	0.0012399786090886693
1578	 LLH-0	0.001240791314457978	0.0012399786090886693
1579	 LLH-0	0.0012547441170714475	0.0012399786090886693
1580	 LLH-2	0.0012516490216001202	0.0012399786090886693
1581	 LLH-6	0.0012413496739737905	0.0012399786090886693
1582	 LLH-2	0.0012527963634628553	0.0012399786090886693
1583	 LLH-3	0.0012452833164949204	0.0012399786090886693
1584	 LLH-2	0.0012513020748082164	0.0012399786090886693
1585	 LLH-0	0.0012404824063825192	0.0012399786090886693
1586	 LLH-4	0.0012399786090886693	0.0012399786090886693
1591	 LLH-1	0.0012400476964787139	0.0012399786090886693
1592	 LLH-1	0.0012399786090886693	0.0012399786090886693
1593	 LLH-0	0.0012406472827708637	0.0012399786090886693
1594	 LLH-0	0.0012406619593722968	0.0012399786090886693
1595	 LLH-2	0.0012500163732161588	0.0012399786090886693
1596	 LLH-5	0.0012400529225300445	0.0012399786090886693
1597	 LLH-3	0.0012781695704830237	0.0012399786090886693
1598	 LLH-0	0.001240387358231882	0.0012399786090886693
1599	 LLH-3	0.0012411158072027795	0.0012399786090886693
1600	 LLH-3	0.0012440541267025242	0.0012399786090886693
1601	 LLH-3	0.0012648823752147156	0.0012399786090886693
1602	 LLH-5	0.0012396905552178618	0.0012396905552178618
1603	 LLH-3	0.001261455050849646	0.0012396905552178618
1604	 LLH-6	0.001239920193156263	0.0012396905552178618
1605	 LLH-5	0.0012401783984507192	0.0012396905552178618
1606	 LLH-1	0.0012396905552178618	0.0012396905552178618
1607	 LLH-3	0.001264209588484176	0.0012396905552178618
1608	 LLH-0	0.0012543446998617867	0.0012396905552178618
1609	 LLH-3	0.0012643639392164586	0.0012396905552178618
1610	 LLH-5	0.0012399049393978395	0.0012396905552178618
1611	 LLH-2	0.0012520882914576425	0.0012396905552178618
1612	 LLH-0	0.0012402101688719273	0.0012396905552178618
1613	 LLH-2	0.0012482645781416006	0.0012396905552178618
1614	 LLH-5	0.0012401051856535266	0.0012396905552178618
1615	 LLH-2	0.0012457511686998607	0.0012396905552178618
1616	 LLH-3	0.0012459365155961654	0.0012396905552178618
1617	 LLH-5	0.0012396917959810745	0.0012396917959810745
1618	 LLH-0	0.0012402020077650713	0.0012396917959810745
1619	 LLH-1	0.0012396917959810745	0.0012396917959810745
1620	 LLH-3	0.0012798048565579338	0.0012396917959810745
1621	 LLH-5	0.0012397041441031694	0.0012397041441031694
1622	 LLH-6	0.001240184711747864	0.0012397041441031694
1623	 LLH-0	0.0012402017283808413	0.0012397041441031694
1624	 LLH-0	0.001240223785227749	0.0012397041441031694
1625	 LLH-4	0.0012397041441031694	0.0012397041441031694
1630	 LLH-2	0.0012507687307098873	0.0012397041441031694
1631	 LLH-0	0.0012403698683772356	0.0012397041441031694
1632	 LLH-5	0.001239941263668798	0.0012397041441031694
1633	 LLH-2	0.001246605479576496	0.0012397041441031694
1634	 LLH-6	0.001240072148848214	0.0012397041441031694
1635	 LLH-2	0.0012428856374608705	0.0012397041441031694
1636	 LLH-0	0.001240455555574742	0.0012397041441031694
1637	 LLH-2	0.001253434153897424	0.0012397041441031694
1638	 LLH-1	0.0012397041441031694	0.0012397041441031694
1639	 LLH-4	0.0012397041441031694	0.0012397041441031694
1644	 LLH-0	0.0012401516955090135	0.0012397041441031694
1645	 LLH-1	0.0012396799066047286	0.0012396799066047286
1646	 LLH-6	0.001240096191914927	0.0012396799066047286
1647	 LLH-5	0.0012397058648148536	0.0012397058648148536
1648	 LLH-0	0.0012544687358302766	0.0012397058648148536
1649	 LLH-2	0.0012569860463800546	0.0012397058648148536
1650	 LLH-0	0.0012401271162857028	0.0012397058648148536
1651	 LLH-4	0.0012397058648148536	0.0012397058648148536
1656	 LLH-0	0.0012544550746068877	0.0012397058648148536
1657	 LLH-5	0.0012403137734552175	0.0012397058648148536
1658	 LLH-1	0.0012397058648148536	0.0012397058648148536
1659	 LLH-2	0.0012582155199856284	0.0012397058648148536
1660	 LLH-4	0.0012397058648148536	0.0012397058648148536
1665	 LLH-4	0.0012397058648148536	0.0012397058648148536
1670	 LLH-4	0.0012397058648148536	0.0012397058648148536
1675	 LLH-4	0.0012397058648148536	0.0012397058648148536
1680	 LLH-5	0.0012399201503239157	0.0012397058648148536
1681	 LLH-6	0.0012399218288218672	0.0012397058648148536
1682	 LLH-0	0.0012403657516693257	0.0012397058648148536
1683	 LLH-6	0.0012410399019621972	0.0012397058648148536
1684	 LLH-1	0.001240075380254195	0.0012397058648148536
1685	 LLH-6	0.0012410941336844531	0.0012397058648148536
1686	 LLH-3	0.001258606481558075	0.0012397058648148536
1687	 LLH-4	0.0012397058648148536	0.0012397058648148536
1692	 LLH-4	0.0012397058648148536	0.0012397058648148536
1697	 LLH-5	0.0012398120590279887	0.0012397058648148536
1698	 LLH-3	0.0012639152133831046	0.0012397058648148536
1699	 LLH-2	0.0012544156006705962	0.0012397058648148536
1700	 LLH-1	0.0012397058648148536	0.0012397058648148536
1701	 LLH-6	0.0012407672050752622	0.0012397058648148536
1702	 LLH-0	0.0012402584591465484	0.0012397058648148536
1703	 LLH-0	0.0012401981071656868	0.0012397058648148536
1704	 LLH-4	0.0012397058648148536	0.0012397058648148536
1709	 LLH-5	0.0012399772832494959	0.0012397058648148536
1710	 LLH-5	0.0012397525693594094	0.0012397058648148536
1711	 LLH-5	0.0012396896185656282	0.0012396896185656282
1712	 LLH-1	0.0012396618094874285	0.0012396618094874285
1713	 LLH-0	0.0012400587768137369	0.0012396618094874285
1714	 LLH-2	0.0012544932876137206	0.0012396618094874285
1715	 LLH-0	0.0012542750512958942	0.0012396618094874285
1716	 LLH-3	0.0012459959744943773	0.0012396618094874285
1717	 LLH-5	0.0012408265474902873	0.0012396618094874285
1718	 LLH-0	0.001240038709973326	0.0012396618094874285
1719	 LLH-1	0.0012396618094874285	0.0012396618094874285
1720	 LLH-1	0.0012396618094874285	0.0012396618094874285
1721	 LLH-6	0.0012404293889398694	0.0012396618094874285
1722	 LLH-5	0.0012401246849999769	0.0012396618094874285
1723	 LLH-1	0.0012397955221999486	0.0012396618094874285
1724	 LLH-3	0.0012459523915767667	0.0012396618094874285
1725	 LLH-5	0.0012409043923926365	0.0012396618094874285
1726	 LLH-6	0.0012406911950973262	0.0012396618094874285
1727	 LLH-1	0.0012395956549118136	0.0012395956549118136
1728	 LLH-1	0.0012395956549118136	0.0012395956549118136
1729	 LLH-2	0.0012503587417278031	0.0012395956549118136
1730	 LLH-1	0.0012395956549118136	0.0012395956549118136
1731	 LLH-6	0.0012395822406844144	0.0012395822406844144
1732	 LLH-0	0.001239986362288897	0.0012395822406844144
1733	 LLH-1	0.0012395822406844144	0.0012395822406844144
1734	 LLH-0	0.0012404253798497457	0.0012395822406844144
1735	 LLH-6	0.0012404979918042177	0.0012395822406844144
1736	 LLH-2	0.0012550302478545152	0.0012395822406844144
1737	 LLH-4	0.0012395822406844144	0.0012395822406844144
1742	 LLH-2	0.0012471901965300752	0.0012395822406844144
1743	 LLH-2	0.0012570137627295843	0.0012395822406844144
1744	 LLH-3	0.0012707250885502564	0.0012395822406844144
1745	 LLH-4	0.0012395822406844144	0.0012395822406844144
1750	 LLH-1	0.0012395822406844144	0.0012395822406844144
1751	 LLH-0	0.001240101895650576	0.0012395822406844144
1752	 LLH-5	0.0012395453522721488	0.0012395453522721488
1753	 LLH-1	0.0012395453522721488	0.0012395453522721488
1754	 LLH-2	0.0012447782801407506	0.0012395453522721488
1755	 LLH-1	0.0012395453522721488	0.0012395453522721488
1756	 LLH-5	0.0012394528602555379	0.0012394528602555379
1757	 LLH-0	0.0012403526080525516	0.0012394528602555379
1758	 LLH-3	0.0012431665742962522	0.0012394528602555379
1759	 LLH-1	0.0012394115951085637	0.0012394115951085637
1760	 LLH-1	0.0012394115951085637	0.0012394115951085637
1761	 LLH-5	0.0012404383689186814	0.0012394115951085637
1762	 LLH-5	0.001240266255968387	0.0012394115951085637
1763	 LLH-1	0.0012394115951085637	0.0012394115951085637
1764	 LLH-0	0.0012399451248651999	0.0012394115951085637
1765	 LLH-4	0.0012394115951085637	0.0012394115951085637
1770	 LLH-5	0.001239627823152303	0.0012394115951085637
1771	 LLH-3	0.001244766140881989	0.0012394115951085637
1772	 LLH-2	0.0012443096349814178	0.0012394115951085637
1773	 LLH-6	0.0012402551384244364	0.0012394115951085637
1774	 LLH-4	0.0012394115951085637	0.0012394115951085637
1779	 LLH-0	0.001240074382717591	0.0012394115951085637
1780	 LLH-3	0.001266976642028413	0.0012394115951085637
1781	 LLH-3	0.001268876290964554	0.0012394115951085637
1782	 LLH-1	0.0012394115951085637	0.0012394115951085637
1783	 LLH-6	0.001239973430498055	0.0012394115951085637
1784	 LLH-3	0.0012451145057441125	0.0012394115951085637
1785	 LLH-2	0.0012474734109595134	0.0012394115951085637
1786	 LLH-3	0.0012440904088572495	0.0012394115951085637
1787	 LLH-2	0.0012507730505979034	0.0012394115951085637
1788	 LLH-6	0.0012408289820043151	0.0012394115951085637
1789	 LLH-2	0.0012537494529785748	0.0012394115951085637
1790	 LLH-3	0.0012578949135330347	0.0012394115951085637
1791	 LLH-4	0.0012394115951085637	0.0012394115951085637
1796	 LLH-3	0.0012779001002131748	0.0012394115951085637
1797	 LLH-4	0.0012394115951085637	0.0012394115951085637
1802	 LLH-3	0.0012796005184691317	0.0012394115951085637
1803	 LLH-0	0.0012399251417603643	0.0012394115951085637
1804	 LLH-4	0.0012394115951085637	0.0012394115951085637
1809	 LLH-0	0.0012398777701123952	0.0012394115951085637
1810	 LLH-0	0.0012398274213855026	0.0012394115951085637
1811	 LLH-1	0.0012394115951085637	0.0012394115951085637
1812	 LLH-4	0.0012394115951085637	0.0012394115951085637
1817	 LLH-0	0.0012398188787671668	0.0012394115951085637
1818	 LLH-4	0.0012394115951085637	0.0012394115951085637
1823	 LLH-0	0.0012400087002192549	0.0012394115951085637
1824	 LLH-5	0.0012411146967727892	0.0012394115951085637
1825	 LLH-3	0.0012711459099526599	0.0012394115951085637
1826	 LLH-0	0.0012398920266313766	0.0012394115951085637
1827	 LLH-0	0.0012402487306724204	0.0012394115951085637
1828	 LLH-2	0.0012524205144396968	0.0012394115951085637
1829	 LLH-2	0.0012553652088726122	0.0012394115951085637
1830	 LLH-2	0.0012474769649621106	0.0012394115951085637
1831	 LLH-0	0.0012398216946522178	0.0012394115951085637
1832	 LLH-6	0.0012398440772204834	0.0012394115951085637
1833	 LLH-3	0.0012450567201310267	0.0012394115951085637
1834	 LLH-1	0.0012392957623328386	0.0012392957623328386
1835	 LLH-4	0.0012392957623328386	0.0012392957623328386
1840	 LLH-0	0.0012400004134426013	0.0012392957623328386
1841	 LLH-0	0.0012397610049326184	0.0012392957623328386
1842	 LLH-6	0.0012395741713440846	0.0012392957623328386
1843	 LLH-1	0.0012392957623328386	0.0012392957623328386
1844	 LLH-6	0.0012402824536648647	0.0012392957623328386
1845	 LLH-5	0.0012405828132371942	0.0012392957623328386
1846	 LLH-4	0.0012392957623328386	0.0012392957623328386
1851	 LLH-1	0.0012395416825691642	0.0012392957623328386
1852	 LLH-5	0.0012397942077525788	0.0012392957623328386
1853	 LLH-4	0.0012392957623328386	0.0012392957623328386
1858	 LLH-4	0.0012392957623328386	0.0012392957623328386
1863	 LLH-0	0.0012398186854653086	0.0012392957623328386
1864	 LLH-5	0.0012393117104367575	0.0012392957623328386
1865	 LLH-4	0.0012392957623328386	0.0012392957623328386
1870	 LLH-6	0.0012413890500239655	0.0012392957623328386
1871	 LLH-3	0.0012465283422377	0.0012392957623328386
1872	 LLH-1	0.0012392957623328386	0.0012392957623328386
1873	 LLH-1	0.0012392957623328386	0.0012392957623328386
1874	 LLH-6	0.0012400018521578804	0.0012392957623328386
1875	 LLH-3	0.0012463340367605685	0.0012392957623328386
1876	 LLH-5	0.0012396464075706806	0.0012392957623328386
1877	 LLH-0	0.0012397148977684451	0.0012392957623328386
1878	 LLH-0	0.001239672713867418	0.0012392957623328386
1879	 LLH-4	0.0012392957623328386	0.0012392957623328386
1884	 LLH-4	0.0012392957623328386	0.0012392957623328386
1889	 LLH-1	0.0012392774078325629	0.0012392774078325629
1890	 LLH-0	0.0012397423574557421	0.0012392774078325629
1891	 LLH-4	0.0012392774078325629	0.0012392774078325629
1896	 LLH-6	0.0012401441773228624	0.0012392774078325629
1897	 LLH-0	0.0012397328242023079	0.0012392774078325629
1898	 LLH-2	0.0012540595338850248	0.0012392774078325629
1899	 LLH-4	0.0012392774078325629	0.0012392774078325629
1904	 LLH-0	0.0012397759792107583	0.0012392774078325629
1905	 LLH-1	0.0012393516470723994	0.0012392774078325629
1906	 LLH-1	0.0012392774078325629	0.0012392774078325629
1907	 LLH-5	0.0012398273646105134	0.0012392774078325629
1908	 LLH-4	0.0012392774078325629	0.0012392774078325629
1913	 LLH-5	0.0012395936360987808	0.0012392774078325629
1914	 LLH-4	0.0012392774078325629	0.0012392774078325629
1919	 LLH-2	0.0012446149319491927	0.0012392774078325629
1920	 LLH-0	0.00123986811616557	0.0012392774078325629
1921	 LLH-1	0.0012392774078325629	0.0012392774078325629
1922	 LLH-1	0.0012392774078325629	0.0012392774078325629
1923	 LLH-1	0.0012392774078325629	0.0012392774078325629
1924	 LLH-0	0.0012396678304322953	0.0012392774078325629
1925	 LLH-3	0.001279482483539707	0.0012392774078325629
1926	 LLH-1	0.0012392774078325629	0.0012392774078325629
1927	 LLH-4	0.0012392774078325629	0.0012392774078325629
1932	 LLH-5	0.0012396793910510481	0.0012392774078325629
1933	 LLH-3	0.0012703052296521968	0.0012392774078325629
1934	 LLH-3	0.0012430090132614538	0.0012392774078325629
1935	 LLH-0	0.0012396913573204528	0.0012392774078325629
1936	 LLH-0	0.0012539691662365666	0.0012392774078325629
1937	 LLH-3	0.0012678854336899935	0.0012392774078325629
1938	 LLH-5	0.0012394941211504478	0.0012392774078325629
1939	 LLH-6	0.00123971690924601	0.0012392774078325629
1940	 LLH-5	0.0012392318467140705	0.0012392318467140705
1941	 LLH-6	0.0012404842648749584	0.0012392318467140705
1942	 LLH-1	0.0012392318467140705	0.0012392318467140705
1943	 LLH-4	0.0012392318467140705	0.0012392318467140705
1948	 LLH-2	0.0012460233174048294	0.0012392318467140705
1949	 LLH-0	0.0012397795767597494	0.0012392318467140705
1950	 LLH-5	0.0012392266534086266	0.0012392266534086266
1951	 LLH-4	0.0012392266534086266	0.0012392266534086266
1956	 LLH-6	0.0012402017288740087	0.0012392266534086266
1957	 LLH-5	0.0012392445761342389	0.0012392266534086266
1958	 LLH-6	0.001240194228993004	0.0012392266534086266
1959	 LLH-3	0.0012454975174733063	0.0012392266534086266
1960	 LLH-3	0.0012441441026653857	0.0012392266534086266
1961	 LLH-6	0.0012396275750005386	0.0012392266534086266
1962	 LLH-3	0.0012837102384406318	0.0012392266534086266
1963	 LLH-4	0.0012392266534086266	0.0012392266534086266
1968	 LLH-2	0.001245507516241563	0.0012392266534086266
1969	 LLH-1	0.0012392266534086266	0.0012392266534086266
1970	 LLH-6	0.0012411115598172065	0.0012392266534086266
1971	 LLH-1	0.001239600358220857	0.0012392266534086266
1972	 LLH-4	0.0012392266534086266	0.0012392266534086266
1977	 LLH-2	0.001253276894734289	0.0012392266534086266
1978	 LLH-2	0.0012485269142619064	0.0012392266534086266
1979	 LLH-1	0.0012392266534086266	0.0012392266534086266
1980	 LLH-2	0.001256882245547571	0.0012392266534086266
1981	 LLH-3	0.0012436979490784896	0.0012392266534086266
1982	 LLH-0	0.0012400457827648841	0.0012392266534086266
1983	 LLH-0	0.001240052143751296	0.0012392266534086266
1984	 LLH-4	0.0012392266534086266	0.0012392266534086266
1989	 LLH-3	0.0012431154056356856	0.0012392266534086266
1990	 LLH-5	0.001239844686937716	0.0012392266534086266
1991	 LLH-0	0.0012539222496143166	0.0012392266534086266
1992	 LLH-1	0.0012392266534086266	0.0012392266534086266
1993	 LLH-1	0.0012392266534086266	0.0012392266534086266
1994	 LLH-6	0.0012394108861084898	0.0012392266534086266
1995	 LLH-0	0.0012399811645872434	0.0012392266534086266
1996	 LLH-6	0.0012403820357566632	0.0012392266534086266
1997	 LLH-5	0.0012395051860760306	0.0012392266534086266
1998	 LLH-6	0.0012395770737371672	0.0012392266534086266
1999	 LLH-0	0.0012396622435262706	0.0012392266534086266
GRID-Start
0.0	0.0
0.0	308.0385
0.0	616.077
0.0	924.1155
0.0	1232.154
0.0	1540.1925
0.0	1848.2310000000002
0.0	2156.2695000000003
0.0	2464.3080000000004
0.0	2772.3465000000006
0.0	3080.3850000000007
0.0	3388.423500000001
0.0	3696.462000000001
0.0	4004.500500000001
0.0	4312.539000000001
0.0	4620.5775
0.0	4928.616
0.0	5236.6545
0.0	5544.692999999999
0.0	5852.731499999999
0.0	6160.769999999999
0.0	6468.808499999998
308.0385	0.0
308.0385	308.0385
308.0385	616.077
308.0385	924.1155
308.0385	1232.154
308.0385	1540.1925
308.0385	1848.2310000000002
308.0385	2156.2695000000003
308.0385	2464.3080000000004
308.0385	2772.3465000000006
308.0385	3080.3850000000007
308.0385	3388.423500000001
308.0385	3696.462000000001
308.0385	4004.500500000001
308.0385	4312.539000000001
308.0385	4620.5775
308.0385	4928.616
308.0385	5236.6545
308.0385	5544.692999999999
308.0385	5852.731499999999
308.0385	6160.769999999999
308.0385	6468.808499999998
616.077	0.0
616.077	308.0385
616.077	616.077
616.077	924.1155
616.077	1232.154
616.077	1540.1925
616.077	1848.2310000000002
616.077	2156.2695000000003
616.077	2464.3080000000004
616.077	2772.3465000000006
616.077	3080.3850000000007
616.077	3388.423500000001
616.077	3696.462000000001
616.077	4004.500500000001
616.077	4312.539000000001
616.077	4620.5775
616.077	4928.616
616.077	5236.6545
616.077	5544.692999999999
616.077	5852.731499999999
616.077	6160.769999999999
616.077	6468.808499999998
924.1155	0.0
924.1155	308.0385
924.1155	616.077
924.1155	924.1155
924.1155	1232.154
924.1155	1540.1925
924.1155	1848.2310000000002
924.1155	2156.2695000000003
924.1155	2464.3080000000004
924.1155	2772.3465000000006
924.1155	3080.3850000000007
924.1155	3388.423500000001
924.1155	3696.462000000001
924.1155	4004.500500000001
924.1155	4312.539000000001
924.1155	4620.5775
924.1155	4928.616
924.1155	5236.6545
924.1155	5544.692999999999
924.1155	5852.731499999999
924.1155	6160.769999999999
924.1155	6468.808499999998
1232.154	0.0
1232.154	308.0385
1232.154	616.077
1232.154	924.1155
1232.154	1232.154
1232.154	1540.1925
1232.154	1848.2310000000002
1232.154	2156.2695000000003
1232.154	2464.3080000000004
1232.154	2772.3465000000006
1232.154	3080.3850000000007
1232.154	4620.5775
1232.154	4928.616
1232.154	5236.6545
1232.154	5544.692999999999
1232.154	5852.731499999999
1232.154	6160.769999999999
1232.154	6468.808499999998
1540.1925	0.0
1540.1925	308.0385
1540.1925	616.077
1540.1925	924.1155
1540.1925	1232.154
1540.1925	1540.1925
1540.1925	1848.2310000000002
1540.1925	2156.2695000000003
1540.1925	2464.3080000000004
1540.1925	2772.3465000000006
1540.1925	3080.3850000000007
1540.1925	4620.5775
1540.1925	4928.616
1540.1925	5236.6545
1540.1925	5544.692999999999
1540.1925	5852.731499999999
1540.1925	6160.769999999999
1540.1925	6468.808499999998
1848.2310000000002	0.0
1848.2310000000002	308.0385
1848.2310000000002	616.077
1848.2310000000002	924.1155
1848.2310000000002	1232.154
1848.2310000000002	1540.1925
1848.2310000000002	1848.2310000000002
1848.2310000000002	2156.2695000000003
1848.2310000000002	2464.3080000000004
1848.2310000000002	2772.3465000000006
1848.2310000000002	3080.3850000000007
1848.2310000000002	4620.5775
1848.2310000000002	4928.616
1848.2310000000002	5236.6545
1848.2310000000002	5544.692999999999
1848.2310000000002	5852.731499999999
1848.2310000000002	6160.769999999999
1848.2310000000002	6468.808499999998
2156.2695000000003	0.0
2156.2695000000003	308.0385
2156.2695000000003	616.077
2156.2695000000003	924.1155
2156.2695000000003	1232.154
2156.2695000000003	1540.1925
2156.2695000000003	1848.2310000000002
2156.2695000000003	2156.2695000000003
2156.2695000000003	2464.3080000000004
2156.2695000000003	2772.3465000000006
2156.2695000000003	3080.3850000000007
2156.2695000000003	4620.5775
2156.2695000000003	4928.616
2156.2695000000003	5236.6545
2156.2695000000003	5544.692999999999
2156.2695000000003	5852.731499999999
2156.2695000000003	6160.769999999999
2156.2695000000003	6468.808499999998
2464.3080000000004	0.0
2464.3080000000004	2464.3080000000004
2464.3080000000004	2772.3465000000006
2464.3080000000004	3080.3850000000007
2464.3080000000004	3388.423500000001
2464.3080000000004	3696.462000000001
2464.3080000000004	4004.500500000001
2464.3080000000004	4312.539000000001
2464.3080000000004	4620.5775
2464.3080000000004	4928.616
2464.3080000000004	5236.6545
2464.3080000000004	5544.692999999999
2464.3080000000004	5852.731499999999
2464.3080000000004	6160.769999999999
2464.3080000000004	6468.808499999998
2772.3465000000006	0.0
2772.3465000000006	2464.3080000000004
2772.3465000000006	2772.3465000000006
2772.3465000000006	3080.3850000000007
2772.3465000000006	3388.423500000001
2772.3465000000006	3696.462000000001
2772.3465000000006	4004.500500000001
2772.3465000000006	4312.539000000001
2772.3465000000006	4620.5775
2772.3465000000006	4928.616
2772.3465000000006	5236.6545
2772.3465000000006	5544.692999999999
2772.3465000000006	5852.731499999999
2772.3465000000006	6160.769999999999
2772.3465000000006	6468.808499999998
3080.3850000000007	0.0
3080.3850000000007	2464.3080000000004
3080.3850000000007	2772.3465000000006
3080.3850000000007	3080.3850000000007
3080.3850000000007	3388.423500000001
3080.3850000000007	3696.462000000001
3080.3850000000007	4004.500500000001
3080.3850000000007	4312.539000000001
3080.3850000000007	4620.5775
3080.3850000000007	4928.616
3080.3850000000007	5236.6545
3080.3850000000007	5544.692999999999
3080.3850000000007	5852.731499999999
3080.3850000000007	6160.769999999999
3080.3850000000007	6468.808499999998
3388.423500000001	0.0
3388.423500000001	2464.3080000000004
3388.423500000001	2772.3465000000006
3388.423500000001	3080.3850000000007
3388.423500000001	3388.423500000001
3388.423500000001	3696.462000000001
3388.423500000001	4004.500500000001
3388.423500000001	4312.539000000001
3388.423500000001	4620.5775
3388.423500000001	4928.616
3388.423500000001	5236.6545
3388.423500000001	5544.692999999999
3388.423500000001	5852.731499999999
3388.423500000001	6160.769999999999
3388.423500000001	6468.808499999998
3696.462000000001	0.0
3696.462000000001	308.0385
3696.462000000001	616.077
3696.462000000001	924.1155
3696.462000000001	1232.154
3696.462000000001	1540.1925
3696.462000000001	1848.2310000000002
3696.462000000001	2156.2695000000003
3696.462000000001	3388.423500000001
3696.462000000001	3696.462000000001
3696.462000000001	4004.500500000001
3696.462000000001	4312.539000000001
3696.462000000001	4620.5775
3696.462000000001	4928.616
3696.462000000001	5236.6545
3696.462000000001	5544.692999999999
3696.462000000001	5852.731499999999
3696.462000000001	6160.769999999999
3696.462000000001	6468.808499999998
4004.500500000001	0.0
4004.500500000001	308.0385
4004.500500000001	616.077
4004.500500000001	924.1155
4004.500500000001	1232.154
4004.500500000001	1540.1925
4004.500500000001	1848.2310000000002
4004.500500000001	2156.2695000000003
4004.500500000001	3388.423500000001
4004.500500000001	3696.462000000001
4004.500500000001	4004.500500000001
4004.500500000001	4312.539000000001
4004.500500000001	4620.5775
4004.500500000001	4928.616
4004.500500000001	5236.6545
4004.500500000001	5544.692999999999
4004.500500000001	5852.731499999999
4004.500500000001	6160.769999999999
4004.500500000001	6468.808499999998
4312.539000000001	0.0
4312.539000000001	308.0385
4312.539000000001	616.077
4312.539000000001	924.1155
4312.539000000001	1232.154
4312.539000000001	1540.1925
4312.539000000001	1848.2310000000002
4312.539000000001	2156.2695000000003
4312.539000000001	3388.423500000001
4312.539000000001	3696.462000000001
4312.539000000001	4004.500500000001
4312.539000000001	4312.539000000001
4312.539000000001	4620.5775
4312.539000000001	4928.616
4312.539000000001	5236.6545
4312.539000000001	5544.692999999999
4312.539000000001	5852.731499999999
4312.539000000001	6160.769999999999
4312.539000000001	6468.808499999998
4620.5775	0.0
4620.5775	308.0385
4620.5775	616.077
4620.5775	924.1155
4620.5775	1232.154
4620.5775	1540.1925
4620.5775	1848.2310000000002
4620.5775	2156.2695000000003
4620.5775	2464.3080000000004
4620.5775	2772.3465000000006
4620.5775	3080.3850000000007
4620.5775	3388.423500000001
4620.5775	3696.462000000001
4620.5775	4004.500500000001
4620.5775	4312.539000000001
4620.5775	4620.5775
4620.5775	4928.616
4620.5775	5236.6545
4620.5775	5544.692999999999
4620.5775	5852.731499999999
4620.5775	6160.769999999999
4620.5775	6468.808499999998
4928.616	0.0
4928.616	308.0385
4928.616	616.077
4928.616	924.1155
4928.616	1232.154
4928.616	1540.1925
4928.616	1848.2310000000002
4928.616	2156.2695000000003
4928.616	2464.3080000000004
4928.616	2772.3465000000006
4928.616	3080.3850000000007
4928.616	3388.423500000001
4928.616	3696.462000000001
4928.616	4004.500500000001
4928.616	4312.539000000001
4928.616	4620.5775
4928.616	4928.616
4928.616	5236.6545
4928.616	5544.692999999999
4928.616	5852.731499999999
4928.616	6160.769999999999
4928.616	6468.808499999998
5236.6545	0.0
5236.6545	308.0385
5236.6545	616.077
5236.6545	924.1155
5236.6545	1232.154
5236.6545	1540.1925
5236.6545	1848.2310000000002
5236.6545	2156.2695000000003
5236.6545	2464.3080000000004
5236.6545	2772.3465000000006
5236.6545	3080.3850000000007
5236.6545	3388.423500000001
5236.6545	3696.462000000001
5236.6545	4004.500500000001
5236.6545	4312.539000000001
5236.6545	4620.5775
5236.6545	4928.616
5236.6545	5236.6545
5236.6545	5544.692999999999
5236.6545	5852.731499999999
5236.6545	6160.769999999999
5236.6545	6468.808499999998
5544.692999999999	0.0
5544.692999999999	308.0385
5544.692999999999	616.077
5544.692999999999	924.1155
5544.692999999999	1232.154
5544.692999999999	1540.1925
5544.692999999999	1848.2310000000002
5544.692999999999	2156.2695000000003
5544.692999999999	2464.3080000000004
5544.692999999999	2772.3465000000006
5544.692999999999	3080.3850000000007
5544.692999999999	3388.423500000001
5544.692999999999	3696.462000000001
5544.692999999999	4004.500500000001
5544.692999999999	4312.539000000001
5544.692999999999	4620.5775
5544.692999999999	4928.616
5544.692999999999	5236.6545
5544.692999999999	5544.692999999999
5544.692999999999	5852.731499999999
5544.692999999999	6160.769999999999
5544.692999999999	6468.808499999998
5852.731499999999	0.0
5852.731499999999	308.0385
5852.731499999999	616.077
5852.731499999999	924.1155
5852.731499999999	1232.154
5852.731499999999	1540.1925
5852.731499999999	1848.2310000000002
5852.731499999999	2156.2695000000003
5852.731499999999	2464.3080000000004
5852.731499999999	2772.3465000000006
5852.731499999999	3080.3850000000007
5852.731499999999	3388.423500000001
5852.731499999999	3696.462000000001
5852.731499999999	4004.500500000001
5852.731499999999	4312.539000000001
5852.731499999999	4620.5775
5852.731499999999	4928.616
5852.731499999999	5236.6545
5852.731499999999	5544.692999999999
5852.731499999999	5852.731499999999
5852.731499999999	6160.769999999999
5852.731499999999	6468.808499999998
6160.769999999999	0.0
6160.769999999999	308.0385
6160.769999999999	616.077
6160.769999999999	924.1155
6160.769999999999	1232.154
6160.769999999999	1540.1925
6160.769999999999	1848.2310000000002
6160.769999999999	2156.2695000000003
6160.769999999999	2464.3080000000004
6160.769999999999	2772.3465000000006
6160.769999999999	3080.3850000000007
6160.769999999999	3388.423500000001
6160.769999999999	3696.462000000001
6160.769999999999	4004.500500000001
6160.769999999999	4312.539000000001
6160.769999999999	4620.5775
6160.769999999999	4928.616
6160.769999999999	5236.6545
6160.769999999999	5544.692999999999
6160.769999999999	5852.731499999999
6160.769999999999	6160.769999999999
6160.769999999999	6468.808499999998
6468.808499999998	0.0
6468.808499999998	308.0385
6468.808499999998	616.077
6468.808499999998	924.1155
6468.808499999998	1232.154
6468.808499999998	1540.1925
6468.808499999998	1848.2310000000002
6468.808499999998	2156.2695000000003
6468.808499999998	2464.3080000000004
6468.808499999998	2772.3465000000006
6468.808499999998	3080.3850000000007
6468.808499999998	3388.423500000001
6468.808499999998	3696.462000000001
6468.808499999998	4004.500500000001
6468.808499999998	4312.539000000001
6468.808499999998	4620.5775
6468.808499999998	4928.616
6468.808499999998	5236.6545
6468.808499999998	5544.692999999999
6468.808499999998	5852.731499999999
6468.808499999998	6160.769999999999
6468.808499999998	6468.808499999998
6776.846999999998	0.0
6776.846999999998	308.0385
6776.846999999998	616.077
6776.846999999998	924.1155
6776.846999999998	1232.154
6776.846999999998	1540.1925
6776.846999999998	1848.2310000000002
6776.846999999998	2156.2695000000003
6776.846999999998	2464.3080000000004
6776.846999999998	2772.3465000000006
6776.846999999998	3080.3850000000007
6776.846999999998	3388.423500000001
6776.846999999998	3696.462000000001
6776.846999999998	4004.500500000001
6776.846999999998	4312.539000000001
6776.846999999998	4620.5775
6776.846999999998	4928.616
6776.846999999998	5236.6545
6776.846999999998	5544.692999999999
6776.846999999998	5852.731499999999
6776.846999999998	6160.769999999999
6776.846999999998	6468.808499999998
7084.885499999998	0.0
7084.885499999998	308.0385
7084.885499999998	616.077
7084.885499999998	924.1155
7084.885499999998	1232.154
7084.885499999998	1540.1925
7084.885499999998	1848.2310000000002
7084.885499999998	2156.2695000000003
7084.885499999998	2464.3080000000004
7084.885499999998	2772.3465000000006
7084.885499999998	3080.3850000000007
7084.885499999998	3388.423500000001
7084.885499999998	3696.462000000001
7084.885499999998	4004.500500000001
7084.885499999998	4312.539000000001
7084.885499999998	4620.5775
7084.885499999998	4928.616
7084.885499999998	5236.6545
7084.885499999998	5544.692999999999
7084.885499999998	5852.731499999999
7084.885499999998	6160.769999999999
7084.885499999998	6468.808499999998
7392.923999999997	0.0
7392.923999999997	308.0385
7392.923999999997	616.077
7392.923999999997	924.1155
7392.923999999997	1232.154
7392.923999999997	1540.1925
7392.923999999997	1848.2310000000002
7392.923999999997	2156.2695000000003
7392.923999999997	2464.3080000000004
7392.923999999997	2772.3465000000006
7392.923999999997	3080.3850000000007
7392.923999999997	3388.423500000001
7392.923999999997	3696.462000000001
7392.923999999997	4004.500500000001
7392.923999999997	4312.539000000001
7392.923999999997	4620.5775
7392.923999999997	4928.616
7392.923999999997	5236.6545
7392.923999999997	5544.692999999999
7392.923999999997	5852.731499999999
7392.923999999997	6160.769999999999
7392.923999999997	6468.808499999998
7700.962499999997	0.0
7700.962499999997	308.0385
7700.962499999997	616.077
7700.962499999997	924.1155
7700.962499999997	1232.154
7700.962499999997	1540.1925
7700.962499999997	1848.2310000000002
7700.962499999997	2156.2695000000003
7700.962499999997	2464.3080000000004
7700.962499999997	2772.3465000000006
7700.962499999997	3080.3850000000007
7700.962499999997	3388.423500000001
7700.962499999997	3696.462000000001
7700.962499999997	4004.500500000001
7700.962499999997	4312.539000000001
7700.962499999997	4620.5775
7700.962499999997	4928.616
7700.962499999997	5236.6545
7700.962499999997	5544.692999999999
7700.962499999997	5852.731499999999
7700.962499999997	6160.769999999999
7700.962499999997	6468.808499999998
8009.000999999997	0.0
8009.000999999997	308.0385
8009.000999999997	616.077
8009.000999999997	924.1155
8009.000999999997	1232.154
8009.000999999997	1540.1925
8009.000999999997	1848.2310000000002
8009.000999999997	2156.2695000000003
8009.000999999997	2464.3080000000004
8009.000999999997	2772.3465000000006
8009.000999999997	3080.3850000000007
8009.000999999997	3388.423500000001
8009.000999999997	3696.462000000001
8009.000999999997	4004.500500000001
8009.000999999997	4312.539000000001
8009.000999999997	4620.5775
8009.000999999997	4928.616
8009.000999999997	5236.6545
8009.000999999997	5544.692999999999
8009.000999999997	5852.731499999999
8009.000999999997	6160.769999999999
8009.000999999997	6468.808499999998
8317.039499999997	0.0
8317.039499999997	308.0385
8317.039499999997	616.077
8317.039499999997	924.1155
8317.039499999997	1232.154
8317.039499999997	1540.1925
8317.039499999997	1848.2310000000002
8317.039499999997	2156.2695000000003
8317.039499999997	2464.3080000000004
8317.039499999997	2772.3465000000006
8317.039499999997	3080.3850000000007
8317.039499999997	3388.423500000001
8317.039499999997	3696.462000000001
8317.039499999997	4004.500500000001
8317.039499999997	4312.539000000001
8317.039499999997	4620.5775
8317.039499999997	4928.616
8317.039499999997	5236.6545
8317.039499999997	5544.692999999999
8317.039499999997	5852.731499999999
8317.039499999997	6160.769999999999
8317.039499999997	6468.808499999998
8625.077999999998	0.0
8625.077999999998	308.0385
8625.077999999998	616.077
8625.077999999998	924.1155
8625.077999999998	1232.154
8625.077999999998	1540.1925
8625.077999999998	1848.2310000000002
8625.077999999998	2156.2695000000003
8625.077999999998	2464.3080000000004
8625.077999999998	2772.3465000000006
8625.077999999998	3080.3850000000007
8625.077999999998	3388.423500000001
8625.077999999998	3696.462000000001
8625.077999999998	4004.500500000001
8625.077999999998	4312.539000000001
8625.077999999998	4620.5775
8625.077999999998	4928.616
8625.077999999998	5236.6545
8625.077999999998	5544.692999999999
8625.077999999998	5852.731499999999
8625.077999999998	6160.769999999999
8625.077999999998	6468.808499999998
8933.116499999998	0.0
8933.116499999998	308.0385
8933.116499999998	616.077
8933.116499999998	924.1155
8933.116499999998	1232.154
8933.116499999998	1540.1925
8933.116499999998	1848.2310000000002
8933.116499999998	2156.2695000000003
8933.116499999998	2464.3080000000004
8933.116499999998	2772.3465000000006
8933.116499999998	3080.3850000000007
8933.116499999998	3388.423500000001
8933.116499999998	3696.462000000001
8933.116499999998	4004.500500000001
8933.116499999998	4312.539000000001
8933.116499999998	4620.5775
8933.116499999998	4928.616
8933.116499999998	5236.6545
8933.116499999998	5544.692999999999
8933.116499999998	5852.731499999999
8933.116499999998	6160.769999999999
8933.116499999998	6468.808499999998
GRID-End
num_of_evaluations 2000
best obj 0.0012392266534086266
LLH0	36
LLH1	23
LLH2	47
LLH3	37
LLH4	95
LLH5	77
LLH6	76