Initial objective 0.0013229580174094206	 Seed value 343180675
1	 LLH-2	0.0013387401907098107	0.0013387401907098107
2	 LLH-6	0.00133895871262789	0.00133895871262789
3	 LLH-1	0.00133895871262789	0.00133895871262789
4	 LLH-3	0.0012629146986801447	0.0012629146986801447
5	 LLH-0	0.001263761690402269	0.001263761690402269
6	 LLH-0	0.0012646399876920802	0.0012646399876920802
7	 LLH-0	0.00126556144395948	0.00126556144395948
8	 LLH-6	0.0012652334671820822	0.0012652334671820822
9	 LLH-4	0.0012652334671820822	0.0012652334671820822
14	 LLH-1	0.0012652334671820822	0.0012652334671820822
15	 LLH-2	0.0012871542449464516	0.0012871542449464516
16	 LLH-4	0.001285922999125237	0.001285922999125237
19	 LLH-3	0.0012566243804844998	0.0012566243804844998
20	 LLH-5	0.0012565328299835028	0.0012565328299835028
21	 LLH-5	0.001257399500934533	0.001257399500934533
22	 LLH-6	0.0012568845361269965	0.0012568845361269965
23	 LLH-1	0.0012568845361269965	0.0012568845361269965
24	 LLH-5	0.001256749167189429	0.001256749167189429
25	 LLH-6	0.001255133582792377	0.001255133582792377
26	 LLH-2	0.0012583133398629148	0.0012583133398629148
27	 LLH-5	0.00125815283980964	0.00125815283980964
28	 LLH-6	0.0012605736564788202	0.0012605736564788202
29	 LLH-1	0.001260581339269348	0.001260581339269348
30	 LLH-3	0.0013336314931060307	0.0013336314931060307
31	 LLH-2	0.001325203816922721	0.001325203816922721
32	 LLH-4	0.0013237208937878842	0.0013237208937878842
34	 LLH-5	0.0013244089881773874	0.0013244089881773874
35	 LLH-6	0.0013227171216804122	0.0013227171216804122
36	 LLH-2	0.0013240063328782213	0.0013240063328782213
37	 LLH-4	0.0013228526336570088	0.0013228526336570088
40	 LLH-3	0.0012773222946862528	0.0012773222946862528
41	 LLH-0	0.0012785358686875903	0.0012785358686875903
42	 LLH-2	0.0012764898811118168	0.0012764898811118168
43	 LLH-2	0.0012745008909629157	0.0012745008909629157
44	 LLH-6	0.0012748049802805052	0.0012748049802805052
45	 LLH-0	0.0012951839731333828	0.0012951839731333828
46	 LLH-1	0.001295138891742382	0.001295138891742382
47	 LLH-3	0.0013747906744872858	0.001295138891742382
48	 LLH-2	0.001281845838471888	0.001281845838471888
49	 LLH-1	0.0012817300875817075	0.0012817300875817075
50	 LLH-0	0.001282750969574805	0.001282750969574805
51	 LLH-0	0.001281434041362498	0.001281434041362498
52	 LLH-2	0.0012920039355508374	0.0012920039355508374
53	 LLH-6	0.0012911961545612734	0.0012911961545612734
54	 LLH-4	0.0012898528782703006	0.0012898528782703006
56	 LLH-2	0.0013057469667446682	0.0013057469667446682
57	 LLH-6	0.0013061783430229575	0.0013061783430229575
58	 LLH-3	0.00126875045765149	0.00126875045765149
59	 LLH-6	0.0012685137305749096	0.0012685137305749096
60	 LLH-5	0.0012673211706863065	0.0012673211706863065
61	 LLH-3	0.0012464596324557927	0.0012464596324557927
62	 LLH-6	0.0012462997853809835	0.0012462997853809835
63	 LLH-3	0.0012532095440134557	0.0012532095440134557
64	 LLH-0	0.0012538798295274824	0.0012538798295274824
65	 LLH-3	0.0012791896301310997	0.0012791896301310997
66	 LLH-5	0.0012791999744918793	0.0012791999744918793
67	 LLH-6	0.0012807581030810974	0.0012807581030810974
68	 LLH-6	0.0012821752141696564	0.0012821752141696564
69	 LLH-0	0.0012837374166411262	0.0012837374166411262
70	 LLH-4	0.0012826760891709254	0.0012826760891709254
73	 LLH-5	0.0012818368325737128	0.0012818368325737128
74	 LLH-6	0.0012829049518416468	0.0012829049518416468
75	 LLH-2	0.0012872461071839147	0.0012872461071839147
76	 LLH-4	0.0012860069839954811	0.0012860069839954811
78	 LLH-0	0.0012846336628646914	0.0012846336628646914
79	 LLH-2	0.0012807585243659611	0.0012807585243659611
80	 LLH-4	0.0012797509197864938	0.0012797509197864938
84	 LLH-6	0.0012794764649434185	0.0012794764649434185
85	 LLH-4	0.0012782036426955028	0.0012782036426955028
87	 LLH-4	0.001277203632049498	0.001277203632049498
89	 LLH-6	0.00127623233142026	0.00127623233142026
90	 LLH-6	0.0012763633339146787	0.0012763633339146787
91	 LLH-4	0.001275286354642053	0.001275286354642053
95	 LLH-6	0.0012747818484481336	0.0012747818484481336
96	 LLH-4	0.0012734500172267528	0.0012734500172267528
100	 LLH-3	0.0013939180338137667	0.0013939180338137667
101	 LLH-5	0.0013924549176280523	0.0013924549176280523
102	 LLH-6	0.0013922808827347556	0.0013922808827347556
103	 LLH-0	0.0013898855307563265	0.0013898855307563265
104	 LLH-2	0.00135341966847739	0.00135341966847739
105	 LLH-4	0.0013513371083179399	0.0013513371083179399
107	 LLH-5	0.001351169109226703	0.001351169109226703
108	 LLH-0	0.0013533304276068347	0.0013533304276068347
109	 LLH-3	0.0012870705226564613	0.0012870705226564613
110	 LLH-5	0.0012875694294579689	0.0012875694294579689
111	 LLH-1	0.0012875694294579689	0.0012875694294579689
112	 LLH-1	0.0012876585328960354	0.0012876585328960354
113	 LLH-1	0.0012876585328960354	0.0012876585328960354
114	 LLH-0	0.0012886519936108733	0.0012886519936108733
115	 LLH-0	0.0012872824601653347	0.0012872824601653347
116	 LLH-0	0.0012881621475043172	0.0012881621475043172
117	 LLH-0	0.0012894478254328783	0.0012894478254328783
118	 LLH-0	0.0012905798127816391	0.0012905798127816391
119	 LLH-2	0.0012884681503282042	0.0012884681503282042
120	 LLH-5	0.0012905271194973069	0.0012905271194973069
121	 LLH-1	0.0012907005893991249	0.0012907005893991249
122	 LLH-6	0.001289293043391273	0.001289293043391273
123	 LLH-4	0.001289293043391273	0.001289293043391273
128	 LLH-3	0.0013732044620699854	0.0013732044620699854
129	 LLH-5	0.0013734906259028578	0.0013734906259028578
130	 LLH-5	0.0013734955780095085	0.0013734955780095085
131	 LLH-0	0.0013712165411433486	0.0013712165411433486
132	 LLH-5	0.0013707069715994556	0.0013707069715994556
133	 LLH-4	0.0013682771342357074	0.0013682771342357074
135	 LLH-2	0.0013730036377112558	0.0013730036377112558
136	 LLH-0	0.0013709373637648542	0.0013709373637648542
137	 LLH-4	0.0013686317009373849	0.0013686317009373849
139	 LLH-5	0.0013675125910481696	0.0013675125910481696
140	 LLH-3	0.001502418661822472	0.0013675125910481696
141	 LLH-5	0.0013659508010960598	0.0013659508010960598
142	 LLH-1	0.0013657668597482238	0.0013657668597482238
143	 LLH-0	0.0013636646997679785	0.0013636646997679785
144	 LLH-5	0.0013638033136916647	0.0013638033136916647
145	 LLH-3	0.001279671833192404	0.001279671833192404
146	 LLH-1	0.001279671833192404	0.001279671833192404
147	 LLH-3	0.0013776058498633586	0.001279671833192404
148	 LLH-1	0.001279671833192404	0.001279671833192404
149	 LLH-5	0.0012792479393447282	0.0012792479393447282
150	 LLH-6	0.0012800561009065872	0.0012800561009065872
151	 LLH-2	0.0012847129019016362	0.0012847129019016362
152	 LLH-6	0.0012846220630715302	0.0012846220630715302
153	 LLH-1	0.0012846220630715302	0.0012846220630715302
154	 LLH-6	0.0012850429032489504	0.0012850429032489504
155	 LLH-1	0.0012850429032489504	0.0012850429032489504
156	 LLH-0	0.0012859781639785238	0.0012859781639785238
157	 LLH-5	0.0012866812370068738	0.0012866812370068738
158	 LLH-4	0.001285330930202105	0.001285330930202105
160	 LLH-3	0.0012661054452765192	0.0012661054452765192
161	 LLH-1	0.0012660290156274762	0.0012660290156274762
162	 LLH-0	0.0012650630213095805	0.0012650630213095805
163	 LLH-4	0.0012650630213095805	0.0012650630213095805
168	 LLH-3	0.0013169407480583767	0.0013169407480583767
169	 LLH-3	0.0014471705315012298	0.0014471705315012298
170	 LLH-4	0.0014438671512788741	0.0014438671512788741
173	 LLH-5	0.0014430026866323708	0.0014430026866323708
174	 LLH-4	0.0014397731983397805	0.0014397731983397805
177	 LLH-5	0.0014380902631986763	0.0014380902631986763
178	 LLH-2	0.001409488586010765	0.001409488586010765
179	 LLH-2	0.0013673222526342519	0.0013673222526342519
180	 LLH-5	0.0013675500722543769	0.0013675500722543769
181	 LLH-1	0.001367656178500209	0.001367656178500209
182	 LLH-4	0.001365449650110076	0.001365449650110076
184	 LLH-1	0.0013656537256224956	0.0013656537256224956
185	 LLH-1	0.0013653794177318713	0.0013653794177318713
186	 LLH-4	0.0013631063253777861	0.0013631063253777861
189	 LLH-1	0.0013631063253777861	0.0013631063253777861
190	 LLH-2	0.001383704692648137	0.001383704692648137
191	 LLH-2	0.0013681121364599355	0.0013681121364599355
192	 LLH-1	0.0013681121364599355	0.0013681121364599355
193	 LLH-2	0.0013296415913725576	0.0013296415913725576
194	 LLH-4	0.0013296415913725576	0.0013296415913725576
199	 LLH-6	0.0013289843297115372	0.0013289843297115372
200	 LLH-2	0.0013224244178062082	0.0013224244178062082
201	 LLH-1	0.0013224244178062082	0.0013224244178062082
202	 LLH-3	0.0012702599818866758	0.0012702599818866758
203	 LLH-0	0.001268908660274569	0.001268908660274569
204	 LLH-3	0.0012547438704999761	0.0012547438704999761
205	 LLH-6	0.0012541141077971475	0.0012541141077971475
206	 LLH-3	0.0012484781350555634	0.0012484781350555634
207	 LLH-1	0.0012484781350555634	0.0012484781350555634
208	 LLH-2	0.0012596694677802505	0.0012596694677802505
209	 LLH-4	0.0012596694677802505	0.0012596694677802505
214	 LLH-5	0.0012603670935398801	0.0012603670935398801
215	 LLH-6	0.0012609678360669884	0.0012609678360669884
216	 LLH-4	0.0012602196828750264	0.0012602196828750264
218	 LLH-0	0.0012608899119379356	0.0012608899119379356
219	 LLH-2	0.001262791551539133	0.001262791551539133
220	 LLH-5	0.0012628639621257405	0.0012628639621257405
221	 LLH-4	0.0012621957569962866	0.0012621957569962866
223	 LLH-1	0.0012621957569962866	0.0012621957569962866
224	 LLH-2	0.0012609004609739308	0.0012609004609739308
225	 LLH-0	0.0012601785374143893	0.0012601785374143893
226	 LLH-4	0.0012591476232670664	0.0012591476232670664
229	 LLH-3	0.0013096016003248567	0.0012591476232670664
230	 LLH-0	0.0012598986357005271	0.0012598986357005271
231	 LLH-2	0.0012781806458478486	0.0012781806458478486
232	 LLH-4	0.001277091793508244	0.001277091793508244
235	 LLH-3	0.001260996098199138	0.001260996098199138
236	 LLH-4	0.0012603433367116199	0.0012603433367116199
239	 LLH-3	0.00125251382323751	0.00125251382323751
240	 LLH-1	0.00125251382323751	0.00125251382323751
241	 LLH-4	0.0012520419143631622	0.0012520419143631622
244	 LLH-3	0.0012472995584685731	0.0012472995584685731
245	 LLH-0	0.0012477451212578692	0.0012477451212578692
246	 LLH-5	0.0012478775017766622	0.0012478775017766622
247	 LLH-1	0.001247794035688541	0.001247794035688541
248	 LLH-6	0.00124677831178627	0.00124677831178627
249	 LLH-3	0.001277831797918444	0.001277831797918444
250	 LLH-5	0.0012772272562114645	0.0012772272562114645
251	 LLH-4	0.0012772272562114645	0.0012772272562114645
256	 LLH-1	0.0012772272562114645	0.0012772272562114645
257	 LLH-2	0.001279111010474154	0.001279111010474154
258	 LLH-5	0.001278482931209099	0.001278482931209099
259	 LLH-1	0.001278482931209099	0.001278482931209099
260	 LLH-3	0.0013385987939216908	0.001278482931209099
261	 LLH-3	0.00134663617009815	0.00134663617009815
262	 LLH-5	0.0013465288366178324	0.0013465288366178324
263	 LLH-2	0.0013314409071448563	0.0013314409071448563
264	 LLH-3	0.0014901052112230068	0.0014901052112230068
265	 LLH-4	0.0014863939798276684	0.0014863939798276684
267	 LLH-2	0.0014087222081865466	0.0014087222081865466
268	 LLH-4	0.0014087222081865466	0.0014087222081865466
273	 LLH-1	0.0014087708751223213	0.0014087708751223213
274	 LLH-1	0.0014087708751223213	0.0014087708751223213
275	 LLH-5	0.001407513209478505	0.001407513209478505
276	 LLH-6	0.0014066341429541545	0.0014066341429541545
277	 LLH-3	0.0012915221424898943	0.0012915221424898943
278	 LLH-4	0.0012902113478552573	0.0012902113478552573
281	 LLH-4	0.0012887337703030382	0.0012887337703030382
284	 LLH-2	0.0013083871139296602	0.0013083871139296602
285	 LLH-4	0.0013072852272220156	0.0013072852272220156
288	 LLH-0	0.0013086946763806258	0.0013086946763806258
289	 LLH-2	0.0013085938814029249	0.0013085938814029249
290	 LLH-5	0.0013088814511259348	0.0013088814511259348
291	 LLH-2	0.0013051819776206306	0.0013051819776206306
292	 LLH-0	0.0013063410275409159	0.0013063410275409159
293	 LLH-4	0.001305185361569919	0.001305185361569919
295	 LLH-3	0.0014220191594455746	0.0014220191594455746
296	 LLH-2	0.0013881777352219519	0.0013881777352219519
297	 LLH-5	0.0013855646570626941	0.0013855646570626941
298	 LLH-1	0.0013855646570626941	0.0013855646570626941
299	 LLH-3	0.001298039662539798	0.001298039662539798
300	 LLH-5	0.0012988551410153812	0.0012988551410153812
301	 LLH-6	0.0012984746045940742	0.0012984746045940742
302	 LLH-0	0.0012997089918850068	0.0012997089918850068
303	 LLH-0	0.0013014325473210905	0.0013014325473210905
304	 LLH-5	0.0013015734867925911	0.0013015734867925911
305	 LLH-0	0.0013029309845398029	0.0013029309845398029
306	 LLH-0	0.0013044171691077501	0.0013044171691077501
307	 LLH-5	0.0013053091280890191	0.0013053091280890191
308	 LLH-2	0.0012966993025197505	0.0012966993025197505
309	 LLH-5	0.0012971593476145233	0.0012971593476145233
310	 LLH-6	0.0012961533757814086	0.0012961533757814086
311	 LLH-3	0.0014363384125345693	0.0012961533757814086
312	 LLH-4	0.0012949464420094717	0.0012949464420094717
314	 LLH-5	0.0012936614282867312	0.0012936614282867312
315	 LLH-1	0.0012936666336543017	0.0012936666336543017
316	 LLH-5	0.0012937906310162553	0.0012937906310162553
317	 LLH-4	0.0012925495847654392	0.0012925495847654392
319	 LLH-1	0.0012925495847654392	0.0012925495847654392
320	 LLH-3	0.0012699856033981007	0.0012699856033981007
321	 LLH-5	0.0012693746695318787	0.0012693746695318787
322	 LLH-5	0.001270166336129233	0.001270166336129233
323	 LLH-5	0.0012700058121123002	0.0012700058121123002
324	 LLH-0	0.0012707953084868395	0.0012707953084868395
325	 LLH-5	0.0012705955266679968	0.0012705955266679968
326	 LLH-3	0.001256515946985993	0.001256515946985993
327	 LLH-1	0.0012559616065144245	0.0012559616065144245
328	 LLH-6	0.0012572804601974396	0.0012572804601974396
329	 LLH-2	0.0012655248427692117	0.0012655248427692117
330	 LLH-6	0.001264643006261552	0.001264643006261552
331	 LLH-2	0.00126601512576133	0.00126601512576133
332	 LLH-1	0.0012661385584223789	0.0012661385584223789
333	 LLH-0	0.0012670733619506713	0.0012670733619506713
334	 LLH-2	0.001283701749884861	0.001283701749884861
335	 LLH-1	0.0012836541453894142	0.0012836541453894142
336	 LLH-5	0.0012840504053411358	0.0012840504053411358
337	 LLH-5	0.0012827054495534542	0.0012827054495534542
338	 LLH-3	0.0013513857805373558	0.0013513857805373558
339	 LLH-4	0.0013491998835504578	0.0013491998835504578
341	 LLH-5	0.0013500925366683504	0.0013500925366683504
342	 LLH-3	0.001284698803167096	0.001284698803167096
343	 LLH-4	0.0012838925388316538	0.0012838925388316538
346	 LLH-6	0.0012848307061870583	0.0012848307061870583
347	 LLH-2	0.0012786933237067877	0.0012786933237067877
348	 LLH-3	0.0012734355055338139	0.0012734355055338139
349	 LLH-3	0.001330620174041009	0.001330620174041009
350	 LLH-4	0.001328979089070985	0.001328979089070985
354	 LLH-2	0.0013121684058576208	0.0013121684058576208
355	 LLH-4	0.0013102135483148117	0.0013102135483148117
357	 LLH-0	0.0013086595437530055	0.0013086595437530055
358	 LLH-0	0.001332587721475252	0.001332587721475252
359	 LLH-2	0.0013264190680422597	0.0013264190680422597
360	 LLH-3	0.001417703832446264	0.001417703832446264
361	 LLH-4	0.0014145226075639675	0.0014145226075639675
364	 LLH-4	0.0014116603346733063	0.0014116603346733063
366	 LLH-4	0.0014116603346733063	0.0014116603346733063
371	 LLH-2	0.0013817688987212845	0.0013817688987212845
372	 LLH-6	0.0013814581241151903	0.0013814581241151903
373	 LLH-4	0.0013788712558158508	0.0013788712558158508
376	 LLH-0	0.0013816953295435223	0.0013816953295435223
377	 LLH-1	0.0013820853994293576	0.0013820853994293576
378	 LLH-1	0.001381889104202414	0.001381889104202414
379	 LLH-6	0.0013815473403192414	0.0013815473403192414
380	 LLH-5	0.0013805041239615518	0.0013805041239615518
381	 LLH-6	0.0013822380343805883	0.0013822380343805883
382	 LLH-3	0.0012810763217729632	0.0012810763217729632
383	 LLH-0	0.0012820591772039955	0.0012820591772039955
384	 LLH-4	0.001280768450915853	0.001280768450915853
387	 LLH-0	0.0012793966698473542	0.0012793966698473542
388	 LLH-4	0.0012781584189895854	0.0012781584189895854
390	 LLH-2	0.001303553172973192	0.001303553172973192
391	 LLH-5	0.001302649253018491	0.001302649253018491
392	 LLH-1	0.0013027599556184057	0.0013027599556184057
393	 LLH-5	0.0013039856850816712	0.0013039856850816712
394	 LLH-1	0.0013038253107782506	0.0013038253107782506
395	 LLH-0	0.0013028545560207303	0.0013028545560207303
396	 LLH-6	0.0013028259065903383	0.0013028259065903383
397	 LLH-3	0.001272484038688796	0.001272484038688796
398	 LLH-6	0.0012733997096672225	0.0012733997096672225
399	 LLH-0	0.0012743398981054322	0.0012743398981054322
400	 LLH-5	0.0012737874577096408	0.0012737874577096408
401	 LLH-6	0.0012726847459566923	0.0012726847459566923
402	 LLH-5	0.0012722642768582715	0.0012722642768582715
403	 LLH-3	0.0012519360703789873	0.0012519360703789873
404	 LLH-2	0.001253378423041965	0.001253378423041965
405	 LLH-6	0.001254062162567691	0.001254062162567691
406	 LLH-0	0.0012551805192000532	0.0012551805192000532
407	 LLH-4	0.0012551805192000532	0.0012551805192000532
412	 LLH-3	0.0013104218630963723	0.0012551805192000532
413	 LLH-5	0.0012552333929595528	0.0012552333929595528
414	 LLH-3	0.001315792613716911	0.0012552333929595528
415	 LLH-1	0.001255271781004209	0.001255271781004209
416	 LLH-4	0.001255271781004209	0.001255271781004209
421	 LLH-4	0.0012546047280727873	0.0012546047280727873
425	 LLH-0	0.0012551537173782063	0.0012551537173782063
426	 LLH-5	0.0012554672789015955	0.0012554672789015955
427	 LLH-0	0.001256311559176224	0.001256311559176224
428	 LLH-1	0.001256311559176224	0.001256311559176224
429	 LLH-2	0.0012668280122851545	0.0012668280122851545
430	 LLH-3	0.0012485637760726188	0.0012485637760726188
431	 LLH-5	0.0012484621973623232	0.0012484621973623232
432	 LLH-2	0.0012564075051046228	0.0012564075051046228
433	 LLH-4	0.001255469890031472	0.001255469890031472
435	 LLH-6	0.001255341320690047	0.001255341320690047
436	 LLH-0	0.0012560956015993346	0.0012560956015993346
437	 LLH-5	0.001257265424680715	0.001257265424680715
438	 LLH-1	0.001257265424680715	0.001257265424680715
439	 LLH-4	0.001256495592466163	0.001256495592466163
444	 LLH-1	0.001256495592466163	0.001256495592466163
445	 LLH-6	0.0012579391351290078	0.0012579391351290078
446	 LLH-4	0.0012572118182881122	0.0012572118182881122
450	 LLH-3	0.0012498518720996622	0.0012498518720996622
451	 LLH-3	0.001247492339862096	0.001247492339862096
452	 LLH-1	0.001247492339862096	0.001247492339862096
453	 LLH-6	0.0012480563007109366	0.0012480563007109366
454	 LLH-5	0.0012486844964117855	0.0012486844964117855
455	 LLH-5	0.0012486938785835834	0.0012486938785835834
456	 LLH-6	0.0012485835177888332	0.0012485835177888332
457	 LLH-2	0.0012544798622523344	0.0012544798622523344
458	 LLH-6	0.0012545085406340112	0.0012545085406340112
459	 LLH-5	0.001254336542992054	0.001254336542992054
460	 LLH-3	0.0012552601272642612	0.0012552601272642612
461	 LLH-4	0.0012552601272642612	0.0012552601272642612
466	 LLH-4	0.0012548425997161432	0.0012548425997161432
471	 LLH-1	0.0012551269888051554	0.0012551269888051554
472	 LLH-3	0.0012883284350163214	0.0012883284350163214
473	 LLH-2	0.0012910751839882119	0.0012910751839882119
474	 LLH-1	0.0012912118193135233	0.0012912118193135233
475	 LLH-6	0.0012900094417394987	0.0012900094417394987
476	 LLH-5	0.0012909422508350344	0.0012909422508350344
477	 LLH-3	0.0013884706064617944	0.0012909422508350344
478	 LLH-2	0.0012911227330246597	0.0012911227330246597
479	 LLH-6	0.0012892487917771614	0.0012892487917771614
480	 LLH-2	0.001286409132376006	0.001286409132376006
481	 LLH-3	0.0013845201400380894	0.001286409132376006
482	 LLH-3	0.0012588302255592775	0.0012588302255592775
483	 LLH-0	0.0012579907810848685	0.0012579907810848685
484	 LLH-3	0.0012617001713723913	0.0012617001713723913
485	 LLH-3	0.0012838850742918628	0.0012838850742918628
486	 LLH-0	0.0012825632722299	0.0012825632722299
487	 LLH-6	0.001285288446840691	0.001285288446840691
488	 LLH-1	0.001285288446840691	0.001285288446840691
489	 LLH-4	0.001285288446840691	0.001285288446840691
494	 LLH-2	0.001303156175058209	0.001303156175058209
495	 LLH-2	0.0012950307053620287	0.0012950307053620287
496	 LLH-4	0.0012932377637592163	0.0012932377637592163
498	 LLH-2	0.0012888011961217469	0.0012888011961217469
499	 LLH-1	0.0012888011961217469	0.0012888011961217469
500	 LLH-3	0.001375184628446971	0.0012888011961217469
501	 LLH-5	0.0012902486969540328	0.0012902486969540328
502	 LLH-3	0.0014082393354716654	0.0012902486969540328
503	 LLH-5	0.0012903531387872707	0.0012903531387872707
504	 LLH-6	0.0012909009275231254	0.0012909009275231254
505	 LLH-3	0.0012635247101906945	0.0012635247101906945
506	 LLH-4	0.0012635247101906945	0.0012635247101906945
511	 LLH-4	0.0012635247101906945	0.0012635247101906945
516	 LLH-1	0.0012635420415367236	0.0012635420415367236
517	 LLH-2	0.0012830580068067315	0.0012635420415367236
518	 LLH-4	0.0012627006206544574	0.0012627006206544574
520	 LLH-5	0.0012619329036703004	0.0012619329036703004
521	 LLH-3	0.0013331881486050691	0.0012619329036703004
522	 LLH-6	0.0012623524623915487	0.0012623524623915487
523	 LLH-5	0.0012617957643484183	0.0012617957643484183
524	 LLH-4	0.0012608088036147335	0.0012608088036147335
526	 LLH-0	0.0012615804401476596	0.0012615804401476596
527	 LLH-2	0.001262625652634652	0.001262625652634652
528	 LLH-0	0.0012615738606680054	0.0012615738606680054
529	 LLH-4	0.0012615738606680054	0.0012615738606680054
534	 LLH-6	0.0012620402295611876	0.0012620402295611876
535	 LLH-2	0.0012819377012996238	0.0012620402295611876
536	 LLH-5	0.0012621159814890678	0.0012621159814890678
537	 LLH-6	0.0012632887006831738	0.0012632887006831738
538	 LLH-6	0.001263924709952325	0.001263924709952325
539	 LLH-5	0.0012625126745589247	0.0012625126745589247
540	 LLH-5	0.0012619877299063448	0.0012619877299063448
541	 LLH-3	0.001249608464354169	0.001249608464354169
542	 LLH-1	0.001249608464354169	0.001249608464354169
543	 LLH-5	0.0012501680767391245	0.0012501680767391245
544	 LLH-0	0.0012512208951867953	0.0012512208951867953
545	 LLH-4	0.0012512208951867953	0.0012512208951867953
550	 LLH-5	0.0012515756187650555	0.0012515756187650555
551	 LLH-6	0.001250858941593087	0.001250858941593087
552	 LLH-3	0.001248310552151544	0.001248310552151544
553	 LLH-0	0.0012492185063389572	0.0012492185063389572
554	 LLH-2	0.001250660603992366	0.001250660603992366
555	 LLH-0	0.0012500713747894928	0.0012500713747894928
556	 LLH-4	0.0012500713747894928	0.0012500713747894928
561	 LLH-1	0.0012500713747894928	0.0012500713747894928
562	 LLH-5	0.0012517294731063436	0.0012517294731063436
563	 LLH-5	0.0012507368581565661	0.0012507368581565661
564	 LLH-1	0.0012507368581565661	0.0012507368581565661
565	 LLH-4	0.001250019736651457	0.001250019736651457
567	 LLH-2	0.001270980336192338	0.001270980336192338
568	 LLH-1	0.001270980336192338	0.001270980336192338
569	 LLH-0	0.0012718575244379951	0.0012718575244379951
570	 LLH-1	0.0012718536163310945	0.0012718536163310945
571	 LLH-0	0.001272905436480674	0.001272905436480674
572	 LLH-0	0.0012717611212410178	0.0012717611212410178
573	 LLH-0	0.0012727890093235086	0.0012727890093235086
574	 LLH-5	0.001273204872765652	0.001273204872765652
575	 LLH-1	0.001273204872765652	0.001273204872765652
576	 LLH-6	0.001272107054688264	0.001272107054688264
577	 LLH-2	0.0012658770802021497	0.0012658770802021497
578	 LLH-6	0.0012660768089127607	0.0012660768089127607
579	 LLH-4	0.0012652037284319455	0.0012652037284319455
582	 LLH-4	0.0012652037284319455	0.0012652037284319455
587	 LLH-4	0.0012652037284319455	0.0012652037284319455
592	 LLH-2	0.0012779434060416436	0.0012779434060416436
593	 LLH-1	0.0012779434060416436	0.0012779434060416436
594	 LLH-1	0.0012779434060416436	0.0012779434060416436
595	 LLH-0	0.001277021197064093	0.001277021197064093
596	 LLH-0	0.001277932377634958	0.001277932377634958
597	 LLH-3	0.0013402546101090307	0.001277932377634958
598	 LLH-2	0.0012816742649276877	0.0012816742649276877
599	 LLH-6	0.0012827775237645917	0.0012816742649276877
600	 LLH-2	0.0012850318825067726	0.0012850318825067726
601	 LLH-3	0.0013686318062647472	0.0012850318825067726
602	 LLH-2	0.0012793538568572176	0.0012793538568572176
603	 LLH-1	0.0012793538568572176	0.0012793538568572176
604	 LLH-4	0.0012779637730688143	0.0012779637730688143
606	 LLH-4	0.0012768025659740578	0.0012768025659740578
611	 LLH-0	0.001277947911918736	0.001277947911918736
612	 LLH-0	0.001279391797858638	0.001279391797858638
613	 LLH-4	0.0012781301665332977	0.0012781301665332977
616	 LLH-1	0.0012781531735290884	0.0012781531735290884
617	 LLH-3	0.001374311472028402	0.001374311472028402
618	 LLH-4	0.0013717575460951486	0.0013717575460951486
620	 LLH-6	0.0013723388950102975	0.0013723388950102975
621	 LLH-0	0.001374888501994324	0.001374888501994324
622	 LLH-6	0.001376726983728571	0.001376726983728571
623	 LLH-6	0.0013761070105360838	0.0013761070105360838
624	 LLH-2	0.0013598399474735526	0.0013598399474735526
625	 LLH-1	0.00135980508379441	0.00135980508379441
626	 LLH-4	0.00135980508379441	0.00135980508379441
631	 LLH-3	0.0015277737557683312	0.00135980508379441
632	 LLH-3	0.0012811927114315946	0.0012811927114315946
633	 LLH-5	0.001280334944920958	0.001280334944920958
634	 LLH-6	0.0012818967156307507	0.0012818967156307507
635	 LLH-0	0.0012829725140784337	0.0012818967156307507
636	 LLH-2	0.0012822409468615408	0.0012822409468615408
637	 LLH-2	0.001295785555324233	0.0012822409468615408
638	 LLH-3	0.0013689048702086057	0.0012822409468615408
639	 LLH-6	0.0012805110715847295	0.0012805110715847295
640	 LLH-0	0.0012791109518014059	0.0012791109518014059
641	 LLH-4	0.0012779376680556816	0.0012779376680556816
643	 LLH-5	0.001277284600269633	0.001277284600269633
644	 LLH-1	0.0012774435828090795	0.0012774435828090795
645	 LLH-1	0.0012774435828090795	0.0012774435828090795
646	 LLH-4	0.001276487817014578	0.001276487817014578
649	 LLH-1	0.0012763224000830044	0.0012763224000830044
650	 LLH-3	0.0013635327729602793	0.0012763224000830044
651	 LLH-1	0.0012763224000830044	0.0012763224000830044
652	 LLH-1	0.0012763224000830044	0.0012763224000830044
653	 LLH-2	0.0012966538609619418	0.0012763224000830044
654	 LLH-6	0.0012783793373118578	0.0012763224000830044
655	 LLH-5	0.0012754815163242275	0.0012754815163242275
656	 LLH-1	0.0012754815163242275	0.0012754815163242275
657	 LLH-3	0.0013273042453697487	0.0012754815163242275
658	 LLH-0	0.0012763834561970483	0.0012763834561970483
659	 LLH-0	0.001277348005414661	0.0012763834561970483
660	 LLH-6	0.0012761139807247143	0.0012761139807247143
661	 LLH-1	0.0012761139807247143	0.0012761139807247143
662	 LLH-0	0.0012772113051997087	0.0012772113051997087
663	 LLH-0	0.001278289336782696	0.001278289336782696
664	 LLH-6	0.0012784828982519581	0.0012784828982519581
665	 LLH-1	0.0012785107886276997	0.0012785107886276997
666	 LLH-1	0.0012785107886276997	0.0012785107886276997
667	 LLH-6	0.0012772907402190683	0.0012772907402190683
668	 LLH-2	0.0012831914881467322	0.0012831914881467322
669	 LLH-3	0.0014242786766446014	0.0012831914881467322
670	 LLH-3	0.0013759033687150571	0.0012831914881467322
671	 LLH-5	0.0012819617206602562	0.0012819617206602562
672	 LLH-4	0.0012819617206602562	0.0012819617206602562
677	 LLH-3	0.0013932105442503006	0.0012819617206602562
678	 LLH-3	0.0013956078953165935	0.0012819617206602562
679	 LLH-0	0.0013040783546736862	0.0012819617206602562
680	 LLH-3	0.0013748021370285173	0.0012819617206602562
681	 LLH-3	0.0012643401885497028	0.0012643401885497028
682	 LLH-5	0.0012647374922934395	0.0012647374922934395
683	 LLH-5	0.0012648083992012318	0.0012648083992012318
684	 LLH-2	0.00127678062458577	0.00127678062458577
685	 LLH-5	0.0012759515019012163	0.0012759515019012163
686	 LLH-2	0.0012791151467130592	0.0012791151467130592
687	 LLH-4	0.001278074902051974	0.001278074902051974
690	 LLH-2	0.0012907119957012477	0.0012907119957012477
691	 LLH-3	0.0013560929640561662	0.0012907119957012477
692	 LLH-5	0.0012925707662429678	0.0012925707662429678
693	 LLH-1	0.0012922814783183213	0.0012922814783183213
694	 LLH-4	0.0012911228540433352	0.0012911228540433352
697	 LLH-4	0.0012898950866703117	0.0012898950866703117
699	 LLH-1	0.0012898950866703117	0.0012898950866703117
700	 LLH-1	0.0012898950866703117	0.0012898950866703117
701	 LLH-3	0.001263771445620092	0.001263771445620092
702	 LLH-6	0.001262126760379352	0.001262126760379352
703	 LLH-5	0.001262197138426957	0.001262197138426957
704	 LLH-3	0.0012514157052982916	0.0012514157052982916
705	 LLH-4	0.0012508487150161137	0.0012508487150161137
710	 LLH-3	0.0012459773439725769	0.0012459773439725769
711	 LLH-4	0.0012455697524902058	0.0012455697524902058
715	 LLH-4	0.0012455697524902058	0.0012455697524902058
720	 LLH-0	0.0012463932678778837	0.0012463932678778837
721	 LLH-1	0.0012463932678778837	0.0012463932678778837
722	 LLH-2	0.001262105410849683	0.0012463932678778837
723	 LLH-0	0.001246882746016459	0.001246882746016459
724	 LLH-5	0.0012469417666912815	0.0012469417666912815
725	 LLH-3	0.0012703548133940466	0.0012469417666912815
726	 LLH-5	0.0012469358261789944	0.0012469358261789944
727	 LLH-5	0.001246659920660151	0.001246659920660151
728	 LLH-1	0.001246659920660151	0.001246659920660151
729	 LLH-2	0.0012586072434976384	0.001246659920660151
730	 LLH-1	0.001246659920660151	0.001246659920660151
731	 LLH-5	0.001246659920660151	0.001246659920660151
732	 LLH-5	0.0012462423587050611	0.0012462423587050611
733	 LLH-5	0.001246493040554416	0.001246493040554416
734	 LLH-6	0.0012467157079770882	0.0012467157079770882
735	 LLH-2	0.0012542988385210417	0.0012542988385210417
736	 LLH-0	0.0012547882046478839	0.0012547882046478839
737	 LLH-5	0.0012551656300920423	0.0012551656300920423
738	 LLH-5	0.0012549309056796708	0.0012549309056796708
739	 LLH-6	0.001254338973270987	0.001254338973270987
740	 LLH-5	0.0012545636313787286	0.0012545636313787286
741	 LLH-1	0.0012545636313787286	0.0012545636313787286
742	 LLH-0	0.0012551451957051117	0.0012551451957051117
743	 LLH-0	0.0012544924819821689	0.0012544924819821689
744	 LLH-5	0.0012541713356425	0.0012541713356425
745	 LLH-2	0.001264000504068983	0.0012541713356425
746	 LLH-6	0.0012551190092674504	0.0012551190092674504
747	 LLH-2	0.0012491181020176665	0.0012491181020176665
748	 LLH-1	0.0012488501677463838	0.0012488501677463838
749	 LLH-0	0.0012495088759937204	0.0012495088759937204
750	 LLH-5	0.0012496517907636773	0.0012496517907636773
751	 LLH-1	0.0012496517907636773	0.0012496517907636773
752	 LLH-3	0.001252305749946996	0.0012496517907636773
753	 LLH-3	0.0012889588078619498	0.0012496517907636773
754	 LLH-2	0.0012579846089065562	0.0012496517907636773
755	 LLH-1	0.0012496517907636773	0.0012496517907636773
756	 LLH-5	0.0012492640059644782	0.0012492640059644782
757	 LLH-1	0.0012492640059644782	0.0012492640059644782
758	 LLH-6	0.0012507097107582882	0.0012507097107582882
759	 LLH-1	0.0012507097107582882	0.0012507097107582882
760	 LLH-1	0.0012503439849087337	0.0012503439849087337
761	 LLH-0	0.001250951172550526	0.001250951172550526
762	 LLH-4	0.0012501558154078087	0.0012501558154078087
764	 LLH-4	0.0012495469828254177	0.0012495469828254177
766	 LLH-1	0.0012495469828254177	0.0012495469828254177
767	 LLH-4	0.0012488059150939509	0.0012488059150939509
770	 LLH-6	0.0012490739462097402	0.0012490739462097402
771	 LLH-4	0.0012485784455389436	0.0012485784455389436
773	 LLH-4	0.001247910985890008	0.001247910985890008
778	 LLH-1	0.001247910985890008	0.001247910985890008
779	 LLH-1	0.001248136420537053	0.001248136420537053
780	 LLH-1	0.001247918795984288	0.001247918795984288
781	 LLH-3	0.0012565115503601358	0.001247918795984288
782	 LLH-5	0.0012489037112198152	0.0012489037112198152
783	 LLH-6	0.001250330701712406	0.0012489037112198152
784	 LLH-3	0.0012588036148440487	0.0012588036148440487
785	 LLH-3	0.0012834546903898927	0.0012588036148440487
786	 LLH-6	0.0012584984056090954	0.0012584984056090954
787	 LLH-6	0.0012591567478456476	0.0012591567478456476
788	 LLH-5	0.0012591567478456476	0.0012591567478456476
789	 LLH-1	0.0012591567478456476	0.0012591567478456476
790	 LLH-1	0.0012591567478456476	0.0012591567478456476
791	 LLH-3	0.0012749347042886477	0.0012591567478456476
792	 LLH-5	0.0012581177225453937	0.0012581177225453937
793	 LLH-1	0.0012581177225453937	0.0012581177225453937
794	 LLH-4	0.0012576146096014446	0.0012576146096014446
798	 LLH-0	0.0012581143515587707	0.0012581143515587707
799	 LLH-5	0.0012578769708522564	0.0012578769708522564
800	 LLH-3	0.001277147159033097	0.0012578769708522564
801	 LLH-5	0.0012577227939780575	0.0012577227939780575
802	 LLH-5	0.0012577765741926695	0.0012577765741926695
803	 LLH-2	0.0012539860801229724	0.0012539860801229724
804	 LLH-2	0.001254497487640138	0.001254497487640138
805	 LLH-4	0.0012538184359847844	0.0012538184359847844
810	 LLH-0	0.0012547811318654773	0.0012547811318654773
811	 LLH-6	0.0012547711796381184	0.0012547711796381184
812	 LLH-6	0.001253841181126788	0.001253841181126788
813	 LLH-5	0.0012537872903033288	0.0012537872903033288
814	 LLH-5	0.0012543157512175142	0.0012537872903033288
815	 LLH-5	0.0012531199762412823	0.0012531199762412823
816	 LLH-0	0.0012539948616287935	0.0012539948616287935
817	 LLH-5	0.001252787482449079	0.001252787482449079
818	 LLH-3	0.0012499670347086542	0.0012499670347086542
819	 LLH-6	0.0012497325873715107	0.0012497325873715107
820	 LLH-2	0.0012494096444483917	0.0012494096444483917
821	 LLH-5	0.0012496279192452326	0.0012496279192452326
822	 LLH-3	0.001313820791358193	0.0012496279192452326
823	 LLH-5	0.0012492343640035093	0.0012492343640035093
824	 LLH-1	0.0012493735347357913	0.0012493735347357913
825	 LLH-5	0.001248919668478563	0.001248919668478563
826	 LLH-1	0.001248919668478563	0.001248919668478563
827	 LLH-3	0.0013111005675117229	0.001248919668478563
828	 LLH-4	0.001248351419753499	0.001248351419753499
831	 LLH-6	0.0012488025798327433	0.001248351419753499
832	 LLH-6	0.0012468271524193	0.0012468271524193
833	 LLH-6	0.001247946859567192	0.0012468271524193
834	 LLH-2	0.0012553587337530408	0.0012468271524193
835	 LLH-6	0.0012464060890740242	0.0012464060890740242
836	 LLH-4	0.0012464060890740242	0.0012464060890740242
841	 LLH-6	0.0012475891116334582	0.0012475891116334582
842	 LLH-2	0.0012548890158852332	0.0012475891116334582
843	 LLH-1	0.001247831712388629	0.001247831712388629
844	 LLH-1	0.001247831712388629	0.001247831712388629
845	 LLH-5	0.001248911163936334	0.001248911163936334
846	 LLH-4	0.001248911163936334	0.001248911163936334
851	 LLH-6	0.0012491884599660366	0.0012491884599660366
852	 LLH-3	0.001299910010740417	0.0012491884599660366
853	 LLH-4	0.0012491884599660366	0.0012491884599660366
858	 LLH-6	0.0012493589313262497	0.0012493589313262497
859	 LLH-3	0.0012953837781585946	0.0012493589313262497
860	 LLH-6	0.0012498138879741972	0.0012498138879741972
861	 LLH-6	0.0012496335266985767	0.0012496335266985767
862	 LLH-2	0.001257746514020047	0.0012496335266985767
863	 LLH-2	0.001261424776804499	0.0012496335266985767
864	 LLH-0	0.0012666726709831145	0.0012496335266985767
865	 LLH-3	0.0013089648277468439	0.0012496335266985767
866	 LLH-1	0.0012492185087193597	0.0012492185087193597
867	 LLH-2	0.0012635296591551552	0.0012492185087193597
868	 LLH-5	0.001249417206358382	0.001249417206358382
869	 LLH-1	0.0012496060817290564	0.0012496060817290564
870	 LLH-5	0.001249157604732275	0.001249157604732275
871	 LLH-3	0.00129311076716526	0.001249157604732275
872	 LLH-6	0.0012491170559182693	0.0012491170559182693
873	 LLH-0	0.001249742771681557	0.001249742771681557
874	 LLH-4	0.0012491421696206144	0.0012491421696206144
877	 LLH-4	0.0012491421696206144	0.0012491421696206144
882	 LLH-3	0.001298723679377771	0.0012491421696206144
883	 LLH-5	0.0012492389419470216	0.0012492389419470216
884	 LLH-3	0.0012919494729042333	0.0012492389419470216
885	 LLH-4	0.0012492389419470216	0.0012492389419470216
890	 LLH-6	0.0012501138521792937	0.0012492389419470216
891	 LLH-0	0.0012498400195841523	0.0012498400195841523
892	 LLH-0	0.0012489662911992694	0.0012489662911992694
893	 LLH-0	0.001249749035695167	0.001249749035695167
894	 LLH-6	0.0012495860571251427	0.0012495860571251427
895	 LLH-1	0.0012495860571251427	0.0012495860571251427
896	 LLH-3	0.0012556735298052185	0.0012495860571251427
897	 LLH-1	0.0012495860571251427	0.0012495860571251427
898	 LLH-4	0.0012495860571251427	0.0012495860571251427
903	 LLH-0	0.0012504708867776917	0.0012504708867776917
904	 LLH-6	0.001250635798543274	0.001250635798543274
905	 LLH-4	0.0012499077030964066	0.0012499077030964066
908	 LLH-5	0.0012502711231999284	0.0012502711231999284
909	 LLH-5	0.0012500238398114444	0.0012500238398114444
910	 LLH-3	0.0013114127143651641	0.0012500238398114444
911	 LLH-3	0.0013062366726073697	0.0012500238398114444
912	 LLH-5	0.0012505356823041638	0.0012505356823041638
913	 LLH-0	0.0012512277144879002	0.0012512277144879002
914	 LLH-5	0.0012500387512603248	0.0012500387512603248
915	 LLH-0	0.0012491403111128713	0.0012491403111128713
916	 LLH-1	0.0012491403111128713	0.0012491403111128713
917	 LLH-5	0.0012498261082428243	0.0012491403111128713
918	 LLH-4	0.0012485492183148214	0.0012485492183148214
921	 LLH-4	0.0012485492183148214	0.0012485492183148214
926	 LLH-6	0.001248017871341791	0.001248017871341791
927	 LLH-5	0.001247451251764659	0.001247451251764659
928	 LLH-1	0.001247451251764659	0.001247451251764659
929	 LLH-2	0.0012523467129197778	0.001247451251764659
930	 LLH-0	0.0012644977214176024	0.001247451251764659
931	 LLH-6	0.0012465237233100876	0.0012465237233100876
932	 LLH-0	0.0012634702596576479	0.0012465237233100876
933	 LLH-0	0.001247193946255766	0.001247193946255766
934	 LLH-3	0.0012566423794652436	0.001247193946255766
935	 LLH-1	0.0012470578058039396	0.0012470578058039396
936	 LLH-5	0.001248855638461214	0.001248855638461214
937	 LLH-4	0.0012482823475617464	0.0012482823475617464
941	 LLH-3	0.0012500856618699843	0.0012482823475617464
942	 LLH-6	0.001247435890406358	0.001247435890406358
943	 LLH-6	0.0012483862782506597	0.001247435890406358
944	 LLH-1	0.001247435890406358	0.001247435890406358
945	 LLH-1	0.001247435890406358	0.001247435890406358
946	 LLH-6	0.0012471831667108936	0.0012471831667108936
947	 LLH-5	0.0012476223522911798	0.0012476223522911798
948	 LLH-2	0.0012559526553071662	0.0012476223522911798
949	 LLH-1	0.0012476223522911798	0.0012476223522911798
950	 LLH-5	0.0012486443015230907	0.0012486443015230907
951	 LLH-5	0.0012491766655952333	0.0012491766655952333
952	 LLH-2	0.0012586685129235117	0.0012491766655952333
953	 LLH-1	0.0012491766655952333	0.0012491766655952333
954	 LLH-2	0.0012739078696000767	0.0012491766655952333
955	 LLH-1	0.0012491766655952333	0.0012491766655952333
956	 LLH-3	0.0012493922318198842	0.0012493922318198842
957	 LLH-0	0.0012503200709976484	0.0012493922318198842
958	 LLH-6	0.0012505827041790056	0.0012493922318198842
959	 LLH-4	0.0012488625102233413	0.0012488625102233413
962	 LLH-1	0.0012488625102233413	0.0012488625102233413
963	 LLH-6	0.0012489651519477446	0.0012489651519477446
964	 LLH-1	0.0012486128304274658	0.0012486128304274658
965	 LLH-2	0.0012533975076998462	0.0012486128304274658
966	 LLH-4	0.0012480655872357217	0.0012480655872357217
970	 LLH-4	0.0012480655872357217	0.0012480655872357217
975	 LLH-1	0.0012480655872357217	0.0012480655872357217
976	 LLH-1	0.00124837580751527	0.00124837580751527
977	 LLH-4	0.00124837580751527	0.00124837580751527
982	 LLH-5	0.0012485810722989786	0.0012485810722989786
983	 LLH-5	0.0012488210720635559	0.0012488210720635559
984	 LLH-2	0.0012528753749264552	0.0012488210720635559
985	 LLH-4	0.0012483271624719153	0.0012483271624719153
987	 LLH-3	0.0012896053163307677	0.0012483271624719153
988	 LLH-4	0.0012483271624719153	0.0012483271624719153
993	 LLH-6	0.0012488679224613344	0.0012483271624719153
994	 LLH-5	0.001248742553742889	0.0012483271624719153
995	 LLH-2	0.0012589402384948342	0.0012483271624719153
996	 LLH-4	0.0012476811922059721	0.0012476811922059721
1000	 LLH-4	0.0012471091366549395	0.0012471091366549395
1005	 LLH-1	0.0012471091366549395	0.0012471091366549395
1006	 LLH-0	0.0012478292554985203	0.0012478292554985203
1007	 LLH-3	0.0012890957324275466	0.0012478292554985203
1008	 LLH-2	0.0012557856979978112	0.0012478292554985203
1009	 LLH-4	0.0012472283293434745	0.0012472283293434745
1014	 LLH-2	0.0012585369330551449	0.0012472283293434745
1015	 LLH-5	0.0012467432722086341	0.0012467432722086341
1016	 LLH-5	0.0012475040057239922	0.0012475040057239922
1017	 LLH-4	0.0012465822976280583	0.0012465822976280583
1019	 LLH-2	0.001254139551168831	0.0012465822976280583
1020	 LLH-1	0.0012465822976280583	0.0012465822976280583
1021	 LLH-6	0.0012458797421637123	0.0012458797421637123
1022	 LLH-5	0.00124591326251393	0.00124591326251393
1023	 LLH-2	0.0012604185724717637	0.00124591326251393
1024	 LLH-2	0.0012575118223486547	0.00124591326251393
1025	 LLH-6	0.0012463006663060384	0.0012463006663060384
1026	 LLH-5	0.001246402981603532	0.001246402981603532
1027	 LLH-6	0.001247334531763128	0.001247334531763128
1028	 LLH-5	0.0012466647457236764	0.0012466647457236764
1029	 LLH-6	0.0012467648891188658	0.0012467648891188658
1030	 LLH-6	0.0012478239318761835	0.0012467648891188658
1031	 LLH-3	0.0012794449468568458	0.0012467648891188658
1032	 LLH-0	0.0012473534826795665	0.0012473534826795665
1033	 LLH-4	0.0012473534826795665	0.0012473534826795665
1038	 LLH-6	0.0012475102481091104	0.0012475102481091104
1039	 LLH-0	0.0012468363213928935	0.0012468363213928935
1040	 LLH-2	0.0012478912723850092	0.0012468363213928935
1041	 LLH-0	0.0012479337219904777	0.0012468363213928935
1042	 LLH-0	0.001247291149677434	0.001247291149677434
1043	 LLH-4	0.001247291149677434	0.001247291149677434
1048	 LLH-6	0.0012464615385853997	0.0012464615385853997
1049	 LLH-0	0.001247241904858891	0.001247241904858891
1050	 LLH-6	0.0012487700789297232	0.001247241904858891
1051	 LLH-3	0.0012731502328181766	0.001247241904858891
1052	 LLH-0	0.0012464876052093459	0.0012464876052093459
1053	 LLH-5	0.001246507447626682	0.001246507447626682
1054	 LLH-6	0.0012461652542713547	0.0012461652542713547
1055	 LLH-3	0.0012792100855331372	0.0012461652542713547
1056	 LLH-3	0.0012437630869219227	0.0012437630869219227
1057	 LLH-4	0.0012437630869219227	0.0012437630869219227
1062	 LLH-1	0.0012437630869219227	0.0012437630869219227
1063	 LLH-4	0.0012437630869219227	0.0012437630869219227
1068	 LLH-1	0.0012437630869219227	0.0012437630869219227
1069	 LLH-1	0.0012437630869219227	0.0012437630869219227
1070	 LLH-5	0.001243970952742654	0.001243970952742654
1071	 LLH-2	0.0012571636952830147	0.001243970952742654
1072	 LLH-1	0.001243970952742654	0.001243970952742654
1073	 LLH-6	0.0012440332877342725	0.0012440332877342725
1074	 LLH-0	0.0012445216166075055	0.0012445216166075055
1075	 LLH-0	0.0012449604090085118	0.0012449604090085118
1076	 LLH-2	0.0012467250522754845	0.0012449604090085118
1077	 LLH-6	0.0012443709161556672	0.0012443709161556672
1078	 LLH-1	0.0012443709161556672	0.0012443709161556672
1079	 LLH-1	0.0012443469515730872	0.0012443469515730872
1080	 LLH-5	0.001244651946685257	0.0012443469515730872
1081	 LLH-3	0.0012906748823292113	0.0012443469515730872
1082	 LLH-3	0.0012861806120599596	0.0012443469515730872
1083	 LLH-2	0.0012553375044247073	0.0012443469515730872
1084	 LLH-0	0.0012439426898485679	0.0012439426898485679
1085	 LLH-4	0.0012439426898485679	0.0012439426898485679
1090	 LLH-3	0.001246522835225619	0.0012439426898485679
1091	 LLH-0	0.0012444661882205286	0.0012444661882205286
1092	 LLH-1	0.0012444661882205286	0.0012444661882205286
1093	 LLH-4	0.0012444661882205286	0.0012444661882205286
1098	 LLH-2	0.0012449751158164642	0.0012449751158164642
1099	 LLH-3	0.0012564376578632877	0.0012449751158164642
1100	 LLH-4	0.0012449751158164642	0.0012449751158164642
1105	 LLH-2	0.0012575729051064989	0.0012449751158164642
1106	 LLH-4	0.0012449751158164642	0.0012449751158164642
1111	 LLH-4	0.0012449751158164642	0.0012449751158164642
1116	 LLH-0	0.0012456458839129748	0.0012449751158164642
1117	 LLH-3	0.0012541581977151882	0.0012449751158164642
1118	 LLH-1	0.0012449751158164642	0.0012449751158164642
1119	 LLH-2	0.0012536810293673716	0.0012449751158164642
1120	 LLH-6	0.0012442155522390784	0.0012442155522390784
1121	 LLH-5	0.0012441552227626614	0.0012441552227626614
1122	 LLH-5	0.0012447714582554737	0.0012447714582554737
1123	 LLH-1	0.001245054897755517	0.001245054897755517
1124	 LLH-4	0.001245054897755517	0.001245054897755517
1129	 LLH-0	0.0012456951321288257	0.001245054897755517
1130	 LLH-4	0.001245054897755517	0.001245054897755517
1135	 LLH-3	0.0012553815542285947	0.001245054897755517
1136	 LLH-5	0.0012450052515153788	0.0012450052515153788
1137	 LLH-5	0.0012457057821193029	0.0012450052515153788
1138	 LLH-6	0.0012454156921401977	0.0012454156921401977
1139	 LLH-5	0.0012449559662406839	0.0012449559662406839
1140	 LLH-3	0.0012545073619529999	0.0012449559662406839
1141	 LLH-0	0.0012457281388899735	0.0012457281388899735
1142	 LLH-2	0.0012572678939525312	0.0012457281388899735
1143	 LLH-6	0.0012461218469716458	0.0012461218469716458
1144	 LLH-0	0.0012468244977230784	0.0012468244977230784
1145	 LLH-2	0.0012588854639254822	0.0012468244977230784
1146	 LLH-2	0.0012494294873572674	0.0012468244977230784
1147	 LLH-2	0.0012551126405234722	0.0012468244977230784
1148	 LLH-0	0.0012476988504865377	0.0012468244977230784
1149	 LLH-6	0.0012476567882204333	0.0012468244977230784
1150	 LLH-5	0.0012467589999181218	0.0012467589999181218
1151	 LLH-1	0.001246780953508736	0.001246780953508736
1152	 LLH-4	0.0012462671432610741	0.0012462671432610741
1154	 LLH-4	0.0012462671432610741	0.0012462671432610741
1159	 LLH-0	0.0012470332587084286	0.0012462671432610741
1160	 LLH-6	0.0012466708472749618	0.0012466708472749618
1161	 LLH-6	0.0012467972153454255	0.0012467972153454255
1162	 LLH-0	0.0012473510388141444	0.0012467972153454255
1163	 LLH-3	0.0012510090412886678	0.0012467972153454255
1164	 LLH-1	0.0012467972153454255	0.0012467972153454255
1165	 LLH-1	0.0012467447201917493	0.0012467447201917493
1166	 LLH-6	0.0012479011479609304	0.0012467447201917493
1167	 LLH-0	0.001247345985026428	0.0012467447201917493
1168	 LLH-2	0.0012502955211718865	0.0012467447201917493
1169	 LLH-1	0.0012467950029351636	0.0012467950029351636
1170	 LLH-0	0.0012474706476896845	0.0012474706476896845
1171	 LLH-4	0.001246331312214519	0.001246331312214519
1175	 LLH-6	0.001247422940929182	0.001246331312214519
1176	 LLH-3	0.0013033253318699748	0.001246331312214519
1177	 LLH-6	0.0012474615119340189	0.001246331312214519
1178	 LLH-1	0.0012462489685251413	0.0012462489685251413
1179	 LLH-0	0.0012472005152737154	0.0012462489685251413
1180	 LLH-0	0.0012455901571905518	0.0012455901571905518
1181	 LLH-1	0.0012455453570733575	0.0012455453570733575
1182	 LLH-6	0.0012463124079475506	0.0012463124079475506
1183	 LLH-2	0.0012635209521598063	0.0012463124079475506
1184	 LLH-6	0.001247253632408945	0.0012463124079475506
1185	 LLH-1	0.0012463124079475506	0.0012463124079475506
1186	 LLH-4	0.0012463124079475506	0.0012463124079475506
1191	 LLH-4	0.0012463124079475506	0.0012463124079475506
1196	 LLH-3	0.0012940987442088448	0.0012463124079475506
1197	 LLH-4	0.0012463124079475506	0.0012463124079475506
1202	 LLH-1	0.0012460896538544794	0.0012460896538544794
1203	 LLH-6	0.001246531209802501	0.0012460896538544794
1204	 LLH-0	0.001246612191077179	0.0012460896538544794
1205	 LLH-6	0.0012459391764392507	0.0012459391764392507
1206	 LLH-2	0.0012556997393330816	0.0012459391764392507
1207	 LLH-4	0.0012459391764392507	0.0012459391764392507
1212	 LLH-3	0.0012426340647860015	0.0012426340647860015
1213	 LLH-4	0.0012426340647860015	0.0012426340647860015
1218	 LLH-1	0.0012426340647860015	0.0012426340647860015
1219	 LLH-1	0.0012426340647860015	0.0012426340647860015
1220	 LLH-6	0.0012420597096274586	0.0012420597096274586
1221	 LLH-1	0.0012420597096274586	0.0012420597096274586
1222	 LLH-4	0.0012420597096274586	0.0012420597096274586
1227	 LLH-5	0.0012419738512374477	0.0012419738512374477
1228	 LLH-1	0.0012419738512374477	0.0012419738512374477
1229	 LLH-6	0.0012417214671046285	0.0012417214671046285
1230	 LLH-1	0.0012418573062171988	0.0012417214671046285
1231	 LLH-6	0.0012417816908683642	0.0012417816908683642
1232	 LLH-0	0.0012423365824531676	0.0012423365824531676
1233	 LLH-1	0.0012423365824531676	0.0012423365824531676
1234	 LLH-3	0.0012419990637276231	0.0012419990637276231
1235	 LLH-2	0.001249350448435061	0.0012419990637276231
1236	 LLH-3	0.001272942442617875	0.0012419990637276231
1237	 LLH-6	0.001241938760520025	0.001241938760520025
1238	 LLH-4	0.001241231984937335	0.001241231984937335
1241	 LLH-1	0.001241231984937335	0.001241231984937335
1242	 LLH-3	0.0012728006777331948	0.001241231984937335
1243	 LLH-4	0.001241231984937335	0.001241231984937335
1248	 LLH-6	0.001241331955884807	0.001241231984937335
1249	 LLH-2	0.001255641987912597	0.001241231984937335
1250	 LLH-5	0.001241242000477586	0.001241242000477586
1251	 LLH-5	0.00124171272372881	0.00124171272372881
1252	 LLH-3	0.0012452685924845954	0.00124171272372881
1253	 LLH-5	0.0012419675647435118	0.0012419675647435118
1254	 LLH-0	0.001242710257947572	0.0012419675647435118
1255	 LLH-2	0.0012596530476312396	0.0012419675647435118
1256	 LLH-3	0.0012804952395229013	0.0012419675647435118
1257	 LLH-6	0.001242427768070457	0.001242427768070457
1258	 LLH-4	0.001242427768070457	0.001242427768070457
1263	 LLH-2	0.001250448875525572	0.001242427768070457
1264	 LLH-3	0.0012497225509805795	0.001242427768070457
1265	 LLH-5	0.0012428686960559035	0.001242427768070457
1266	 LLH-5	0.0012423906968565864	0.0012423906968565864
1267	 LLH-1	0.0012423906968565864	0.0012423906968565864
1268	 LLH-2	0.0012483184579798582	0.0012423906968565864
1269	 LLH-3	0.0012897846822325259	0.0012423906968565864
1270	 LLH-6	0.0012430253678246453	0.0012423906968565864
1271	 LLH-2	0.0012572334606163358	0.0012423906968565864
1272	 LLH-5	0.0012424054108935681	0.0012424054108935681
1273	 LLH-0	0.0012431885668795488	0.0012424054108935681
1274	 LLH-2	0.00124590651852569	0.0012424054108935681
1275	 LLH-4	0.0012418876938057836	0.0012418876938057836
1280	 LLH-3	0.0012467610331782515	0.0012418876938057836
1281	 LLH-6	0.001241674057495369	0.001241674057495369
1282	 LLH-6	0.0012424818030177707	0.001241674057495369
1283	 LLH-5	0.0012416579436298363	0.0012416579436298363
1284	 LLH-6	0.0012427236366590677	0.0012416579436298363
1285	 LLH-3	0.0012464799491545598	0.0012416579436298363
1286	 LLH-1	0.0012416579436298363	0.0012416579436298363
1287	 LLH-3	0.0012457696704082338	0.0012416579436298363
1288	 LLH-2	0.0012514545119636613	0.0012416579436298363
1289	 LLH-5	0.001241222470609074	0.001241222470609074
1290	 LLH-3	0.0012713510933232408	0.001241222470609074
1291	 LLH-1	0.001241222470609074	0.001241222470609074
1292	 LLH-0	0.0012418508837532133	0.0012418508837532133
1293	 LLH-3	0.0012442491162394493	0.0012418508837532133
1294	 LLH-2	0.0012484843399424097	0.0012418508837532133
1295	 LLH-5	0.0012418218759730967	0.0012418218759730967
1296	 LLH-1	0.0012418218759730967	0.0012418218759730967
1297	 LLH-1	0.0012418218759730967	0.0012418218759730967
1298	 LLH-1	0.0012418218759730967	0.0012418218759730967
1299	 LLH-0	0.00124242059150529	0.0012418218759730967
1300	 LLH-2	0.0012553458481806827	0.0012418218759730967
1301	 LLH-4	0.0012418218759730967	0.0012418218759730967
1306	 LLH-4	0.0012418218759730967	0.0012418218759730967
1311	 LLH-3	0.0012456978323796878	0.0012418218759730967
1312	 LLH-5	0.0012423620440036418	0.0012418218759730967
1313	 LLH-0	0.0012423300505144856	0.0012418218759730967
1314	 LLH-0	0.0012423615745892614	0.0012418218759730967
1315	 LLH-0	0.0012424238059529362	0.0012418218759730967
1316	 LLH-1	0.001241804073518657	0.001241804073518657
1317	 LLH-6	0.0012416820760692028	0.0012416820760692028
1318	 LLH-0	0.0012421010709355114	0.0012421010709355114
1319	 LLH-3	0.00127543447677616	0.0012421010709355114
1320	 LLH-5	0.0012420293412671128	0.0012420293412671128
1321	 LLH-3	0.001246663914412514	0.0012420293412671128
1322	 LLH-3	0.0012485462302096197	0.0012420293412671128
1323	 LLH-6	0.0012429789509031208	0.0012420293412671128
1324	 LLH-2	0.001257135981256588	0.0012420293412671128
1325	 LLH-3	0.0012893963940871465	0.0012420293412671128
1326	 LLH-3	0.0012698171647214241	0.0012420293412671128
1327	 LLH-3	0.0012679665460494287	0.0012420293412671128
1328	 LLH-3	0.0012451720973432846	0.0012420293412671128
1329	 LLH-0	0.001242479991389604	0.001242479991389604
1330	 LLH-4	0.0012420293412671128	0.0012420293412671128
1332	 LLH-6	0.0012420367268209907	0.0012420367268209907
1333	 LLH-1	0.0012420367268209907	0.0012420367268209907
1334	 LLH-0	0.001242505468865291	0.0012420367268209907
1335	 LLH-5	0.0012427445578357776	0.0012427445578357776
1336	 LLH-1	0.0012427445578357776	0.0012427445578357776
1337	 LLH-0	0.0012431855208918435	0.0012427445578357776
1338	 LLH-2	0.0012476127357784123	0.0012427445578357776
1339	 LLH-6	0.001242287765116469	0.001242287765116469
1340	 LLH-4	0.001241865028973758	0.001241865028973758
1344	 LLH-0	0.0012423504485357892	0.001241865028973758
1345	 LLH-0	0.0012424114518770964	0.001241865028973758
1346	 LLH-5	0.0012423123494704471	0.001241865028973758
1347	 LLH-2	0.0012496751893291943	0.001241865028973758
1348	 LLH-1	0.001241865028973758	0.001241865028973758
1349	 LLH-3	0.0012788844210839614	0.001241865028973758
1350	 LLH-0	0.0012427369429045918	0.0012427369429045918
1351	 LLH-1	0.0012427369429045918	0.0012427369429045918
1352	 LLH-6	0.0012434951812694776	0.0012427369429045918
1353	 LLH-4	0.0012427369429045918	0.0012427369429045918
1358	 LLH-6	0.0012428605432397764	0.0012427369429045918
1359	 LLH-5	0.0012426746719788235	0.0012426746719788235
1360	 LLH-1	0.0012426746719788235	0.0012426746719788235
1361	 LLH-1	0.0012426746719788235	0.0012426746719788235
1362	 LLH-0	0.0012422526376370524	0.0012422526376370524
1363	 LLH-6	0.001242227938668858	0.001242227938668858
1364	 LLH-5	0.0012423637364923907	0.001242227938668858
1365	 LLH-1	0.001242227938668858	0.001242227938668858
1366	 LLH-0	0.0012426507551537248	0.001242227938668858
1367	 LLH-2	0.0012544578364909525	0.001242227938668858
1368	 LLH-2	0.0012549146442143466	0.001242227938668858
1369	 LLH-4	0.001242227938668858	0.001242227938668858
1374	 LLH-5	0.0012439076179860307	0.001242227938668858
1375	 LLH-1	0.001242227938668858	0.001242227938668858
1376	 LLH-3	0.0012462834297298324	0.001242227938668858
1377	 LLH-6	0.0012431103538730602	0.001242227938668858
1378	 LLH-1	0.0012419682696161402	0.0012419682696161402
1379	 LLH-5	0.0012420365647949944	0.0012419682696161402
1380	 LLH-0	0.0012424589325594113	0.0012419682696161402
1381	 LLH-6	0.0012422040299738116	0.0012419682696161402
1382	 LLH-0	0.0012424640623723338	0.0012419682696161402
1383	 LLH-5	0.0012422529021175023	0.0012419682696161402
1384	 LLH-4	0.0012419682696161402	0.0012419682696161402
1389	 LLH-3	0.0012735347351663052	0.0012419682696161402
1390	 LLH-3	0.0012449870185032423	0.0012419682696161402
1391	 LLH-6	0.0012421435201953603	0.0012419682696161402
1392	 LLH-0	0.0012413977342448422	0.0012413977342448422
1393	 LLH-4	0.0012413977342448422	0.0012413977342448422
1398	 LLH-4	0.0012413977342448422	0.0012413977342448422
1403	 LLH-3	0.0012842316153877141	0.0012413977342448422
1404	 LLH-4	0.0012413977342448422	0.0012413977342448422
1409	 LLH-1	0.0012413977342448422	0.0012413977342448422
1410	 LLH-3	0.0012935771430391844	0.0012413977342448422
1411	 LLH-6	0.001242051863459258	0.0012413977342448422
1412	 LLH-4	0.0012413977342448422	0.0012413977342448422
1417	 LLH-6	0.001242238369320601	0.0012413977342448422
1418	 LLH-3	0.0012826803874687225	0.0012413977342448422
1419	 LLH-5	0.0012411265888146283	0.0012411265888146283
1420	 LLH-1	0.0012411265888146283	0.0012411265888146283
1421	 LLH-0	0.0012416122649588875	0.0012411265888146283
1422	 LLH-5	0.0012413339650952041	0.0012411265888146283
1423	 LLH-1	0.0012411265888146283	0.0012411265888146283
1424	 LLH-4	0.0012411265888146283	0.0012411265888146283
1429	 LLH-6	0.0012412552860913088	0.0012412552860913088
1430	 LLH-5	0.0012416535862047307	0.0012412552860913088
1431	 LLH-3	0.0012727780217216607	0.0012412552860913088
1432	 LLH-6	0.0012420310246018338	0.0012412552860913088
1433	 LLH-5	0.0012409951799134341	0.0012409951799134341
1434	 LLH-2	0.0012543600418836586	0.0012409951799134341
1435	 LLH-3	0.001281132914377701	0.0012409951799134341
1436	 LLH-1	0.001241079647012753	0.001241079647012753
1437	 LLH-6	0.0012410722847493907	0.0012410722847493907
1438	 LLH-1	0.0012410722847493907	0.0012410722847493907
1439	 LLH-0	0.0012417064297642038	0.0012410722847493907
1440	 LLH-5	0.0012409565429273488	0.0012409565429273488
1441	 LLH-3	0.0012793494329850154	0.0012409565429273488
1442	 LLH-0	0.0012415670306546588	0.0012409565429273488
1443	 LLH-0	0.0012413475790140612	0.0012409565429273488
1444	 LLH-5	0.0012408388881041776	0.0012408388881041776
1445	 LLH-3	0.0012634257004845704	0.0012408388881041776
1446	 LLH-0	0.0012412689271673386	0.0012408388881041776
1447	 LLH-6	0.0012415080855905747	0.0012408388881041776
1448	 LLH-0	0.0012413198362929325	0.0012408388881041776
1449	 LLH-3	0.001278523250150508	0.0012408388881041776
1450	 LLH-5	0.0012408388881041776	0.0012408388881041776
1451	 LLH-2	0.0012454941668091563	0.0012408388881041776
1452	 LLH-6	0.0012416863638239533	0.0012408388881041776
1453	 LLH-0	0.0012412644133806866	0.0012408388881041776
1454	 LLH-1	0.0012408388881041776	0.0012408388881041776
1455	 LLH-1	0.0012408388881041776	0.0012408388881041776
1456	 LLH-4	0.0012408388881041776	0.0012408388881041776
1461	 LLH-0	0.0012414325264358322	0.0012408388881041776
1462	 LLH-4	0.0012408388881041776	0.0012408388881041776
1467	 LLH-5	0.0012410798348004373	0.0012408388881041776
1468	 LLH-2	0.0012512912322577645	0.0012408388881041776
1469	 LLH-2	0.0012486265024106518	0.0012408388881041776
1470	 LLH-5	0.0012409833978228636	0.0012409833978228636
1471	 LLH-2	0.0012482317998455754	0.0012409833978228636
1472	 LLH-5	0.0012407237766035243	0.0012407237766035243
1473	 LLH-6	0.0012413871051532783	0.0012407237766035243
1474	 LLH-6	0.0012408410871626691	0.0012408410871626691
1475	 LLH-4	0.0012408410871626691	0.0012408410871626691
1480	 LLH-4	0.0012408410871626691	0.0012408410871626691
1485	 LLH-2	0.0012513580813867048	0.0012408410871626691
1486	 LLH-4	0.0012408410871626691	0.0012408410871626691
1491	 LLH-1	0.0012410147437981816	0.0012408410871626691
1492	 LLH-5	0.0012407786253223589	0.0012407786253223589
1493	 LLH-3	0.0012785588154435364	0.0012407786253223589
1494	 LLH-5	0.0012406688609298002	0.0012406688609298002
1495	 LLH-0	0.001241167477314032	0.0012406688609298002
1496	 LLH-2	0.001249634813109842	0.0012406688609298002
1497	 LLH-1	0.0012406688609298002	0.0012406688609298002
1498	 LLH-6	0.001241112996867564	0.0012406688609298002
1499	 LLH-5	0.001240449155881582	0.001240449155881582
1500	 LLH-2	0.0012550386326245127	0.001240449155881582
1501	 LLH-6	0.0012415783142676897	0.001240449155881582
1502	 LLH-1	0.001240449155881582	0.001240449155881582
1503	 LLH-1	0.001240449155881582	0.001240449155881582
1504	 LLH-0	0.0012409798638658037	0.001240449155881582
1505	 LLH-4	0.001240449155881582	0.001240449155881582
1510	 LLH-2	0.001252823496268566	0.001240449155881582
1511	 LLH-2	0.001246530089739944	0.001240449155881582
1512	 LLH-1	0.001240449155881582	0.001240449155881582
1513	 LLH-3	0.0012647691127596573	0.001240449155881582
1514	 LLH-1	0.0012408833034154476	0.001240449155881582
1515	 LLH-2	0.0012494960774861827	0.001240449155881582
1516	 LLH-3	0.0012460365023776055	0.001240449155881582
1517	 LLH-5	0.0012410495001235326	0.001240449155881582
1518	 LLH-3	0.001244707986080982	0.001240449155881582
1519	 LLH-0	0.0012409451999128565	0.001240449155881582
1520	 LLH-4	0.001240449155881582	0.001240449155881582
1525	 LLH-1	0.001240449155881582	0.001240449155881582
1526	 LLH-1	0.001240449155881582	0.001240449155881582
1527	 LLH-4	0.001240449155881582	0.001240449155881582
1532	 LLH-2	0.0012462692696141007	0.001240449155881582
1533	 LLH-0	0.0012409025627898433	0.001240449155881582
1534	 LLH-0	0.001240867991540635	0.001240449155881582
1535	 LLH-5	0.0012402349989592556	0.0012402349989592556
1536	 LLH-6	0.0012403790705975619	0.0012402349989592556
1537	 LLH-0	0.0012406555080573776	0.0012402349989592556
1538	 LLH-1	0.0012402349989592556	0.0012402349989592556
1539	 LLH-4	0.0012402349989592556	0.0012402349989592556
1544	 LLH-0	0.0012407437970405446	0.0012402349989592556
1545	 LLH-5	0.0012400159255162829	0.0012400159255162829
1546	 LLH-6	0.0012408624859300602	0.0012400159255162829
1547	 LLH-6	0.0012399627194154444	0.0012399627194154444
1548	 LLH-6	0.0012404063853506749	0.0012399627194154444
1549	 LLH-3	0.0012472922134910691	0.0012399627194154444
1550	 LLH-5	0.0012398765580810406	0.0012398765580810406
1551	 LLH-6	0.001239947468098933	0.0012398765580810406
1552	 LLH-6	0.0012403397733684474	0.0012398765580810406
1553	 LLH-5	0.001240638486593319	0.0012398765580810406
1554	 LLH-5	0.0012398681376821548	0.0012398681376821548
1555	 LLH-6	0.0012404845604326383	0.0012398681376821548
1556	 LLH-6	0.0012398990600083221	0.0012398990600083221
1557	 LLH-0	0.0012404976672431823	0.0012398990600083221
1558	 LLH-4	0.0012398990600083221	0.0012398990600083221
1563	 LLH-0	0.001240326408545317	0.0012398990600083221
1564	 LLH-4	0.0012398990600083221	0.0012398990600083221
1569	 LLH-3	0.0012718308892763091	0.0012398990600083221
1570	 LLH-6	0.0012398610521259902	0.0012398610521259902
1571	 LLH-1	0.0012398610521259902	0.0012398610521259902
1572	 LLH-1	0.0012398610521259902	0.0012398610521259902
1573	 LLH-4	0.0012398610521259902	0.0012398610521259902
1578	 LLH-4	0.0012398610521259902	0.0012398610521259902
1583	 LLH-1	0.0012398610521259902	0.0012398610521259902
1584	 LLH-2	0.0012435309829988326	0.0012398610521259902
1585	 LLH-5	0.0012407088895173169	0.0012398610521259902
1586	 LLH-1	0.0012398610521259902	0.0012398610521259902
1587	 LLH-5	0.0012403844701456578	0.0012398610521259902
1588	 LLH-1	0.0012398610521259902	0.0012398610521259902
1589	 LLH-1	0.001239817165786885	0.001239817165786885
1590	 LLH-3	0.0012900234407721687	0.001239817165786885
1591	 LLH-0	0.0012405644480557245	0.001239817165786885
1592	 LLH-0	0.0012402714440388905	0.001239817165786885
1593	 LLH-2	0.001252149841356962	0.001239817165786885
1594	 LLH-5	0.0012397890320705296	0.0012397890320705296
1595	 LLH-2	0.0012548247089670416	0.0012397890320705296
1596	 LLH-0	0.0012404565684223626	0.0012397890320705296
1597	 LLH-6	0.0012403464718842188	0.0012397890320705296
1598	 LLH-1	0.0012397890320705296	0.0012397890320705296
1599	 LLH-0	0.0012401975156450177	0.0012397890320705296
1600	 LLH-4	0.0012397890320705296	0.0012397890320705296
1605	 LLH-6	0.0012402516026510737	0.0012397890320705296
1606	 LLH-1	0.0012397890320705296	0.0012397890320705296
1607	 LLH-4	0.0012397890320705296	0.0012397890320705296
1612	 LLH-6	0.0012402743441392724	0.0012397890320705296
1613	 LLH-5	0.0012409019990766762	0.0012397890320705296
1614	 LLH-4	0.0012397890320705296	0.0012397890320705296
1619	 LLH-2	0.001259348732094383	0.0012397890320705296
1620	 LLH-1	0.0012403666232861789	0.0012397890320705296
1621	 LLH-3	0.0012767493183222219	0.0012397890320705296
1622	 LLH-1	0.0012397890320705296	0.0012397890320705296
1623	 LLH-6	0.0012395640459908581	0.0012395640459908581
1624	 LLH-5	0.0012397880465612702	0.0012395640459908581
1625	 LLH-3	0.0012432207672800882	0.0012395640459908581
1626	 LLH-5	0.0012398515345919826	0.0012395640459908581
1627	 LLH-4	0.0012395640459908581	0.0012395640459908581
1632	 LLH-4	0.0012395640459908581	0.0012395640459908581
1637	 LLH-0	0.0012405692927509255	0.0012395640459908581
1638	 LLH-0	0.0012399721569717216	0.0012395640459908581
1639	 LLH-1	0.0012395640459908581	0.0012395640459908581
1640	 LLH-4	0.0012395640459908581	0.0012395640459908581
1645	 LLH-2	0.0012467443402371789	0.0012395640459908581
1646	 LLH-3	0.0012463668705042898	0.0012395640459908581
1647	 LLH-5	0.0012402262787865961	0.0012395640459908581
1648	 LLH-6	0.0012399500401006043	0.0012395640459908581
1649	 LLH-5	0.0012394641734679356	0.0012394641734679356
1650	 LLH-5	0.0012397399117293983	0.0012394641734679356
1651	 LLH-0	0.0012400020445761963	0.0012394641734679356
1652	 LLH-0	0.0012398921523578623	0.0012394641734679356
1653	 LLH-6	0.0012400445658796787	0.0012394641734679356
1654	 LLH-3	0.001244503186506318	0.0012394641734679356
1655	 LLH-1	0.0012394641734679356	0.0012394641734679356
1656	 LLH-2	0.001257680532076889	0.0012394641734679356
1657	 LLH-4	0.0012394641734679356	0.0012394641734679356
1662	 LLH-5	0.0012394652705749734	0.0012394652705749734
1663	 LLH-6	0.0012397502885961105	0.0012394652705749734
1664	 LLH-4	0.0012394652705749734	0.0012394652705749734
1669	 LLH-3	0.0012779714778730418	0.0012394652705749734
1670	 LLH-4	0.0012394652705749734	0.0012394652705749734
1675	 LLH-1	0.0012394652705749734	0.0012394652705749734
1676	 LLH-6	0.0012408952212647117	0.0012394652705749734
1677	 LLH-4	0.0012394652705749734	0.0012394652705749734
1682	 LLH-3	0.001246549371213776	0.0012394652705749734
1683	 LLH-2	0.0012583110108327277	0.0012394652705749734
1684	 LLH-2	0.0012465196889361633	0.0012394652705749734
1685	 LLH-6	0.0012399665485820384	0.0012394652705749734
1686	 LLH-2	0.001241440582898153	0.0012394652705749734
1687	 LLH-3	0.0012611952178806017	0.0012394652705749734
1688	 LLH-4	0.0012394652705749734	0.0012394652705749734
1693	 LLH-0	0.0012399671345244918	0.0012394652705749734
1694	 LLH-5	0.0012395401541512876	0.0012394652705749734
1695	 LLH-5	0.001239668951625197	0.0012394652705749734
1696	 LLH-0	0.0012398702337997076	0.0012394652705749734
1697	 LLH-4	0.0012394652705749734	0.0012394652705749734
1702	 LLH-6	0.001239669531898033	0.0012394652705749734
1703	 LLH-3	0.0012453296698064615	0.0012394652705749734
1704	 LLH-6	0.00124025800528901	0.0012394652705749734
1705	 LLH-5	0.0012397866455630825	0.0012394652705749734
1706	 LLH-1	0.0012394652705749734	0.0012394652705749734
1707	 LLH-3	0.0012438830096099343	0.0012394652705749734
1708	 LLH-3	0.0012738680242755911	0.0012394652705749734
1709	 LLH-4	0.0012394652705749734	0.0012394652705749734
1714	 LLH-5	0.0012396935403725308	0.0012394652705749734
1715	 LLH-0	0.0012400661404379815	0.0012394652705749734
1716	 LLH-3	0.001245654299623223	0.0012394652705749734
1717	 LLH-6	0.001240507262116285	0.0012394652705749734
1718	 LLH-3	0.0012668968977618117	0.0012394652705749734
1719	 LLH-3	0.0012444789175346247	0.0012394652705749734
1720	 LLH-6	0.001239883530466687	0.0012394652705749734
1721	 LLH-6	0.001240718687506907	0.0012394652705749734
1722	 LLH-0	0.0012538608490223928	0.0012394652705749734
1723	 LLH-1	0.0012394652705749734	0.0012394652705749734
1724	 LLH-2	0.0012447428776649772	0.0012394652705749734
1725	 LLH-6	0.001240344645799633	0.0012394652705749734
1726	 LLH-1	0.0012394652705749734	0.0012394652705749734
1727	 LLH-5	0.001239480847487202	0.001239480847487202
1728	 LLH-0	0.0012401481784428848	0.001239480847487202
1729	 LLH-3	0.001247671420013507	0.001239480847487202
1730	 LLH-3	0.001243701341825628	0.001239480847487202
1731	 LLH-3	0.001246167392845577	0.001239480847487202
1732	 LLH-0	0.001240005309334537	0.001239480847487202
1733	 LLH-2	0.0012472536201292147	0.001239480847487202
1734	 LLH-1	0.001239480847487202	0.001239480847487202
1735	 LLH-4	0.001239480847487202	0.001239480847487202
1740	 LLH-2	0.0012524816620228616	0.001239480847487202
1741	 LLH-0	0.0012401531404723045	0.001239480847487202
1742	 LLH-2	0.0012585335055669401	0.001239480847487202
1743	 LLH-1	0.0012394823075349852	0.0012394823075349852
1744	 LLH-4	0.0012394823075349852	0.0012394823075349852
1749	 LLH-5	0.00123943577355742	0.00123943577355742
1750	 LLH-6	0.0012395463617196276	0.00123943577355742
1751	 LLH-2	0.001247292943466591	0.00123943577355742
1752	 LLH-4	0.00123943577355742	0.00123943577355742
1757	 LLH-4	0.00123943577355742	0.00123943577355742
1762	 LLH-0	0.0012402742044672127	0.00123943577355742
1763	 LLH-2	0.0012586948715940438	0.00123943577355742
1764	 LLH-3	0.0012471845496527338	0.00123943577355742
1765	 LLH-1	0.00123943577355742	0.00123943577355742
1766	 LLH-4	0.00123943577355742	0.00123943577355742
1771	 LLH-3	0.0012749310569717238	0.00123943577355742
1772	 LLH-4	0.00123943577355742	0.00123943577355742
1777	 LLH-5	0.001240044517233799	0.00123943577355742
1778	 LLH-3	0.0012442682304863943	0.00123943577355742
1779	 LLH-0	0.0012402227715762612	0.00123943577355742
1780	 LLH-0	0.001240094994138635	0.00123943577355742
1781	 LLH-6	0.0012405834816212665	0.00123943577355742
1782	 LLH-5	0.0012396621797513313	0.00123943577355742
1783	 LLH-1	0.0012395101025048712	0.00123943577355742
1784	 LLH-3	0.0012431031754980507	0.00123943577355742
1785	 LLH-1	0.00123943577355742	0.00123943577355742
1786	 LLH-6	0.0012402437466370977	0.00123943577355742
1787	 LLH-6	0.0012405013153654171	0.00123943577355742
1788	 LLH-5	0.001239634184923811	0.00123943577355742
1789	 LLH-6	0.0012401099798479798	0.00123943577355742
1790	 LLH-5	0.0012394112490719715	0.0012394112490719715
1791	 LLH-1	0.0012394112490719715	0.0012394112490719715
1792	 LLH-2	0.0012496548406610672	0.0012394112490719715
1793	 LLH-0	0.0012401466814744749	0.0012394112490719715
1794	 LLH-0	0.001239871170441518	0.0012394112490719715
1795	 LLH-2	0.0012501765771936988	0.0012394112490719715
1796	 LLH-3	0.0012423354924465512	0.0012394112490719715
1797	 LLH-1	0.0012394112490719715	0.0012394112490719715
1798	 LLH-3	0.001244656067078148	0.0012394112490719715
1799	 LLH-5	0.0012392447426722137	0.0012392447426722137
1800	 LLH-4	0.0012392447426722137	0.0012392447426722137
1805	 LLH-3	0.0012684168961763663	0.0012392447426722137
1806	 LLH-3	0.0012841222075089009	0.0012392447426722137
1807	 LLH-4	0.0012392447426722137	0.0012392447426722137
1812	 LLH-1	0.0012392447426722137	0.0012392447426722137
1813	 LLH-0	0.0012396506561196947	0.0012392447426722137
1814	 LLH-2	0.0012563499611804284	0.0012392447426722137
1815	 LLH-4	0.0012392447426722137	0.0012392447426722137
1820	 LLH-4	0.0012392447426722137	0.0012392447426722137
1825	 LLH-2	0.0012471618947092133	0.0012392447426722137
1826	 LLH-2	0.0012488020237091803	0.0012392447426722137
1827	 LLH-4	0.0012392447426722137	0.0012392447426722137
1832	 LLH-1	0.0012392447426722137	0.0012392447426722137
1833	 LLH-6	0.0012398927760945042	0.0012392447426722137
1834	 LLH-4	0.0012392447426722137	0.0012392447426722137
1839	 LLH-0	0.0012397233076495806	0.0012392447426722137
1840	 LLH-6	0.0012402053279060208	0.0012392447426722137
1841	 LLH-3	0.0012613021012341133	0.0012392447426722137
1842	 LLH-4	0.0012392447426722137	0.0012392447426722137
1847	 LLH-3	0.0012444954189815489	0.0012392447426722137
1848	 LLH-0	0.001239690227854254	0.0012392447426722137
1849	 LLH-3	0.0012778046807508706	0.0012392447426722137
1850	 LLH-3	0.001270809019853196	0.0012392447426722137
1851	 LLH-5	0.0012395386346707486	0.0012392447426722137
1852	 LLH-4	0.0012392447426722137	0.0012392447426722137
1857	 LLH-1	0.0012392447426722137	0.0012392447426722137
1858	 LLH-5	0.001239221965202406	0.001239221965202406
1859	 LLH-4	0.001239221965202406	0.001239221965202406
1864	 LLH-3	0.0012470604614122087	0.001239221965202406
1865	 LLH-0	0.0012397147975282425	0.001239221965202406
1866	 LLH-1	0.001239221965202406	0.001239221965202406
1867	 LLH-1	0.001239221965202406	0.001239221965202406
1868	 LLH-2	0.0012561462409733603	0.001239221965202406
1869	 LLH-6	0.0012393454537218958	0.001239221965202406
1870	 LLH-0	0.0012399973057456589	0.001239221965202406
1871	 LLH-0	0.0012398801637537689	0.001239221965202406
1872	 LLH-0	0.0012396497000444918	0.001239221965202406
1873	 LLH-0	0.0012396904421045352	0.001239221965202406
1874	 LLH-5	0.0012396349823966422	0.001239221965202406
1875	 LLH-1	0.001239221965202406	0.001239221965202406
1876	 LLH-3	0.0012646613710919291	0.001239221965202406
1877	 LLH-5	0.001239708195926366	0.001239221965202406
1878	 LLH-4	0.001239221965202406	0.001239221965202406
1883	 LLH-2	0.00125292380770925	0.001239221965202406
1884	 LLH-0	0.0012399312114574129	0.001239221965202406
1885	 LLH-1	0.001239221965202406	0.001239221965202406
1886	 LLH-3	0.0012451399878744558	0.001239221965202406
1887	 LLH-3	0.0012622195674148774	0.001239221965202406
1888	 LLH-5	0.0012392191875506627	0.0012392191875506627
1889	 LLH-2	0.0012519945670488107	0.0012392191875506627
1890	 LLH-2	0.0012477771021099158	0.0012392191875506627
1891	 LLH-5	0.0012394478691766235	0.0012392191875506627
1892	 LLH-5	0.0012392191875506627	0.0012392191875506627
1893	 LLH-5	0.0012394551829859972	0.0012392191875506627
1894	 LLH-5	0.0012393682550850603	0.0012392191875506627
1895	 LLH-5	0.001239778085766546	0.0012392191875506627
1896	 LLH-5	0.0012395445750336832	0.0012392191875506627
1897	 LLH-1	0.0012392191875506627	0.0012392191875506627
1898	 LLH-5	0.001239714074318558	0.0012392191875506627
1899	 LLH-0	0.0012397001864659237	0.0012392191875506627
1900	 LLH-2	0.0012580778653818272	0.0012392191875506627
1901	 LLH-6	0.001239921015002862	0.0012392191875506627
1902	 LLH-4	0.0012392191875506627	0.0012392191875506627
1907	 LLH-0	0.0012396860379815943	0.0012392191875506627
1908	 LLH-0	0.0012397744398492865	0.0012392191875506627
1909	 LLH-6	0.0012394481556178664	0.0012392191875506627
1910	 LLH-6	0.001239783597499611	0.0012392191875506627
1911	 LLH-4	0.0012392191875506627	0.0012392191875506627
1916	 LLH-5	0.0012394370197970487	0.0012392191875506627
1917	 LLH-5	0.0012392642404968229	0.0012392191875506627
1918	 LLH-6	0.0012398933949650135	0.0012392191875506627
1919	 LLH-1	0.0012392191875506627	0.0012392191875506627
1920	 LLH-1	0.0012392191875506627	0.0012392191875506627
1921	 LLH-2	0.0012536096212344152	0.0012392191875506627
1922	 LLH-2	0.0012484147217214604	0.0012392191875506627
1923	 LLH-2	0.0012527625405808606	0.0012392191875506627
1924	 LLH-0	0.001239664285541943	0.0012392191875506627
1925	 LLH-3	0.0012732198857554847	0.0012392191875506627
1926	 LLH-4	0.0012392191875506627	0.0012392191875506627
1931	 LLH-6	0.0012400238355243047	0.0012392191875506627
1932	 LLH-4	0.0012392191875506627	0.0012392191875506627
1937	 LLH-3	0.00124447696383736	0.0012392191875506627
1938	 LLH-5	0.0012396318528526179	0.0012392191875506627
1939	 LLH-4	0.0012392191875506627	0.0012392191875506627
1944	 LLH-6	0.0012401690107728984	0.0012392191875506627
1945	 LLH-6	0.0012394900004335148	0.0012392191875506627
1946	 LLH-5	0.0012397438957923326	0.0012392191875506627
1947	 LLH-6	0.0012399216024055898	0.0012392191875506627
1948	 LLH-3	0.001259930442894084	0.0012392191875506627
1949	 LLH-4	0.0012392191875506627	0.0012392191875506627
1954	 LLH-6	0.001239849672712463	0.0012392191875506627
1955	 LLH-1	0.0012392191875506627	0.0012392191875506627
1956	 LLH-4	0.0012392191875506627	0.0012392191875506627
1961	 LLH-1	0.001239246328023259	0.0012392191875506627
1962	 LLH-5	0.001239220266448567	0.0012392191875506627
1963	 LLH-0	0.001253921997720611	0.0012392191875506627
1964	 LLH-0	0.0012396851092720098	0.0012392191875506627
1965	 LLH-4	0.0012392191875506627	0.0012392191875506627
1970	 LLH-2	0.0012537809680798092	0.0012392191875506627
1971	 LLH-1	0.0012392191875506627	0.0012392191875506627
1972	 LLH-2	0.0012541209779133844	0.0012392191875506627
1973	 LLH-2	0.0012468437659789644	0.0012392191875506627
1974	 LLH-4	0.0012392191875506627	0.0012392191875506627
1979	 LLH-5	0.0012397280938604392	0.0012392191875506627
1980	 LLH-0	0.0012396694171344263	0.0012392191875506627
1981	 LLH-4	0.0012392191875506627	0.0012392191875506627
1986	 LLH-3	0.0012456468162580774	0.0012392191875506627
1987	 LLH-5	0.0012401705507737136	0.0012392191875506627
1988	 LLH-1	0.0012392191875506627	0.0012392191875506627
1989	 LLH-3	0.0012660441105214013	0.0012392191875506627
1990	 LLH-5	0.0012397788356933754	0.0012392191875506627
1991	 LLH-6	0.001239645550960212	0.0012392191875506627
1992	 LLH-2	0.001245278045130986	0.0012392191875506627
1993	 LLH-4	0.0012392191875506627	0.0012392191875506627
1998	 LLH-4	0.0012392191875506627	0.0012392191875506627
GRID-Start
0.0	0.0
0.0	308.0385
0.0	616.077
0.0	924.1155
0.0	1232.154
0.0	1540.1925
0.0	1848.2310000000002
0.0	2156.2695000000003
0.0	2464.3080000000004
0.0	2772.3465000000006
0.0	3080.3850000000007
0.0	3388.423500000001
0.0	3696.462000000001
0.0	4004.500500000001
0.0	4312.539000000001
0.0	4620.5775
0.0	4928.616
0.0	5236.6545
0.0	5544.692999999999
0.0	5852.731499999999
0.0	6160.769999999999
0.0	6468.808499999998
308.0385	0.0
308.0385	308.0385
308.0385	616.077
308.0385	924.1155
308.0385	1232.154
308.0385	1540.1925
308.0385	1848.2310000000002
308.0385	2156.2695000000003
308.0385	2464.3080000000004
308.0385	2772.3465000000006
308.0385	3080.3850000000007
308.0385	3388.423500000001
308.0385	3696.462000000001
308.0385	4004.500500000001
308.0385	4312.539000000001
308.0385	4620.5775
308.0385	4928.616
308.0385	5236.6545
308.0385	5544.692999999999
308.0385	5852.731499999999
308.0385	6160.769999999999
308.0385	6468.808499999998
616.077	0.0
616.077	308.0385
616.077	616.077
616.077	924.1155
616.077	1232.154
616.077	1540.1925
616.077	1848.2310000000002
616.077	2156.2695000000003
616.077	2464.3080000000004
616.077	2772.3465000000006
616.077	3080.3850000000007
616.077	3388.423500000001
616.077	3696.462000000001
616.077	4004.500500000001
616.077	4312.539000000001
616.077	4620.5775
616.077	4928.616
616.077	5236.6545
616.077	5544.692999999999
616.077	5852.731499999999
616.077	6160.769999999999
616.077	6468.808499999998
924.1155	0.0
924.1155	308.0385
924.1155	616.077
924.1155	924.1155
924.1155	1232.154
924.1155	1540.1925
924.1155	1848.2310000000002
924.1155	2156.2695000000003
924.1155	2464.3080000000004
924.1155	2772.3465000000006
924.1155	3080.3850000000007
924.1155	3388.423500000001
924.1155	3696.462000000001
924.1155	4004.500500000001
924.1155	4312.539000000001
924.1155	4620.5775
924.1155	4928.616
924.1155	5236.6545
924.1155	5544.692999999999
924.1155	5852.731499999999
924.1155	6160.769999999999
924.1155	6468.808499999998
1232.154	0.0
1232.154	308.0385
1232.154	616.077
1232.154	924.1155
1232.154	1232.154
1232.154	1540.1925
1232.154	1848.2310000000002
1232.154	2156.2695000000003
1232.154	2464.3080000000004
1232.154	2772.3465000000006
1232.154	3080.3850000000007
1232.154	4620.5775
1232.154	4928.616
1232.154	5236.6545
1232.154	5544.692999999999
1232.154	5852.731499999999
1232.154	6160.769999999999
1232.154	6468.808499999998
1540.1925	0.0
1540.1925	308.0385
1540.1925	616.077
1540.1925	924.1155
1540.1925	1232.154
1540.1925	1540.1925
1540.1925	1848.2310000000002
1540.1925	2156.2695000000003
1540.1925	2464.3080000000004
1540.1925	2772.3465000000006
1540.1925	3080.3850000000007
1540.1925	4620.5775
1540.1925	4928.616
1540.1925	5236.6545
1540.1925	5544.692999999999
1540.1925	5852.731499999999
1540.1925	6160.769999999999
1540.1925	6468.808499999998
1848.2310000000002	0.0
1848.2310000000002	308.0385
1848.2310000000002	616.077
1848.2310000000002	924.1155
1848.2310000000002	1232.154
1848.2310000000002	1540.1925
1848.2310000000002	1848.2310000000002
1848.2310000000002	2156.2695000000003
1848.2310000000002	2464.3080000000004
1848.2310000000002	2772.3465000000006
1848.2310000000002	3080.3850000000007
1848.2310000000002	4620.5775
1848.2310000000002	4928.616
1848.2310000000002	5236.6545
1848.2310000000002	5544.692999999999
1848.2310000000002	5852.731499999999
1848.2310000000002	6160.769999999999
1848.2310000000002	6468.808499999998
2156.2695000000003	0.0
2156.2695000000003	308.0385
2156.2695000000003	616.077
2156.2695000000003	924.1155
2156.2695000000003	1232.154
2156.2695000000003	1540.1925
2156.2695000000003	1848.2310000000002
2156.2695000000003	2156.2695000000003
2156.2695000000003	2464.3080000000004
2156.2695000000003	2772.3465000000006
2156.2695000000003	3080.3850000000007
2156.2695000000003	4620.5775
2156.2695000000003	4928.616
2156.2695000000003	5236.6545
2156.2695000000003	5544.692999999999
2156.2695000000003	5852.731499999999
2156.2695000000003	6160.769999999999
2156.2695000000003	6468.808499999998
2464.3080000000004	0.0
2464.3080000000004	2464.3080000000004
2464.3080000000004	2772.3465000000006
2464.3080000000004	3080.3850000000007
2464.3080000000004	3388.423500000001
2464.3080000000004	3696.462000000001
2464.3080000000004	4004.500500000001
2464.3080000000004	4312.539000000001
2464.3080000000004	4620.5775
2464.3080000000004	4928.616
2464.3080000000004	5236.6545
2464.3080000000004	5544.692999999999
2464.3080000000004	5852.731499999999
2464.3080000000004	6160.769999999999
2464.3080000000004	6468.808499999998
2772.3465000000006	0.0
2772.3465000000006	2464.3080000000004
2772.3465000000006	2772.3465000000006
2772.3465000000006	3080.3850000000007
2772.3465000000006	3388.423500000001
2772.3465000000006	3696.462000000001
2772.3465000000006	4004.500500000001
2772.3465000000006	4312.539000000001
2772.3465000000006	4620.5775
2772.3465000000006	4928.616
2772.3465000000006	5236.6545
2772.3465000000006	5544.692999999999
2772.3465000000006	5852.731499999999
2772.3465000000006	6160.769999999999
2772.3465000000006	6468.808499999998
3080.3850000000007	0.0
3080.3850000000007	2464.3080000000004
3080.3850000000007	2772.3465000000006
3080.3850000000007	3080.3850000000007
3080.3850000000007	3388.423500000001
3080.3850000000007	3696.462000000001
3080.3850000000007	4004.500500000001
3080.3850000000007	4312.539000000001
3080.3850000000007	4620.5775
3080.3850000000007	4928.616
3080.3850000000007	5236.6545
3080.3850000000007	5544.692999999999
3080.3850000000007	5852.731499999999
3080.3850000000007	6160.769999999999
3080.3850000000007	6468.808499999998
3388.423500000001	0.0
3388.423500000001	2464.3080000000004
3388.423500000001	2772.3465000000006
3388.423500000001	3080.3850000000007
3388.423500000001	3388.423500000001
3388.423500000001	3696.462000000001
3388.423500000001	4004.500500000001
3388.423500000001	4312.539000000001
3388.423500000001	4620.5775
3388.423500000001	4928.616
3388.423500000001	5236.6545
3388.423500000001	5544.692999999999
3388.423500000001	5852.731499999999
3388.423500000001	6160.769999999999
3388.423500000001	6468.808499999998
3696.462000000001	0.0
3696.462000000001	308.0385
3696.462000000001	616.077
3696.462000000001	924.1155
3696.462000000001	1232.154
3696.462000000001	1540.1925
3696.462000000001	1848.2310000000002
3696.462000000001	2156.2695000000003
3696.462000000001	3388.423500000001
3696.462000000001	3696.462000000001
3696.462000000001	4004.500500000001
3696.462000000001	4312.539000000001
3696.462000000001	4620.5775
3696.462000000001	4928.616
3696.462000000001	5236.6545
3696.462000000001	5544.692999999999
3696.462000000001	5852.731499999999
3696.462000000001	6160.769999999999
3696.462000000001	6468.808499999998
4004.500500000001	0.0
4004.500500000001	308.0385
4004.500500000001	616.077
4004.500500000001	924.1155
4004.500500000001	1232.154
4004.500500000001	1540.1925
4004.500500000001	1848.2310000000002
4004.500500000001	2156.2695000000003
4004.500500000001	3388.423500000001
4004.500500000001	3696.462000000001
4004.500500000001	4004.500500000001
4004.500500000001	4312.539000000001
4004.500500000001	4620.5775
4004.500500000001	4928.616
4004.500500000001	5236.6545
4004.500500000001	5544.692999999999
4004.500500000001	5852.731499999999
4004.500500000001	6160.769999999999
4004.500500000001	6468.808499999998
4312.539000000001	0.0
4312.539000000001	308.0385
4312.539000000001	616.077
4312.539000000001	924.1155
4312.539000000001	1232.154
4312.539000000001	1540.1925
4312.539000000001	1848.2310000000002
4312.539000000001	2156.2695000000003
4312.539000000001	3388.423500000001
4312.539000000001	3696.462000000001
4312.539000000001	4004.500500000001
4312.539000000001	4312.539000000001
4312.539000000001	4620.5775
4312.539000000001	4928.616
4312.539000000001	5236.6545
4312.539000000001	5544.692999999999
4312.539000000001	5852.731499999999
4312.539000000001	6160.769999999999
4312.539000000001	6468.808499999998
4620.5775	0.0
4620.5775	308.0385
4620.5775	616.077
4620.5775	924.1155
4620.5775	1232.154
4620.5775	1540.1925
4620.5775	1848.2310000000002
4620.5775	2156.2695000000003
4620.5775	2464.3080000000004
4620.5775	2772.3465000000006
4620.5775	3080.3850000000007
4620.5775	3388.423500000001
4620.5775	3696.462000000001
4620.5775	4004.500500000001
4620.5775	4312.539000000001
4620.5775	4620.5775
4620.5775	4928.616
4620.5775	5236.6545
4620.5775	5544.692999999999
4620.5775	5852.731499999999
4620.5775	6160.769999999999
4620.5775	6468.808499999998
4928.616	0.0
4928.616	308.0385
4928.616	616.077
4928.616	924.1155
4928.616	1232.154
4928.616	1540.1925
4928.616	1848.2310000000002
4928.616	2156.2695000000003
4928.616	2464.3080000000004
4928.616	2772.3465000000006
4928.616	3080.3850000000007
4928.616	3388.423500000001
4928.616	3696.462000000001
4928.616	4004.500500000001
4928.616	4312.539000000001
4928.616	4620.5775
4928.616	4928.616
4928.616	5236.6545
4928.616	5544.692999999999
4928.616	5852.731499999999
4928.616	6160.769999999999
4928.616	6468.808499999998
5236.6545	0.0
5236.6545	308.0385
5236.6545	616.077
5236.6545	924.1155
5236.6545	1232.154
5236.6545	1540.1925
5236.6545	1848.2310000000002
5236.6545	2156.2695000000003
5236.6545	2464.3080000000004
5236.6545	2772.3465000000006
5236.6545	3080.3850000000007
5236.6545	3388.423500000001
5236.6545	3696.462000000001
5236.6545	4004.500500000001
5236.6545	4312.539000000001
5236.6545	4620.5775
5236.6545	4928.616
5236.6545	5236.6545
5236.6545	5544.692999999999
5236.6545	5852.731499999999
5236.6545	6160.769999999999
5236.6545	6468.808499999998
5544.692999999999	0.0
5544.692999999999	308.0385
5544.692999999999	616.077
5544.692999999999	924.1155
5544.692999999999	1232.154
5544.692999999999	1540.1925
5544.692999999999	1848.2310000000002
5544.692999999999	2156.2695000000003
5544.692999999999	2464.3080000000004
5544.692999999999	2772.3465000000006
5544.692999999999	3080.3850000000007
5544.692999999999	3388.423500000001
5544.692999999999	3696.462000000001
5544.692999999999	4004.500500000001
5544.692999999999	4312.539000000001
5544.692999999999	4620.5775
5544.692999999999	4928.616
5544.692999999999	5236.6545
5544.692999999999	5544.692999999999
5544.692999999999	5852.731499999999
5544.692999999999	6160.769999999999
5544.692999999999	6468.808499999998
5852.731499999999	0.0
5852.731499999999	308.0385
5852.731499999999	616.077
5852.731499999999	924.1155
5852.731499999999	1232.154
5852.731499999999	1540.1925
5852.731499999999	1848.2310000000002
5852.731499999999	2156.2695000000003
5852.731499999999	2464.3080000000004
5852.731499999999	2772.3465000000006
5852.731499999999	3080.3850000000007
5852.731499999999	3388.423500000001
5852.731499999999	3696.462000000001
5852.731499999999	4004.500500000001
5852.731499999999	4312.539000000001
5852.731499999999	4620.5775
5852.731499999999	4928.616
5852.731499999999	5236.6545
5852.731499999999	5544.692999999999
5852.731499999999	5852.731499999999
5852.731499999999	6160.769999999999
5852.731499999999	6468.808499999998
6160.769999999999	0.0
6160.769999999999	308.0385
6160.769999999999	616.077
6160.769999999999	924.1155
6160.769999999999	1232.154
6160.769999999999	1540.1925
6160.769999999999	1848.2310000000002
6160.769999999999	2156.2695000000003
6160.769999999999	2464.3080000000004
6160.769999999999	2772.3465000000006
6160.769999999999	3080.3850000000007
6160.769999999999	3388.423500000001
6160.769999999999	3696.462000000001
6160.769999999999	4004.500500000001
6160.769999999999	4312.539000000001
6160.769999999999	4620.5775
6160.769999999999	4928.616
6160.769999999999	5236.6545
6160.769999999999	5544.692999999999
6160.769999999999	5852.731499999999
6160.769999999999	6160.769999999999
6160.769999999999	6468.808499999998
6468.808499999998	0.0
6468.808499999998	308.0385
6468.808499999998	616.077
6468.808499999998	924.1155
6468.808499999998	1232.154
6468.808499999998	1540.1925
6468.808499999998	1848.2310000000002
6468.808499999998	2156.2695000000003
6468.808499999998	2464.3080000000004
6468.808499999998	2772.3465000000006
6468.808499999998	3080.3850000000007
6468.808499999998	3388.423500000001
6468.808499999998	3696.462000000001
6468.808499999998	4004.500500000001
6468.808499999998	4312.539000000001
6468.808499999998	4620.5775
6468.808499999998	4928.616
6468.808499999998	5236.6545
6468.808499999998	5544.692999999999
6468.808499999998	5852.731499999999
6468.808499999998	6160.769999999999
6468.808499999998	6468.808499999998
6776.846999999998	0.0
6776.846999999998	308.0385
6776.846999999998	616.077
6776.846999999998	924.1155
6776.846999999998	1232.154
6776.846999999998	1540.1925
6776.846999999998	1848.2310000000002
6776.846999999998	2156.2695000000003
6776.846999999998	2464.3080000000004
6776.846999999998	2772.3465000000006
6776.846999999998	3080.3850000000007
6776.846999999998	3388.423500000001
6776.846999999998	3696.462000000001
6776.846999999998	4004.500500000001
6776.846999999998	4312.539000000001
6776.846999999998	4620.5775
6776.846999999998	4928.616
6776.846999999998	5236.6545
6776.846999999998	5544.692999999999
6776.846999999998	5852.731499999999
6776.846999999998	6160.769999999999
6776.846999999998	6468.808499999998
7084.885499999998	0.0
7084.885499999998	308.0385
7084.885499999998	616.077
7084.885499999998	924.1155
7084.885499999998	1232.154
7084.885499999998	1540.1925
7084.885499999998	1848.2310000000002
7084.885499999998	2156.2695000000003
7084.885499999998	2464.3080000000004
7084.885499999998	2772.3465000000006
7084.885499999998	3080.3850000000007
7084.885499999998	3388.423500000001
7084.885499999998	3696.462000000001
7084.885499999998	4004.500500000001
7084.885499999998	4312.539000000001
7084.885499999998	4620.5775
7084.885499999998	4928.616
7084.885499999998	5236.6545
7084.885499999998	5544.692999999999
7084.885499999998	5852.731499999999
7084.885499999998	6160.769999999999
7084.885499999998	6468.808499999998
7392.923999999997	0.0
7392.923999999997	308.0385
7392.923999999997	616.077
7392.923999999997	924.1155
7392.923999999997	1232.154
7392.923999999997	1540.1925
7392.923999999997	1848.2310000000002
7392.923999999997	2156.2695000000003
7392.923999999997	2464.3080000000004
7392.923999999997	2772.3465000000006
7392.923999999997	3080.3850000000007
7392.923999999997	3388.423500000001
7392.923999999997	3696.462000000001
7392.923999999997	4004.500500000001
7392.923999999997	4312.539000000001
7392.923999999997	4620.5775
7392.923999999997	4928.616
7392.923999999997	5236.6545
7392.923999999997	5544.692999999999
7392.923999999997	5852.731499999999
7392.923999999997	6160.769999999999
7392.923999999997	6468.808499999998
7700.962499999997	0.0
7700.962499999997	308.0385
7700.962499999997	616.077
7700.962499999997	924.1155
7700.962499999997	1232.154
7700.962499999997	1540.1925
7700.962499999997	1848.2310000000002
7700.962499999997	2156.2695000000003
7700.962499999997	2464.3080000000004
7700.962499999997	2772.3465000000006
7700.962499999997	3080.3850000000007
7700.962499999997	3388.423500000001
7700.962499999997	3696.462000000001
7700.962499999997	4004.500500000001
7700.962499999997	4312.539000000001
7700.962499999997	4620.5775
7700.962499999997	4928.616
7700.962499999997	5236.6545
7700.962499999997	5544.692999999999
7700.962499999997	5852.731499999999
7700.962499999997	6160.769999999999
7700.962499999997	6468.808499999998
8009.000999999997	0.0
8009.000999999997	308.0385
8009.000999999997	616.077
8009.000999999997	924.1155
8009.000999999997	1232.154
8009.000999999997	1540.1925
8009.000999999997	1848.2310000000002
8009.000999999997	2156.2695000000003
8009.000999999997	2464.3080000000004
8009.000999999997	2772.3465000000006
8009.000999999997	3080.3850000000007
8009.000999999997	3388.423500000001
8009.000999999997	3696.462000000001
8009.000999999997	4004.500500000001
8009.000999999997	4312.539000000001
8009.000999999997	4620.5775
8009.000999999997	4928.616
8009.000999999997	5236.6545
8009.000999999997	5544.692999999999
8009.000999999997	5852.731499999999
8009.000999999997	6160.769999999999
8009.000999999997	6468.808499999998
8317.039499999997	0.0
8317.039499999997	308.0385
8317.039499999997	616.077
8317.039499999997	924.1155
8317.039499999997	1232.154
8317.039499999997	1540.1925
8317.039499999997	1848.2310000000002
8317.039499999997	2156.2695000000003
8317.039499999997	2464.3080000000004
8317.039499999997	2772.3465000000006
8317.039499999997	3080.3850000000007
8317.039499999997	3388.423500000001
8317.039499999997	3696.462000000001
8317.039499999997	4004.500500000001
8317.039499999997	4312.539000000001
8317.039499999997	4620.5775
8317.039499999997	4928.616
8317.039499999997	5236.6545
8317.039499999997	5544.692999999999
8317.039499999997	5852.731499999999
8317.039499999997	6160.769999999999
8317.039499999997	6468.808499999998
8625.077999999998	0.0
8625.077999999998	308.0385
8625.077999999998	616.077
8625.077999999998	924.1155
8625.077999999998	1232.154
8625.077999999998	1540.1925
8625.077999999998	1848.2310000000002
8625.077999999998	2156.2695000000003
8625.077999999998	2464.3080000000004
8625.077999999998	2772.3465000000006
8625.077999999998	3080.3850000000007
8625.077999999998	3388.423500000001
8625.077999999998	3696.462000000001
8625.077999999998	4004.500500000001
8625.077999999998	4312.539000000001
8625.077999999998	4620.5775
8625.077999999998	4928.616
8625.077999999998	5236.6545
8625.077999999998	5544.692999999999
8625.077999999998	5852.731499999999
8625.077999999998	6160.769999999999
8625.077999999998	6468.808499999998
8933.116499999998	0.0
8933.116499999998	308.0385
8933.116499999998	616.077
8933.116499999998	924.1155
8933.116499999998	1232.154
8933.116499999998	1540.1925
8933.116499999998	1848.2310000000002
8933.116499999998	2156.2695000000003
8933.116499999998	2464.3080000000004
8933.116499999998	2772.3465000000006
8933.116499999998	3080.3850000000007
8933.116499999998	3388.423500000001
8933.116499999998	3696.462000000001
8933.116499999998	4004.500500000001
8933.116499999998	4312.539000000001
8933.116499999998	4620.5775
8933.116499999998	4928.616
8933.116499999998	5236.6545
8933.116499999998	5544.692999999999
8933.116499999998	5852.731499999999
8933.116499999998	6160.769999999999
8933.116499999998	6468.808499999998
GRID-End
num_of_evaluations 2000
best obj 0.0012392191875506627
LLH0	29
LLH1	28
LLH2	32
LLH3	39
LLH4	87
LLH5	89
LLH6	66