Initial objective 0.0013051490128821257	 Seed value 115271647
1	 LLH-0	0.0013036843255859556	0.0013036843255859556
2	 LLH-3	0.001433677976031767	0.001433677976031767
3	 LLH-3	0.0013119140454428478	0.0013119140454428478
4	 LLH-6	0.001312000432459485	0.001312000432459485
5	 LLH-5	0.0013120575602239056	0.0013120575602239056
6	 LLH-5	0.001309771946542019	0.001309771946542019
7	 LLH-4	0.0012877062345309285	0.0012877062345309285
9	 LLH-2	0.001300636158232047	0.001300636158232047
10	 LLH-6	0.0013020257225608122	0.0013020257225608122
11	 LLH-1	0.0013016470448225402	0.0013016470448225402
12	 LLH-1	0.001301828777366441	0.001301828777366441
13	 LLH-5	0.0013024284428108457	0.0013024284428108457
14	 LLH-3	0.0013933334314342946	0.0013933334314342946
15	 LLH-1	0.0013933334314342946	0.0013933334314342946
16	 LLH-0	0.001391241980854609	0.001391241980854609
17	 LLH-4	0.0013888283494397715	0.0013888283494397715
19	 LLH-3	0.00148891869008718	0.00148891869008718
20	 LLH-6	0.001486407000715366	0.001486407000715366
21	 LLH-4	0.0014824267945982373	0.0014824267945982373
23	 LLH-3	0.0016716767530571318	0.0016716767530571318
24	 LLH-2	0.0015259382409025446	0.0015259382409025446
25	 LLH-0	0.0015215321450487611	0.0015215321450487611
26	 LLH-2	0.0014278777400696125	0.0014278777400696125
27	 LLH-4	0.001424907994524658	0.001424907994524658
29	 LLH-4	0.0014217602626033594	0.0014217602626033594
34	 LLH-0	0.0014185780813977158	0.0014185780813977158
35	 LLH-2	0.0013751225980531796	0.0013751225980531796
36	 LLH-5	0.0013742622091716201	0.0013742622091716201
37	 LLH-0	0.0013722463015204865	0.0013722463015204865
38	 LLH-1	0.0013722463015204865	0.0013722463015204865
39	 LLH-1	0.0013722463015204865	0.0013722463015204865
40	 LLH-6	0.0013736124524123565	0.0013736124524123565
41	 LLH-1	0.0013736124524123565	0.0013736124524123565
42	 LLH-5	0.0013735485626262007	0.0013735485626262007
43	 LLH-3	0.0014933850437888066	0.0014933850437888066
44	 LLH-0	0.001497248439665808	0.001497248439665808
45	 LLH-5	0.0014966695872180589	0.0014966695872180589
46	 LLH-4	0.001492553877276022	0.001492553877276022
48	 LLH-4	0.0014883086774952743	0.0014883086774952743
51	 LLH-2	0.0014429806883094365	0.0014429806883094365
52	 LLH-6	0.0014421457550191437	0.0014421457550191437
53	 LLH-0	0.0014100104881640861	0.0014100104881640861
54	 LLH-5	0.0014121717391140964	0.0014121717391140964
55	 LLH-6	0.0014105116982653719	0.0014105116982653719
56	 LLH-4	0.0014105116982653719	0.0014105116982653719
61	 LLH-1	0.0014102034677187726	0.0014102034677187726
62	 LLH-6	0.0014102747926760413	0.0014102747926760413
63	 LLH-0	0.0014422921898414867	0.0014422921898414867
64	 LLH-5	0.0014422166796786273	0.0014422166796786273
65	 LLH-4	0.0014098042897045585	0.0014098042897045585
67	 LLH-6	0.0014102080633664753	0.0014102080633664753
68	 LLH-6	0.001410381806873447	0.001410381806873447
69	 LLH-3	0.0016009268379355004	0.001410381806873447
70	 LLH-2	0.0013737500758578358	0.0013737500758578358
71	 LLH-1	0.0013734791305138401	0.0013734791305138401
72	 LLH-0	0.0013710515180782163	0.0013710515180782163
73	 LLH-5	0.00137088413350935	0.00137088413350935
74	 LLH-6	0.0013702422292663913	0.0013702422292663913
75	 LLH-1	0.0013704821271392797	0.0013704821271392797
76	 LLH-2	0.0013759252076827326	0.0013759252076827326
77	 LLH-6	0.0013745469068797138	0.0013745469068797138
78	 LLH-6	0.0013744741691270933	0.0013744741691270933
79	 LLH-2	0.0013706026039973947	0.0013706026039973947
80	 LLH-0	0.0013686540042349227	0.0013686540042349227
81	 LLH-1	0.0013686505354977524	0.0013686505354977524
82	 LLH-0	0.0013660958665547823	0.0013660958665547823
83	 LLH-4	0.0013638920746390586	0.0013638920746390586
85	 LLH-1	0.0013641865653276342	0.0013641865653276342
86	 LLH-3	0.0012927076281197135	0.0012927076281197135
87	 LLH-6	0.0012933310585021892	0.0012933310585021892
88	 LLH-3	0.0012685826119661911	0.0012685826119661911
89	 LLH-5	0.0012679062349162868	0.0012679062349162868
90	 LLH-0	0.0012688371611223872	0.0012688371611223872
91	 LLH-2	0.0012701133628150532	0.0012701133628150532
92	 LLH-1	0.0012701133628150532	0.0012701133628150532
93	 LLH-2	0.001276440949245703	0.001276440949245703
94	 LLH-3	0.0013470073280950734	0.0013470073280950734
95	 LLH-3	0.001284430049933912	0.001284430049933912
96	 LLH-3	0.0013438250224255014	0.0013438250224255014
97	 LLH-5	0.0013438417236252879	0.0013438417236252879
98	 LLH-6	0.0013456669659509565	0.0013456669659509565
99	 LLH-2	0.0013494717225802878	0.0013494717225802878
100	 LLH-6	0.0013500459337281415	0.0013500459337281415
101	 LLH-4	0.0013480853665747835	0.0013480853665747835
103	 LLH-3	0.001488608132038955	0.001488608132038955
104	 LLH-1	0.0014885206354553469	0.0014885206354553469
105	 LLH-3	0.0013046216494685967	0.0013046216494685967
106	 LLH-6	0.0013059563156989926	0.0013059563156989926
107	 LLH-2	0.001323456252806863	0.001323456252806863
108	 LLH-3	0.0012759672088200466	0.0012759672088200466
109	 LLH-0	0.0012768939596895907	0.0012768939596895907
110	 LLH-4	0.0012757903122256442	0.0012757903122256442
112	 LLH-1	0.001275945394424005	0.001275945394424005
113	 LLH-4	0.0012748855476619639	0.0012748855476619639
116	 LLH-2	0.0012713291658123238	0.0012713291658123238
117	 LLH-5	0.0012719896423916727	0.0012719896423916727
118	 LLH-0	0.0012727890772039941	0.0012727890772039941
119	 LLH-4	0.0012717024237761951	0.0012717024237761951
121	 LLH-4	0.0012705556742102695	0.0012705556742102695
125	 LLH-2	0.0012918238050474166	0.0012918238050474166
126	 LLH-4	0.0012712550507530812	0.0012712550507530812
128	 LLH-4	0.0012712550507530812	0.0012712550507530812
133	 LLH-5	0.0012728945494859373	0.0012728945494859373
134	 LLH-5	0.0012732336495550587	0.0012732336495550587
135	 LLH-6	0.001271839585341396	0.001271839585341396
136	 LLH-3	0.0013682716548503462	0.001271839585341396
137	 LLH-6	0.0012704789755219412	0.0012704789755219412
138	 LLH-4	0.0012704789755219412	0.0012704789755219412
143	 LLH-4	0.0012704789755219412	0.0012704789755219412
148	 LLH-2	0.0012912323110439816	0.0012912323110439816
149	 LLH-6	0.001291636688746417	0.001291636688746417
150	 LLH-2	0.001274124637235646	0.001274124637235646
151	 LLH-1	0.001274124637235646	0.001274124637235646
152	 LLH-1	0.001274068829607857	0.001274068829607857
153	 LLH-5	0.0012734639617483373	0.0012734639617483373
154	 LLH-2	0.0012987018921933522	0.0012987018921933522
155	 LLH-3	0.0012687726337115195	0.0012687726337115195
156	 LLH-5	0.0012690800790651914	0.0012690800790651914
157	 LLH-6	0.001268472500244918	0.001268472500244918
158	 LLH-4	0.001267770786485343	0.001267770786485343
162	 LLH-4	0.001267770786485343	0.001267770786485343
167	 LLH-4	0.0012671302190295655	0.0012671302190295655
170	 LLH-6	0.001267931025482315	0.001267931025482315
171	 LLH-3	0.0012555455063624882	0.0012555455063624882
172	 LLH-0	0.0012548670693635256	0.0012548670693635256
173	 LLH-3	0.0012907535923452717	0.0012907535923452717
174	 LLH-4	0.001289416540816712	0.001289416540816712
178	 LLH-3	0.0012653629279418817	0.0012653629279418817
179	 LLH-1	0.0012653629279418817	0.0012653629279418817
180	 LLH-1	0.0012654461465780753	0.0012654461465780753
181	 LLH-4	0.0012654461465780753	0.0012654461465780753
186	 LLH-2	0.0012632905809441654	0.0012632905809441654
187	 LLH-2	0.0012610448084211788	0.0012610448084211788
188	 LLH-1	0.001261144334306817	0.001261144334306817
189	 LLH-4	0.0012600883234781903	0.0012600883234781903
192	 LLH-0	0.0012592197234389277	0.0012592197234389277
193	 LLH-4	0.0012592197234389277	0.0012592197234389277
198	 LLH-3	0.0013289512284682789	0.0013289512284682789
199	 LLH-2	0.001345142430426875	0.001345142430426875
200	 LLH-2	0.001324651403468706	0.001324651403468706
201	 LLH-4	0.001322975248223628	0.001322975248223628
203	 LLH-1	0.001322975248223628	0.001322975248223628
204	 LLH-1	0.001322975248223628	0.001322975248223628
205	 LLH-0	0.0013212661661894246	0.0013212661661894246
206	 LLH-3	0.0012738364005028013	0.0012738364005028013
207	 LLH-3	0.0012541248215531702	0.0012541248215531702
208	 LLH-2	0.0012731162510666782	0.0012731162510666782
209	 LLH-4	0.0012723218910491389	0.0012723218910491389
211	 LLH-3	0.00124800157576149	0.00124800157576149
212	 LLH-2	0.0012509089240761045	0.0012509089240761045
213	 LLH-6	0.0012502142047177993	0.0012502142047177993
214	 LLH-3	0.0013118068885845727	0.0013118068885845727
215	 LLH-0	0.0013135116798864094	0.0013135116798864094
216	 LLH-5	0.001313530570931679	0.001313530570931679
217	 LLH-1	0.001313530570931679	0.001313530570931679
218	 LLH-5	0.001313247090148131	0.001313247090148131
219	 LLH-2	0.0013040960906110831	0.0013040960906110831
220	 LLH-4	0.0013029804896603774	0.0013029804896603774
223	 LLH-6	0.001304077870893656	0.001304077870893656
224	 LLH-2	0.0013095337524626411	0.0013095337524626411
225	 LLH-5	0.0013101647705767829	0.0013101647705767829
226	 LLH-0	0.0013115043850842475	0.0013115043850842475
227	 LLH-2	0.0013041224812355317	0.0013041224812355317
228	 LLH-6	0.0013058801076286126	0.0013058801076286126
229	 LLH-6	0.0013076617917798239	0.0013076617917798239
230	 LLH-5	0.0013079350828420458	0.0013079350828420458
231	 LLH-3	0.001260367807242873	0.001260367807242873
232	 LLH-5	0.0012602431844778283	0.0012602431844778283
233	 LLH-3	0.0012541116197716154	0.0012541116197716154
234	 LLH-5	0.0012548682708744762	0.0012548682708744762
235	 LLH-1	0.0012548682708744762	0.0012548682708744762
236	 LLH-5	0.00125536124221876	0.00125536124221876
237	 LLH-6	0.0012554005030579324	0.0012554005030579324
238	 LLH-3	0.0013071762409476056	0.0013071762409476056
239	 LLH-6	0.0013076820341532676	0.0013076820341532676
240	 LLH-4	0.0012856135827780668	0.0012856135827780668
242	 LLH-1	0.0012856135827780668	0.0012856135827780668
243	 LLH-3	0.0012605394962030673	0.0012605394962030673
244	 LLH-3	0.0013249661507628192	0.0013249661507628192
245	 LLH-3	0.0012774514152736026	0.0012774514152736026
246	 LLH-2	0.0012741121961518506	0.0012741121961518506
247	 LLH-2	0.0012874481538448271	0.0012874481538448271
248	 LLH-0	0.0012864076870449741	0.0012864076870449741
249	 LLH-3	0.001348915120678855	0.001348915120678855
250	 LLH-4	0.0013468891782375037	0.0013468891782375037
252	 LLH-1	0.0013471225509271531	0.0013471225509271531
253	 LLH-3	0.0014987740011880744	0.0013471225509271531
254	 LLH-1	0.0013471225509271531	0.0013471225509271531
255	 LLH-6	0.0013445114328337888	0.0013445114328337888
256	 LLH-5	0.0013440280799529903	0.0013440280799529903
257	 LLH-5	0.001344813619784491	0.001344813619784491
258	 LLH-6	0.0013455616681859123	0.0013455616681859123
259	 LLH-3	0.0012825147061552608	0.0012825147061552608
260	 LLH-1	0.0012825147061552608	0.0012825147061552608
261	 LLH-5	0.0012826079908294353	0.0012826079908294353
262	 LLH-1	0.001282590863994378	0.001282590863994378
263	 LLH-6	0.0012828663786262004	0.0012828663786262004
264	 LLH-5	0.0012822950215810943	0.0012822950215810943
265	 LLH-6	0.001283167099772089	0.001283167099772089
266	 LLH-4	0.0012816515555313826	0.0012816515555313826
270	 LLH-1	0.0012816515555313826	0.0012816515555313826
271	 LLH-0	0.0012806846257008748	0.0012806846257008748
272	 LLH-1	0.0012805792146305059	0.0012805792146305059
273	 LLH-6	0.0012808349112328435	0.0012808349112328435
274	 LLH-2	0.0012922606800586228	0.0012922606800586228
275	 LLH-1	0.0012922606800586228	0.0012922606800586228
276	 LLH-4	0.0012908231829641442	0.0012908231829641442
278	 LLH-1	0.0012908231829641442	0.0012908231829641442
279	 LLH-4	0.0012891171454992355	0.0012891171454992355
283	 LLH-3	0.0012667556583189489	0.0012667556583189489
284	 LLH-2	0.0012717652882435217	0.0012717652882435217
285	 LLH-1	0.0012718511681545873	0.0012718511681545873
286	 LLH-3	0.0013555891629296046	0.0012718511681545873
287	 LLH-1	0.0012715289133437965	0.0012715289133437965
288	 LLH-4	0.0012708075151780223	0.0012708075151780223
293	 LLH-0	0.0012718614669116773	0.0012718614669116773
294	 LLH-0	0.0012708360399372148	0.0012708360399372148
295	 LLH-1	0.0012708360399372148	0.0012708360399372148
296	 LLH-3	0.0012645861982064064	0.0012645861982064064
297	 LLH-4	0.0012645861982064064	0.0012645861982064064
302	 LLH-2	0.0012641946381363686	0.0012641946381363686
303	 LLH-0	0.0012650032880971822	0.0012650032880971822
304	 LLH-3	0.0013480737355856935	0.0013480737355856935
305	 LLH-4	0.00134634130990555	0.00134634130990555
307	 LLH-6	0.0013435413947944508	0.0013435413947944508
308	 LLH-2	0.0013143594236615075	0.0013143594236615075
309	 LLH-5	0.0013156485075158297	0.0013156485075158297
310	 LLH-5	0.0013138973582652188	0.0013138973582652188
311	 LLH-0	0.0013123908530750436	0.0013123908530750436
312	 LLH-1	0.0013123520148211943	0.0013123520148211943
313	 LLH-3	0.0014410151800588137	0.0013123520148211943
314	 LLH-0	0.0013105811580654955	0.0013105811580654955
315	 LLH-6	0.001310269480452254	0.001310269480452254
316	 LLH-4	0.0013085717436429043	0.0013085717436429043
318	 LLH-3	0.0012706397908085658	0.0012706397908085658
319	 LLH-1	0.0012707206696486353	0.0012707206696486353
320	 LLH-1	0.0012707206696486353	0.0012707206696486353
321	 LLH-2	0.0012671744420470318	0.0012671744420470318
322	 LLH-1	0.0012671744420470318	0.0012671744420470318
323	 LLH-0	0.0012680576680894587	0.0012680576680894587
324	 LLH-3	0.0013536264878599177	0.0012680576680894587
325	 LLH-4	0.0012669548130462263	0.0012669548130462263
330	 LLH-5	0.0012656267174253066	0.0012656267174253066
331	 LLH-4	0.001264650790841186	0.001264650790841186
335	 LLH-0	0.0012657286391455553	0.0012657286391455553
336	 LLH-0	0.0012646611977806292	0.0012646611977806292
337	 LLH-0	0.0012657153981665969	0.0012657153981665969
338	 LLH-4	0.0012657153981665969	0.0012657153981665969
343	 LLH-3	0.001326457909264188	0.0012657153981665969
344	 LLH-4	0.0012644978376276047	0.0012644978376276047
346	 LLH-5	0.0012655234688165229	0.0012655234688165229
347	 LLH-3	0.0012560423054734395	0.0012560423054734395
348	 LLH-0	0.0012566444001246748	0.0012566444001246748
349	 LLH-0	0.001257755639649933	0.001257755639649933
350	 LLH-3	0.0012434615520787976	0.0012434615520787976
351	 LLH-0	0.0012439813709409755	0.0012439813709409755
352	 LLH-5	0.0012449183590974222	0.0012449183590974222
353	 LLH-3	0.0012426499660134255	0.0012426499660134255
354	 LLH-6	0.0012435599886356406	0.0012435599886356406
355	 LLH-0	0.0012440311870567837	0.0012440311870567837
356	 LLH-2	0.0012514561681118781	0.0012514561681118781
357	 LLH-1	0.0012514561681118781	0.0012514561681118781
358	 LLH-0	0.0012521987915703643	0.0012521987915703643
359	 LLH-3	0.001279374426730524	0.001279374426730524
360	 LLH-0	0.0012785611272430923	0.0012785611272430923
361	 LLH-5	0.0012789633054566614	0.0012789633054566614
362	 LLH-5	0.0012789637156909478	0.0012789637156909478
363	 LLH-5	0.001280758643280108	0.001280758643280108
364	 LLH-0	0.001282115511519551	0.001282115511519551
365	 LLH-0	0.0012832127663324638	0.0012832127663324638
366	 LLH-0	0.0012821235569349578	0.0012821235569349578
367	 LLH-0	0.001283608327793779	0.001283608327793779
368	 LLH-6	0.0012829442462029004	0.0012829442462029004
369	 LLH-6	0.001282932550513176	0.001282932550513176
370	 LLH-5	0.001282529675292304	0.001282529675292304
371	 LLH-0	0.0012837843639172553	0.0012837843639172553
372	 LLH-5	0.001283669067836911	0.001283669067836911
373	 LLH-2	0.0012974332264746816	0.0012974332264746816
374	 LLH-2	0.0012926245488891447	0.0012926245488891447
375	 LLH-6	0.001294704360829266	0.001294704360829266
376	 LLH-0	0.0012960117789519053	0.0012960117789519053
377	 LLH-5	0.0012969596458145439	0.0012969596458145439
378	 LLH-1	0.0012969596458145439	0.0012969596458145439
379	 LLH-2	0.001308294008120441	0.001308294008120441
380	 LLH-3	0.001267171573923427	0.001267171573923427
381	 LLH-6	0.001268411837977121	0.001268411837977121
382	 LLH-1	0.001268411837977121	0.001268411837977121
383	 LLH-3	0.0012559968795260068	0.0012559968795260068
384	 LLH-3	0.0012478449742493738	0.0012478449742493738
385	 LLH-4	0.0012474009730904334	0.0012474009730904334
388	 LLH-6	0.0012467528134760784	0.0012467528134760784
389	 LLH-0	0.0012473668338805804	0.0012473668338805804
390	 LLH-4	0.0012465837350058271	0.0012465837350058271
394	 LLH-6	0.0012447987057251613	0.0012447987057251613
395	 LLH-4	0.0012447987057251613	0.0012447987057251613
400	 LLH-1	0.0012448129959555568	0.0012448129959555568
401	 LLH-4	0.0012448129959555568	0.0012448129959555568
406	 LLH-5	0.0012452662612040533	0.0012452662612040533
407	 LLH-5	0.0012454338243027894	0.0012454338243027894
408	 LLH-3	0.0012459303255602417	0.0012459303255602417
409	 LLH-4	0.0012454821514362475	0.0012454821514362475
411	 LLH-0	0.0012460915553099074	0.0012460915553099074
412	 LLH-1	0.0012460915553099074	0.0012460915553099074
413	 LLH-1	0.0012460915553099074	0.0012460915553099074
414	 LLH-5	0.0012459665226319822	0.0012459665226319822
415	 LLH-0	0.0012464403974428006	0.0012464403974428006
416	 LLH-0	0.001246937294929062	0.001246937294929062
417	 LLH-2	0.0012592038920433554	0.0012592038920433554
418	 LLH-2	0.0012540739816850734	0.0012540739816850734
419	 LLH-4	0.0012534619391954022	0.0012534619391954022
423	 LLH-6	0.0012536297295447042	0.0012536297295447042
424	 LLH-0	0.0012544971134206522	0.0012544971134206522
425	 LLH-0	0.0012552388251373518	0.0012552388251373518
426	 LLH-2	0.0012567055315978056	0.0012567055315978056
427	 LLH-2	0.0012725828910881904	0.0012725828910881904
428	 LLH-5	0.0012727806986658485	0.0012727806986658485
429	 LLH-2	0.0012772453121221924	0.0012772453121221924
430	 LLH-6	0.001277580666782993	0.001277580666782993
431	 LLH-6	0.0012788545455844394	0.0012788545455844394
432	 LLH-3	0.0013504863725182156	0.0013504863725182156
433	 LLH-4	0.0013488575707953422	0.0013488575707953422
435	 LLH-0	0.0013507621727703774	0.0013507621727703774
436	 LLH-2	0.0013538785550666844	0.0013538785550666844
437	 LLH-5	0.001355172770318058	0.001355172770318058
438	 LLH-5	0.0013537472839126098	0.0013537472839126098
439	 LLH-2	0.001343585070650962	0.001343585070650962
440	 LLH-5	0.0013434031924238108	0.0013434031924238108
441	 LLH-2	0.0013222695307267796	0.0013222695307267796
442	 LLH-4	0.0013205638265311407	0.0013205638265311407
444	 LLH-1	0.0013205638265311407	0.0013205638265311407
445	 LLH-1	0.0013206144649279565	0.0013206144649279565
446	 LLH-6	0.0013214609142172507	0.0013214609142172507
447	 LLH-4	0.0013214609142172507	0.0013214609142172507
452	 LLH-4	0.0013199669790323095	0.0013199669790323095
455	 LLH-1	0.0013199669790323095	0.0013199669790323095
456	 LLH-5	0.001319902367074824	0.001319902367074824
457	 LLH-2	0.0013480276028792122	0.0013480276028792122
458	 LLH-6	0.0013485241180525795	0.0013485241180525795
459	 LLH-4	0.0013465631125384365	0.0013465631125384365
461	 LLH-2	0.0013353933223666167	0.0013353933223666167
462	 LLH-1	0.0013358055165009581	0.0013358055165009581
463	 LLH-1	0.0013357091089430352	0.0013357091089430352
464	 LLH-2	0.0013387910951316538	0.0013387910951316538
465	 LLH-2	0.0013323676936496415	0.0013323676936496415
466	 LLH-4	0.001330226696692274	0.001330226696692274
469	 LLH-3	0.0014703844351801386	0.001330226696692274
470	 LLH-6	0.0013323596578150116	0.0013323596578150116
471	 LLH-5	0.001333508814634197	0.001333508814634197
472	 LLH-4	0.0013314617045532716	0.0013314617045532716
474	 LLH-0	0.0013578999833900145	0.0013314617045532716
475	 LLH-3	0.0012868982969535519	0.0012868982969535519
476	 LLH-0	0.0012882418856794019	0.0012882418856794019
477	 LLH-6	0.001287088622290702	0.001287088622290702
478	 LLH-4	0.0012857862350121397	0.0012857862350121397
480	 LLH-1	0.0012857862350121397	0.0012857862350121397
481	 LLH-3	0.0013531232395497907	0.0012857862350121397
482	 LLH-6	0.0012840989008496226	0.0012840989008496226
483	 LLH-5	0.0012847375531484272	0.0012847375531484272
484	 LLH-5	0.0012858814031421022	0.0012858814031421022
485	 LLH-5	0.001285977276924339	0.001285977276924339
486	 LLH-4	0.0012850880259698489	0.0012850880259698489
489	 LLH-1	0.0012850880259698489	0.0012850880259698489
490	 LLH-1	0.0012852368853859502	0.0012852368853859502
491	 LLH-0	0.0012840739885894557	0.0012840739885894557
492	 LLH-4	0.0012830248982354726	0.0012830248982354726
494	 LLH-3	0.001356430511405076	0.0012830248982354726
495	 LLH-6	0.0012811724832696538	0.0012811724832696538
496	 LLH-6	0.0012819508268891817	0.0012819508268891817
497	 LLH-3	0.0012553116683096772	0.0012553116683096772
498	 LLH-0	0.0012559694534640682	0.0012559694534640682
499	 LLH-0	0.0012568912663711023	0.0012568912663711023
500	 LLH-2	0.0012691532239695346	0.0012691532239695346
501	 LLH-4	0.0012682708530106551	0.0012682708530106551
506	 LLH-6	0.0012679116610173782	0.0012679116610173782
507	 LLH-1	0.0012681041712863498	0.0012681041712863498
508	 LLH-5	0.0012685079080053704	0.0012685079080053704
509	 LLH-6	0.0012698185220123212	0.0012698185220123212
510	 LLH-2	0.00126748188595112	0.00126748188595112
511	 LLH-6	0.0012666831307631327	0.0012666831307631327
512	 LLH-0	0.0012675636785240726	0.0012675636785240726
513	 LLH-5	0.0012687235558597287	0.0012687235558597287
514	 LLH-0	0.00126992423930597	0.00126992423930597
515	 LLH-3	0.0012512512159313684	0.0012512512159313684
516	 LLH-0	0.0012504320808769162	0.0012504320808769162
517	 LLH-2	0.0012574199614416516	0.0012574199614416516
518	 LLH-0	0.0012563451907367826	0.0012563451907367826
519	 LLH-5	0.0012549279641799562	0.0012549279641799562
520	 LLH-2	0.0012628123593402926	0.0012549279641799562
521	 LLH-2	0.0012767233885099488	0.0012549279641799562
522	 LLH-2	0.0012677351940713936	0.0012677351940713936
523	 LLH-1	0.0012677351940713936	0.0012677351940713936
524	 LLH-3	0.0012576114243029503	0.0012576114243029503
525	 LLH-0	0.0012570524218221031	0.0012570524218221031
526	 LLH-1	0.0012571040231829564	0.0012571040231829564
527	 LLH-3	0.001322254353473071	0.0012571040231829564
528	 LLH-0	0.001257639628985062	0.0012571040231829564
529	 LLH-0	0.0012578199076327932	0.0012578199076327932
530	 LLH-0	0.0012588439698143906	0.0012588439698143906
531	 LLH-0	0.001259470090696795	0.001259470090696795
532	 LLH-6	0.0012600966368933385	0.0012600966368933385
533	 LLH-3	0.0013055505922567436	0.0013055505922567436
534	 LLH-1	0.001305243367819164	0.001305243367819164
535	 LLH-4	0.0013038364911081234	0.0013038364911081234
539	 LLH-3	0.001270527511900779	0.001270527511900779
540	 LLH-4	0.0012697908701452176	0.0012697908701452176
545	 LLH-5	0.001269516963794749	0.001269516963794749
546	 LLH-6	0.0012692559262526247	0.0012692559262526247
547	 LLH-3	0.001325739729268192	0.0012692559262526247
548	 LLH-3	0.0012566430849989614	0.0012566430849989614
549	 LLH-2	0.0012595814676450879	0.0012595814676450879
550	 LLH-1	0.0012595814676450879	0.0012595814676450879
551	 LLH-5	0.001260370801756723	0.001260370801756723
552	 LLH-4	0.0012592515516432847	0.0012592515516432847
554	 LLH-4	0.0012592515516432847	0.0012592515516432847
559	 LLH-2	0.0012628709352981273	0.0012628709352981273
560	 LLH-3	0.0013384504620664258	0.0012628709352981273
561	 LLH-2	0.0012633137424157015	0.0012633137424157015
562	 LLH-2	0.0012939470903313927	0.0012939470903313927
563	 LLH-5	0.001294555142316075	0.001294555142316075
564	 LLH-5	0.001293988299885751	0.001293988299885751
565	 LLH-6	0.0012943590705340653	0.0012943590705340653
566	 LLH-0	0.0012934111289230408	0.0012934111289230408
567	 LLH-1	0.0012932806942718288	0.0012932806942718288
568	 LLH-1	0.0012932849072385731	0.0012932849072385731
569	 LLH-5	0.001292653088189845	0.001292653088189845
570	 LLH-3	0.0012628346115183449	0.0012628346115183449
571	 LLH-6	0.001263909898894076	0.0012628346115183449
572	 LLH-0	0.001263621637489041	0.001263621637489041
573	 LLH-1	0.001263621637489041	0.001263621637489041
574	 LLH-5	0.0012629972906933159	0.0012629972906933159
575	 LLH-3	0.0012618948217851692	0.0012618948217851692
576	 LLH-1	0.0012618948217851692	0.0012618948217851692
577	 LLH-2	0.001249056429358411	0.001249056429358411
578	 LLH-4	0.0012483365477635627	0.0012483365477635627
580	 LLH-2	0.001255225334790565	0.0012483365477635627
581	 LLH-1	0.0012485438270871884	0.0012485438270871884
582	 LLH-4	0.0012485438270871884	0.0012485438270871884
587	 LLH-2	0.0012550930465724617	0.0012550930465724617
588	 LLH-5	0.001254274281905398	0.001254274281905398
589	 LLH-5	0.001254034183616718	0.001254034183616718
590	 LLH-5	0.0012532964872771417	0.0012532964872771417
591	 LLH-0	0.0012542790520617087	0.0012542790520617087
592	 LLH-3	0.0013308100898210087	0.0012542790520617087
593	 LLH-1	0.0012542790520617087	0.0012542790520617087
594	 LLH-2	0.0012725753245923048	0.0012542790520617087
595	 LLH-4	0.0012542790520617087	0.0012542790520617087
600	 LLH-3	0.0013200862622280063	0.0012542790520617087
601	 LLH-3	0.001259168426852885	0.0012542790520617087
602	 LLH-4	0.0012533104634250036	0.0012533104634250036
607	 LLH-6	0.0012538963812545477	0.0012538963812545477
608	 LLH-2	0.0012628196529066763	0.0012538963812545477
609	 LLH-1	0.001253569731385723	0.001253569731385723
610	 LLH-4	0.001253569731385723	0.001253569731385723
615	 LLH-2	0.0012734920017419286	0.001253569731385723
616	 LLH-2	0.0012630696426737874	0.001253569731385723
617	 LLH-0	0.0012544298191180115	0.0012544298191180115
618	 LLH-2	0.0012729339728757532	0.0012544298191180115
619	 LLH-5	0.0012551038065012892	0.0012551038065012892
620	 LLH-0	0.0012559417958921664	0.0012559417958921664
621	 LLH-2	0.001261157331625526	0.0012559417958921664
622	 LLH-6	0.0012566924241541404	0.0012566924241541404
623	 LLH-5	0.0012565704851273578	0.0012565704851273578
624	 LLH-4	0.0012557525796350064	0.0012557525796350064
626	 LLH-5	0.001256478430222752	0.0012557525796350064
627	 LLH-6	0.0012552027448831757	0.0012552027448831757
628	 LLH-3	0.0012632292342836388	0.0012552027448831757
629	 LLH-3	0.0012506635405777058	0.0012506635405777058
630	 LLH-5	0.0012500742734660455	0.0012500742734660455
631	 LLH-1	0.0012500742734660455	0.0012500742734660455
632	 LLH-1	0.0012500742734660455	0.0012500742734660455
633	 LLH-0	0.0012508369001963085	0.0012508369001963085
634	 LLH-6	0.0012498402365021415	0.0012498402365021415
635	 LLH-6	0.0012517774999270055	0.0012498402365021415
636	 LLH-0	0.001250498247623529	0.001250498247623529
637	 LLH-0	0.0012511085439330426	0.0012511085439330426
638	 LLH-5	0.001251028995712557	0.001251028995712557
639	 LLH-6	0.0012518534755629322	0.0012518534755629322
640	 LLH-0	0.0012528395162808785	0.0012528395162808785
641	 LLH-0	0.0012534280615536571	0.0012534280615536571
642	 LLH-5	0.0012537931030274358	0.0012537931030274358
643	 LLH-1	0.001253744060576045	0.001253744060576045
644	 LLH-5	0.0012526768560288987	0.0012526768560288987
645	 LLH-2	0.0012632732011623612	0.0012632732011623612
646	 LLH-2	0.0012646054441247387	0.0012646054441247387
647	 LLH-1	0.0012646054441247387	0.0012646054441247387
648	 LLH-5	0.001264879178850817	0.001264879178850817
649	 LLH-6	0.0012645371719969378	0.0012645371719969378
650	 LLH-2	0.0012663067737687871	0.0012645371719969378
651	 LLH-5	0.0012649629953179944	0.0012649629953179944
652	 LLH-2	0.0012707174817902138	0.0012707174817902138
653	 LLH-1	0.0012707174817902138	0.0012707174817902138
654	 LLH-4	0.0012699738976601172	0.0012699738976601172
656	 LLH-0	0.0012686692883881112	0.0012686692883881112
657	 LLH-4	0.0012678706823679468	0.0012678706823679468
662	 LLH-2	0.0012862471758935227	0.0012678706823679468
663	 LLH-0	0.0012691419915884946	0.0012691419915884946
664	 LLH-1	0.0012691419915884946	0.0012691419915884946
665	 LLH-1	0.0012691661924678383	0.0012691661924678383
666	 LLH-1	0.001269421688097862	0.001269421688097862
667	 LLH-3	0.0013461537349363142	0.001269421688097862
668	 LLH-4	0.001269421688097862	0.001269421688097862
673	 LLH-6	0.0012679083013801447	0.0012679083013801447
674	 LLH-4	0.001266764704767071	0.001266764704767071
677	 LLH-5	0.0012669100522656016	0.0012669100522656016
678	 LLH-0	0.0012680639860075873	0.0012680639860075873
679	 LLH-1	0.0012680639860075873	0.0012680639860075873
680	 LLH-5	0.001267928867891253	0.001267928867891253
681	 LLH-0	0.0012670758508633467	0.0012670758508633467
682	 LLH-5	0.0012668502939971425	0.0012668502939971425
683	 LLH-1	0.0012670692381599714	0.0012670692381599714
684	 LLH-3	0.0013628089196858729	0.0012670692381599714
685	 LLH-1	0.0012670692381599714	0.0012670692381599714
686	 LLH-0	0.0012680893654581041	0.0012680893654581041
687	 LLH-0	0.0012694296107797192	0.0012680893654581041
688	 LLH-1	0.0012680893654581041	0.0012680893654581041
689	 LLH-0	0.0012691766429026323	0.0012691766429026323
690	 LLH-3	0.001337159958058757	0.0012691766429026323
691	 LLH-1	0.001269302909266837	0.001269302909266837
692	 LLH-2	0.0012845307611453877	0.001269302909266837
693	 LLH-3	0.0012624590786212459	0.0012624590786212459
694	 LLH-6	0.001261963489972841	0.001261963489972841
695	 LLH-5	0.0012622208366466759	0.0012622208366466759
696	 LLH-0	0.0012629752813397282	0.0012629752813397282
697	 LLH-5	0.0012630309845940105	0.0012630309845940105
698	 LLH-0	0.0012637523912477136	0.0012637523912477136
699	 LLH-3	0.0012591302190424437	0.0012591302190424437
700	 LLH-1	0.0012591302190424437	0.0012591302190424437
701	 LLH-0	0.001243636971370164	0.001243636971370164
702	 LLH-0	0.0012441048471973297	0.0012441048471973297
703	 LLH-1	0.0012441048471973297	0.0012441048471973297
704	 LLH-6	0.0012442618148129074	0.0012442618148129074
705	 LLH-6	0.0012442333834419075	0.0012442333834419075
706	 LLH-5	0.0012444615272910295	0.0012444615272910295
707	 LLH-6	0.0012435698427643268	0.0012435698427643268
708	 LLH-3	0.0012925344721664309	0.0012435698427643268
709	 LLH-0	0.0012442934642158327	0.0012442934642158327
710	 LLH-0	0.0012448359329730286	0.0012448359329730286
711	 LLH-1	0.0012448359329730286	0.0012448359329730286
712	 LLH-4	0.0012443117569673914	0.0012443117569673914
714	 LLH-0	0.0012447340173205568	0.0012447340173205568
715	 LLH-5	0.0012442174622938216	0.0012442174622938216
716	 LLH-2	0.001247956163374587	0.001247956163374587
717	 LLH-4	0.001247250029782557	0.001247250029782557
719	 LLH-4	0.0012466658471235884	0.0012466658471235884
722	 LLH-3	0.0013008980770596464	0.0012466658471235884
723	 LLH-1	0.0012466658471235884	0.0012466658471235884
724	 LLH-3	0.0012524093235622906	0.0012524093235622906
725	 LLH-0	0.001252960710550012	0.001252960710550012
726	 LLH-6	0.001253677679270573	0.001253677679270573
727	 LLH-5	0.0012533520759838745	0.0012533520759838745
728	 LLH-4	0.0012533520759838745	0.0012533520759838745
733	 LLH-1	0.0012533848221076677	0.0012533848221076677
734	 LLH-0	0.0012539192225982517	0.0012533848221076677
735	 LLH-1	0.0012533848221076677	0.0012533848221076677
736	 LLH-6	0.001254481934203301	0.001254481934203301
737	 LLH-1	0.001254481934203301	0.001254481934203301
738	 LLH-1	0.0012545576723518503	0.0012545576723518503
739	 LLH-3	0.0012798044158083633	0.0012545576723518503
740	 LLH-2	0.0012524484964131118	0.0012524484964131118
741	 LLH-1	0.0012524484964131118	0.0012524484964131118
742	 LLH-5	0.0012516915253405468	0.0012516915253405468
743	 LLH-6	0.0012516291202969306	0.0012516291202969306
744	 LLH-0	0.0012525806546617828	0.0012525806546617828
745	 LLH-1	0.0012525806546617828	0.0012525806546617828
746	 LLH-6	0.0012527805749276465	0.0012527805749276465
747	 LLH-2	0.0012655422043835556	0.0012527805749276465
748	 LLH-6	0.0012534072379588286	0.0012534072379588286
749	 LLH-4	0.0012524936138904514	0.0012524936138904514
751	 LLH-5	0.0012519996734546568	0.0012519996734546568
752	 LLH-3	0.0012487229294594832	0.0012487229294594832
753	 LLH-1	0.0012490120391967833	0.0012490120391967833
754	 LLH-2	0.0012593675123098733	0.0012593675123098733
755	 LLH-4	0.0012593675123098733	0.0012593675123098733
760	 LLH-5	0.0012587693249515443	0.0012587693249515443
761	 LLH-1	0.0012587693249515443	0.0012587693249515443
762	 LLH-3	0.0012451905507308895	0.0012451905507308895
763	 LLH-5	0.0012445347828818052	0.0012445347828818052
764	 LLH-6	0.0012456566689073776	0.0012445347828818052
765	 LLH-6	0.001244069941052649	0.001244069941052649
766	 LLH-6	0.0012449733778784986	0.0012449733778784986
767	 LLH-5	0.001244643436909061	0.001244643436909061
768	 LLH-6	0.0012437794452139403	0.0012437794452139403
769	 LLH-6	0.0012436866544829567	0.0012436866544829567
770	 LLH-6	0.0012435727585913788	0.0012435727585913788
771	 LLH-3	0.0012898340008044495	0.0012435727585913788
772	 LLH-1	0.0012435727585913788	0.0012435727585913788
773	 LLH-1	0.0012435727585913788	0.0012435727585913788
774	 LLH-5	0.0012439079528672216	0.0012439079528672216
775	 LLH-4	0.0012431970785328655	0.0012431970785328655
779	 LLH-2	0.0012548033916194093	0.0012431970785328655
780	 LLH-2	0.0012528166969484637	0.0012431970785328655
781	 LLH-2	0.0012575579318654276	0.0012575579318654276
782	 LLH-6	0.0012571547589096948	0.0012571547589096948
783	 LLH-6	0.0012567275534061109	0.0012567275534061109
784	 LLH-5	0.0012559915055784516	0.0012559915055784516
785	 LLH-3	0.001315480077506305	0.0012559915055784516
786	 LLH-0	0.0012567314430306435	0.0012559915055784516
787	 LLH-3	0.0013009414964513485	0.0012559915055784516
788	 LLH-2	0.0012640515937161225	0.0012559915055784516
789	 LLH-0	0.0012572794267814871	0.0012572794267814871
790	 LLH-0	0.0012581279290353282	0.0012581279290353282
791	 LLH-6	0.0012572240861048153	0.0012572240861048153
792	 LLH-1	0.0012571638916891266	0.0012571638916891266
793	 LLH-1	0.0012571638916891266	0.0012571638916891266
794	 LLH-1	0.0012571638916891266	0.0012571638916891266
795	 LLH-0	0.001258373709619831	0.001258373709619831
796	 LLH-0	0.0012590690416217686	0.0012590690416217686
797	 LLH-3	0.0012453762790198598	0.0012453762790198598
798	 LLH-2	0.0012585069871944856	0.0012453762790198598
799	 LLH-6	0.0012461189570558732	0.0012461189570558732
800	 LLH-4	0.0012461189570558732	0.0012461189570558732
805	 LLH-2	0.001257200788049233	0.001257200788049233
806	 LLH-5	0.001256186483226899	0.001256186483226899
807	 LLH-0	0.001256793459188376	0.001256793459188376
808	 LLH-0	0.0012577982440359473	0.0012577982440359473
809	 LLH-0	0.0012585166707681894	0.0012585166707681894
810	 LLH-2	0.0012703428522518084	0.0012585166707681894
811	 LLH-5	0.0012582479285313257	0.0012582479285313257
812	 LLH-1	0.0012582479285313257	0.0012582479285313257
813	 LLH-2	0.0012597850850647558	0.0012597850850647558
814	 LLH-2	0.0012678218747418175	0.0012597850850647558
815	 LLH-5	0.0012599182658227866	0.0012599182658227866
816	 LLH-3	0.0013081063671695242	0.0012599182658227866
817	 LLH-4	0.0012599182658227866	0.0012599182658227866
822	 LLH-3	0.001245979223702598	0.001245979223702598
823	 LLH-4	0.001245979223702598	0.001245979223702598
828	 LLH-5	0.0012452784896158937	0.0012452784896158937
829	 LLH-1	0.0012452784896158937	0.0012452784896158937
830	 LLH-2	0.0012570959394313864	0.0012452784896158937
831	 LLH-6	0.0012449543249020477	0.0012449543249020477
832	 LLH-2	0.0012652304900976341	0.0012449543249020477
833	 LLH-5	0.0012451031177963818	0.0012451031177963818
834	 LLH-5	0.0012450415718963806	0.0012450415718963806
835	 LLH-6	0.0012444400213098596	0.0012444400213098596
836	 LLH-3	0.001256829601849109	0.0012444400213098596
837	 LLH-1	0.0012444400213098596	0.0012444400213098596
838	 LLH-1	0.0012444400213098596	0.0012444400213098596
839	 LLH-2	0.0012592006241477864	0.0012444400213098596
840	 LLH-4	0.0012444400213098596	0.0012444400213098596
845	 LLH-5	0.0012450329253163302	0.0012444400213098596
846	 LLH-2	0.0012487359863918904	0.0012444400213098596
847	 LLH-6	0.0012437692790793601	0.0012437692790793601
848	 LLH-0	0.0012600371463918417	0.0012437692790793601
849	 LLH-0	0.0012443871411696417	0.0012443871411696417
850	 LLH-2	0.001252852137850105	0.0012443871411696417
851	 LLH-6	0.0012451909614553517	0.0012451909614553517
852	 LLH-3	0.0012555655237759039	0.0012451909614553517
853	 LLH-0	0.0012459931378315885	0.0012459931378315885
854	 LLH-1	0.0012459931378315885	0.0012459931378315885
855	 LLH-3	0.0012919579294122289	0.0012459931378315885
856	 LLH-6	0.0012453935448981412	0.0012453935448981412
857	 LLH-4	0.0012453935448981412	0.0012453935448981412
862	 LLH-6	0.0012455137824985312	0.0012455137824985312
863	 LLH-4	0.0012449296838811061	0.0012449296838811061
867	 LLH-0	0.0012458242879285644	0.0012458242879285644
868	 LLH-1	0.0012458242879285644	0.0012458242879285644
869	 LLH-6	0.0012467400778336905	0.0012458242879285644
870	 LLH-2	0.0012584241670056458	0.0012458242879285644
871	 LLH-0	0.001246439028364004	0.001246439028364004
872	 LLH-1	0.001246439028364004	0.001246439028364004
873	 LLH-6	0.0012466675244332754	0.0012466675244332754
874	 LLH-5	0.001246669887999438	0.0012466675244332754
875	 LLH-5	0.001245978700592211	0.001245978700592211
876	 LLH-4	0.0012453568094194676	0.0012453568094194676
881	 LLH-3	0.0012554918395563774	0.0012554918395563774
882	 LLH-4	0.0012554918395563774	0.0012554918395563774
887	 LLH-1	0.0012554918395563774	0.0012554918395563774
888	 LLH-5	0.0012552678298514046	0.0012552678298514046
889	 LLH-5	0.001254876571687313	0.001254876571687313
890	 LLH-6	0.001254627441829014	0.001254627441829014
891	 LLH-1	0.0012544245500550246	0.0012544245500550246
892	 LLH-3	0.0012545701866306651	0.0012545701866306651
893	 LLH-4	0.0012545701866306651	0.0012545701866306651
898	 LLH-4	0.0012541528042223726	0.0012541528042223726
900	 LLH-2	0.001254184086272109	0.001254184086272109
901	 LLH-4	0.0012535293841095735	0.0012535293841095735
904	 LLH-3	0.0012952842296668045	0.0012535293841095735
905	 LLH-5	0.001253474321434234	0.001253474321434234
906	 LLH-1	0.001253474321434234	0.001253474321434234
907	 LLH-0	0.0012527285855542863	0.0012527285855542863
908	 LLH-1	0.0012526930556209918	0.0012526930556209918
909	 LLH-6	0.0012520334358019822	0.0012520334358019822
910	 LLH-6	0.0012525269314020448	0.0012525269314020448
911	 LLH-6	0.001252718726491262	0.001252718726491262
912	 LLH-6	0.0012526589152311197	0.0012526589152311197
913	 LLH-4	0.0012526589152311197	0.0012526589152311197
918	 LLH-6	0.0012514705367273947	0.0012514705367273947
919	 LLH-4	0.001250931972653885	0.001250931972653885
922	 LLH-3	0.0012503234240135344	0.0012503234240135344
923	 LLH-5	0.001250144692421555	0.001250144692421555
924	 LLH-1	0.001250144692421555	0.001250144692421555
925	 LLH-4	0.001250144692421555	0.001250144692421555
930	 LLH-4	0.001250144692421555	0.001250144692421555
935	 LLH-1	0.001250144692421555	0.001250144692421555
936	 LLH-6	0.001250943678614254	0.001250943678614254
937	 LLH-0	0.0012514711770456157	0.0012514711770456157
938	 LLH-6	0.0012527033197161149	0.0012527033197161149
939	 LLH-3	0.0012526682860547246	0.0012526682860547246
940	 LLH-3	0.001272805367599992	0.0012526682860547246
941	 LLH-2	0.0012562117416106753	0.0012526682860547246
942	 LLH-4	0.0012526682860547246	0.0012526682860547246
947	 LLH-3	0.0012429055315375916	0.0012429055315375916
948	 LLH-2	0.0012565326574656914	0.0012429055315375916
949	 LLH-1	0.0012429055315375916	0.0012429055315375916
950	 LLH-5	0.0012427899850075206	0.0012427899850075206
951	 LLH-6	0.001242473614232424	0.001242473614232424
952	 LLH-3	0.0012523147479544623	0.001242473614232424
953	 LLH-0	0.0012428636231692131	0.0012428636231692131
954	 LLH-5	0.0012428636231692131	0.0012428636231692131
955	 LLH-1	0.0012428636231692131	0.0012428636231692131
956	 LLH-5	0.0012428212198369658	0.0012428212198369658
957	 LLH-0	0.0012432677306008213	0.0012432677306008213
958	 LLH-2	0.001252788448101478	0.0012432677306008213
959	 LLH-1	0.0012432677306008213	0.0012432677306008213
960	 LLH-3	0.0012514838558528466	0.0012432677306008213
961	 LLH-5	0.0012430800095678432	0.0012430800095678432
962	 LLH-4	0.0012430800095678432	0.0012430800095678432
967	 LLH-3	0.0012502791848185268	0.0012430800095678432
968	 LLH-2	0.001254706808754535	0.0012430800095678432
969	 LLH-4	0.0012430800095678432	0.0012430800095678432
974	 LLH-6	0.0012429903486118085	0.0012429903486118085
975	 LLH-3	0.0012761186935677641	0.0012429903486118085
976	 LLH-5	0.0012433194227702581	0.0012433194227702581
977	 LLH-1	0.0012433194227702581	0.0012433194227702581
978	 LLH-5	0.001243503452153366	0.001243503452153366
979	 LLH-1	0.001243503452153366	0.001243503452153366
980	 LLH-2	0.0012522633215570544	0.001243503452153366
981	 LLH-1	0.0012436121325759058	0.0012436121325759058
982	 LLH-4	0.0012436121325759058	0.0012436121325759058
987	 LLH-3	0.001270904088302693	0.0012436121325759058
988	 LLH-0	0.001242936410949259	0.001242936410949259
989	 LLH-2	0.0012495087594584923	0.001242936410949259
990	 LLH-2	0.0012565397279659662	0.001242936410949259
991	 LLH-4	0.001242936410949259	0.001242936410949259
996	 LLH-5	0.0012425377537623379	0.0012425377537623379
997	 LLH-3	0.001259248259411854	0.0012425377537623379
998	 LLH-2	0.0012541835479186357	0.0012425377537623379
999	 LLH-0	0.0012429398937469035	0.0012429398937469035
1000	 LLH-6	0.0012432491847813097	0.0012432491847813097
1001	 LLH-6	0.0012436173904540886	0.0012436173904540886
1002	 LLH-4	0.0012432171017454008	0.0012432171017454008
1007	 LLH-0	0.0012435958036682462	0.0012435958036682462
1008	 LLH-5	0.001243505637792209	0.001243505637792209
1009	 LLH-2	0.0012526613098948155	0.001243505637792209
1010	 LLH-2	0.0012507873450423425	0.001243505637792209
1011	 LLH-2	0.001254065574327417	0.001243505637792209
1012	 LLH-6	0.001243047440633271	0.001243047440633271
1013	 LLH-0	0.00124343835098125	0.00124343835098125
1014	 LLH-5	0.0012438627735211901	0.0012438627735211901
1015	 LLH-6	0.0012437424411268826	0.0012437424411268826
1016	 LLH-5	0.0012439483584577341	0.0012437424411268826
1017	 LLH-2	0.0012544098905103952	0.0012437424411268826
1018	 LLH-4	0.001243064172243599	0.001243064172243599
1021	 LLH-3	0.001252566607345686	0.001243064172243599
1022	 LLH-0	0.0012434180050141012	0.0012434180050141012
1023	 LLH-4	0.0012434180050141012	0.0012434180050141012
1028	 LLH-0	0.001243802949800974	0.001243802949800974
1029	 LLH-1	0.001243802949800974	0.001243802949800974
1030	 LLH-2	0.0012420160473930874	0.0012420160473930874
1031	 LLH-0	0.0012424641990699198	0.0012424641990699198
1032	 LLH-3	0.0012412265700715924	0.0012412265700715924
1033	 LLH-6	0.0012421165577474527	0.0012412265700715924
1034	 LLH-5	0.0012418046145523701	0.0012418046145523701
1035	 LLH-6	0.0012413791852920709	0.0012413791852920709
1036	 LLH-5	0.0012414239335156358	0.0012414239335156358
1037	 LLH-3	0.0012705786385700088	0.0012414239335156358
1038	 LLH-0	0.0012418916677616712	0.0012418916677616712
1039	 LLH-3	0.0012602880031190996	0.0012418916677616712
1040	 LLH-1	0.0012418916677616712	0.0012418916677616712
1041	 LLH-2	0.0012505344405354258	0.0012418916677616712
1042	 LLH-1	0.0012418916677616712	0.0012418916677616712
1043	 LLH-2	0.0012528807907362226	0.0012418916677616712
1044	 LLH-6	0.0012423591781621055	0.0012418916677616712
1045	 LLH-6	0.0012420331344114449	0.0012420331344114449
1046	 LLH-2	0.0012451650994456725	0.0012420331344114449
1047	 LLH-0	0.0012426381711212547	0.0012426381711212547
1048	 LLH-4	0.0012422428242218613	0.0012422428242218613
1051	 LLH-2	0.0012526192292015524	0.0012422428242218613
1052	 LLH-6	0.001241758047227762	0.001241758047227762
1053	 LLH-0	0.0012413311116122791	0.0012413311116122791
1054	 LLH-5	0.0012412839140734896	0.0012412839140734896
1055	 LLH-0	0.0012417296063363642	0.0012412839140734896
1056	 LLH-2	0.0012444685017359912	0.0012412839140734896
1057	 LLH-0	0.001240803458434134	0.001240803458434134
1058	 LLH-0	0.0012414290611323369	0.001240803458434134
1059	 LLH-5	0.0012413060817946236	0.0012413060817946236
1060	 LLH-5	0.0012411625941679333	0.0012411625941679333
1061	 LLH-1	0.0012411625941679333	0.0012411625941679333
1062	 LLH-3	0.001243728999854792	0.0012411625941679333
1063	 LLH-0	0.0012416404373333516	0.0012416404373333516
1064	 LLH-3	0.0012759223609454728	0.0012416404373333516
1065	 LLH-5	0.001241898456032439	0.001241898456032439
1066	 LLH-5	0.001241948745405917	0.001241948745405917
1067	 LLH-6	0.0012414240621615308	0.0012414240621615308
1068	 LLH-5	0.0012414240621615308	0.0012414240621615308
1069	 LLH-1	0.0012414240621615308	0.0012414240621615308
1070	 LLH-3	0.001261982759349898	0.0012414240621615308
1071	 LLH-1	0.0012414240621615308	0.0012414240621615308
1072	 LLH-4	0.0012410274111876683	0.0012410274111876683
1075	 LLH-4	0.0012410274111876683	0.0012410274111876683
1080	 LLH-6	0.0012408989101865687	0.0012408989101865687
1081	 LLH-0	0.001241385486439675	0.001241385486439675
1082	 LLH-1	0.001241385486439675	0.001241385486439675
1083	 LLH-3	0.001247130937136094	0.001241385486439675
1084	 LLH-4	0.001241385486439675	0.001241385486439675
1089	 LLH-2	0.0012480942540924458	0.001241385486439675
1090	 LLH-6	0.0012418704470101333	0.0012418704470101333
1091	 LLH-2	0.0012628736132485904	0.0012418704470101333
1092	 LLH-1	0.0012420819980448335	0.0012420819980448335
1093	 LLH-3	0.0012847206843677082	0.0012420819980448335
1094	 LLH-4	0.0012415522143913301	0.0012415522143913301
1098	 LLH-0	0.0012419738260569433	0.0012415522143913301
1099	 LLH-1	0.0012415522143913301	0.0012415522143913301
1100	 LLH-4	0.0012415522143913301	0.0012415522143913301
1105	 LLH-0	0.0012419991087189686	0.0012415522143913301
1106	 LLH-3	0.0012726908886651728	0.0012415522143913301
1107	 LLH-6	0.001241139090370265	0.001241139090370265
1108	 LLH-5	0.001241066368056136	0.001241066368056136
1109	 LLH-3	0.0012467378029149727	0.001241066368056136
1110	 LLH-5	0.0012411686958369765	0.0012411686958369765
1111	 LLH-2	0.001249166902476954	0.0012411686958369765
1112	 LLH-4	0.0012411686958369765	0.0012411686958369765
1117	 LLH-0	0.00124184956161034	0.0012411686958369765
1118	 LLH-4	0.0012411686958369765	0.0012411686958369765
1123	 LLH-4	0.0012411686958369765	0.0012411686958369765
1128	 LLH-6	0.0012418717694916014	0.0012411686958369765
1129	 LLH-3	0.0012450187886055841	0.0012411686958369765
1130	 LLH-6	0.0012419451198775495	0.0012411686958369765
1131	 LLH-6	0.0012411093999233137	0.0012411093999233137
1132	 LLH-0	0.0012417209031908303	0.0012417209031908303
1133	 LLH-1	0.0012417209031908303	0.0012417209031908303
1134	 LLH-3	0.001270586629983298	0.0012417209031908303
1135	 LLH-1	0.0012417209031908303	0.0012417209031908303
1136	 LLH-6	0.0012423010285544597	0.0012423010285544597
1137	 LLH-6	0.0012424050813814006	0.0012424050813814006
1138	 LLH-1	0.0012424050813814006	0.0012424050813814006
1139	 LLH-5	0.0012425593886266992	0.0012425593886266992
1140	 LLH-0	0.0012430184723717674	0.0012430184723717674
1141	 LLH-4	0.0012426344520027222	0.0012426344520027222
1143	 LLH-1	0.0012426344520027222	0.0012426344520027222
1144	 LLH-3	0.0012776312066057316	0.0012426344520027222
1145	 LLH-2	0.0012570011582560554	0.0012426344520027222
1146	 LLH-1	0.0012426344520027222	0.0012426344520027222
1147	 LLH-1	0.0012426344520027222	0.0012426344520027222
1148	 LLH-2	0.0012460641297551269	0.0012426344520027222
1149	 LLH-3	0.0012469767970448465	0.0012426344520027222
1150	 LLH-5	0.0012425992925228725	0.0012425992925228725
1151	 LLH-6	0.001242355424930627	0.001242355424930627
1152	 LLH-3	0.0012720442792929902	0.001242355424930627
1153	 LLH-5	0.0012423858474184964	0.0012423858474184964
1154	 LLH-1	0.0012423858474184964	0.0012423858474184964
1155	 LLH-2	0.0012552647498404615	0.0012423858474184964
1156	 LLH-2	0.001256200883046391	0.0012423858474184964
1157	 LLH-3	0.0012467267246464076	0.0012423858474184964
1158	 LLH-3	0.0012775094022478349	0.0012423858474184964
1159	 LLH-5	0.0012425124425739914	0.0012425124425739914
1160	 LLH-6	0.001242941185705691	0.0012425124425739914
1161	 LLH-5	0.0012423030278867972	0.0012423030278867972
1162	 LLH-2	0.00125036125276801	0.0012423030278867972
1163	 LLH-6	0.001242363703848367	0.001242363703848367
1164	 LLH-6	0.0012427664976372638	0.001242363703848367
1165	 LLH-3	0.0012478333907679881	0.001242363703848367
1166	 LLH-0	0.0012430521131004315	0.001242363703848367
1167	 LLH-2	0.0012451437574561468	0.001242363703848367
1168	 LLH-0	0.0012416398435281864	0.0012416398435281864
1169	 LLH-4	0.0012416398435281864	0.0012416398435281864
1174	 LLH-2	0.0012505502356021342	0.0012416398435281864
1175	 LLH-4	0.0012416398435281864	0.0012416398435281864
1180	 LLH-4	0.0012416398435281864	0.0012416398435281864
1185	 LLH-6	0.0012418460790075067	0.0012418460790075067
1186	 LLH-4	0.0012418460790075067	0.0012418460790075067
1191	 LLH-1	0.0012418460790075067	0.0012418460790075067
1192	 LLH-3	0.00128651645936391	0.0012418460790075067
1193	 LLH-6	0.0012433003848134607	0.0012418460790075067
1194	 LLH-1	0.0012418460790075067	0.0012418460790075067
1195	 LLH-3	0.0012473738648354266	0.0012418460790075067
1196	 LLH-1	0.0012418460790075067	0.0012418460790075067
1197	 LLH-0	0.001255994852425937	0.0012418460790075067
1198	 LLH-5	0.0012422685621753984	0.0012422685621753984
1199	 LLH-5	0.0012422637550790205	0.0012422637550790205
1200	 LLH-5	0.0012426090543976207	0.0012426090543976207
1201	 LLH-0	0.0012433123147632889	0.0012426090543976207
1202	 LLH-6	0.0012417381740918519	0.0012417381740918519
1203	 LLH-4	0.0012417381740918519	0.0012417381740918519
1208	 LLH-1	0.0012420790168352536	0.0012420790168352536
1209	 LLH-3	0.0012755750144528514	0.0012420790168352536
1210	 LLH-3	0.001268073303662381	0.0012420790168352536
1211	 LLH-0	0.0012426711030503654	0.0012420790168352536
1212	 LLH-5	0.0012419749581049206	0.0012419749581049206
1213	 LLH-0	0.001242423995593543	0.0012419749581049206
1214	 LLH-0	0.0012427359861669506	0.0012419749581049206
1215	 LLH-3	0.0012473967220111184	0.0012419749581049206
1216	 LLH-1	0.0012419749581049206	0.0012419749581049206
1217	 LLH-0	0.0012424086124726442	0.0012424086124726442
1218	 LLH-5	0.0012419763771599212	0.0012419763771599212
1219	 LLH-5	0.001242193233892202	0.001242193233892202
1220	 LLH-2	0.0012465891365662327	0.001242193233892202
1221	 LLH-5	0.001242193233892202	0.001242193233892202
1222	 LLH-1	0.001242193233892202	0.001242193233892202
1223	 LLH-1	0.0012424603337068628	0.0012424603337068628
1224	 LLH-1	0.0012424603337068628	0.0012424603337068628
1225	 LLH-2	0.0012585880365156138	0.0012424603337068628
1226	 LLH-6	0.0012418829962823567	0.0012418829962823567
1227	 LLH-2	0.0012456935454865624	0.0012418829962823567
1228	 LLH-3	0.0012446427789592005	0.0012418829962823567
1229	 LLH-5	0.0012415916893658585	0.0012415916893658585
1230	 LLH-0	0.0012421373639231327	0.0012415916893658585
1231	 LLH-4	0.0012415916893658585	0.0012415916893658585
1236	 LLH-5	0.0012418700905581722	0.0012418700905581722
1237	 LLH-6	0.0012424317914007958	0.0012418700905581722
1238	 LLH-6	0.0012416836547320014	0.0012416836547320014
1239	 LLH-6	0.0012423908995998724	0.0012416836547320014
1240	 LLH-3	0.0012460570789481497	0.0012416836547320014
1241	 LLH-3	0.0012477476935785084	0.0012416836547320014
1242	 LLH-3	0.0012835912763946437	0.0012416836547320014
1243	 LLH-1	0.0012416836547320014	0.0012416836547320014
1244	 LLH-3	0.0012519284696552732	0.0012416836547320014
1245	 LLH-3	0.001272330134475948	0.0012416836547320014
1246	 LLH-0	0.0012422690569684782	0.0012416836547320014
1247	 LLH-3	0.0012460971712597107	0.0012416836547320014
1248	 LLH-4	0.0012416836547320014	0.0012416836547320014
1253	 LLH-2	0.001248704694448349	0.0012416836547320014
1254	 LLH-3	0.0012467692328735432	0.0012416836547320014
1255	 LLH-6	0.0012426947591212306	0.0012416836547320014
1256	 LLH-2	0.0012529705932165444	0.0012416836547320014
1257	 LLH-0	0.001242414200066759	0.0012416836547320014
1258	 LLH-6	0.0012416928614912154	0.0012416928614912154
1259	 LLH-5	0.0012417919197916418	0.0012416928614912154
1260	 LLH-5	0.001242136766482499	0.0012416928614912154
1261	 LLH-2	0.0012587065488503587	0.0012416928614912154
1262	 LLH-3	0.0012618490019849502	0.0012416928614912154
1263	 LLH-6	0.001242175103448127	0.0012416928614912154
1264	 LLH-4	0.0012416928614912154	0.0012416928614912154
1269	 LLH-2	0.0012570566847720968	0.0012416928614912154
1270	 LLH-4	0.0012416928614912154	0.0012416928614912154
1275	 LLH-0	0.001242127882836898	0.0012416928614912154
1276	 LLH-3	0.0012438605091951934	0.0012416928614912154
1277	 LLH-2	0.0012509909497769789	0.0012416928614912154
1278	 LLH-6	0.0012421925629641224	0.0012416928614912154
1279	 LLH-0	0.0012420885846905903	0.0012416928614912154
1280	 LLH-6	0.0012417041170878895	0.0012417041170878895
1281	 LLH-1	0.0012417041170878895	0.0012417041170878895
1282	 LLH-0	0.0012413052973620135	0.0012413052973620135
1283	 LLH-1	0.0012413052973620135	0.0012413052973620135
1284	 LLH-0	0.0012558069000340034	0.0012413052973620135
1285	 LLH-4	0.0012413052973620135	0.0012413052973620135
1290	 LLH-2	0.001244988744887335	0.0012413052973620135
1291	 LLH-1	0.0012413052973620135	0.0012413052973620135
1292	 LLH-6	0.0012414900243649064	0.0012413052973620135
1293	 LLH-6	0.0012433633240956303	0.0012413052973620135
1294	 LLH-2	0.0012501307335227771	0.0012413052973620135
1295	 LLH-1	0.0012413052973620135	0.0012413052973620135
1296	 LLH-3	0.0012710367286287336	0.0012413052973620135
1297	 LLH-6	0.0012416137795385157	0.0012413052973620135
1298	 LLH-0	0.0012557779887607933	0.0012413052973620135
1299	 LLH-5	0.0012418935760787242	0.0012413052973620135
1300	 LLH-0	0.0012417838646255248	0.0012413052973620135
1301	 LLH-1	0.0012413052973620135	0.0012413052973620135
1302	 LLH-1	0.0012413714707022177	0.0012413714707022177
1303	 LLH-2	0.001250101788347962	0.0012413714707022177
1304	 LLH-6	0.0012422513565826677	0.0012413714707022177
1305	 LLH-4	0.0012413714707022177	0.0012413714707022177
1310	 LLH-2	0.0012488082373586647	0.0012413714707022177
1311	 LLH-5	0.001241939659477015	0.0012413714707022177
1312	 LLH-2	0.00124618511937389	0.0012413714707022177
1313	 LLH-2	0.001246318965424263	0.0012413714707022177
1314	 LLH-2	0.0012511163156901646	0.0012413714707022177
1315	 LLH-0	0.0012417754156879856	0.0012413714707022177
1316	 LLH-3	0.0012685983998877574	0.0012413714707022177
1317	 LLH-1	0.0012413714707022177	0.0012413714707022177
1318	 LLH-6	0.0012417613886144892	0.0012413714707022177
1319	 LLH-4	0.0012413714707022177	0.0012413714707022177
1324	 LLH-5	0.0012411508717205485	0.0012411508717205485
1325	 LLH-5	0.0012411449436645356	0.0012411449436645356
1326	 LLH-3	0.001249143140167004	0.0012411449436645356
1327	 LLH-2	0.0012515811503505773	0.0012411449436645356
1328	 LLH-2	0.0012560855474762409	0.0012411449436645356
1329	 LLH-0	0.001241534396307767	0.0012411449436645356
1330	 LLH-2	0.0012519652177346045	0.0012411449436645356
1331	 LLH-3	0.0012766863104238329	0.0012411449436645356
1332	 LLH-5	0.0012416345671670726	0.0012411449436645356
1333	 LLH-3	0.0012710163378115045	0.0012411449436645356
1334	 LLH-6	0.0012412448812990195	0.0012412448812990195
1335	 LLH-4	0.0012412448812990195	0.0012412448812990195
1340	 LLH-3	0.0012443804807864233	0.0012412448812990195
1341	 LLH-6	0.0012406456063870804	0.0012406456063870804
1342	 LLH-4	0.0012406456063870804	0.0012406456063870804
1347	 LLH-3	0.001248251810244873	0.0012406456063870804
1348	 LLH-0	0.001255285548959429	0.0012406456063870804
1349	 LLH-2	0.0012496297945138561	0.0012406456063870804
1350	 LLH-3	0.001274896172732764	0.0012406456063870804
1351	 LLH-0	0.0012413111151716922	0.0012406456063870804
1352	 LLH-4	0.0012406456063870804	0.0012406456063870804
1357	 LLH-5	0.0012407276784559334	0.0012407276784559334
1358	 LLH-5	0.0012407760875585558	0.0012407760875585558
1359	 LLH-3	0.0012751769986625557	0.0012407760875585558
1360	 LLH-1	0.0012407760875585558	0.0012407760875585558
1361	 LLH-0	0.0012411764116202783	0.0012407760875585558
1362	 LLH-4	0.0012407760875585558	0.0012407760875585558
1367	 LLH-2	0.0012523730009420208	0.0012407760875585558
1368	 LLH-6	0.0012404987568834717	0.0012404987568834717
1369	 LLH-0	0.0012410482750322607	0.0012404987568834717
1370	 LLH-3	0.0012474837460582527	0.0012404987568834717
1371	 LLH-2	0.0012436610552313003	0.0012404987568834717
1372	 LLH-3	0.001267734236817015	0.0012404987568834717
1373	 LLH-1	0.0012404126046295406	0.0012404126046295406
1374	 LLH-6	0.0012412230196522437	0.0012404126046295406
1375	 LLH-1	0.0012404126046295406	0.0012404126046295406
1376	 LLH-1	0.0012404126046295406	0.0012404126046295406
1377	 LLH-4	0.0012404126046295406	0.0012404126046295406
1382	 LLH-3	0.0012486754618616551	0.0012404126046295406
1383	 LLH-5	0.0012408020433329005	0.0012408020433329005
1384	 LLH-0	0.0012413008463342005	0.0012408020433329005
1385	 LLH-6	0.0012408609892594871	0.0012408020433329005
1386	 LLH-0	0.0012554266820854515	0.0012408020433329005
1387	 LLH-2	0.0012491406600018092	0.0012408020433329005
1388	 LLH-2	0.0012468463431809865	0.0012408020433329005
1389	 LLH-4	0.0012408020433329005	0.0012408020433329005
1394	 LLH-5	0.0012408020121333076	0.0012408020121333076
1395	 LLH-3	0.0012468292316037892	0.0012408020121333076
1396	 LLH-3	0.0012687686205625165	0.0012408020121333076
1397	 LLH-4	0.0012408020121333076	0.0012408020121333076
1402	 LLH-4	0.0012408020121333076	0.0012408020121333076
1407	 LLH-4	0.0012408020121333076	0.0012408020121333076
1412	 LLH-1	0.0012408020121333076	0.0012408020121333076
1413	 LLH-4	0.0012408020121333076	0.0012408020121333076
1418	 LLH-5	0.0012409786633506164	0.0012408020121333076
1419	 LLH-4	0.0012408020121333076	0.0012408020121333076
1424	 LLH-5	0.0012408020121333076	0.0012408020121333076
1425	 LLH-1	0.0012408020121333076	0.0012408020121333076
1426	 LLH-2	0.0012497687636153746	0.0012408020121333076
1427	 LLH-1	0.0012408020121333076	0.0012408020121333076
1428	 LLH-5	0.001240634545219365	0.001240634545219365
1429	 LLH-1	0.001240634545219365	0.001240634545219365
1430	 LLH-5	0.0012407442378771167	0.001240634545219365
1431	 LLH-1	0.001240634545219365	0.001240634545219365
1432	 LLH-1	0.001240634545219365	0.001240634545219365
1433	 LLH-1	0.001240634545219365	0.001240634545219365
1434	 LLH-3	0.0012479949206393184	0.001240634545219365
1435	 LLH-5	0.0012406478986415421	0.0012406478986415421
1436	 LLH-3	0.001245511781056213	0.0012406478986415421
1437	 LLH-1	0.0012406478986415421	0.0012406478986415421
1438	 LLH-6	0.0012416255611546025	0.0012406478986415421
1439	 LLH-6	0.0012420634609299108	0.0012406478986415421
1440	 LLH-3	0.0012899457349304783	0.0012406478986415421
1441	 LLH-0	0.0012413608242076658	0.0012406478986415421
1442	 LLH-5	0.001241006227479007	0.0012406478986415421
1443	 LLH-5	0.0012405508491928833	0.0012405508491928833
1444	 LLH-2	0.0012500974807284925	0.0012405508491928833
1445	 LLH-0	0.0012413192287187374	0.0012405508491928833
1446	 LLH-6	0.001241715404702953	0.0012405508491928833
1447	 LLH-3	0.0012709906468332927	0.0012405508491928833
1448	 LLH-1	0.0012405508491928833	0.0012405508491928833
1449	 LLH-5	0.0012405508491928833	0.0012405508491928833
1450	 LLH-0	0.0012409661565612239	0.0012405508491928833
1451	 LLH-6	0.0012407546844167819	0.0012405508491928833
1452	 LLH-2	0.0012432655461882193	0.0012405508491928833
1453	 LLH-6	0.0012414435566416554	0.0012405508491928833
1454	 LLH-4	0.0012405508491928833	0.0012405508491928833
1459	 LLH-5	0.0012405694745274579	0.0012405694745274579
1460	 LLH-6	0.0012412497603690818	0.0012405694745274579
1461	 LLH-5	0.0012405694745274579	0.0012405694745274579
1462	 LLH-5	0.0012408082048873871	0.0012405694745274579
1463	 LLH-2	0.0012540511946531302	0.0012405694745274579
1464	 LLH-1	0.0012405694745274579	0.0012405694745274579
1465	 LLH-2	0.0012556675707316282	0.0012405694745274579
1466	 LLH-6	0.0012407867078563515	0.0012405694745274579
1467	 LLH-3	0.0012476145260055787	0.0012405694745274579
1468	 LLH-0	0.0012412309304316105	0.0012405694745274579
1469	 LLH-3	0.001244524375347126	0.0012405694745274579
1470	 LLH-2	0.0012583478929705807	0.0012405694745274579
1471	 LLH-2	0.0012432502340781544	0.0012405694745274579
1472	 LLH-1	0.0012405694745274579	0.0012405694745274579
1473	 LLH-1	0.0012405694745274579	0.0012405694745274579
1474	 LLH-1	0.0012405694745274579	0.0012405694745274579
1475	 LLH-5	0.0012407365655030388	0.0012405694745274579
1476	 LLH-3	0.0012478543434364556	0.0012405694745274579
1477	 LLH-4	0.0012405694745274579	0.0012405694745274579
1482	 LLH-0	0.0012409946773072095	0.0012405694745274579
1483	 LLH-6	0.0012409271883271815	0.0012405694745274579
1484	 LLH-0	0.001241022294580398	0.0012405694745274579
1485	 LLH-4	0.0012405694745274579	0.0012405694745274579
1490	 LLH-5	0.0012405207317689507	0.0012405207317689507
1491	 LLH-2	0.001253473536463618	0.0012405207317689507
1492	 LLH-2	0.0012497735822238028	0.0012405207317689507
1493	 LLH-4	0.0012405207317689507	0.0012405207317689507
1498	 LLH-1	0.0012405207317689507	0.0012405207317689507
1499	 LLH-3	0.0012446459262602542	0.0012405207317689507
1500	 LLH-2	0.0012479214296957333	0.0012405207317689507
1501	 LLH-0	0.0012410077397797274	0.0012405207317689507
1502	 LLH-0	0.0012409142917678235	0.0012405207317689507
1503	 LLH-3	0.0012440299852578508	0.0012405207317689507
1504	 LLH-0	0.0012410588992717462	0.0012405207317689507
1505	 LLH-1	0.0012405207317689507	0.0012405207317689507
1506	 LLH-5	0.0012402908052144665	0.0012402908052144665
1507	 LLH-1	0.0012402908052144665	0.0012402908052144665
1508	 LLH-6	0.0012419131376940273	0.0012402908052144665
1509	 LLH-0	0.0012407702468595946	0.0012402908052144665
1510	 LLH-2	0.0012546372759701012	0.0012402908052144665
1511	 LLH-1	0.0012402908052144665	0.0012402908052144665
1512	 LLH-5	0.0012407063466897458	0.0012402908052144665
1513	 LLH-5	0.0012400383615879175	0.0012400383615879175
1514	 LLH-1	0.0012400550780313077	0.0012400550780313077
1515	 LLH-2	0.0012511665458221765	0.0012400550780313077
1516	 LLH-0	0.0012405723947890226	0.0012400550780313077
1517	 LLH-1	0.0012400550780313077	0.0012400550780313077
1518	 LLH-5	0.001240362335390114	0.0012400550780313077
1519	 LLH-4	0.0012400550780313077	0.0012400550780313077
1524	 LLH-3	0.0012746758785020336	0.0012400550780313077
1525	 LLH-6	0.001240325615354515	0.0012400550780313077
1526	 LLH-1	0.0012400550780313077	0.0012400550780313077
1527	 LLH-3	0.0012422303904563808	0.0012400550780313077
1528	 LLH-6	0.0012399063991257245	0.0012399063991257245
1529	 LLH-0	0.0012407138996076135	0.0012399063991257245
1530	 LLH-4	0.0012399063991257245	0.0012399063991257245
1535	 LLH-2	0.0012602309702547073	0.0012399063991257245
1536	 LLH-1	0.0012399063991257245	0.0012399063991257245
1537	 LLH-3	0.0012700403744611247	0.0012399063991257245
1538	 LLH-1	0.0012399063991257245	0.0012399063991257245
1539	 LLH-3	0.0012888770145286208	0.0012399063991257245
1540	 LLH-0	0.0012406830776083954	0.0012399063991257245
1541	 LLH-1	0.0012399063991257245	0.0012399063991257245
1542	 LLH-5	0.0012404351842582354	0.0012399063991257245
1543	 LLH-0	0.0012406490523747097	0.0012399063991257245
1544	 LLH-0	0.001240474952616242	0.0012399063991257245
1545	 LLH-3	0.0012727926476239775	0.0012399063991257245
1546	 LLH-6	0.001241247570361013	0.0012399063991257245
1547	 LLH-2	0.001251566047963945	0.0012399063991257245
1548	 LLH-2	0.001250467378921577	0.0012399063991257245
1549	 LLH-5	0.001239697351009857	0.001239697351009857
1550	 LLH-4	0.001239697351009857	0.001239697351009857
1555	 LLH-0	0.0012400843884821508	0.001239697351009857
1556	 LLH-3	0.0012667584948566875	0.001239697351009857
1557	 LLH-1	0.001239697351009857	0.001239697351009857
1558	 LLH-2	0.0012466302598502707	0.001239697351009857
1559	 LLH-6	0.001240705015557232	0.001239697351009857
1560	 LLH-6	0.0012401759078033514	0.001239697351009857
1561	 LLH-1	0.001239697351009857	0.001239697351009857
1562	 LLH-2	0.0012513904420876447	0.001239697351009857
1563	 LLH-0	0.0012401274618031978	0.001239697351009857
1564	 LLH-1	0.0012396491074265802	0.0012396491074265802
1565	 LLH-2	0.0012517868358406744	0.0012396491074265802
1566	 LLH-2	0.001256365977052894	0.0012396491074265802
1567	 LLH-6	0.0012404958391302803	0.0012396491074265802
1568	 LLH-5	0.001240190362297583	0.0012396491074265802
1569	 LLH-4	0.0012396491074265802	0.0012396491074265802
1574	 LLH-0	0.0012401201632462771	0.0012396491074265802
1575	 LLH-3	0.0012750329688992635	0.0012396491074265802
1576	 LLH-1	0.0012396491074265802	0.0012396491074265802
1577	 LLH-1	0.0012396491074265802	0.0012396491074265802
1578	 LLH-3	0.0012825957769289369	0.0012396491074265802
1579	 LLH-6	0.0012407441847983754	0.0012396491074265802
1580	 LLH-0	0.0012400746206025688	0.0012396491074265802
1581	 LLH-1	0.0012398610417970835	0.0012396491074265802
1582	 LLH-2	0.0012510841729140613	0.0012396491074265802
1583	 LLH-0	0.0012402158569883646	0.0012396491074265802
1584	 LLH-2	0.0012473537936690522	0.0012396491074265802
1585	 LLH-4	0.0012396491074265802	0.0012396491074265802
1590	 LLH-3	0.001271598000322552	0.0012396491074265802
1591	 LLH-3	0.0012830951676710437	0.0012396491074265802
1592	 LLH-0	0.0012403132711148266	0.0012396491074265802
1593	 LLH-2	0.001242788112012421	0.0012396491074265802
1594	 LLH-6	0.0012403979761296305	0.0012396491074265802
1595	 LLH-1	0.0012396491074265802	0.0012396491074265802
1596	 LLH-6	0.0012395321716444656	0.0012395321716444656
1597	 LLH-2	0.0012564211188550037	0.0012395321716444656
1598	 LLH-1	0.0012395321716444656	0.0012395321716444656
1599	 LLH-1	0.0012395321716444656	0.0012395321716444656
1600	 LLH-4	0.0012395321716444656	0.0012395321716444656
1605	 LLH-2	0.0012520571204177207	0.0012395321716444656
1606	 LLH-6	0.0012408932903133114	0.0012395321716444656
1607	 LLH-3	0.0012656482766124394	0.0012395321716444656
1608	 LLH-0	0.0012402698835750014	0.0012395321716444656
1609	 LLH-5	0.0012395321716444656	0.0012395321716444656
1610	 LLH-5	0.0012395321716444656	0.0012395321716444656
1611	 LLH-6	0.0012409620637138876	0.0012395321716444656
1612	 LLH-6	0.0012396150625041417	0.0012395321716444656
1613	 LLH-5	0.001240253154173213	0.0012395321716444656
1614	 LLH-5	0.0012402863057172043	0.0012395321716444656
1615	 LLH-4	0.0012395321716444656	0.0012395321716444656
1620	 LLH-2	0.0012543399161474827	0.0012395321716444656
1621	 LLH-4	0.0012395321716444656	0.0012395321716444656
1626	 LLH-4	0.0012395321716444656	0.0012395321716444656
1631	 LLH-6	0.0012413134295463132	0.0012395321716444656
1632	 LLH-0	0.0012399626356194287	0.0012395321716444656
1633	 LLH-1	0.001239997004171403	0.0012395321716444656
1634	 LLH-5	0.0012395321716444656	0.0012395321716444656
1635	 LLH-5	0.001240054117663786	0.0012395321716444656
1636	 LLH-3	0.0012736814612252423	0.0012395321716444656
1637	 LLH-3	0.0012485026577048989	0.0012395321716444656
1638	 LLH-0	0.0012399174782776372	0.0012395321716444656
1639	 LLH-5	0.001239788522239697	0.0012395321716444656
1640	 LLH-0	0.0012400102980696921	0.0012395321716444656
1641	 LLH-3	0.0012732560992461137	0.0012395321716444656
1642	 LLH-4	0.0012395321716444656	0.0012395321716444656
1647	 LLH-0	0.001240187882946501	0.0012395321716444656
1648	 LLH-0	0.0012400314523481114	0.0012395321716444656
1649	 LLH-5	0.001239792781193802	0.0012395321716444656
1650	 LLH-3	0.0012465179955328414	0.0012395321716444656
1651	 LLH-6	0.0012404994926613127	0.0012395321716444656
1652	 LLH-5	0.001239674469560141	0.0012395321716444656
1653	 LLH-2	0.0012523530312695452	0.0012395321716444656
1654	 LLH-0	0.0012400025964299398	0.0012395321716444656
1655	 LLH-2	0.0012546391392623986	0.0012395321716444656
1656	 LLH-1	0.0012395321716444656	0.0012395321716444656
1657	 LLH-4	0.0012395321716444656	0.0012395321716444656
1662	 LLH-5	0.001240308241302617	0.0012395321716444656
1663	 LLH-3	0.0012756834320717843	0.0012395321716444656
1664	 LLH-6	0.0012395828053186502	0.0012395321716444656
1665	 LLH-0	0.0012399943069226636	0.0012395321716444656
1666	 LLH-1	0.0012395321716444656	0.0012395321716444656
1667	 LLH-0	0.0012400815847019428	0.0012395321716444656
1668	 LLH-0	0.0012399868616977876	0.0012395321716444656
1669	 LLH-6	0.001240847074859844	0.0012395321716444656
1670	 LLH-2	0.0012522702711457454	0.0012395321716444656
1671	 LLH-1	0.0012400454351171588	0.0012395321716444656
1672	 LLH-5	0.0012400669812447343	0.0012395321716444656
1673	 LLH-4	0.0012395321716444656	0.0012395321716444656
1678	 LLH-1	0.0012395321716444656	0.0012395321716444656
1679	 LLH-2	0.0012486964925726457	0.0012395321716444656
1680	 LLH-1	0.0012395321716444656	0.0012395321716444656
1681	 LLH-0	0.001240235704240252	0.0012395321716444656
1682	 LLH-2	0.0012535778634311123	0.0012395321716444656
1683	 LLH-5	0.0012404243683002878	0.0012395321716444656
1684	 LLH-3	0.001270443956994899	0.0012395321716444656
1685	 LLH-6	0.00124014326669808	0.0012395321716444656
1686	 LLH-4	0.0012395321716444656	0.0012395321716444656
1691	 LLH-3	0.0012645746133242684	0.0012395321716444656
1692	 LLH-3	0.0012686487636767742	0.0012395321716444656
1693	 LLH-4	0.0012395321716444656	0.0012395321716444656
1698	 LLH-1	0.0012395321716444656	0.0012395321716444656
1699	 LLH-5	0.0012406721614610543	0.0012395321716444656
1700	 LLH-3	0.0012886150121463158	0.0012395321716444656
1701	 LLH-0	0.0012399920186315799	0.0012395321716444656
1702	 LLH-1	0.0012395321716444656	0.0012395321716444656
1703	 LLH-5	0.0012400126741016677	0.0012395321716444656
1704	 LLH-1	0.0012395321716444656	0.0012395321716444656
1705	 LLH-4	0.0012395321716444656	0.0012395321716444656
1710	 LLH-2	0.0012571239532491768	0.0012395321716444656
1711	 LLH-1	0.0012395779876311107	0.0012395321716444656
1712	 LLH-0	0.001240049012017165	0.0012395321716444656
1713	 LLH-2	0.0012515302653588675	0.0012395321716444656
1714	 LLH-1	0.0012395321716444656	0.0012395321716444656
1715	 LLH-3	0.0012449578042449216	0.0012395321716444656
1716	 LLH-3	0.0012437433855518377	0.0012395321716444656
1717	 LLH-5	0.0012395336773885356	0.0012395336773885356
1718	 LLH-3	0.0012619788375586908	0.0012395336773885356
1719	 LLH-1	0.0012395336773885356	0.0012395336773885356
1720	 LLH-2	0.0012503941388471653	0.0012395336773885356
1721	 LLH-2	0.0012522853806557898	0.0012395336773885356
1722	 LLH-3	0.0012649187161861673	0.0012395336773885356
1723	 LLH-4	0.0012395336773885356	0.0012395336773885356
1728	 LLH-3	0.0012872415934685503	0.0012395336773885356
1729	 LLH-0	0.0012401953252739778	0.0012395336773885356
1730	 LLH-6	0.001239779358998222	0.0012395336773885356
1731	 LLH-4	0.0012395336773885356	0.0012395336773885356
1736	 LLH-0	0.0012400359390087622	0.0012395336773885356
1737	 LLH-5	0.001239710377928802	0.0012395336773885356
1738	 LLH-4	0.0012395336773885356	0.0012395336773885356
1743	 LLH-4	0.0012395336773885356	0.0012395336773885356
1748	 LLH-3	0.0012644706515417923	0.0012395336773885356
1749	 LLH-6	0.00124066892880519	0.0012395336773885356
1750	 LLH-5	0.0012398797942762762	0.0012395336773885356
1751	 LLH-3	0.0012710004878353036	0.0012395336773885356
1752	 LLH-1	0.0012395336773885356	0.0012395336773885356
1753	 LLH-1	0.0012395336773885356	0.0012395336773885356
1754	 LLH-0	0.0012400041363657965	0.0012395336773885356
1755	 LLH-6	0.0012410650449019634	0.0012395336773885356
1756	 LLH-4	0.0012395336773885356	0.0012395336773885356
1761	 LLH-2	0.0012525287484717533	0.0012395336773885356
1762	 LLH-5	0.0012394602377690453	0.0012394602377690453
1763	 LLH-3	0.0012666296386033124	0.0012394602377690453
1764	 LLH-1	0.0012394602377690453	0.0012394602377690453
1765	 LLH-4	0.0012394602377690453	0.0012394602377690453
1770	 LLH-3	0.0012466057178585183	0.0012394602377690453
1771	 LLH-3	0.00126118453870769	0.0012394602377690453
1772	 LLH-6	0.0012410284474835434	0.0012394602377690453
1773	 LLH-1	0.0012394602377690453	0.0012394602377690453
1774	 LLH-3	0.001284834068166548	0.0012394602377690453
1775	 LLH-4	0.0012394602377690453	0.0012394602377690453
1780	 LLH-6	0.0012402134862022991	0.0012394602377690453
1781	 LLH-5	0.0012396617626934568	0.0012394602377690453
1782	 LLH-3	0.001244331457258652	0.0012394602377690453
1783	 LLH-0	0.0012398499540348465	0.0012394602377690453
1784	 LLH-1	0.0012394602377690453	0.0012394602377690453
1785	 LLH-1	0.0012395057498803777	0.0012394602377690453
1786	 LLH-2	0.0012494310304677783	0.0012394602377690453
1787	 LLH-3	0.0012839257874732142	0.0012394602377690453
1788	 LLH-0	0.00123998953025198	0.0012394602377690453
1789	 LLH-1	0.0012395759334090871	0.0012394602377690453
1790	 LLH-6	0.0012403889936444307	0.0012394602377690453
1791	 LLH-1	0.0012394500193816593	0.0012394500193816593
1792	 LLH-4	0.0012394500193816593	0.0012394500193816593
1797	 LLH-6	0.0012406410009092276	0.0012394500193816593
1798	 LLH-1	0.0012394490175861455	0.0012394490175861455
1799	 LLH-3	0.0012650902076153372	0.0012394490175861455
1800	 LLH-5	0.001239501645896097	0.0012394490175861455
1801	 LLH-2	0.001249618653224731	0.0012394490175861455
1802	 LLH-2	0.0012576981183625843	0.0012394490175861455
1803	 LLH-1	0.0012394490175861455	0.0012394490175861455
1804	 LLH-0	0.0012399235359823518	0.0012394490175861455
1805	 LLH-1	0.0012394490175861455	0.0012394490175861455
1806	 LLH-4	0.0012394490175861455	0.0012394490175861455
1811	 LLH-3	0.0012445269901473696	0.0012394490175861455
1812	 LLH-1	0.0012394490175861455	0.0012394490175861455
1813	 LLH-1	0.0012394490175861455	0.0012394490175861455
1814	 LLH-6	0.001240090005979666	0.0012394490175861455
1815	 LLH-4	0.0012394490175861455	0.0012394490175861455
1820	 LLH-4	0.0012394490175861455	0.0012394490175861455
1825	 LLH-0	0.0012399212372428171	0.0012394490175861455
1826	 LLH-1	0.0012394490175861455	0.0012394490175861455
1827	 LLH-1	0.0012394490175861455	0.0012394490175861455
1828	 LLH-4	0.0012394490175861455	0.0012394490175861455
1833	 LLH-0	0.0012398300797631786	0.0012394490175861455
1834	 LLH-5	0.0012406670997642823	0.0012394490175861455
1835	 LLH-4	0.0012394490175861455	0.0012394490175861455
1840	 LLH-4	0.0012394490175861455	0.0012394490175861455
1845	 LLH-0	0.0012398804006203263	0.0012394490175861455
1846	 LLH-4	0.0012394490175861455	0.0012394490175861455
1851	 LLH-5	0.0012397317913261097	0.0012394490175861455
1852	 LLH-4	0.0012394490175861455	0.0012394490175861455
1857	 LLH-5	0.0012405222215769109	0.0012394490175861455
1858	 LLH-3	0.0012764912770628807	0.0012394490175861455
1859	 LLH-0	0.001239950723334125	0.0012394490175861455
1860	 LLH-3	0.0012424259894247055	0.0012394490175861455
1861	 LLH-2	0.0012458977050595168	0.0012394490175861455
1862	 LLH-6	0.0012396115587100813	0.0012394490175861455
1863	 LLH-1	0.0012394490175861455	0.0012394490175861455
1864	 LLH-4	0.0012394490175861455	0.0012394490175861455
1869	 LLH-4	0.0012394490175861455	0.0012394490175861455
1874	 LLH-2	0.0012441798468509307	0.0012394490175861455
1875	 LLH-5	0.0012401062669128895	0.0012394490175861455
1876	 LLH-1	0.0012394490175861455	0.0012394490175861455
1877	 LLH-1	0.0012394490175861455	0.0012394490175861455
1878	 LLH-3	0.0012447253606259704	0.0012394490175861455
1879	 LLH-1	0.0012394490175861455	0.0012394490175861455
1880	 LLH-3	0.0012640794135665152	0.0012394490175861455
1881	 LLH-2	0.0012563086896275	0.0012394490175861455
1882	 LLH-3	0.0012483051847355631	0.0012394490175861455
1883	 LLH-0	0.0012398648591562358	0.0012394490175861455
1884	 LLH-3	0.0012748466891029562	0.0012394490175861455
1885	 LLH-4	0.0012394490175861455	0.0012394490175861455
1890	 LLH-3	0.0012448667734126799	0.0012394490175861455
1891	 LLH-2	0.0012514113416536767	0.0012394490175861455
1892	 LLH-4	0.0012394490175861455	0.0012394490175861455
1897	 LLH-1	0.001239679683454861	0.0012394490175861455
1898	 LLH-2	0.0012573111404969826	0.0012394490175861455
1899	 LLH-0	0.0012402362116246493	0.0012394490175861455
1900	 LLH-0	0.0012401029393306125	0.0012394490175861455
1901	 LLH-3	0.001242809068299922	0.0012394490175861455
1902	 LLH-6	0.001239533662965987	0.0012394490175861455
1903	 LLH-5	0.0012394844905783112	0.0012394490175861455
1904	 LLH-5	0.0012409749039527915	0.0012394490175861455
1905	 LLH-4	0.0012394490175861455	0.0012394490175861455
1910	 LLH-1	0.0012394490175861455	0.0012394490175861455
1911	 LLH-3	0.0012843636489924914	0.0012394490175861455
1912	 LLH-5	0.0012394490175861455	0.0012394490175861455
1913	 LLH-6	0.0012397119911920814	0.0012394490175861455
1914	 LLH-2	0.001250186816213013	0.0012394490175861455
1915	 LLH-5	0.0012397452852728485	0.0012394490175861455
1916	 LLH-4	0.0012394490175861455	0.0012394490175861455
1921	 LLH-5	0.0012401710246358621	0.0012394490175861455
1922	 LLH-1	0.001239515511490734	0.0012394490175861455
1923	 LLH-1	0.0012394490175861455	0.0012394490175861455
1924	 LLH-3	0.0012702211805180853	0.0012394490175861455
1925	 LLH-5	0.001239635528887027	0.0012394490175861455
1926	 LLH-3	0.0012653991204255152	0.0012394490175861455
1927	 LLH-2	0.0012501517700450005	0.0012394490175861455
1928	 LLH-2	0.0012595877904613695	0.0012394490175861455
1929	 LLH-0	0.0012402481007309663	0.0012394490175861455
1930	 LLH-0	0.0012401451360289973	0.0012394490175861455
1931	 LLH-4	0.0012394490175861455	0.0012394490175861455
1936	 LLH-2	0.00125763786092979	0.0012394490175861455
1937	 LLH-6	0.0012395937692416415	0.0012394490175861455
1938	 LLH-3	0.0012462094020325664	0.0012394490175861455
1939	 LLH-6	0.0012398028235515446	0.0012394490175861455
1940	 LLH-6	0.0012401311442497495	0.0012394490175861455
1941	 LLH-3	0.0012472373103353724	0.0012394490175861455
1942	 LLH-1	0.0012394490175861455	0.0012394490175861455
1943	 LLH-6	0.0012417708348553046	0.0012394490175861455
1944	 LLH-4	0.0012394490175861455	0.0012394490175861455
1949	 LLH-0	0.0012399677748571247	0.0012394490175861455
1950	 LLH-4	0.0012394490175861455	0.0012394490175861455
1955	 LLH-0	0.0012399548296655777	0.0012394490175861455
1956	 LLH-6	0.0012406718235031045	0.0012394490175861455
1957	 LLH-1	0.0012394490175861455	0.0012394490175861455
1958	 LLH-4	0.0012394490175861455	0.0012394490175861455
1963	 LLH-6	0.0012403405047619826	0.0012394490175861455
1964	 LLH-3	0.001243831039226141	0.0012394490175861455
1965	 LLH-6	0.001241172786948053	0.0012394490175861455
1966	 LLH-5	0.0012402779198811273	0.0012394490175861455
1967	 LLH-5	0.0012391931351963647	0.0012391931351963647
1968	 LLH-0	0.0012396336998362987	0.0012391931351963647
1969	 LLH-4	0.0012391931351963647	0.0012391931351963647
1974	 LLH-2	0.0012526558788971843	0.0012391931351963647
1975	 LLH-2	0.0012479859528166817	0.0012391931351963647
1976	 LLH-3	0.0012662194876859668	0.0012391931351963647
1977	 LLH-4	0.0012391931351963647	0.0012391931351963647
1982	 LLH-6	0.0012395251577012026	0.0012391931351963647
1983	 LLH-0	0.0012397738386038448	0.0012391931351963647
1984	 LLH-0	0.0012538898259978675	0.0012391931351963647
1985	 LLH-3	0.0012456550534463273	0.0012391931351963647
1986	 LLH-1	0.0012391931351963647	0.0012391931351963647
1987	 LLH-1	0.0012391931351963647	0.0012391931351963647
1988	 LLH-3	0.0012592126114558475	0.0012391931351963647
1989	 LLH-2	0.0012477325205992973	0.0012391931351963647
1990	 LLH-0	0.0012398539907991445	0.0012391931351963647
1991	 LLH-5	0.0012396020756187693	0.0012391931351963647
1992	 LLH-0	0.0012398940117540373	0.0012391931351963647
1993	 LLH-2	0.0012485152196335405	0.0012391931351963647
1994	 LLH-4	0.0012391931351963647	0.0012391931351963647
1999	 LLH-0	0.0012396282287159572	0.0012391931351963647
GRID-Start
0.0	0.0
0.0	308.0385
0.0	616.077
0.0	924.1155
0.0	1232.154
0.0	1540.1925
0.0	1848.2310000000002
0.0	2156.2695000000003
0.0	2464.3080000000004
0.0	2772.3465000000006
0.0	3080.3850000000007
0.0	3388.423500000001
0.0	3696.462000000001
0.0	4004.500500000001
0.0	4312.539000000001
0.0	4620.5775
0.0	4928.616
0.0	5236.6545
0.0	5544.692999999999
0.0	5852.731499999999
0.0	6160.769999999999
0.0	6468.808499999998
308.0385	0.0
308.0385	308.0385
308.0385	616.077
308.0385	924.1155
308.0385	1232.154
308.0385	1540.1925
308.0385	1848.2310000000002
308.0385	2156.2695000000003
308.0385	2464.3080000000004
308.0385	2772.3465000000006
308.0385	3080.3850000000007
308.0385	3388.423500000001
308.0385	3696.462000000001
308.0385	4004.500500000001
308.0385	4312.539000000001
308.0385	4620.5775
308.0385	4928.616
308.0385	5236.6545
308.0385	5544.692999999999
308.0385	5852.731499999999
308.0385	6160.769999999999
308.0385	6468.808499999998
616.077	0.0
616.077	308.0385
616.077	616.077
616.077	924.1155
616.077	1232.154
616.077	1540.1925
616.077	1848.2310000000002
616.077	2156.2695000000003
616.077	2464.3080000000004
616.077	2772.3465000000006
616.077	3080.3850000000007
616.077	3388.423500000001
616.077	3696.462000000001
616.077	4004.500500000001
616.077	4312.539000000001
616.077	4620.5775
616.077	4928.616
616.077	5236.6545
616.077	5544.692999999999
616.077	5852.731499999999
616.077	6160.769999999999
616.077	6468.808499999998
924.1155	0.0
924.1155	308.0385
924.1155	616.077
924.1155	924.1155
924.1155	1232.154
924.1155	1540.1925
924.1155	1848.2310000000002
924.1155	2156.2695000000003
924.1155	2464.3080000000004
924.1155	2772.3465000000006
924.1155	3080.3850000000007
924.1155	3388.423500000001
924.1155	3696.462000000001
924.1155	4004.500500000001
924.1155	4312.539000000001
924.1155	4620.5775
924.1155	4928.616
924.1155	5236.6545
924.1155	5544.692999999999
924.1155	5852.731499999999
924.1155	6160.769999999999
924.1155	6468.808499999998
1232.154	0.0
1232.154	308.0385
1232.154	616.077
1232.154	924.1155
1232.154	1232.154
1232.154	1540.1925
1232.154	1848.2310000000002
1232.154	2156.2695000000003
1232.154	2464.3080000000004
1232.154	2772.3465000000006
1232.154	3080.3850000000007
1232.154	4620.5775
1232.154	4928.616
1232.154	5236.6545
1232.154	5544.692999999999
1232.154	5852.731499999999
1232.154	6160.769999999999
1232.154	6468.808499999998
1540.1925	0.0
1540.1925	308.0385
1540.1925	616.077
1540.1925	924.1155
1540.1925	1232.154
1540.1925	1540.1925
1540.1925	1848.2310000000002
1540.1925	2156.2695000000003
1540.1925	2464.3080000000004
1540.1925	2772.3465000000006
1540.1925	3080.3850000000007
1540.1925	4620.5775
1540.1925	4928.616
1540.1925	5236.6545
1540.1925	5544.692999999999
1540.1925	5852.731499999999
1540.1925	6160.769999999999
1540.1925	6468.808499999998
1848.2310000000002	0.0
1848.2310000000002	308.0385
1848.2310000000002	616.077
1848.2310000000002	924.1155
1848.2310000000002	1232.154
1848.2310000000002	1540.1925
1848.2310000000002	1848.2310000000002
1848.2310000000002	2156.2695000000003
1848.2310000000002	2464.3080000000004
1848.2310000000002	2772.3465000000006
1848.2310000000002	3080.3850000000007
1848.2310000000002	4620.5775
1848.2310000000002	4928.616
1848.2310000000002	5236.6545
1848.2310000000002	5544.692999999999
1848.2310000000002	5852.731499999999
1848.2310000000002	6160.769999999999
1848.2310000000002	6468.808499999998
2156.2695000000003	0.0
2156.2695000000003	308.0385
2156.2695000000003	616.077
2156.2695000000003	924.1155
2156.2695000000003	1232.154
2156.2695000000003	1540.1925
2156.2695000000003	1848.2310000000002
2156.2695000000003	2156.2695000000003
2156.2695000000003	2464.3080000000004
2156.2695000000003	2772.3465000000006
2156.2695000000003	3080.3850000000007
2156.2695000000003	4620.5775
2156.2695000000003	4928.616
2156.2695000000003	5236.6545
2156.2695000000003	5544.692999999999
2156.2695000000003	5852.731499999999
2156.2695000000003	6160.769999999999
2156.2695000000003	6468.808499999998
2464.3080000000004	0.0
2464.3080000000004	2464.3080000000004
2464.3080000000004	2772.3465000000006
2464.3080000000004	3080.3850000000007
2464.3080000000004	3388.423500000001
2464.3080000000004	3696.462000000001
2464.3080000000004	4004.500500000001
2464.3080000000004	4312.539000000001
2464.3080000000004	4620.5775
2464.3080000000004	4928.616
2464.3080000000004	5236.6545
2464.3080000000004	5544.692999999999
2464.3080000000004	5852.731499999999
2464.3080000000004	6160.769999999999
2464.3080000000004	6468.808499999998
2772.3465000000006	0.0
2772.3465000000006	2464.3080000000004
2772.3465000000006	2772.3465000000006
2772.3465000000006	3080.3850000000007
2772.3465000000006	3388.423500000001
2772.3465000000006	3696.462000000001
2772.3465000000006	4004.500500000001
2772.3465000000006	4312.539000000001
2772.3465000000006	4620.5775
2772.3465000000006	4928.616
2772.3465000000006	5236.6545
2772.3465000000006	5544.692999999999
2772.3465000000006	5852.731499999999
2772.3465000000006	6160.769999999999
2772.3465000000006	6468.808499999998
3080.3850000000007	0.0
3080.3850000000007	2464.3080000000004
3080.3850000000007	2772.3465000000006
3080.3850000000007	3080.3850000000007
3080.3850000000007	3388.423500000001
3080.3850000000007	3696.462000000001
3080.3850000000007	4004.500500000001
3080.3850000000007	4312.539000000001
3080.3850000000007	4620.5775
3080.3850000000007	4928.616
3080.3850000000007	5236.6545
3080.3850000000007	5544.692999999999
3080.3850000000007	5852.731499999999
3080.3850000000007	6160.769999999999
3080.3850000000007	6468.808499999998
3388.423500000001	0.0
3388.423500000001	2464.3080000000004
3388.423500000001	2772.3465000000006
3388.423500000001	3080.3850000000007
3388.423500000001	3388.423500000001
3388.423500000001	3696.462000000001
3388.423500000001	4004.500500000001
3388.423500000001	4312.539000000001
3388.423500000001	4620.5775
3388.423500000001	4928.616
3388.423500000001	5236.6545
3388.423500000001	5544.692999999999
3388.423500000001	5852.731499999999
3388.423500000001	6160.769999999999
3388.423500000001	6468.808499999998
3696.462000000001	0.0
3696.462000000001	308.0385
3696.462000000001	616.077
3696.462000000001	924.1155
3696.462000000001	1232.154
3696.462000000001	1540.1925
3696.462000000001	1848.2310000000002
3696.462000000001	2156.2695000000003
3696.462000000001	3388.423500000001
3696.462000000001	3696.462000000001
3696.462000000001	4004.500500000001
3696.462000000001	4312.539000000001
3696.462000000001	4620.5775
3696.462000000001	4928.616
3696.462000000001	5236.6545
3696.462000000001	5544.692999999999
3696.462000000001	5852.731499999999
3696.462000000001	6160.769999999999
3696.462000000001	6468.808499999998
4004.500500000001	0.0
4004.500500000001	308.0385
4004.500500000001	616.077
4004.500500000001	924.1155
4004.500500000001	1232.154
4004.500500000001	1540.1925
4004.500500000001	1848.2310000000002
4004.500500000001	2156.2695000000003
4004.500500000001	3388.423500000001
4004.500500000001	3696.462000000001
4004.500500000001	4004.500500000001
4004.500500000001	4312.539000000001
4004.500500000001	4620.5775
4004.500500000001	4928.616
4004.500500000001	5236.6545
4004.500500000001	5544.692999999999
4004.500500000001	5852.731499999999
4004.500500000001	6160.769999999999
4004.500500000001	6468.808499999998
4312.539000000001	0.0
4312.539000000001	308.0385
4312.539000000001	616.077
4312.539000000001	924.1155
4312.539000000001	1232.154
4312.539000000001	1540.1925
4312.539000000001	1848.2310000000002
4312.539000000001	2156.2695000000003
4312.539000000001	3388.423500000001
4312.539000000001	3696.462000000001
4312.539000000001	4004.500500000001
4312.539000000001	4312.539000000001
4312.539000000001	4620.5775
4312.539000000001	4928.616
4312.539000000001	5236.6545
4312.539000000001	5544.692999999999
4312.539000000001	5852.731499999999
4312.539000000001	6160.769999999999
4312.539000000001	6468.808499999998
4620.5775	0.0
4620.5775	308.0385
4620.5775	616.077
4620.5775	924.1155
4620.5775	1232.154
4620.5775	1540.1925
4620.5775	1848.2310000000002
4620.5775	2156.2695000000003
4620.5775	2464.3080000000004
4620.5775	2772.3465000000006
4620.5775	3080.3850000000007
4620.5775	3388.423500000001
4620.5775	3696.462000000001
4620.5775	4004.500500000001
4620.5775	4312.539000000001
4620.5775	4620.5775
4620.5775	4928.616
4620.5775	5236.6545
4620.5775	5544.692999999999
4620.5775	5852.731499999999
4620.5775	6160.769999999999
4620.5775	6468.808499999998
4928.616	0.0
4928.616	308.0385
4928.616	616.077
4928.616	924.1155
4928.616	1232.154
4928.616	1540.1925
4928.616	1848.2310000000002
4928.616	2156.2695000000003
4928.616	2464.3080000000004
4928.616	2772.3465000000006
4928.616	3080.3850000000007
4928.616	3388.423500000001
4928.616	3696.462000000001
4928.616	4004.500500000001
4928.616	4312.539000000001
4928.616	4620.5775
4928.616	4928.616
4928.616	5236.6545
4928.616	5544.692999999999
4928.616	5852.731499999999
4928.616	6160.769999999999
4928.616	6468.808499999998
5236.6545	0.0
5236.6545	308.0385
5236.6545	616.077
5236.6545	924.1155
5236.6545	1232.154
5236.6545	1540.1925
5236.6545	1848.2310000000002
5236.6545	2156.2695000000003
5236.6545	2464.3080000000004
5236.6545	2772.3465000000006
5236.6545	3080.3850000000007
5236.6545	3388.423500000001
5236.6545	3696.462000000001
5236.6545	4004.500500000001
5236.6545	4312.539000000001
5236.6545	4620.5775
5236.6545	4928.616
5236.6545	5236.6545
5236.6545	5544.692999999999
5236.6545	5852.731499999999
5236.6545	6160.769999999999
5236.6545	6468.808499999998
5544.692999999999	0.0
5544.692999999999	308.0385
5544.692999999999	616.077
5544.692999999999	924.1155
5544.692999999999	1232.154
5544.692999999999	1540.1925
5544.692999999999	1848.2310000000002
5544.692999999999	2156.2695000000003
5544.692999999999	2464.3080000000004
5544.692999999999	2772.3465000000006
5544.692999999999	3080.3850000000007
5544.692999999999	3388.423500000001
5544.692999999999	3696.462000000001
5544.692999999999	4004.500500000001
5544.692999999999	4312.539000000001
5544.692999999999	4620.5775
5544.692999999999	4928.616
5544.692999999999	5236.6545
5544.692999999999	5544.692999999999
5544.692999999999	5852.731499999999
5544.692999999999	6160.769999999999
5544.692999999999	6468.808499999998
5852.731499999999	0.0
5852.731499999999	308.0385
5852.731499999999	616.077
5852.731499999999	924.1155
5852.731499999999	1232.154
5852.731499999999	1540.1925
5852.731499999999	1848.2310000000002
5852.731499999999	2156.2695000000003
5852.731499999999	2464.3080000000004
5852.731499999999	2772.3465000000006
5852.731499999999	3080.3850000000007
5852.731499999999	3388.423500000001
5852.731499999999	3696.462000000001
5852.731499999999	4004.500500000001
5852.731499999999	4312.539000000001
5852.731499999999	4620.5775
5852.731499999999	4928.616
5852.731499999999	5236.6545
5852.731499999999	5544.692999999999
5852.731499999999	5852.731499999999
5852.731499999999	6160.769999999999
5852.731499999999	6468.808499999998
6160.769999999999	0.0
6160.769999999999	308.0385
6160.769999999999	616.077
6160.769999999999	924.1155
6160.769999999999	1232.154
6160.769999999999	1540.1925
6160.769999999999	1848.2310000000002
6160.769999999999	2156.2695000000003
6160.769999999999	2464.3080000000004
6160.769999999999	2772.3465000000006
6160.769999999999	3080.3850000000007
6160.769999999999	3388.423500000001
6160.769999999999	3696.462000000001
6160.769999999999	4004.500500000001
6160.769999999999	4312.539000000001
6160.769999999999	4620.5775
6160.769999999999	4928.616
6160.769999999999	5236.6545
6160.769999999999	5544.692999999999
6160.769999999999	5852.731499999999
6160.769999999999	6160.769999999999
6160.769999999999	6468.808499999998
6468.808499999998	0.0
6468.808499999998	308.0385
6468.808499999998	616.077
6468.808499999998	924.1155
6468.808499999998	1232.154
6468.808499999998	1540.1925
6468.808499999998	1848.2310000000002
6468.808499999998	2156.2695000000003
6468.808499999998	2464.3080000000004
6468.808499999998	2772.3465000000006
6468.808499999998	3080.3850000000007
6468.808499999998	3388.423500000001
6468.808499999998	3696.462000000001
6468.808499999998	4004.500500000001
6468.808499999998	4312.539000000001
6468.808499999998	4620.5775
6468.808499999998	4928.616
6468.808499999998	5236.6545
6468.808499999998	5544.692999999999
6468.808499999998	5852.731499999999
6468.808499999998	6160.769999999999
6468.808499999998	6468.808499999998
6776.846999999998	0.0
6776.846999999998	308.0385
6776.846999999998	616.077
6776.846999999998	924.1155
6776.846999999998	1232.154
6776.846999999998	1540.1925
6776.846999999998	1848.2310000000002
6776.846999999998	2156.2695000000003
6776.846999999998	2464.3080000000004
6776.846999999998	2772.3465000000006
6776.846999999998	3080.3850000000007
6776.846999999998	3388.423500000001
6776.846999999998	3696.462000000001
6776.846999999998	4004.500500000001
6776.846999999998	4312.539000000001
6776.846999999998	4620.5775
6776.846999999998	4928.616
6776.846999999998	5236.6545
6776.846999999998	5544.692999999999
6776.846999999998	5852.731499999999
6776.846999999998	6160.769999999999
6776.846999999998	6468.808499999998
7084.885499999998	0.0
7084.885499999998	308.0385
7084.885499999998	616.077
7084.885499999998	924.1155
7084.885499999998	1232.154
7084.885499999998	1540.1925
7084.885499999998	1848.2310000000002
7084.885499999998	2156.2695000000003
7084.885499999998	2464.3080000000004
7084.885499999998	2772.3465000000006
7084.885499999998	3080.3850000000007
7084.885499999998	3388.423500000001
7084.885499999998	3696.462000000001
7084.885499999998	4004.500500000001
7084.885499999998	4312.539000000001
7084.885499999998	4620.5775
7084.885499999998	4928.616
7084.885499999998	5236.6545
7084.885499999998	5544.692999999999
7084.885499999998	5852.731499999999
7084.885499999998	6160.769999999999
7084.885499999998	6468.808499999998
7392.923999999997	0.0
7392.923999999997	308.0385
7392.923999999997	616.077
7392.923999999997	924.1155
7392.923999999997	1232.154
7392.923999999997	1540.1925
7392.923999999997	1848.2310000000002
7392.923999999997	2156.2695000000003
7392.923999999997	2464.3080000000004
7392.923999999997	2772.3465000000006
7392.923999999997	3080.3850000000007
7392.923999999997	3388.423500000001
7392.923999999997	3696.462000000001
7392.923999999997	4004.500500000001
7392.923999999997	4312.539000000001
7392.923999999997	4620.5775
7392.923999999997	4928.616
7392.923999999997	5236.6545
7392.923999999997	5544.692999999999
7392.923999999997	5852.731499999999
7392.923999999997	6160.769999999999
7392.923999999997	6468.808499999998
7700.962499999997	0.0
7700.962499999997	308.0385
7700.962499999997	616.077
7700.962499999997	924.1155
7700.962499999997	1232.154
7700.962499999997	1540.1925
7700.962499999997	1848.2310000000002
7700.962499999997	2156.2695000000003
7700.962499999997	2464.3080000000004
7700.962499999997	2772.3465000000006
7700.962499999997	3080.3850000000007
7700.962499999997	3388.423500000001
7700.962499999997	3696.462000000001
7700.962499999997	4004.500500000001
7700.962499999997	4312.539000000001
7700.962499999997	4620.5775
7700.962499999997	4928.616
7700.962499999997	5236.6545
7700.962499999997	5544.692999999999
7700.962499999997	5852.731499999999
7700.962499999997	6160.769999999999
7700.962499999997	6468.808499999998
8009.000999999997	0.0
8009.000999999997	308.0385
8009.000999999997	616.077
8009.000999999997	924.1155
8009.000999999997	1232.154
8009.000999999997	1540.1925
8009.000999999997	1848.2310000000002
8009.000999999997	2156.2695000000003
8009.000999999997	2464.3080000000004
8009.000999999997	2772.3465000000006
8009.000999999997	3080.3850000000007
8009.000999999997	3388.423500000001
8009.000999999997	3696.462000000001
8009.000999999997	4004.500500000001
8009.000999999997	4312.539000000001
8009.000999999997	4620.5775
8009.000999999997	4928.616
8009.000999999997	5236.6545
8009.000999999997	5544.692999999999
8009.000999999997	5852.731499999999
8009.000999999997	6160.769999999999
8009.000999999997	6468.808499999998
8317.039499999997	0.0
8317.039499999997	308.0385
8317.039499999997	616.077
8317.039499999997	924.1155
8317.039499999997	1232.154
8317.039499999997	1540.1925
8317.039499999997	1848.2310000000002
8317.039499999997	2156.2695000000003
8317.039499999997	2464.3080000000004
8317.039499999997	2772.3465000000006
8317.039499999997	3080.3850000000007
8317.039499999997	3388.423500000001
8317.039499999997	3696.462000000001
8317.039499999997	4004.500500000001
8317.039499999997	4312.539000000001
8317.039499999997	4620.5775
8317.039499999997	4928.616
8317.039499999997	5236.6545
8317.039499999997	5544.692999999999
8317.039499999997	5852.731499999999
8317.039499999997	6160.769999999999
8317.039499999997	6468.808499999998
8625.077999999998	0.0
8625.077999999998	308.0385
8625.077999999998	616.077
8625.077999999998	924.1155
8625.077999999998	1232.154
8625.077999999998	1540.1925
8625.077999999998	1848.2310000000002
8625.077999999998	2156.2695000000003
8625.077999999998	2464.3080000000004
8625.077999999998	2772.3465000000006
8625.077999999998	3080.3850000000007
8625.077999999998	3388.423500000001
8625.077999999998	3696.462000000001
8625.077999999998	4004.500500000001
8625.077999999998	4312.539000000001
8625.077999999998	4620.5775
8625.077999999998	4928.616
8625.077999999998	5236.6545
8625.077999999998	5544.692999999999
8625.077999999998	5852.731499999999
8625.077999999998	6160.769999999999
8625.077999999998	6468.808499999998
8933.116499999998	0.0
8933.116499999998	308.0385
8933.116499999998	616.077
8933.116499999998	924.1155
8933.116499999998	1232.154
8933.116499999998	1540.1925
8933.116499999998	1848.2310000000002
8933.116499999998	2156.2695000000003
8933.116499999998	2464.3080000000004
8933.116499999998	2772.3465000000006
8933.116499999998	3080.3850000000007
8933.116499999998	3388.423500000001
8933.116499999998	3696.462000000001
8933.116499999998	4004.500500000001
8933.116499999998	4312.539000000001
8933.116499999998	4620.5775
8933.116499999998	4928.616
8933.116499999998	5236.6545
8933.116499999998	5544.692999999999
8933.116499999998	5852.731499999999
8933.116499999998	6160.769999999999
8933.116499999998	6468.808499999998
GRID-End
num_of_evaluations 2000
best obj 0.0012391931351963647
LLH0	34
LLH1	22
LLH2	27
LLH3	45
LLH4	72
LLH5	76
LLH6	64