Initial objective 0.0013297093523730883	 Seed value 225263382
1	 LLH-0	0.001328211496286456	0.001328211496286456
2	 LLH-3	0.0014147346883376171	0.0014147346883376171
3	 LLH-6	0.0014152953814952443	0.0014152953814952443
4	 LLH-0	0.0014124322650894442	0.0014124322650894442
5	 LLH-0	0.0014094148604278346	0.0014094148604278346
6	 LLH-3	0.0015857638684012311	0.0015857638684012311
7	 LLH-5	0.001587035454499793	0.001587035454499793
8	 LLH-1	0.0015868759315874142	0.0015868759315874142
9	 LLH-6	0.0015863359285179551	0.0015863359285179551
10	 LLH-3	0.0013265121809945767	0.0013265121809945767
11	 LLH-3	0.0014123222089379344	0.0014123222089379344
12	 LLH-4	0.0014094847259634184	0.0014094847259634184
15	 LLH-4	0.0014069297462228308	0.0014069297462228308
17	 LLH-1	0.0014069297462228308	0.0014069297462228308
18	 LLH-2	0.00137529699422752	0.00137529699422752
19	 LLH-6	0.001377583478024006	0.001377583478024006
20	 LLH-5	0.0013768546758407057	0.0013768546758407057
21	 LLH-1	0.0013769771888787277	0.0013769771888787277
22	 LLH-4	0.001374745004583307	0.001374745004583307
24	 LLH-5	0.001375727515593561	0.001375727515593561
25	 LLH-0	0.0013779965668572903	0.0013779965668572903
26	 LLH-1	0.0013779965668572903	0.0013779965668572903
27	 LLH-5	0.0013772807940566983	0.0013772807940566983
28	 LLH-6	0.0013772313139004543	0.0013772313139004543
29	 LLH-2	0.001353147605775302	0.001353147605775302
30	 LLH-2	0.0013421095217677006	0.0013421095217677006
31	 LLH-6	0.001340760888416095	0.001340760888416095
32	 LLH-0	0.0013387269617567918	0.0013387269617567918
33	 LLH-4	0.0013367475851352268	0.0013367475851352268
35	 LLH-2	0.0013463123020956494	0.0013463123020956494
36	 LLH-6	0.0013472673754979024	0.0013472673754979024
37	 LLH-3	0.0015071924062090584	0.0015071924062090584
38	 LLH-1	0.0015078582461591494	0.0015078582461591494
39	 LLH-6	0.0015053960797335453	0.0015053960797335453
40	 LLH-1	0.0015055450965913207	0.0015055450965913207
41	 LLH-3	0.0016859949413979079	0.0016859949413979079
42	 LLH-5	0.0016872387694124157	0.0016872387694124157
43	 LLH-3	0.0013521113593359263	0.0013521113593359263
44	 LLH-1	0.0013521113593359263	0.0013521113593359263
45	 LLH-4	0.0013502750497679018	0.0013502750497679018
48	 LLH-4	0.0013480730439802686	0.0013480730439802686
50	 LLH-1	0.0013479219514873292	0.0013479219514873292
51	 LLH-0	0.0013496823873856978	0.0013496823873856978
52	 LLH-2	0.0013377576070478176	0.0013377576070478176
53	 LLH-1	0.0013377576070478176	0.0013377576070478176
54	 LLH-4	0.0013361945624709825	0.0013361945624709825
59	 LLH-3	0.0012670280400566662	0.0012670280400566662
60	 LLH-1	0.0012670280400566662	0.0012670280400566662
61	 LLH-2	0.0012740594502512591	0.0012740594502512591
62	 LLH-2	0.0012895526429538059	0.0012895526429538059
63	 LLH-1	0.0012895408583690378	0.0012895408583690378
64	 LLH-6	0.0012898069262440607	0.0012898069262440607
65	 LLH-2	0.001278006024486237	0.001278006024486237
66	 LLH-5	0.0012771034397536796	0.0012771034397536796
67	 LLH-2	0.0012874393499541928	0.0012874393499541928
68	 LLH-3	0.0012545879302855746	0.0012545879302855746
69	 LLH-3	0.0012520851248974912	0.0012520851248974912
70	 LLH-6	0.0012534349799952992	0.0012534349799952992
71	 LLH-4	0.0012534349799952992	0.0012534349799952992
76	 LLH-0	0.0012540116574593842	0.0012540116574593842
77	 LLH-6	0.0012535905063690773	0.0012535905063690773
78	 LLH-2	0.0012546354683671981	0.0012546354683671981
79	 LLH-0	0.0012539629580056327	0.0012539629580056327
80	 LLH-3	0.0012529154295638704	0.0012529154295638704
81	 LLH-3	0.001249868996059055	0.001249868996059055
82	 LLH-0	0.0012504332644059709	0.0012504332644059709
83	 LLH-4	0.001249938241488679	0.001249938241488679
86	 LLH-2	0.0012587063018846217	0.0012587063018846217
87	 LLH-5	0.0012591500787144411	0.0012591500787144411
88	 LLH-2	0.0012638897793795447	0.0012638897793795447
89	 LLH-6	0.0012646589758420503	0.0012646589758420503
90	 LLH-0	0.0012652558661990054	0.0012652558661990054
91	 LLH-6	0.0012665124476029695	0.0012665124476029695
92	 LLH-5	0.0012661747659037375	0.0012661747659037375
93	 LLH-5	0.0012659088468466961	0.0012659088468466961
94	 LLH-3	0.001293336499589555	0.001293336499589555
95	 LLH-5	0.0012923923294390531	0.0012923923294390531
96	 LLH-4	0.0012908889216348965	0.0012908889216348965
98	 LLH-1	0.0012907034030416062	0.0012907034030416062
99	 LLH-5	0.0012913301316948103	0.0012913301316948103
100	 LLH-6	0.0012908894705266057	0.0012908894705266057
101	 LLH-4	0.0012908894705266057	0.0012908894705266057
106	 LLH-0	0.0012923349183595213	0.0012923349183595213
107	 LLH-1	0.0012922252504975144	0.0012922252504975144
108	 LLH-1	0.0012922252504975144	0.0012922252504975144
109	 LLH-5	0.0012912113860017622	0.0012912113860017622
110	 LLH-1	0.0012912113860017622	0.0012912113860017622
111	 LLH-0	0.0012899090861190668	0.0012899090861190668
112	 LLH-1	0.0012899090861190668	0.0012899090861190668
113	 LLH-1	0.0012899090861190668	0.0012899090861190668
114	 LLH-2	0.0013077070710428313	0.0013077070710428313
115	 LLH-1	0.0013077572409350095	0.0013077572409350095
116	 LLH-4	0.001306564108432418	0.001306564108432418
118	 LLH-6	0.0013068835268692488	0.0013068835268692488
119	 LLH-5	0.001306726436375174	0.001306726436375174
120	 LLH-4	0.001305321593209468	0.001305321593209468
122	 LLH-5	0.0013060329059569132	0.0013060329059569132
123	 LLH-1	0.0013062165192986711	0.0013062165192986711
124	 LLH-4	0.0013047406262504705	0.0013047406262504705
127	 LLH-0	0.0013064603284296452	0.0013064603284296452
128	 LLH-0	0.001308180900760398	0.001308180900760398
129	 LLH-2	0.0013164673941928268	0.0013164673941928268
130	 LLH-1	0.0013163629762077563	0.0013163629762077563
131	 LLH-6	0.0013169265293992848	0.0013169265293992848
132	 LLH-0	0.0013154597369924588	0.0013154597369924588
133	 LLH-2	0.0013209625423046736	0.0013209625423046736
134	 LLH-5	0.0013207570857072693	0.0013207570857072693
135	 LLH-6	0.0013181901808751433	0.0013181901808751433
136	 LLH-2	0.0013006866170045173	0.0013006866170045173
137	 LLH-5	0.0013006591232021135	0.0013006591232021135
138	 LLH-1	0.0013006591232021135	0.0013006591232021135
139	 LLH-0	0.0012991895983147533	0.0012991895983147533
140	 LLH-5	0.0012983230139852792	0.0012983230139852792
141	 LLH-1	0.0012983230139852792	0.0012983230139852792
142	 LLH-5	0.0012984935182272094	0.0012984935182272094
143	 LLH-6	0.0012991540891579261	0.0012991540891579261
144	 LLH-5	0.0012988775838425042	0.0012988775838425042
145	 LLH-1	0.0012988775838425042	0.0012988775838425042
146	 LLH-4	0.001297667425709299	0.001297667425709299
149	 LLH-3	0.001400203361595279	0.001400203361595279
150	 LLH-0	0.0014028065102147692	0.0014028065102147692
151	 LLH-1	0.0014028065102147692	0.0014028065102147692
152	 LLH-4	0.0014005645508513276	0.0014005645508513276
154	 LLH-3	0.0015828076491452426	0.0015828076491452426
155	 LLH-0	0.0015777090482860226	0.0015777090482860226
156	 LLH-6	0.0015791305744851988	0.0015791305744851988
157	 LLH-6	0.0015780210086242127	0.0015780210086242127
158	 LLH-0	0.0015730795393306884	0.0015730795393306884
159	 LLH-5	0.0015733621531618237	0.0015733621531618237
160	 LLH-6	0.0015735608007604353	0.0015735608007604353
161	 LLH-4	0.001568148678865579	0.001568148678865579
163	 LLH-6	0.0015686085518841976	0.0015686085518841976
164	 LLH-4	0.0015633617677088354	0.0015633617677088354
167	 LLH-1	0.0015635170336047246	0.0015635170336047246
168	 LLH-6	0.0015669752241482737	0.0015669752241482737
169	 LLH-4	0.0015618279733601147	0.0015618279733601147
171	 LLH-5	0.0015633278890777862	0.0015633278890777862
172	 LLH-0	0.001558250881034917	0.001558250881034917
173	 LLH-6	0.0015544740586261748	0.0015544740586261748
174	 LLH-3	0.001801479631055669	0.0015544740586261748
175	 LLH-5	0.0015541646774527844	0.0015541646774527844
176	 LLH-4	0.0015490060648078018	0.0015490060648078018
178	 LLH-2	0.0014574746479754574	0.0014574746479754574
179	 LLH-5	0.0014578413534780197	0.0014578413534780197
180	 LLH-2	0.00141316853746309	0.00141316853746309
181	 LLH-0	0.0014161344728075697	0.0014161344728075697
182	 LLH-1	0.0014163442056759675	0.0014163442056759675
183	 LLH-0	0.0014130424881502147	0.0014130424881502147
184	 LLH-0	0.0014101106599349587	0.0014101106599349587
185	 LLH-5	0.001409822841723432	0.001409822841723432
186	 LLH-4	0.0014068224116609471	0.0014068224116609471
188	 LLH-1	0.0014068224116609471	0.0014068224116609471
189	 LLH-1	0.0014068224116609471	0.0014068224116609471
190	 LLH-0	0.0014037462063459236	0.0014037462063459236
191	 LLH-5	0.0014034323888064072	0.0014034323888064072
192	 LLH-3	0.0012989339004851046	0.0012989339004851046
193	 LLH-2	0.0013071970089149124	0.0013071970089149124
194	 LLH-6	0.0013096553709011332	0.0013096553709011332
195	 LLH-2	0.0013029424805592522	0.0013029424805592522
196	 LLH-1	0.0013027767128162733	0.0013027767128162733
197	 LLH-5	0.0013022187291857868	0.0013022187291857868
198	 LLH-2	0.0013113478558420396	0.0013113478558420396
199	 LLH-1	0.0013109901749559264	0.0013109901749559264
200	 LLH-3	0.0014150482349910723	0.0014150482349910723
201	 LLH-5	0.001416193786697331	0.001416193786697331
202	 LLH-3	0.0015899254285206233	0.0015899254285206233
203	 LLH-0	0.001584507924861369	0.001584507924861369
204	 LLH-2	0.0014567201575151026	0.0014567201575151026
205	 LLH-5	0.0014587678608267546	0.0014587678608267546
206	 LLH-0	0.0014556478224760916	0.0014556478224760916
207	 LLH-5	0.0014579359935279978	0.0014579359935279978
208	 LLH-5	0.0014582209632339816	0.0014582209632339816
209	 LLH-6	0.0014556446452731945	0.0014556446452731945
210	 LLH-4	0.0014515716464949015	0.0014515716464949015
212	 LLH-3	0.001305237775077737	0.001305237775077737
213	 LLH-2	0.0012918019212117449	0.0012918019212117449
214	 LLH-1	0.0012919295871661666	0.0012919295871661666
215	 LLH-1	0.0012923239233387832	0.0012923239233387832
216	 LLH-5	0.0012940277053265813	0.0012940277053265813
217	 LLH-0	0.0012951879059375714	0.0012951879059375714
218	 LLH-3	0.0013781545237943897	0.0013781545237943897
219	 LLH-3	0.001529089216600376	0.001529089216600376
220	 LLH-5	0.0015296661823361688	0.0015296661823361688
221	 LLH-4	0.0015251656581219118	0.0015251656581219118
223	 LLH-3	0.0017796418700805564	0.0015251656581219118
224	 LLH-4	0.0015211246479701337	0.0015211246479701337
227	 LLH-3	0.0013256736358083039	0.0013256736358083039
228	 LLH-0	0.0013275748736703424	0.0013275748736703424
229	 LLH-0	0.0013258557660248253	0.0013258557660248253
230	 LLH-1	0.0013258557660248253	0.0013258557660248253
231	 LLH-4	0.0013240028814882508	0.0013240028814882508
233	 LLH-5	0.0013245033438275048	0.0013245033438275048
234	 LLH-6	0.0013234786772100653	0.0013234786772100653
235	 LLH-2	0.001317223263409614	0.001317223263409614
236	 LLH-0	0.0013189691014079243	0.0013189691014079243
237	 LLH-1	0.0013189691014079243	0.0013189691014079243
238	 LLH-5	0.0013196354824331212	0.0013196354824331212
239	 LLH-6	0.0013184611090603356	0.0013184611090603356
240	 LLH-5	0.0013179113912802475	0.0013179113912802475
241	 LLH-4	0.001316276611651728	0.001316276611651728
243	 LLH-6	0.001318014480904422	0.001318014480904422
244	 LLH-3	0.0014316266214811132	0.0014316266214811132
245	 LLH-3	0.0016271992293923991	0.0016271992293923991
246	 LLH-4	0.0016206921451772183	0.0016206921451772183
248	 LLH-0	0.0016145688009366948	0.0016145688009366948
249	 LLH-4	0.001608188248028452	0.001608188248028452
252	 LLH-5	0.0016089941751417463	0.0016089941751417463
253	 LLH-4	0.0016030300570125749	0.0016030300570125749
256	 LLH-1	0.0016030300570125749	0.0016030300570125749
257	 LLH-0	0.0015968473966698996	0.0015968473966698996
258	 LLH-4	0.0015910299348322627	0.0015910299348322627
260	 LLH-6	0.0015921758678620187	0.0015921758678620187
261	 LLH-1	0.0015929708203427262	0.0015929708203427262
262	 LLH-3	0.0017717322783903106	0.0015929708203427262
263	 LLH-1	0.0015929708203427262	0.0015929708203427262
264	 LLH-5	0.001593482681841655	0.001593482681841655
265	 LLH-5	0.0015924612951739572	0.0015924612951739572
266	 LLH-2	0.0014990448502605748	0.0014990448502605748
267	 LLH-5	0.001497768020330258	0.001497768020330258
268	 LLH-5	0.0014965346651154218	0.0014965346651154218
269	 LLH-3	0.0017567995636065497	0.0014965346651154218
270	 LLH-0	0.001492175517214673	0.001492175517214673
271	 LLH-4	0.0014884597100634457	0.0014884597100634457
274	 LLH-3	0.0016833824873612492	0.0016833824873612492
275	 LLH-1	0.0016833824873612492	0.0016833824873612492
276	 LLH-0	0.0016761831942416244	0.0016761831942416244
277	 LLH-4	0.0016693199022498556	0.0016693199022498556
279	 LLH-0	0.0016765725621571866	0.0016765725621571866
280	 LLH-1	0.0016768504006427869	0.0016768504006427869
281	 LLH-5	0.00167955932654002	0.00167955932654002
282	 LLH-5	0.0016806047823095748	0.0016806047823095748
283	 LLH-1	0.0016806047823095748	0.0016806047823095748
284	 LLH-6	0.001678928875050736	0.001678928875050736
285	 LLH-2	0.0016003945939638687	0.0016003945939638687
286	 LLH-6	0.001599626662424615	0.001599626662424615
287	 LLH-2	0.0014805654981402243	0.0014805654981402243
288	 LLH-0	0.0014771001845774018	0.0014771001845774018
289	 LLH-0	0.001473373333865342	0.001473373333865342
290	 LLH-3	0.001311064620880902	0.001311064620880902
291	 LLH-0	0.001312437449086257	0.001312437449086257
292	 LLH-3	0.0012629817676302556	0.0012629817676302556
293	 LLH-0	0.0012637507938639391	0.0012637507938639391
294	 LLH-4	0.0012637507938639391	0.0012637507938639391
299	 LLH-4	0.0012629637301746091	0.0012629637301746091
301	 LLH-0	0.0012622847598397853	0.0012622847598397853
302	 LLH-2	0.0012758928357517324	0.0012758928357517324
303	 LLH-4	0.0012746042528308547	0.0012746042528308547
305	 LLH-3	0.0012655981293904733	0.0012655981293904733
306	 LLH-3	0.0013204320592100263	0.0013204320592100263
307	 LLH-5	0.001320768511672406	0.001320768511672406
308	 LLH-1	0.0013206636410867591	0.0013206636410867591
309	 LLH-1	0.0013206636410867591	0.0013206636410867591
310	 LLH-5	0.0013205345267327195	0.0013205345267327195
311	 LLH-2	0.0013166226085344454	0.0013166226085344454
312	 LLH-0	0.0013151774244471643	0.0013151774244471643
313	 LLH-4	0.0013138944869324105	0.0013138944869324105
316	 LLH-4	0.001312369018392898	0.001312369018392898
320	 LLH-4	0.0013110922011495545	0.0013110922011495545
324	 LLH-3	0.0014083715584664593	0.0013110922011495545
325	 LLH-2	0.0013261630881350858	0.0013261630881350858
326	 LLH-4	0.0013248056115548487	0.0013248056115548487
328	 LLH-6	0.0013249313834837594	0.0013249313834837594
329	 LLH-5	0.001323448633261572	0.001323448633261572
330	 LLH-4	0.0013219803926002704	0.0013219803926002704
332	 LLH-3	0.0012798386915028716	0.0012798386915028716
333	 LLH-6	0.0012798822304505605	0.0012798822304505605
334	 LLH-1	0.001279994518562979	0.001279994518562979
335	 LLH-2	0.0012756063379027907	0.0012756063379027907
336	 LLH-0	0.0012766122810256696	0.0012766122810256696
337	 LLH-0	0.0012756372499634844	0.0012756372499634844
338	 LLH-0	0.0012765333781347412	0.0012765333781347412
339	 LLH-0	0.0012776279196655138	0.0012776279196655138
340	 LLH-0	0.0012786512686222776	0.0012786512686222776
341	 LLH-5	0.001278132831443438	0.001278132831443438
342	 LLH-3	0.0012597955484221074	0.0012597955484221074
343	 LLH-4	0.0012590512388851447	0.0012590512388851447
348	 LLH-5	0.0012602169316277365	0.0012602169316277365
349	 LLH-1	0.0012603807448972465	0.0012603807448972465
350	 LLH-5	0.0012600404741334535	0.0012600404741334535
351	 LLH-0	0.0012592725229697817	0.0012592725229697817
352	 LLH-2	0.0012568127621726966	0.0012568127621726966
353	 LLH-5	0.0012585355990021097	0.0012585355990021097
354	 LLH-5	0.0012586206259366233	0.0012586206259366233
355	 LLH-0	0.0012574338509437721	0.0012574338509437721
356	 LLH-2	0.0012741871895924936	0.0012741871895924936
357	 LLH-1	0.0012741871895924936	0.0012741871895924936
358	 LLH-5	0.0012743989723626443	0.0012743989723626443
359	 LLH-2	0.0012770805861237423	0.0012770805861237423
360	 LLH-4	0.0012757605102371539	0.0012757605102371539
362	 LLH-2	0.001278081983118932	0.001278081983118932
363	 LLH-6	0.0012771581681369716	0.0012771581681369716
364	 LLH-1	0.0012771581681369716	0.0012771581681369716
365	 LLH-4	0.0012761488705116284	0.0012761488705116284
368	 LLH-4	0.001275268531467555	0.001275268531467555
372	 LLH-0	0.0012765387127533592	0.0012765387127533592
373	 LLH-0	0.0012777089663184894	0.0012777089663184894
374	 LLH-1	0.0012773215797556756	0.0012773215797556756
375	 LLH-1	0.0012773215797556756	0.0012773215797556756
376	 LLH-6	0.001277630773745822	0.001277630773745822
377	 LLH-4	0.0012765389338341327	0.0012765389338341327
380	 LLH-0	0.001275607310169391	0.001275607310169391
381	 LLH-0	0.0012767195339034062	0.0012767195339034062
382	 LLH-4	0.0012755252324802514	0.0012755252324802514
386	 LLH-3	0.001270667787609085	0.001270667787609085
387	 LLH-5	0.0012706844323799914	0.0012706844323799914
388	 LLH-6	0.001270088359707097	0.001270088359707097
389	 LLH-6	0.001270429116340063	0.001270429116340063
390	 LLH-0	0.0012711671325679004	0.0012711671325679004
391	 LLH-6	0.001270385275908294	0.001270385275908294
392	 LLH-4	0.0012696970429246148	0.0012696970429246148
396	 LLH-6	0.0012693890123296454	0.0012693890123296454
397	 LLH-6	0.0012693632746222496	0.0012693632746222496
398	 LLH-2	0.0012825017846975347	0.0012825017846975347
399	 LLH-3	0.001260897693824552	0.001260897693824552
400	 LLH-2	0.001255673191565309	0.001255673191565309
401	 LLH-1	0.0012558190893676208	0.0012558190893676208
402	 LLH-0	0.001255210315298986	0.001255210315298986
403	 LLH-4	0.001255210315298986	0.001255210315298986
408	 LLH-4	0.001255210315298986	0.001255210315298986
413	 LLH-3	0.001247565198406244	0.001247565198406244
414	 LLH-6	0.0012472571496568348	0.0012472571496568348
415	 LLH-6	0.0012472353557339269	0.0012472353557339269
416	 LLH-2	0.001262623136021743	0.0012472353557339269
417	 LLH-2	0.0012501747689672882	0.0012501747689672882
418	 LLH-1	0.0012501747689672882	0.0012501747689672882
419	 LLH-6	0.0012498212324112182	0.0012498212324112182
420	 LLH-5	0.0012511647259410292	0.0012511647259410292
421	 LLH-1	0.001251101073510384	0.001251101073510384
422	 LLH-5	0.0012491853050352365	0.0012491853050352365
423	 LLH-0	0.0012501971105564945	0.0012501971105564945
424	 LLH-5	0.0012506302057386602	0.0012506302057386602
425	 LLH-2	0.0012705490819909676	0.0012705490819909676
426	 LLH-1	0.0012705490819909676	0.0012705490819909676
427	 LLH-4	0.0012696903861673303	0.0012696903861673303
430	 LLH-0	0.0012706193819021707	0.0012706193819021707
431	 LLH-0	0.0012698461892491583	0.0012698461892491583
432	 LLH-0	0.0012706344000303939	0.0012706344000303939
433	 LLH-2	0.001275615540295449	0.001275615540295449
434	 LLH-4	0.001275615540295449	0.001275615540295449
439	 LLH-6	0.0012766085452366014	0.0012766085452366014
440	 LLH-1	0.001276609120633787	0.001276609120633787
441	 LLH-1	0.001276609120633787	0.001276609120633787
442	 LLH-1	0.001276609120633787	0.001276609120633787
443	 LLH-6	0.0012768076549626284	0.0012768076549626284
444	 LLH-6	0.0012763473339335155	0.0012763473339335155
445	 LLH-2	0.001276391343085389	0.001276391343085389
446	 LLH-2	0.0012742928895171975	0.0012742928895171975
447	 LLH-1	0.0012742928895171975	0.0012742928895171975
448	 LLH-2	0.0012926359042567518	0.0012926359042567518
449	 LLH-6	0.0012917980263408174	0.0012917980263408174
450	 LLH-0	0.0012907066996079247	0.0012907066996079247
451	 LLH-5	0.0012912339762229364	0.0012912339762229364
452	 LLH-6	0.0012917725730348	0.0012917725730348
453	 LLH-1	0.001291830128907864	0.001291830128907864
454	 LLH-5	0.0012920790370772308	0.0012920790370772308
455	 LLH-1	0.001291916553684789	0.001291916553684789
456	 LLH-5	0.0012905207592574148	0.0012905207592574148
457	 LLH-2	0.0013011335013408927	0.0013011335013408927
458	 LLH-0	0.0013026351163969332	0.0013026351163969332
459	 LLH-2	0.0012934848827384005	0.0012934848827384005
460	 LLH-6	0.0012934704544939387	0.0012934704544939387
461	 LLH-5	0.0012924308817094624	0.0012924308817094624
462	 LLH-6	0.001291931825620023	0.001291931825620023
463	 LLH-0	0.0012908529838267558	0.0012908529838267558
464	 LLH-2	0.001307492682268813	0.001307492682268813
465	 LLH-3	0.0012707689756919368	0.0012707689756919368
466	 LLH-1	0.0012707689756919368	0.0012707689756919368
467	 LLH-1	0.0012707669729697384	0.0012707669729697384
468	 LLH-5	0.0012707511769518105	0.0012707511769518105
469	 LLH-3	0.0012511959714288238	0.0012511959714288238
470	 LLH-6	0.0012498558687416297	0.0012498558687416297
471	 LLH-0	0.001249221619754881	0.001249221619754881
472	 LLH-4	0.0012485892172349412	0.0012485892172349412
474	 LLH-6	0.0012491374232798077	0.0012491374232798077
475	 LLH-5	0.0012490847001928437	0.0012490847001928437
476	 LLH-3	0.001256227127430448	0.001256227127430448
477	 LLH-1	0.001256227127430448	0.001256227127430448
478	 LLH-3	0.0012535799507993601	0.0012535799507993601
479	 LLH-0	0.001254080978224864	0.001254080978224864
480	 LLH-0	0.0012545720946161819	0.0012545720946161819
481	 LLH-0	0.001254075349354078	0.001254075349354078
482	 LLH-2	0.0012544302987881058	0.0012544302987881058
483	 LLH-6	0.0012553216609936606	0.0012553216609936606
484	 LLH-3	0.0012785144439598846	0.0012553216609936606
485	 LLH-2	0.0012580752338211731	0.0012580752338211731
486	 LLH-4	0.0012570499382173628	0.0012570499382173628
488	 LLH-2	0.0012637195344249563	0.0012637195344249563
489	 LLH-1	0.0012637809278667562	0.0012637809278667562
490	 LLH-2	0.0012779880265253102	0.0012637809278667562
491	 LLH-6	0.0012652212104766398	0.0012652212104766398
492	 LLH-1	0.0012653877166440943	0.0012653877166440943
493	 LLH-1	0.0012653877166440943	0.0012653877166440943
494	 LLH-4	0.0012645170823450725	0.0012645170823450725
498	 LLH-0	0.0012638313997621225	0.0012638313997621225
499	 LLH-2	0.0012707182875156132	0.0012707182875156132
500	 LLH-0	0.0012695364961249173	0.0012695364961249173
501	 LLH-4	0.0012688494460742338	0.0012688494460742338
506	 LLH-0	0.0012696975206016533	0.0012696975206016533
507	 LLH-4	0.0012685646115349351	0.0012685646115349351
509	 LLH-2	0.001277232542099006	0.001277232542099006
510	 LLH-2	0.001287044228967466	0.001277232542099006
511	 LLH-0	0.0012785065622620793	0.0012785065622620793
512	 LLH-3	0.0012526927689662782	0.0012526927689662782
513	 LLH-6	0.00125275648058791	0.00125275648058791
514	 LLH-5	0.0012531870454332154	0.0012531870454332154
515	 LLH-6	0.0012531433564385238	0.0012531433564385238
516	 LLH-1	0.0012531433564385238	0.0012531433564385238
517	 LLH-6	0.0012532184671146076	0.0012532184671146076
518	 LLH-1	0.0012532184671146076	0.0012532184671146076
519	 LLH-1	0.0012532184671146076	0.0012532184671146076
520	 LLH-1	0.0012532184671146076	0.0012532184671146076
521	 LLH-6	0.001251804548297627	0.001251804548297627
522	 LLH-5	0.001251482098307222	0.001251482098307222
523	 LLH-5	0.0012511564896608366	0.0012511564896608366
524	 LLH-5	0.0012525262997787018	0.0012525262997787018
525	 LLH-3	0.0013172974524892998	0.0012525262997787018
526	 LLH-3	0.0012539009878460828	0.0012539009878460828
527	 LLH-5	0.0012541367070824472	0.0012541367070824472
528	 LLH-3	0.0012886404519524542	0.0012886404519524542
529	 LLH-5	0.0012865785672268371	0.0012865785672268371
530	 LLH-2	0.0012934600327590318	0.0012934600327590318
531	 LLH-1	0.0012934600327590318	0.0012934600327590318
532	 LLH-3	0.001364790600051954	0.0012934600327590318
533	 LLH-0	0.0012947182662126904	0.0012947182662126904
534	 LLH-4	0.0012937163896381972	0.0012937163896381972
539	 LLH-3	0.0012676592587614755	0.0012676592587614755
540	 LLH-3	0.0013310171978134873	0.0012676592587614755
541	 LLH-6	0.0012685931581449985	0.0012685931581449985
542	 LLH-1	0.0012685931581449985	0.0012685931581449985
543	 LLH-6	0.0012690475290688522	0.0012690475290688522
544	 LLH-6	0.0012693875186818972	0.0012693875186818972
545	 LLH-2	0.0012612172558404428	0.0012612172558404428
546	 LLH-4	0.0012612172558404428	0.0012612172558404428
551	 LLH-3	0.0013147310705328794	0.0012612172558404428
552	 LLH-0	0.0012620441332883278	0.0012620441332883278
553	 LLH-0	0.0012610084621291178	0.0012610084621291178
554	 LLH-4	0.0012597833671331813	0.0012597833671331813
558	 LLH-4	0.0012597833671331813	0.0012597833671331813
563	 LLH-6	0.001259918144254731	0.001259918144254731
564	 LLH-6	0.0012604618546272397	0.0012604618546272397
565	 LLH-5	0.0012610531134780026	0.0012610531134780026
566	 LLH-4	0.0012601841728525189	0.0012601841728525189
571	 LLH-1	0.0012601841728525189	0.0012601841728525189
572	 LLH-0	0.0012610573388953886	0.0012610573388953886
573	 LLH-6	0.0012610197937359784	0.0012610197937359784
574	 LLH-4	0.0012610197937359784	0.0012610197937359784
579	 LLH-2	0.001276899227778601	0.001276899227778601
580	 LLH-4	0.0012760337289989205	0.0012760337289989205
582	 LLH-4	0.0012750255044521376	0.0012750255044521376
585	 LLH-1	0.0012750255044521376	0.0012750255044521376
586	 LLH-0	0.0012758576012794312	0.0012758576012794312
587	 LLH-4	0.0012750344110753727	0.0012750344110753727
589	 LLH-0	0.0012765869311546622	0.0012765869311546622
590	 LLH-0	0.0012775020491589332	0.0012765869311546622
591	 LLH-1	0.0012762697230368587	0.0012762697230368587
592	 LLH-3	0.0012676141919872002	0.0012676141919872002
593	 LLH-3	0.0012526757645215398	0.0012526757645215398
594	 LLH-1	0.0012526757645215398	0.0012526757645215398
595	 LLH-3	0.0012923653403836672	0.0012526757645215398
596	 LLH-1	0.0012526757645215398	0.0012526757645215398
597	 LLH-4	0.0012521951028424182	0.0012521951028424182
600	 LLH-6	0.0012513038031490363	0.0012513038031490363
601	 LLH-6	0.0012502061486905436	0.0012502061486905436
602	 LLH-2	0.0012546932495670628	0.0012502061486905436
603	 LLH-6	0.0012502099658859753	0.0012502099658859753
604	 LLH-5	0.0012504983082942955	0.0012504983082942955
605	 LLH-1	0.0012503016661034995	0.0012503016661034995
606	 LLH-1	0.0012503016661034995	0.0012503016661034995
607	 LLH-1	0.0012503016661034995	0.0012503016661034995
608	 LLH-0	0.0012510281123576988	0.0012510281123576988
609	 LLH-6	0.0012516012674077376	0.0012516012674077376
610	 LLH-0	0.0012521730590657355	0.0012521730590657355
611	 LLH-5	0.001251304276702046	0.001251304276702046
612	 LLH-4	0.001251304276702046	0.001251304276702046
617	 LLH-3	0.0012478062809829652	0.0012478062809829652
618	 LLH-5	0.0012474063537131828	0.0012474063537131828
619	 LLH-3	0.0012871201059558189	0.0012474063537131828
620	 LLH-2	0.0012515631721659603	0.0012515631721659603
621	 LLH-2	0.0012644210740542102	0.0012644210740542102
622	 LLH-5	0.0012644666877025465	0.0012644666877025465
623	 LLH-4	0.0012644666877025465	0.0012644666877025465
628	 LLH-6	0.0012656799803720063	0.0012644666877025465
629	 LLH-1	0.0012646242740725268	0.0012646242740725268
630	 LLH-1	0.0012646242740725268	0.0012646242740725268
631	 LLH-1	0.0012648069622611703	0.0012648069622611703
632	 LLH-0	0.0012642430487956717	0.0012642430487956717
633	 LLH-4	0.0012642430487956717	0.0012642430487956717
638	 LLH-6	0.001263953291109912	0.001263953291109912
639	 LLH-4	0.001263953291109912	0.001263953291109912
644	 LLH-4	0.001262973578952181	0.001262973578952181
646	 LLH-2	0.0012675026246156593	0.0012675026246156593
647	 LLH-3	0.001326941639802959	0.0012675026246156593
648	 LLH-5	0.001267521424679543	0.001267521424679543
649	 LLH-3	0.0013165804205457472	0.001267521424679543
650	 LLH-6	0.0012670960045410874	0.0012670960045410874
651	 LLH-5	0.001267834459102944	0.001267834459102944
652	 LLH-4	0.001267834459102944	0.001267834459102944
657	 LLH-6	0.0012683747985153123	0.0012683747985153123
658	 LLH-2	0.0012608214804405826	0.0012608214804405826
659	 LLH-1	0.0012608214804405826	0.0012608214804405826
660	 LLH-2	0.001273612536887738	0.0012608214804405826
661	 LLH-1	0.0012608214804405826	0.0012608214804405826
662	 LLH-0	0.001261727157173808	0.001261727157173808
663	 LLH-4	0.0012609941570597839	0.0012609941570597839
668	 LLH-2	0.0012773438218340986	0.0012609941570597839
669	 LLH-6	0.00126163812894718	0.00126163812894718
670	 LLH-5	0.0012600567367524419	0.0012600567367524419
671	 LLH-0	0.0012593491560728403	0.0012593491560728403
672	 LLH-5	0.0012577139948557864	0.0012577139948557864
673	 LLH-1	0.0012579035823531946	0.0012579035823531946
674	 LLH-5	0.0012580276333692575	0.0012580276333692575
675	 LLH-0	0.0012573000104390253	0.0012573000104390253
676	 LLH-4	0.0012565985781820901	0.0012565985781820901
678	 LLH-0	0.001257436912586126	0.0012565985781820901
679	 LLH-2	0.0012761792954331694	0.0012565985781820901
680	 LLH-0	0.0012573000104390253	0.0012573000104390253
681	 LLH-5	0.0012574760262746636	0.0012574760262746636
682	 LLH-4	0.0012567270011216896	0.0012567270011216896
684	 LLH-1	0.0012568656302543524	0.0012568656302543524
685	 LLH-5	0.0012574894507741611	0.0012574894507741611
686	 LLH-2	0.0012818521318168615	0.0012818521318168615
687	 LLH-2	0.0012732110573621957	0.0012732110573621957
688	 LLH-2	0.0012891576964652366	0.0012732110573621957
689	 LLH-6	0.001272245892209562	0.001272245892209562
690	 LLH-5	0.0012720576278961746	0.0012720576278961746
691	 LLH-1	0.0012721928965416423	0.0012721928965416423
692	 LLH-5	0.0012717391143924949	0.0012717391143924949
693	 LLH-1	0.0012717391143924949	0.0012717391143924949
694	 LLH-3	0.0013315217171516586	0.0012717391143924949
695	 LLH-6	0.0012709665467799404	0.0012709665467799404
696	 LLH-6	0.001271630058941641	0.001271630058941641
697	 LLH-5	0.0012723692903849454	0.0012723692903849454
698	 LLH-4	0.0012713684375099486	0.0012713684375099486
700	 LLH-2	0.00127745948166504	0.00127745948166504
701	 LLH-0	0.001278445726577168	0.001278445726577168
702	 LLH-3	0.001256353631192387	0.001256353631192387
703	 LLH-3	0.0013219242738765364	0.001256353631192387
704	 LLH-5	0.0012553866910044692	0.0012553866910044692
705	 LLH-3	0.001297552974764015	0.0012553866910044692
706	 LLH-0	0.0012560652190752326	0.0012560652190752326
707	 LLH-6	0.0012559457450389156	0.0012559457450389156
708	 LLH-6	0.0012558103395939055	0.0012558103395939055
709	 LLH-5	0.0012550478073129873	0.0012550478073129873
710	 LLH-0	0.0012543227441002428	0.0012543227441002428
711	 LLH-1	0.0012545062738656804	0.0012545062738656804
712	 LLH-5	0.001254645063837528	0.001254645063837528
713	 LLH-0	0.0012538045944828202	0.0012538045944828202
714	 LLH-2	0.0012723336192325056	0.0012723336192325056
715	 LLH-4	0.0012545489238849907	0.0012545489238849907
717	 LLH-3	0.001258401744743117	0.001258401744743117
718	 LLH-3	0.0012822200912159304	0.001258401744743117
719	 LLH-0	0.0012578539726548323	0.0012578539726548323
720	 LLH-1	0.0012578539726548323	0.0012578539726548323
721	 LLH-4	0.0012578539726548323	0.0012578539726548323
726	 LLH-6	0.001258057140059045	0.001258057140059045
727	 LLH-6	0.0012579365319597855	0.0012579365319597855
728	 LLH-4	0.0012574365157474968	0.0012574365157474968
730	 LLH-6	0.0012566487528353348	0.0012566487528353348
731	 LLH-5	0.0012567306986498454	0.0012567306986498454
732	 LLH-5	0.0012571014728173138	0.0012567306986498454
733	 LLH-4	0.0012561251465722759	0.0012561251465722759
737	 LLH-5	0.0012567040980438267	0.0012567040980438267
738	 LLH-3	0.0012532565098292265	0.0012532565098292265
739	 LLH-0	0.0012538669566020601	0.0012532565098292265
740	 LLH-3	0.0012750611137802997	0.0012532565098292265
741	 LLH-3	0.0012443372589288331	0.0012443372589288331
742	 LLH-2	0.001252718820427762	0.001252718820427762
743	 LLH-2	0.0012610150321916331	0.001252718820427762
744	 LLH-1	0.001252457327279919	0.001252457327279919
745	 LLH-5	0.0012524923740219402	0.0012524923740219402
746	 LLH-4	0.0012518881212501961	0.0012518881212501961
751	 LLH-4	0.0012518881212501961	0.0012518881212501961
756	 LLH-3	0.001295046536281237	0.0012518881212501961
757	 LLH-6	0.0012529393263847974	0.0012529393263847974
758	 LLH-5	0.0012521779555463666	0.0012521779555463666
759	 LLH-2	0.001250531638888872	0.001250531638888872
760	 LLH-2	0.001266413955247407	0.001250531638888872
761	 LLH-2	0.0012729375872041187	0.001250531638888872
762	 LLH-1	0.0012506043761936374	0.0012506043761936374
763	 LLH-1	0.0012506043761936374	0.0012506043761936374
764	 LLH-3	0.001315647555489009	0.0012506043761936374
765	 LLH-5	0.0012504584943103091	0.0012504584943103091
766	 LLH-6	0.0012510999650870572	0.0012510999650870572
767	 LLH-5	0.0012509260882510851	0.0012509260882510851
768	 LLH-0	0.0012516181817780645	0.0012516181817780645
769	 LLH-5	0.0012511823589323881	0.0012511823589323881
770	 LLH-4	0.0012511823589323881	0.0012511823589323881
775	 LLH-3	0.0013176374762982625	0.0012511823589323881
776	 LLH-0	0.0012517515607673947	0.0012517515607673947
777	 LLH-5	0.0012534839942700542	0.0012534839942700542
778	 LLH-4	0.0012525976466933703	0.0012525976466933703
780	 LLH-3	0.0012528531737900318	0.0012528531737900318
781	 LLH-5	0.0012526877888081988	0.0012526877888081988
782	 LLH-0	0.0012534427875891812	0.0012534427875891812
783	 LLH-2	0.001256318237720059	0.001256318237720059
784	 LLH-1	0.001255966789060708	0.001255966789060708
785	 LLH-0	0.001256681201286727	0.001256681201286727
786	 LLH-4	0.0012559750440679762	0.0012559750440679762
789	 LLH-0	0.001254858574094781	0.001254858574094781
790	 LLH-4	0.001254858574094781	0.001254858574094781
795	 LLH-2	0.0012701489573830398	0.001254858574094781
796	 LLH-1	0.001254858574094781	0.001254858574094781
797	 LLH-0	0.0012556207942435546	0.0012556207942435546
798	 LLH-2	0.001258506507557353	0.001258506507557353
799	 LLH-2	0.0012688236781477603	0.001258506507557353
800	 LLH-0	0.0012595360035485815	0.0012595360035485815
801	 LLH-3	0.0012522563537608932	0.0012522563537608932
802	 LLH-2	0.0012662360457659796	0.0012522563537608932
803	 LLH-3	0.0013059845445700905	0.0012522563537608932
804	 LLH-3	0.0013031436739078135	0.0012522563537608932
805	 LLH-2	0.0012596969259627653	0.0012596969259627653
806	 LLH-0	0.0012606807801124095	0.0012606807801124095
807	 LLH-6	0.001260780328903765	0.001260780328903765
808	 LLH-4	0.0012600741586800376	0.0012600741586800376
810	 LLH-4	0.0012600741586800376	0.0012600741586800376
815	 LLH-6	0.001259337540120985	0.001259337540120985
816	 LLH-5	0.0012599583919797855	0.001259337540120985
817	 LLH-3	0.0012550736319927379	0.0012550736319927379
818	 LLH-4	0.0012542414335548302	0.0012542414335548302
821	 LLH-3	0.001282749719185608	0.0012542414335548302
822	 LLH-5	0.0012546096806528891	0.0012546096806528891
823	 LLH-4	0.0012537142677683847	0.0012537142677683847
825	 LLH-6	0.0012537503851816519	0.0012537503851816519
826	 LLH-4	0.0012531249744715696	0.0012531249744715696
829	 LLH-6	0.0012528486220647359	0.0012528486220647359
830	 LLH-3	0.0012524374014486058	0.0012524374014486058
831	 LLH-4	0.0012524374014486058	0.0012524374014486058
836	 LLH-5	0.0012524374014486058	0.0012524374014486058
837	 LLH-1	0.0012524374014486058	0.0012524374014486058
838	 LLH-1	0.0012524604685717746	0.0012524604685717746
839	 LLH-5	0.0012525646128594655	0.0012525646128594655
840	 LLH-2	0.0012482357853156397	0.0012482357853156397
841	 LLH-5	0.0012485443691729937	0.0012485443691729937
842	 LLH-5	0.001249542326956982	0.0012485443691729937
843	 LLH-6	0.0012486330272703122	0.0012486330272703122
844	 LLH-6	0.0012484429294038375	0.0012484429294038375
845	 LLH-3	0.0012991542488779658	0.0012484429294038375
846	 LLH-1	0.0012484429294038375	0.0012484429294038375
847	 LLH-1	0.0012484429294038375	0.0012484429294038375
848	 LLH-3	0.0012545728930077043	0.0012484429294038375
849	 LLH-3	0.0012858795760660804	0.0012484429294038375
850	 LLH-6	0.001248586863868314	0.0012484429294038375
851	 LLH-2	0.0012515452334974386	0.0012515452334974386
852	 LLH-0	0.0012523093535026651	0.0012523093535026651
853	 LLH-2	0.001263240122362827	0.0012523093535026651
854	 LLH-4	0.0012523093535026651	0.0012523093535026651
859	 LLH-0	0.001252930417063263	0.001252930417063263
860	 LLH-5	0.0012526004238133787	0.0012526004238133787
861	 LLH-1	0.0012526004238133787	0.0012526004238133787
862	 LLH-5	0.0012525645702640914	0.0012525645702640914
863	 LLH-3	0.0013140661634024925	0.0012525645702640914
864	 LLH-4	0.0012520063085867594	0.0012520063085867594
866	 LLH-1	0.0012517904384608625	0.0012517904384608625
867	 LLH-4	0.0012510212548273705	0.0012510212548273705
869	 LLH-2	0.0012641867821918768	0.0012510212548273705
870	 LLH-0	0.0012516302595638774	0.0012510212548273705
871	 LLH-2	0.0012599472390235104	0.0012510212548273705
872	 LLH-2	0.0012588343551266318	0.0012510212548273705
873	 LLH-1	0.0012510212548273705	0.0012510212548273705
874	 LLH-2	0.0012614979565389265	0.0012510212548273705
875	 LLH-5	0.001251882464580216	0.001251882464580216
876	 LLH-3	0.001251104097712964	0.001251104097712964
877	 LLH-0	0.0012504952227344948	0.0012504952227344948
878	 LLH-3	0.0012506303354111326	0.0012506303354111326
879	 LLH-4	0.0012501239431011502	0.0012501239431011502
881	 LLH-0	0.0012505425265934408	0.0012505425265934408
882	 LLH-2	0.0012617011609079587	0.0012505425265934408
883	 LLH-4	0.0012499895081409678	0.0012499895081409678
888	 LLH-0	0.001250457092074591	0.001250457092074591
889	 LLH-0	0.0012508908990029471	0.001250457092074591
890	 LLH-2	0.0012623476223408625	0.001250457092074591
891	 LLH-4	0.0012499830006603074	0.0012499830006603074
895	 LLH-1	0.0012499830006603074	0.0012499830006603074
896	 LLH-4	0.0012495142172090628	0.0012495142172090628
900	 LLH-3	0.0012901448901940678	0.0012495142172090628
901	 LLH-3	0.0012871318109662381	0.0012495142172090628
902	 LLH-1	0.0012495142172090628	0.0012495142172090628
903	 LLH-3	0.0012868550026735048	0.0012495142172090628
904	 LLH-1	0.0012495142172090628	0.0012495142172090628
905	 LLH-3	0.001277169299597991	0.0012495142172090628
906	 LLH-6	0.0012504131927082377	0.0012495142172090628
907	 LLH-0	0.0012499888145267007	0.0012499888145267007
908	 LLH-6	0.0012498807572151399	0.0012498807572151399
909	 LLH-0	0.0012503114243556915	0.0012503114243556915
910	 LLH-0	0.0012497915225313757	0.0012497915225313757
911	 LLH-4	0.0012491868507952533	0.0012491868507952533
916	 LLH-5	0.0012489773018225215	0.0012489773018225215
917	 LLH-5	0.0012490224355916832	0.0012490224355916832
918	 LLH-3	0.0012802862598431434	0.0012490224355916832
919	 LLH-1	0.0012490224355916832	0.0012490224355916832
920	 LLH-5	0.001248959375602456	0.001248959375602456
921	 LLH-1	0.001248959375602456	0.001248959375602456
922	 LLH-6	0.0012499442341217545	0.0012499442341217545
923	 LLH-3	0.0012524755428407449	0.0012499442341217545
924	 LLH-5	0.001249652213926039	0.001249652213926039
925	 LLH-3	0.0012775443511494297	0.001249652213926039
926	 LLH-5	0.0012496874771516086	0.0012496874771516086
927	 LLH-0	0.0012506761224438468	0.0012506761224438468
928	 LLH-4	0.0012506761224438468	0.0012506761224438468
933	 LLH-6	0.0012504202327535438	0.0012504202327535438
934	 LLH-0	0.001250897969435028	0.001250897969435028
935	 LLH-3	0.0012536284815519872	0.001250897969435028
936	 LLH-2	0.0012540778377602363	0.001250897969435028
937	 LLH-4	0.0012503757679431652	0.0012503757679431652
941	 LLH-5	0.001249715635909578	0.001249715635909578
942	 LLH-1	0.001249715635909578	0.001249715635909578
943	 LLH-1	0.001249715635909578	0.001249715635909578
944	 LLH-6	0.0012498140430413968	0.0012498140430413968
945	 LLH-0	0.0012507102806729284	0.0012498140430413968
946	 LLH-3	0.0012738161027373994	0.0012498140430413968
947	 LLH-1	0.001249246382766302	0.001249246382766302
948	 LLH-5	0.0012496873271486482	0.0012496873271486482
949	 LLH-1	0.0012496873271486482	0.0012496873271486482
950	 LLH-2	0.001255136378007313	0.0012496873271486482
951	 LLH-3	0.001251843814844401	0.0012496873271486482
952	 LLH-3	0.0012791802120048338	0.0012496873271486482
953	 LLH-6	0.001249381359456859	0.001249381359456859
954	 LLH-3	0.0012520395443245107	0.001249381359456859
955	 LLH-0	0.0012499356258448124	0.0012499356258448124
956	 LLH-4	0.0012499356258448124	0.0012499356258448124
961	 LLH-5	0.0012498352821553632	0.0012498352821553632
962	 LLH-6	0.0012499102976847622	0.0012499102976847622
963	 LLH-2	0.0012622188727477806	0.0012499102976847622
964	 LLH-3	0.0012528143773903266	0.0012528143773903266
965	 LLH-6	0.0012528859084199502	0.0012528859084199502
966	 LLH-4	0.0012528859084199502	0.0012528859084199502
971	 LLH-3	0.0012440537546613917	0.0012440537546613917
972	 LLH-2	0.0012548353241360701	0.0012440537546613917
973	 LLH-4	0.0012440537546613917	0.0012440537546613917
978	 LLH-6	0.00124416308638782	0.00124416308638782
979	 LLH-3	0.0012724298875684415	0.00124416308638782
980	 LLH-1	0.00124416308638782	0.00124416308638782
981	 LLH-5	0.00124416308638782	0.00124416308638782
982	 LLH-1	0.00124416308638782	0.00124416308638782
983	 LLH-2	0.0012462123102801761	0.00124416308638782
984	 LLH-6	0.0012439584823540906	0.0012439584823540906
985	 LLH-6	0.0012439470595731533	0.0012439470595731533
986	 LLH-6	0.0012435890545311507	0.0012435890545311507
987	 LLH-4	0.0012429674470287016	0.0012429674470287016
991	 LLH-2	0.0012540531683606453	0.0012429674470287016
992	 LLH-1	0.0012429674470287016	0.0012429674470287016
993	 LLH-6	0.001242281610532562	0.001242281610532562
994	 LLH-4	0.001242281610532562	0.001242281610532562
999	 LLH-4	0.001242281610532562	0.001242281610532562
1004	 LLH-0	0.001242658253741413	0.001242281610532562
1005	 LLH-2	0.0012461978503280028	0.001242281610532562
1006	 LLH-0	0.001242653593532041	0.001242653593532041
1007	 LLH-6	0.0012429907471613543	0.001242653593532041
1008	 LLH-3	0.0012533692608427394	0.001242653593532041
1009	 LLH-3	0.0012531399199002518	0.001242653593532041
1010	 LLH-5	0.0012433303412084378	0.001242653593532041
1011	 LLH-0	0.0012430554282311364	0.0012430554282311364
1012	 LLH-4	0.0012430554282311364	0.0012430554282311364
1017	 LLH-4	0.0012430554282311364	0.0012430554282311364
1022	 LLH-3	0.0012752481603127003	0.0012430554282311364
1023	 LLH-1	0.0012430554282311364	0.0012430554282311364
1024	 LLH-1	0.001243082682146912	0.001243082682146912
1025	 LLH-3	0.001249980819063906	0.001243082682146912
1026	 LLH-3	0.0012512103202567215	0.001243082682146912
1027	 LLH-6	0.0012439382686938495	0.0012439382686938495
1028	 LLH-1	0.0012439382686938495	0.0012439382686938495
1029	 LLH-4	0.0012439382686938495	0.0012439382686938495
1034	 LLH-0	0.0012443125171328025	0.0012443125171328025
1035	 LLH-2	0.0012461342333920206	0.0012443125171328025
1036	 LLH-1	0.0012443125171328025	0.0012443125171328025
1037	 LLH-3	0.001263302164991666	0.0012443125171328025
1038	 LLH-3	0.001265779979050906	0.0012443125171328025
1039	 LLH-5	0.0012442969982150698	0.0012442969982150698
1040	 LLH-1	0.0012442969982150698	0.0012442969982150698
1041	 LLH-3	0.0012677262117001312	0.0012442969982150698
1042	 LLH-5	0.0012444947978574588	0.0012444947978574588
1043	 LLH-5	0.0012448510021805146	0.0012448510021805146
1044	 LLH-1	0.0012448510021805146	0.0012448510021805146
1045	 LLH-3	0.0012677502402171643	0.0012448510021805146
1046	 LLH-3	0.0012546580971865306	0.0012448510021805146
1047	 LLH-4	0.0012448510021805146	0.0012448510021805146
1052	 LLH-3	0.0012616364718809905	0.0012448510021805146
1053	 LLH-0	0.0012452697379443673	0.0012448510021805146
1054	 LLH-3	0.0012707044085693384	0.0012448510021805146
1055	 LLH-6	0.0012453530238194265	0.0012453530238194265
1056	 LLH-4	0.001244902398922434	0.001244902398922434
1060	 LLH-6	0.0012449631097188791	0.001244902398922434
1061	 LLH-6	0.0012444632227316252	0.0012444632227316252
1062	 LLH-1	0.0012444632227316252	0.0012444632227316252
1063	 LLH-1	0.0012444632227316252	0.0012444632227316252
1064	 LLH-4	0.0012444632227316252	0.0012444632227316252
1069	 LLH-2	0.0012440402687910882	0.0012440402687910882
1070	 LLH-2	0.001249731481849065	0.0012440402687910882
1071	 LLH-2	0.0012488337110136832	0.0012440402687910882
1072	 LLH-5	0.001244027668393226	0.001244027668393226
1073	 LLH-4	0.001244027668393226	0.001244027668393226
1078	 LLH-4	0.001244027668393226	0.001244027668393226
1083	 LLH-5	0.0012439111546521922	0.0012439111546521922
1084	 LLH-3	0.001284628728689678	0.0012439111546521922
1085	 LLH-2	0.0012525172330140198	0.0012439111546521922
1086	 LLH-0	0.0012443649098665083	0.0012443649098665083
1087	 LLH-0	0.0012435377505386263	0.0012435377505386263
1088	 LLH-1	0.0012435377505386263	0.0012435377505386263
1089	 LLH-5	0.0012441610120687003	0.0012435377505386263
1090	 LLH-3	0.0012427313739737155	0.0012427313739737155
1091	 LLH-0	0.0012432167498958539	0.0012427313739737155
1092	 LLH-2	0.001253908730908517	0.0012427313739737155
1093	 LLH-2	0.0012564782876475884	0.0012427313739737155
1094	 LLH-3	0.0012719196000000599	0.0012427313739737155
1095	 LLH-6	0.001243601251161764	0.0012427313739737155
1096	 LLH-5	0.0012427338368197296	0.0012427338368197296
1097	 LLH-5	0.0012428237220745032	0.0012428237220745032
1098	 LLH-1	0.0012428237220745032	0.0012428237220745032
1099	 LLH-6	0.0012431784237674573	0.0012428237220745032
1100	 LLH-3	0.001282484681967778	0.0012428237220745032
1101	 LLH-6	0.0012435476611539387	0.0012435476611539387
1102	 LLH-5	0.0012436099976048133	0.0012436099976048133
1103	 LLH-5	0.0012446226633931136	0.0012446226633931136
1104	 LLH-0	0.0012591975027562044	0.0012446226633931136
1105	 LLH-5	0.0012440990239601403	0.0012440990239601403
1106	 LLH-6	0.001243688427352159	0.001243688427352159
1107	 LLH-1	0.001243688427352159	0.001243688427352159
1108	 LLH-3	0.0012482397444017574	0.001243688427352159
1109	 LLH-5	0.0012435804195496082	0.0012435804195496082
1110	 LLH-0	0.0012440113421981142	0.0012440113421981142
1111	 LLH-2	0.0012618697962726918	0.0012440113421981142
1112	 LLH-0	0.0012447305853063733	0.0012447305853063733
1113	 LLH-2	0.0012513225211615356	0.0012447305853063733
1114	 LLH-5	0.0012449162567950572	0.0012447305853063733
1115	 LLH-4	0.0012443211821356914	0.0012443211821356914
1118	 LLH-6	0.0012432490413561634	0.0012432490413561634
1119	 LLH-4	0.0012432490413561634	0.0012432490413561634
1124	 LLH-4	0.0012432490413561634	0.0012432490413561634
1129	 LLH-6	0.0012428772920747505	0.0012428772920747505
1130	 LLH-2	0.0012560795995460409	0.0012428772920747505
1131	 LLH-6	0.0012428369650088029	0.0012428369650088029
1132	 LLH-2	0.0012546533409271644	0.0012428369650088029
1133	 LLH-0	0.001243238017280478	0.001243238017280478
1134	 LLH-2	0.001252508776517905	0.001243238017280478
1135	 LLH-1	0.001243238017280478	0.001243238017280478
1136	 LLH-5	0.0012432891600257596	0.0012432891600257596
1137	 LLH-4	0.0012432891600257596	0.0012432891600257596
1142	 LLH-3	0.0012860286276308792	0.0012432891600257596
1143	 LLH-5	0.001243513028592203	0.001243513028592203
1144	 LLH-4	0.001243513028592203	0.001243513028592203
1149	 LLH-6	0.00124335122246795	0.00124335122246795
1150	 LLH-0	0.0012439496360149098	0.0012439496360149098
1151	 LLH-6	0.0012451024148302302	0.0012439496360149098
1152	 LLH-2	0.0012488540117899167	0.0012439496360149098
1153	 LLH-3	0.001287034247621807	0.0012439496360149098
1154	 LLH-6	0.0012439742587641621	0.0012439742587641621
1155	 LLH-2	0.0012441809080617663	0.0012441809080617663
1156	 LLH-4	0.0012441809080617663	0.0012441809080617663
1161	 LLH-1	0.0012441809080617663	0.0012441809080617663
1162	 LLH-6	0.001244810276491922	0.0012441809080617663
1163	 LLH-0	0.0012449301409053653	0.0012449301409053653
1164	 LLH-5	0.0012454868296320639	0.0012449301409053653
1165	 LLH-1	0.0012446658531254104	0.0012446658531254104
1166	 LLH-6	0.0012449833076832206	0.0012449833076832206
1167	 LLH-2	0.0012535955578764687	0.0012449833076832206
1168	 LLH-3	0.0013019023129918227	0.0012449833076832206
1169	 LLH-2	0.0012518007844142833	0.0012449833076832206
1170	 LLH-5	0.0012448206195142784	0.0012448206195142784
1171	 LLH-3	0.0012529353730935705	0.0012448206195142784
1172	 LLH-4	0.0012442570045529953	0.0012442570045529953
1174	 LLH-2	0.001254729901788011	0.0012442570045529953
1175	 LLH-4	0.0012442570045529953	0.0012442570045529953
1180	 LLH-4	0.0012442570045529953	0.0012442570045529953
1185	 LLH-6	0.0012445522023126702	0.0012445522023126702
1186	 LLH-4	0.0012445522023126702	0.0012445522023126702
1191	 LLH-6	0.0012455122877475704	0.0012445522023126702
1192	 LLH-0	0.0012451338575474645	0.0012451338575474645
1193	 LLH-2	0.001253705118715239	0.0012451338575474645
1194	 LLH-3	0.0013041629789474127	0.0012451338575474645
1195	 LLH-1	0.0012445147025575923	0.0012445147025575923
1196	 LLH-3	0.0013016038077579997	0.0012445147025575923
1197	 LLH-3	0.0013039650926866726	0.0012445147025575923
1198	 LLH-0	0.0012451106374007587	0.0012451106374007587
1199	 LLH-2	0.0012595367260114564	0.0012451106374007587
1200	 LLH-5	0.0012453264673346455	0.0012453264673346455
1201	 LLH-3	0.0012532710430688415	0.0012453264673346455
1202	 LLH-0	0.0012444080584216844	0.0012444080584216844
1203	 LLH-0	0.0012450160782854155	0.0012450160782854155
1204	 LLH-4	0.0012450160782854155	0.0012450160782854155
1209	 LLH-4	0.0012450160782854155	0.0012450160782854155
1214	 LLH-6	0.0012445112992143174	0.0012445112992143174
1215	 LLH-3	0.0012568490772146119	0.0012445112992143174
1216	 LLH-3	0.0012940330353851013	0.0012445112992143174
1217	 LLH-5	0.0012443195728634097	0.0012443195728634097
1218	 LLH-3	0.0013023543305726562	0.0012443195728634097
1219	 LLH-3	0.0012954376758889934	0.0012443195728634097
1220	 LLH-4	0.0012436117384262814	0.0012436117384262814
1225	 LLH-3	0.0012573664998187743	0.0012436117384262814
1226	 LLH-1	0.0012436416583770594	0.0012436416583770594
1227	 LLH-5	0.001243982758278291	0.0012436416583770594
1228	 LLH-6	0.0012435821344504163	0.0012435821344504163
1229	 LLH-3	0.0012881906448559924	0.0012435821344504163
1230	 LLH-5	0.0012433395023270322	0.0012433395023270322
1231	 LLH-5	0.0012433395023270322	0.0012433395023270322
1232	 LLH-3	0.0012537513464247313	0.0012433395023270322
1233	 LLH-5	0.0012435066789073222	0.0012433395023270322
1234	 LLH-4	0.001242820051958298	0.001242820051958298
1238	 LLH-5	0.001243045716634434	0.001243045716634434
1239	 LLH-4	0.001243045716634434	0.001243045716634434
1244	 LLH-6	0.0012440743070627701	0.001243045716634434
1245	 LLH-6	0.0012421627871226117	0.0012421627871226117
1246	 LLH-2	0.0012512777182585972	0.0012421627871226117
1247	 LLH-6	0.0012439499813161328	0.0012421627871226117
1248	 LLH-0	0.0012426766646463502	0.0012421627871226117
1249	 LLH-3	0.0012529805358588602	0.0012421627871226117
1250	 LLH-6	0.0012433697872550366	0.0012421627871226117
1251	 LLH-2	0.001256918829609048	0.0012421627871226117
1252	 LLH-4	0.0012421627871226117	0.0012421627871226117
1257	 LLH-2	0.001245330058488658	0.0012421627871226117
1258	 LLH-6	0.0012429124468053706	0.0012429124468053706
1259	 LLH-2	0.0012566455414530725	0.0012429124468053706
1260	 LLH-6	0.0012425991226934039	0.0012425991226934039
1261	 LLH-3	0.0012552147076836662	0.0012425991226934039
1262	 LLH-1	0.0012425991226934039	0.0012425991226934039
1263	 LLH-2	0.001250662803502406	0.0012425991226934039
1264	 LLH-0	0.0012587901886591348	0.0012425991226934039
1265	 LLH-0	0.0012430705184451065	0.0012425991226934039
1266	 LLH-3	0.001304046154870306	0.0012425991226934039
1267	 LLH-1	0.0012425991226934039	0.0012425991226934039
1268	 LLH-2	0.001252953814429412	0.0012425991226934039
1269	 LLH-0	0.0012585902148480078	0.0012425991226934039
1270	 LLH-3	0.0012514583032663985	0.0012425991226934039
1271	 LLH-4	0.0012425991226934039	0.0012425991226934039
1276	 LLH-0	0.0012431917614832435	0.0012425991226934039
1277	 LLH-2	0.0012541153301234614	0.0012425991226934039
1278	 LLH-6	0.001244776666258427	0.0012425991226934039
1279	 LLH-1	0.001242637265481024	0.001242637265481024
1280	 LLH-2	0.0012634006873799644	0.001242637265481024
1281	 LLH-2	0.001263210031053571	0.001242637265481024
1282	 LLH-1	0.001242637265481024	0.001242637265481024
1283	 LLH-0	0.0012433057898312255	0.001242637265481024
1284	 LLH-6	0.0012436699116011377	0.001242637265481024
1285	 LLH-4	0.001242637265481024	0.001242637265481024
1290	 LLH-1	0.001242637265481024	0.001242637265481024
1291	 LLH-0	0.0012586305780703706	0.001242637265481024
1292	 LLH-4	0.001242637265481024	0.001242637265481024
1297	 LLH-5	0.0012424723921869748	0.0012424723921869748
1298	 LLH-6	0.0012428498549381228	0.0012424723921869748
1299	 LLH-3	0.0012524047155941297	0.0012424723921869748
1300	 LLH-2	0.0012472585915141816	0.0012424723921869748
1301	 LLH-0	0.001242965807762266	0.0012424723921869748
1302	 LLH-6	0.0012425541955346806	0.0012425541955346806
1303	 LLH-0	0.0012587551157847094	0.0012425541955346806
1304	 LLH-5	0.0012435535199291452	0.0012425541955346806
1305	 LLH-0	0.0012429934628605498	0.0012429934628605498
1306	 LLH-1	0.001243066983732342	0.001243066983732342
1307	 LLH-0	0.001243716061111531	0.001243066983732342
1308	 LLH-6	0.0012437815860937326	0.001243066983732342
1309	 LLH-5	0.0012434710808087931	0.0012434710808087931
1310	 LLH-1	0.0012434923852547419	0.0012434923852547419
1311	 LLH-1	0.0012435007933548458	0.0012435007933548458
1312	 LLH-4	0.0012429326128271516	0.0012429326128271516
1314	 LLH-5	0.0012429651606643594	0.0012429326128271516
1315	 LLH-4	0.0012429326128271516	0.0012429326128271516
1320	 LLH-6	0.0012428436215584755	0.0012428436215584755
1321	 LLH-4	0.0012428436215584755	0.0012428436215584755
1326	 LLH-4	0.0012428436215584755	0.0012428436215584755
1331	 LLH-0	0.0012433704283276517	0.0012428436215584755
1332	 LLH-6	0.001243641585073459	0.0012428436215584755
1333	 LLH-3	0.0012490223440994794	0.0012428436215584755
1334	 LLH-1	0.0012428436215584755	0.0012428436215584755
1335	 LLH-6	0.0012442683214193928	0.0012428436215584755
1336	 LLH-3	0.0012534410650453123	0.0012428436215584755
1337	 LLH-4	0.0012428436215584755	0.0012428436215584755
1342	 LLH-5	0.0012430523740110625	0.0012430523740110625
1343	 LLH-3	0.0012920331946626633	0.0012430523740110625
1344	 LLH-0	0.001243546968145827	0.0012430523740110625
1345	 LLH-1	0.0012430523740110625	0.0012430523740110625
1346	 LLH-3	0.0012848759869634211	0.0012430523740110625
1347	 LLH-0	0.0012592353739774719	0.0012430523740110625
1348	 LLH-6	0.0012438851939930932	0.0012430523740110625
1349	 LLH-3	0.001296167482468939	0.0012430523740110625
1350	 LLH-6	0.0012427985437248451	0.0012427985437248451
1351	 LLH-5	0.0012432742950629046	0.0012432742950629046
1352	 LLH-5	0.0012432708616990414	0.0012432708616990414
1353	 LLH-3	0.001247690464746872	0.0012432708616990414
1354	 LLH-3	0.0013224012417502081	0.0012432708616990414
1355	 LLH-6	0.0012431455241236624	0.0012431455241236624
1356	 LLH-5	0.0012426673425805948	0.0012426673425805948
1357	 LLH-1	0.0012428315988690728	0.0012426673425805948
1358	 LLH-1	0.0012426673425805948	0.0012426673425805948
1359	 LLH-2	0.0012484621570178337	0.0012426673425805948
1360	 LLH-5	0.001244009042407175	0.0012426673425805948
1361	 LLH-1	0.0012426677101455455	0.0012426677101455455
1362	 LLH-1	0.0012426677101455455	0.0012426677101455455
1363	 LLH-2	0.0012600236737802457	0.0012426677101455455
1364	 LLH-6	0.0012425819032425834	0.0012425819032425834
1365	 LLH-1	0.0012425819032425834	0.0012425819032425834
1366	 LLH-1	0.001242368054425876	0.001242368054425876
1367	 LLH-6	0.001242362618123694	0.001242362618123694
1368	 LLH-3	0.0012528055293018578	0.001242362618123694
1369	 LLH-0	0.0012430011641233864	0.001242362618123694
1370	 LLH-3	0.0012555897649531847	0.001242362618123694
1371	 LLH-2	0.001263342692550124	0.001242362618123694
1372	 LLH-2	0.001253314064970919	0.001242362618123694
1373	 LLH-1	0.0012424958757629992	0.001242362618123694
1374	 LLH-2	0.0012621786066343964	0.001242362618123694
1375	 LLH-3	0.001291561695649272	0.001242362618123694
1376	 LLH-5	0.0012429583595046888	0.001242362618123694
1377	 LLH-2	0.00124891184415069	0.001242362618123694
1378	 LLH-5	0.0012430756001995352	0.001242362618123694
1379	 LLH-3	0.0012519806381840227	0.001242362618123694
1380	 LLH-0	0.0012432280791021117	0.001242362618123694
1381	 LLH-2	0.001266867063577623	0.001242362618123694
1382	 LLH-0	0.0012429307266256205	0.001242362618123694
1383	 LLH-5	0.0012427714289367864	0.001242362618123694
1384	 LLH-2	0.001251524807511031	0.001242362618123694
1385	 LLH-5	0.0012423901447980493	0.0012423901447980493
1386	 LLH-6	0.0012434058211164317	0.0012423901447980493
1387	 LLH-0	0.001243385631278973	0.0012423901447980493
1388	 LLH-0	0.001243182350202236	0.0012423901447980493
1389	 LLH-0	0.0012431326865759119	0.0012423901447980493
1390	 LLH-3	0.001256012217248475	0.0012423901447980493
1391	 LLH-2	0.0012505907335044614	0.0012423901447980493
1392	 LLH-2	0.0012513134938358242	0.0012423901447980493
1393	 LLH-5	0.0012421797696451785	0.0012421797696451785
1394	 LLH-3	0.0012514735229015616	0.0012421797696451785
1395	 LLH-6	0.0012416875123309318	0.0012416875123309318
1396	 LLH-5	0.0012422124567470411	0.0012416875123309318
1397	 LLH-2	0.0012501784473306508	0.0012416875123309318
1398	 LLH-3	0.0012965882613977919	0.0012416875123309318
1399	 LLH-0	0.0012575772394731823	0.0012416875123309318
1400	 LLH-0	0.0012422338915221204	0.0012416875123309318
1401	 LLH-2	0.0012574407230798198	0.0012416875123309318
1402	 LLH-6	0.0012416622782955857	0.0012416622782955857
1403	 LLH-4	0.0012416622782955857	0.0012416622782955857
1408	 LLH-5	0.0012427280531286384	0.0012416622782955857
1409	 LLH-2	0.0012539801886873702	0.0012416622782955857
1410	 LLH-0	0.0012425669124238518	0.0012416622782955857
1411	 LLH-1	0.0012416622782955857	0.0012416622782955857
1412	 LLH-0	0.0012423081530814092	0.0012416622782955857
1413	 LLH-2	0.0012620980935007858	0.0012416622782955857
1414	 LLH-1	0.0012416622782955857	0.0012416622782955857
1415	 LLH-6	0.001241264633189044	0.001241264633189044
1416	 LLH-6	0.0012420775295953024	0.001241264633189044
1417	 LLH-0	0.001241757995610365	0.001241264633189044
1418	 LLH-2	0.0012611055317536535	0.001241264633189044
1419	 LLH-1	0.001241264633189044	0.001241264633189044
1420	 LLH-1	0.001241264633189044	0.001241264633189044
1421	 LLH-4	0.001241264633189044	0.001241264633189044
1426	 LLH-4	0.001241264633189044	0.001241264633189044
1431	 LLH-2	0.0012630790106005108	0.001241264633189044
1432	 LLH-6	0.0012432749598279846	0.001241264633189044
1433	 LLH-3	0.00125547476631939	0.001241264633189044
1434	 LLH-3	0.0012912720410891401	0.001241264633189044
1435	 LLH-6	0.0012419723170465395	0.001241264633189044
1436	 LLH-3	0.0012538088207921384	0.001241264633189044
1437	 LLH-6	0.001243221836879494	0.001241264633189044
1438	 LLH-6	0.0012418980552477503	0.001241264633189044
1439	 LLH-3	0.0012545129533256382	0.001241264633189044
1440	 LLH-2	0.001255966461498824	0.001241264633189044
1441	 LLH-6	0.0012435011463474803	0.001241264633189044
1442	 LLH-1	0.001241264633189044	0.001241264633189044
1443	 LLH-4	0.001241264633189044	0.001241264633189044
1448	 LLH-3	0.0012465641177017669	0.001241264633189044
1449	 LLH-1	0.001241264633189044	0.001241264633189044
1450	 LLH-2	0.0012468708778554845	0.001241264633189044
1451	 LLH-3	0.0012894900277642951	0.001241264633189044
1452	 LLH-2	0.0012613583230803044	0.001241264633189044
1453	 LLH-2	0.0012537352690464056	0.001241264633189044
1454	 LLH-3	0.0013014942410925934	0.001241264633189044
1455	 LLH-1	0.0012410587681566457	0.0012410587681566457
1456	 LLH-6	0.0012412982435071793	0.0012410587681566457
1457	 LLH-2	0.001254202548151799	0.0012410587681566457
1458	 LLH-4	0.0012410587681566457	0.0012410587681566457
1463	 LLH-1	0.0012411784812274142	0.0012410587681566457
1464	 LLH-5	0.0012401459346343606	0.0012401459346343606
1465	 LLH-1	0.0012400392200744143	0.0012400392200744143
1466	 LLH-1	0.0012400392200744143	0.0012400392200744143
1467	 LLH-6	0.0012412818025883312	0.0012400392200744143
1468	 LLH-3	0.001280031637337507	0.0012400392200744143
1469	 LLH-0	0.0012407470116332648	0.0012400392200744143
1470	 LLH-0	0.0012407863327852176	0.0012400392200744143
1471	 LLH-2	0.0012609665913563433	0.0012400392200744143
1472	 LLH-0	0.001241002710428089	0.0012400392200744143
1473	 LLH-3	0.0012875717697702817	0.0012400392200744143
1474	 LLH-6	0.0012411550873686573	0.0012400392200744143
1475	 LLH-1	0.0012400392200744143	0.0012400392200744143
1476	 LLH-3	0.0012481641127380636	0.0012400392200744143
1477	 LLH-6	0.0012404325602904057	0.0012400392200744143
1478	 LLH-2	0.0012626366208470235	0.0012400392200744143
1479	 LLH-4	0.0012400392200744143	0.0012400392200744143
1484	 LLH-1	0.0012405151835096515	0.0012400392200744143
1485	 LLH-3	0.0012786857513013106	0.0012400392200744143
1486	 LLH-1	0.0012400392200744143	0.0012400392200744143
1487	 LLH-6	0.0012406403502909051	0.0012400392200744143
1488	 LLH-0	0.0012406339884354985	0.0012400392200744143
1489	 LLH-6	0.0012415456518803012	0.0012400392200744143
1490	 LLH-6	0.0012413965555708635	0.0012400392200744143
1491	 LLH-6	0.0012414027827197156	0.0012400392200744143
1492	 LLH-2	0.0012588583364888516	0.0012400392200744143
1493	 LLH-2	0.0012560246456824798	0.0012400392200744143
1494	 LLH-5	0.0012402859323322288	0.0012400392200744143
1495	 LLH-4	0.0012400392200744143	0.0012400392200744143
1500	 LLH-2	0.0012485593700709266	0.0012400392200744143
1501	 LLH-0	0.0012557885541341187	0.0012400392200744143
1502	 LLH-5	0.0012402134882439002	0.0012400392200744143
1503	 LLH-3	0.0012389932590372707	0.0012389932590372707
1504	 LLH-3	0.0012441470344166424	0.0012389932590372707
1505	 LLH-2	0.0012578900450295233	0.0012389932590372707
1506	 LLH-1	0.0012389932590372707	0.0012389932590372707
1507	 LLH-6	0.0012400004118131617	0.0012389932590372707
1508	 LLH-6	0.0012399869264087698	0.0012389932590372707
1509	 LLH-4	0.0012389932590372707	0.0012389932590372707
1514	 LLH-2	0.001246737890906555	0.0012389932590372707
1515	 LLH-1	0.0012389932590372707	0.0012389932590372707
1516	 LLH-3	0.001278841605766657	0.0012389932590372707
1517	 LLH-0	0.0012544145997684776	0.0012389932590372707
1518	 LLH-0	0.0012394515763843338	0.0012389932590372707
1519	 LLH-0	0.0012395349307180586	0.0012389932590372707
1520	 LLH-0	0.0012398046607951319	0.0012389932590372707
1521	 LLH-5	0.0012392092293972983	0.0012389932590372707
1522	 LLH-0	0.0012394877725993853	0.0012389932590372707
1523	 LLH-2	0.0012495423625106656	0.0012389932590372707
1524	 LLH-4	0.0012389932590372707	0.0012389932590372707
1529	 LLH-1	0.0012389656770328832	0.0012389656770328832
1530	 LLH-3	0.0012392482370797752	0.0012389656770328832
1531	 LLH-4	0.0012389656770328832	0.0012389656770328832
1536	 LLH-4	0.0012389656770328832	0.0012389656770328832
1541	 LLH-2	0.0012483900463933408	0.0012389656770328832
1542	 LLH-3	0.0012447868403703628	0.0012389656770328832
1543	 LLH-3	0.001240083807262498	0.0012389656770328832
1544	 LLH-0	0.0012395713930390612	0.0012389656770328832
1545	 LLH-4	0.0012389656770328832	0.0012389656770328832
1550	 LLH-2	0.0012450670424519932	0.0012389656770328832
1551	 LLH-1	0.0012389656770328832	0.0012389656770328832
1552	 LLH-2	0.0012540856986124004	0.0012389656770328832
1553	 LLH-0	0.0012394065684456748	0.0012389656770328832
1554	 LLH-4	0.0012389656770328832	0.0012389656770328832
1559	 LLH-5	0.0012393448004746582	0.0012389656770328832
1560	 LLH-2	0.0012599745658608546	0.0012389656770328832
1561	 LLH-6	0.0012398373204284639	0.0012389656770328832
1562	 LLH-0	0.0012394925397224675	0.0012389656770328832
1563	 LLH-3	0.0012710102694820135	0.0012389656770328832
1564	 LLH-4	0.0012389656770328832	0.0012389656770328832
1569	 LLH-6	0.0012398196461963474	0.0012389656770328832
1570	 LLH-4	0.0012389656770328832	0.0012389656770328832
1575	 LLH-2	0.0012518046990502173	0.0012389656770328832
1576	 LLH-1	0.0012389656770328832	0.0012389656770328832
1577	 LLH-6	0.0012399814770229214	0.0012389656770328832
1578	 LLH-0	0.0012395121427423205	0.0012389656770328832
1579	 LLH-2	0.001249176308316766	0.0012389656770328832
1580	 LLH-3	0.0012764970876348296	0.0012389656770328832
1581	 LLH-2	0.0012466268781532448	0.0012389656770328832
1582	 LLH-2	0.0012548980585953746	0.0012389656770328832
1583	 LLH-1	0.0012389656770328832	0.0012389656770328832
1584	 LLH-1	0.0012389656770328832	0.0012389656770328832
1585	 LLH-1	0.0012389656770328832	0.0012389656770328832
1586	 LLH-4	0.0012389656770328832	0.0012389656770328832
1591	 LLH-6	0.0012400431761044057	0.0012389656770328832
1592	 LLH-2	0.0012538182320860041	0.0012389656770328832
1593	 LLH-2	0.0012547134978874142	0.0012389656770328832
1594	 LLH-6	0.0012404156455000984	0.0012389656770328832
1595	 LLH-3	0.0012763694368807545	0.0012389656770328832
1596	 LLH-4	0.0012389656770328832	0.0012389656770328832
1601	 LLH-1	0.001239056283640382	0.0012389656770328832
1602	 LLH-4	0.0012389656770328832	0.0012389656770328832
1607	 LLH-5	0.0012400117465883884	0.0012389656770328832
1608	 LLH-1	0.00123911108016654	0.0012389656770328832
1609	 LLH-4	0.0012389656770328832	0.0012389656770328832
1614	 LLH-0	0.0012543418446830461	0.0012389656770328832
1615	 LLH-0	0.0012395234603930088	0.0012389656770328832
1616	 LLH-6	0.001241174479574082	0.0012389656770328832
1617	 LLH-1	0.0012389656770328832	0.0012389656770328832
1618	 LLH-4	0.0012389656770328832	0.0012389656770328832
1623	 LLH-4	0.0012389656770328832	0.0012389656770328832
1628	 LLH-0	0.0012395689176569026	0.0012389656770328832
1629	 LLH-2	0.0012581239649782684	0.0012389656770328832
1630	 LLH-5	0.0012398218360018482	0.0012389656770328832
1631	 LLH-5	0.0012395485675439845	0.0012389656770328832
1632	 LLH-6	0.0012403593306113687	0.0012389656770328832
1633	 LLH-1	0.0012393189633107145	0.0012389656770328832
1634	 LLH-2	0.001246743110011795	0.0012389656770328832
1635	 LLH-6	0.0012395267771209994	0.0012389656770328832
1636	 LLH-1	0.0012389656770328832	0.0012389656770328832
1637	 LLH-6	0.0012399628100905602	0.0012389656770328832
1638	 LLH-5	0.0012389807990447615	0.0012389807990447615
1639	 LLH-3	0.0012409757945276649	0.0012389807990447615
1640	 LLH-2	0.0012479917692110216	0.0012389807990447615
1641	 LLH-2	0.0012479993672744882	0.0012389807990447615
1642	 LLH-5	0.0012391634606043706	0.0012389807990447615
1643	 LLH-4	0.0012389807990447615	0.0012389807990447615
1648	 LLH-3	0.0012527414418540335	0.0012389807990447615
1649	 LLH-6	0.001241438604628034	0.0012389807990447615
1650	 LLH-6	0.0012399138476512637	0.0012389807990447615
1651	 LLH-5	0.0012389838974069965	0.0012389838974069965
1652	 LLH-6	0.0012395579263104481	0.0012389838974069965
1653	 LLH-5	0.001238985771252137	0.001238985771252137
1654	 LLH-6	0.0012395728710834968	0.001238985771252137
1655	 LLH-3	0.001284440361539103	0.001238985771252137
1656	 LLH-6	0.0012388990138659196	0.0012388990138659196
1657	 LLH-5	0.0012397416849211156	0.0012388990138659196
1658	 LLH-0	0.0012542079599493043	0.0012388990138659196
1659	 LLH-4	0.0012388990138659196	0.0012388990138659196
1664	 LLH-1	0.001239037488642798	0.0012388990138659196
1665	 LLH-4	0.0012388990138659196	0.0012388990138659196
1670	 LLH-5	0.0012394418655996202	0.0012388990138659196
1671	 LLH-5	0.001238748905519201	0.001238748905519201
1672	 LLH-6	0.0012393441786918804	0.001238748905519201
1673	 LLH-4	0.001238748905519201	0.001238748905519201
1678	 LLH-3	0.0012427086429865365	0.001238748905519201
1679	 LLH-5	0.0012398399321016781	0.001238748905519201
1680	 LLH-0	0.0012539242332733447	0.001238748905519201
1681	 LLH-6	0.0012394999607088096	0.001238748905519201
1682	 LLH-3	0.001239582236032074	0.001238748905519201
1683	 LLH-3	0.0012407671564968476	0.001238748905519201
1684	 LLH-3	0.001285242821434255	0.001238748905519201
1685	 LLH-3	0.0012791993864797705	0.001238748905519201
1686	 LLH-3	0.0012423124541894558	0.001238748905519201
1687	 LLH-4	0.001238748905519201	0.001238748905519201
1692	 LLH-5	0.0012395706661370782	0.001238748905519201
1693	 LLH-3	0.001253472807997943	0.001238748905519201
1694	 LLH-2	0.0012460337694116949	0.001238748905519201
1695	 LLH-0	0.001239250974278226	0.001238748905519201
1696	 LLH-1	0.001238748905519201	0.001238748905519201
1697	 LLH-3	0.001274111224228683	0.001238748905519201
1698	 LLH-2	0.0012492780653827638	0.001238748905519201
1699	 LLH-5	0.001238534098663238	0.001238534098663238
1700	 LLH-3	0.0012760707591198733	0.001238534098663238
1701	 LLH-2	0.0012525907937682638	0.001238534098663238
1702	 LLH-6	0.0012397475489563223	0.001238534098663238
1703	 LLH-0	0.001238997228722202	0.001238534098663238
1704	 LLH-1	0.0012386573086693355	0.001238534098663238
1705	 LLH-0	0.0012537906896049247	0.001238534098663238
1706	 LLH-5	0.0012388617417641167	0.001238534098663238
1707	 LLH-1	0.001238534098663238	0.001238534098663238
1708	 LLH-3	0.0012391822015432904	0.001238534098663238
1709	 LLH-3	0.001240532110048682	0.001238534098663238
1710	 LLH-4	0.001238534098663238	0.001238534098663238
1715	 LLH-6	0.0012393279291045896	0.001238534098663238
1716	 LLH-4	0.001238534098663238	0.001238534098663238
1721	 LLH-5	0.0012389339884986902	0.001238534098663238
1722	 LLH-5	0.0012389357200716248	0.001238534098663238
1723	 LLH-1	0.001238534098663238	0.001238534098663238
1724	 LLH-6	0.0012390036857096015	0.001238534098663238
1725	 LLH-3	0.001272274278629466	0.001238534098663238
1726	 LLH-5	0.0012391099794621509	0.001238534098663238
1727	 LLH-4	0.001238534098663238	0.001238534098663238
1732	 LLH-5	0.0012389166813163127	0.001238534098663238
1733	 LLH-1	0.0012385771391020177	0.001238534098663238
1734	 LLH-0	0.0012539706876615298	0.001238534098663238
1735	 LLH-0	0.001239214110430738	0.001238534098663238
1736	 LLH-5	0.0012386739458624867	0.001238534098663238
1737	 LLH-6	0.0012398967465641942	0.001238534098663238
1738	 LLH-5	0.001238622179182737	0.001238534098663238
1739	 LLH-2	0.001249546005657509	0.001238534098663238
1740	 LLH-6	0.0012389217809113608	0.001238534098663238
1741	 LLH-3	0.0012436306560180165	0.001238534098663238
1742	 LLH-3	0.00123897597723053	0.001238534098663238
1743	 LLH-4	0.001238534098663238	0.001238534098663238
1748	 LLH-0	0.0012390902071940664	0.001238534098663238
1749	 LLH-6	0.0012396047901136822	0.001238534098663238
1750	 LLH-6	0.0012384932036296733	0.0012384932036296733
1751	 LLH-1	0.0012384932036296733	0.0012384932036296733
1752	 LLH-5	0.0012392736453185654	0.0012384932036296733
1753	 LLH-2	0.0012451925435591456	0.0012384932036296733
1754	 LLH-5	0.0012385214924019766	0.0012384932036296733
1755	 LLH-4	0.0012384932036296733	0.0012384932036296733
1760	 LLH-2	0.0012511870065915387	0.0012384932036296733
1761	 LLH-3	0.0012422104602199462	0.0012384932036296733
1762	 LLH-3	0.0012890865327309792	0.0012384932036296733
1763	 LLH-3	0.0012797328506948433	0.0012384932036296733
1764	 LLH-5	0.0012381945724218907	0.0012381945724218907
1765	 LLH-1	0.0012383001073267739	0.0012381945724218907
1766	 LLH-6	0.0012388173677107175	0.0012381945724218907
1767	 LLH-4	0.0012381945724218907	0.0012381945724218907
1772	 LLH-2	0.001257403084118117	0.0012381945724218907
1773	 LLH-3	0.0012528216760560164	0.0012381945724218907
1774	 LLH-2	0.001245933572182944	0.0012381945724218907
1775	 LLH-4	0.0012381945724218907	0.0012381945724218907
1780	 LLH-5	0.0012394885872569325	0.0012381945724218907
1781	 LLH-5	0.0012389309328395836	0.0012381945724218907
1782	 LLH-6	0.0012387701111557024	0.0012381945724218907
1783	 LLH-0	0.0012386742186636839	0.0012381945724218907
1784	 LLH-4	0.0012381945724218907	0.0012381945724218907
1789	 LLH-3	0.00128123294798301	0.0012381945724218907
1790	 LLH-3	0.0012870455553463855	0.0012381945724218907
1791	 LLH-2	0.0012439488625759381	0.0012381945724218907
1792	 LLH-3	0.0012394444821664928	0.0012381945724218907
1793	 LLH-5	0.0012388899358221162	0.0012381945724218907
1794	 LLH-2	0.0012538059331504722	0.0012381945724218907
1795	 LLH-2	0.0012505068533542022	0.0012381945724218907
1796	 LLH-6	0.0012388098023689699	0.0012381945724218907
1797	 LLH-1	0.0012383671258963547	0.0012381945724218907
1798	 LLH-2	0.0012561251030246817	0.0012381945724218907
1799	 LLH-3	0.0012794618794412511	0.0012381945724218907
1800	 LLH-6	0.001239098048588927	0.0012381945724218907
1801	 LLH-6	0.0012389375313887941	0.0012381945724218907
1802	 LLH-1	0.0012381945724218907	0.0012381945724218907
1803	 LLH-0	0.0012388388022832703	0.0012381945724218907
1804	 LLH-5	0.0012386244339334393	0.0012381945724218907
1805	 LLH-3	0.0012437341416163064	0.0012381945724218907
1806	 LLH-5	0.00123894023057738	0.0012381945724218907
1807	 LLH-3	0.0012780915857993815	0.0012381945724218907
1808	 LLH-6	0.0012399084479413917	0.0012381945724218907
1809	 LLH-3	0.0012417300033871692	0.0012381945724218907
1810	 LLH-3	0.0012413523230199732	0.0012381945724218907
1811	 LLH-5	0.0012387376703197367	0.0012381945724218907
1812	 LLH-2	0.0012466125257477403	0.0012381945724218907
1813	 LLH-5	0.001238964252234835	0.0012381945724218907
1814	 LLH-4	0.0012381945724218907	0.0012381945724218907
1819	 LLH-2	0.0012469763199639595	0.0012381945724218907
1820	 LLH-6	0.0012401781953131732	0.0012381945724218907
1821	 LLH-1	0.0012381945724218907	0.0012381945724218907
1822	 LLH-4	0.0012381945724218907	0.0012381945724218907
1827	 LLH-0	0.0012536302129014017	0.0012381945724218907
1828	 LLH-1	0.0012381945724218907	0.0012381945724218907
1829	 LLH-2	0.001246434990089983	0.0012381945724218907
1830	 LLH-0	0.0012389433190008823	0.0012381945724218907
1831	 LLH-5	0.0012389932195827945	0.0012381945724218907
1832	 LLH-2	0.0012419500231270755	0.0012381945724218907
1833	 LLH-3	0.0012761634156028619	0.0012381945724218907
1834	 LLH-4	0.0012381945724218907	0.0012381945724218907
1839	 LLH-2	0.0012425421756745109	0.0012381945724218907
1840	 LLH-0	0.0012387013503373857	0.0012381945724218907
1841	 LLH-2	0.0012444148440656233	0.0012381945724218907
1842	 LLH-2	0.0012541027148719069	0.0012381945724218907
1843	 LLH-6	0.001239228362538384	0.0012381945724218907
1844	 LLH-2	0.0012461001527648507	0.0012381945724218907
1845	 LLH-1	0.001238134306734293	0.001238134306734293
1846	 LLH-5	0.001238712750954292	0.001238134306734293
1847	 LLH-0	0.0012386008006007813	0.001238134306734293
1848	 LLH-2	0.0012584769351921083	0.001238134306734293
1849	 LLH-2	0.0012476122258856474	0.001238134306734293
1850	 LLH-4	0.001238134306734293	0.001238134306734293
1855	 LLH-3	0.0012386979578964926	0.001238134306734293
1856	 LLH-5	0.0012385913332075818	0.001238134306734293
1857	 LLH-3	0.0012791297495853878	0.001238134306734293
1858	 LLH-0	0.0012389930388808344	0.001238134306734293
1859	 LLH-3	0.0012743306509160068	0.001238134306734293
1860	 LLH-3	0.001240920987138816	0.001238134306734293
1861	 LLH-2	0.0012510534327031067	0.001238134306734293
1862	 LLH-2	0.0012462256326578468	0.001238134306734293
1863	 LLH-6	0.0012393943847594587	0.001238134306734293
1864	 LLH-5	0.0012396335956450808	0.001238134306734293
1865	 LLH-4	0.001238134306734293	0.001238134306734293
1870	 LLH-3	0.0012390079244978733	0.001238134306734293
1871	 LLH-0	0.0012535502315948331	0.001238134306734293
1872	 LLH-3	0.0012528476215524372	0.001238134306734293
1873	 LLH-1	0.001238134306734293	0.001238134306734293
1874	 LLH-5	0.0012393063233210502	0.001238134306734293
1875	 LLH-4	0.001238134306734293	0.001238134306734293
1880	 LLH-4	0.001238134306734293	0.001238134306734293
1885	 LLH-6	0.0012396296818511416	0.001238134306734293
1886	 LLH-4	0.001238134306734293	0.001238134306734293
1891	 LLH-3	0.001279600381872645	0.001238134306734293
1892	 LLH-0	0.001238747640788735	0.001238134306734293
1893	 LLH-4	0.001238134306734293	0.001238134306734293
1898	 LLH-2	0.0012469879674705067	0.001238134306734293
1899	 LLH-3	0.0012409553176073785	0.001238134306734293
1900	 LLH-2	0.0012490405545986958	0.001238134306734293
1901	 LLH-0	0.001238677834611353	0.001238134306734293
1902	 LLH-1	0.0012381695798798819	0.001238134306734293
1903	 LLH-2	0.0012528247271978757	0.001238134306734293
1904	 LLH-2	0.0012530216869358682	0.001238134306734293
1905	 LLH-2	0.0012489899728105039	0.001238134306734293
1906	 LLH-6	0.0012403715416230386	0.001238134306734293
1907	 LLH-0	0.0012388614861822687	0.001238134306734293
1908	 LLH-1	0.001238134306734293	0.001238134306734293
1909	 LLH-0	0.0012387807683654647	0.001238134306734293
1910	 LLH-5	0.0012383788602730096	0.001238134306734293
1911	 LLH-4	0.001238134306734293	0.001238134306734293
1916	 LLH-4	0.001238134306734293	0.001238134306734293
1921	 LLH-2	0.001250071436314468	0.001238134306734293
1922	 LLH-0	0.0012386881707762785	0.001238134306734293
1923	 LLH-4	0.001238134306734293	0.001238134306734293
1928	 LLH-4	0.001238134306734293	0.001238134306734293
1933	 LLH-5	0.0012386029909672272	0.001238134306734293
1934	 LLH-2	0.0012595997844343878	0.001238134306734293
1935	 LLH-5	0.0012384344905106077	0.001238134306734293
1936	 LLH-0	0.001238747640788735	0.001238134306734293
1937	 LLH-6	0.0012394901497150873	0.001238134306734293
1938	 LLH-2	0.0012551658263363426	0.001238134306734293
1939	 LLH-1	0.0012381681154795558	0.001238134306734293
1940	 LLH-3	0.0012898897943230546	0.001238134306734293
1941	 LLH-5	0.0012384145878066221	0.001238134306734293
1942	 LLH-4	0.001238134306734293	0.001238134306734293
1947	 LLH-0	0.0012386678259812907	0.001238134306734293
1948	 LLH-6	0.0012398273608236268	0.001238134306734293
1949	 LLH-3	0.0012422809457949863	0.001238134306734293
1950	 LLH-6	0.0012383460031948656	0.001238134306734293
1951	 LLH-5	0.001238854520890555	0.001238134306734293
1952	 LLH-5	0.0012388778751427202	0.001238134306734293
1953	 LLH-2	0.0012450533169892403	0.001238134306734293
1954	 LLH-2	0.00124964605490749	0.001238134306734293
1955	 LLH-5	0.0012379980767476535	0.0012379980767476535
1956	 LLH-6	0.001238990058213266	0.0012379980767476535
1957	 LLH-2	0.0012453992375830634	0.0012379980767476535
1958	 LLH-6	0.0012389846410002122	0.0012379980767476535
1959	 LLH-6	0.0012392661500040428	0.0012379980767476535
1960	 LLH-0	0.0012533427380732797	0.0012379980767476535
1961	 LLH-1	0.0012379980767476535	0.0012379980767476535
1962	 LLH-5	0.0012385996853236142	0.0012379980767476535
1963	 LLH-3	0.0012725570618367086	0.0012379980767476535
1964	 LLH-4	0.0012379980767476535	0.0012379980767476535
1969	 LLH-0	0.0012386769759644446	0.0012379980767476535
1970	 LLH-4	0.0012379980767476535	0.0012379980767476535
1975	 LLH-3	0.0012530690916087283	0.0012379980767476535
1976	 LLH-1	0.0012379980767476535	0.0012379980767476535
1977	 LLH-3	0.0012506942092584262	0.0012379980767476535
1978	 LLH-1	0.0012379980767476535	0.0012379980767476535
1979	 LLH-0	0.0012384965933666533	0.0012379980767476535
1980	 LLH-3	0.0012538996434253268	0.0012379980767476535
1981	 LLH-3	0.0012775431189898032	0.0012379980767476535
1982	 LLH-1	0.0012379980767476535	0.0012379980767476535
1983	 LLH-3	0.0012769580798677811	0.0012379980767476535
1984	 LLH-2	0.0012598055867826335	0.0012379980767476535
1985	 LLH-2	0.001245564870840277	0.0012379980767476535
1986	 LLH-0	0.0012384986390213102	0.0012379980767476535
1987	 LLH-5	0.0012389168993751165	0.0012379980767476535
1988	 LLH-5	0.0012393671032306858	0.0012379980767476535
1989	 LLH-3	0.0012819022275993189	0.0012379980767476535
1990	 LLH-0	0.0012387230273266784	0.0012379980767476535
1991	 LLH-2	0.0012473057207517684	0.0012379980767476535
1992	 LLH-3	0.0012418082279624545	0.0012379980767476535
1993	 LLH-2	0.0012573070169018164	0.0012379980767476535
1994	 LLH-3	0.001272857263916826	0.0012379980767476535
1995	 LLH-2	0.0012475699912859826	0.0012379980767476535
1996	 LLH-1	0.0012379980767476535	0.0012379980767476535
1997	 LLH-1	0.0012379980767476535	0.0012379980767476535
1998	 LLH-6	0.0012387363759284841	0.0012379980767476535
1999	 LLH-1	0.0012379980767476535	0.0012379980767476535
GRID-Start
0.0	0.0
0.0	308.0385
0.0	616.077
0.0	924.1155
0.0	1232.154
0.0	1540.1925
0.0	1848.2310000000002
0.0	2156.2695000000003
0.0	2464.3080000000004
0.0	2772.3465000000006
0.0	3080.3850000000007
0.0	3388.423500000001
0.0	3696.462000000001
0.0	4004.500500000001
0.0	4312.539000000001
0.0	4620.5775
0.0	4928.616
0.0	5236.6545
0.0	5544.692999999999
0.0	5852.731499999999
0.0	6160.769999999999
0.0	6468.808499999998
308.0385	0.0
308.0385	308.0385
308.0385	616.077
308.0385	924.1155
308.0385	1232.154
308.0385	1540.1925
308.0385	1848.2310000000002
308.0385	2156.2695000000003
308.0385	2464.3080000000004
308.0385	2772.3465000000006
308.0385	3080.3850000000007
308.0385	3388.423500000001
308.0385	3696.462000000001
308.0385	4004.500500000001
308.0385	4312.539000000001
308.0385	4620.5775
308.0385	4928.616
308.0385	5236.6545
308.0385	5544.692999999999
308.0385	5852.731499999999
308.0385	6160.769999999999
308.0385	6468.808499999998
616.077	0.0
616.077	308.0385
616.077	616.077
616.077	924.1155
616.077	1232.154
616.077	1540.1925
616.077	1848.2310000000002
616.077	2156.2695000000003
616.077	2464.3080000000004
616.077	2772.3465000000006
616.077	3080.3850000000007
616.077	3388.423500000001
616.077	3696.462000000001
616.077	4004.500500000001
616.077	4312.539000000001
616.077	4620.5775
616.077	4928.616
616.077	5236.6545
616.077	5544.692999999999
616.077	5852.731499999999
616.077	6160.769999999999
616.077	6468.808499999998
924.1155	0.0
924.1155	308.0385
924.1155	616.077
924.1155	924.1155
924.1155	1232.154
924.1155	1540.1925
924.1155	1848.2310000000002
924.1155	2156.2695000000003
924.1155	2464.3080000000004
924.1155	2772.3465000000006
924.1155	3080.3850000000007
924.1155	3388.423500000001
924.1155	3696.462000000001
924.1155	4004.500500000001
924.1155	4312.539000000001
924.1155	4620.5775
924.1155	4928.616
924.1155	5236.6545
924.1155	5544.692999999999
924.1155	5852.731499999999
924.1155	6160.769999999999
924.1155	6468.808499999998
1232.154	0.0
1232.154	308.0385
1232.154	616.077
1232.154	924.1155
1232.154	1232.154
1232.154	1540.1925
1232.154	1848.2310000000002
1232.154	2156.2695000000003
1232.154	2464.3080000000004
1232.154	2772.3465000000006
1232.154	3080.3850000000007
1232.154	4620.5775
1232.154	4928.616
1232.154	5236.6545
1232.154	5544.692999999999
1232.154	5852.731499999999
1232.154	6160.769999999999
1232.154	6468.808499999998
1540.1925	0.0
1540.1925	308.0385
1540.1925	616.077
1540.1925	924.1155
1540.1925	1232.154
1540.1925	1540.1925
1540.1925	1848.2310000000002
1540.1925	2156.2695000000003
1540.1925	2464.3080000000004
1540.1925	2772.3465000000006
1540.1925	3080.3850000000007
1540.1925	4620.5775
1540.1925	4928.616
1540.1925	5236.6545
1540.1925	5544.692999999999
1540.1925	5852.731499999999
1540.1925	6160.769999999999
1540.1925	6468.808499999998
1848.2310000000002	0.0
1848.2310000000002	308.0385
1848.2310000000002	616.077
1848.2310000000002	924.1155
1848.2310000000002	1232.154
1848.2310000000002	1540.1925
1848.2310000000002	1848.2310000000002
1848.2310000000002	2156.2695000000003
1848.2310000000002	2464.3080000000004
1848.2310000000002	2772.3465000000006
1848.2310000000002	3080.3850000000007
1848.2310000000002	4620.5775
1848.2310000000002	4928.616
1848.2310000000002	5236.6545
1848.2310000000002	5544.692999999999
1848.2310000000002	5852.731499999999
1848.2310000000002	6160.769999999999
1848.2310000000002	6468.808499999998
2156.2695000000003	0.0
2156.2695000000003	308.0385
2156.2695000000003	616.077
2156.2695000000003	924.1155
2156.2695000000003	1232.154
2156.2695000000003	1540.1925
2156.2695000000003	1848.2310000000002
2156.2695000000003	2156.2695000000003
2156.2695000000003	2464.3080000000004
2156.2695000000003	2772.3465000000006
2156.2695000000003	3080.3850000000007
2156.2695000000003	4620.5775
2156.2695000000003	4928.616
2156.2695000000003	5236.6545
2156.2695000000003	5544.692999999999
2156.2695000000003	5852.731499999999
2156.2695000000003	6160.769999999999
2156.2695000000003	6468.808499999998
2464.3080000000004	0.0
2464.3080000000004	2464.3080000000004
2464.3080000000004	2772.3465000000006
2464.3080000000004	3080.3850000000007
2464.3080000000004	3388.423500000001
2464.3080000000004	3696.462000000001
2464.3080000000004	4004.500500000001
2464.3080000000004	4312.539000000001
2464.3080000000004	4620.5775
2464.3080000000004	4928.616
2464.3080000000004	5236.6545
2464.3080000000004	5544.692999999999
2464.3080000000004	5852.731499999999
2464.3080000000004	6160.769999999999
2464.3080000000004	6468.808499999998
2772.3465000000006	0.0
2772.3465000000006	2464.3080000000004
2772.3465000000006	2772.3465000000006
2772.3465000000006	3080.3850000000007
2772.3465000000006	3388.423500000001
2772.3465000000006	3696.462000000001
2772.3465000000006	4004.500500000001
2772.3465000000006	4312.539000000001
2772.3465000000006	4620.5775
2772.3465000000006	4928.616
2772.3465000000006	5236.6545
2772.3465000000006	5544.692999999999
2772.3465000000006	5852.731499999999
2772.3465000000006	6160.769999999999
2772.3465000000006	6468.808499999998
3080.3850000000007	0.0
3080.3850000000007	2464.3080000000004
3080.3850000000007	2772.3465000000006
3080.3850000000007	3080.3850000000007
3080.3850000000007	3388.423500000001
3080.3850000000007	3696.462000000001
3080.3850000000007	4004.500500000001
3080.3850000000007	4312.539000000001
3080.3850000000007	4620.5775
3080.3850000000007	4928.616
3080.3850000000007	5236.6545
3080.3850000000007	5544.692999999999
3080.3850000000007	5852.731499999999
3080.3850000000007	6160.769999999999
3080.3850000000007	6468.808499999998
3388.423500000001	0.0
3388.423500000001	2464.3080000000004
3388.423500000001	2772.3465000000006
3388.423500000001	3080.3850000000007
3388.423500000001	3388.423500000001
3388.423500000001	3696.462000000001
3388.423500000001	4004.500500000001
3388.423500000001	4312.539000000001
3388.423500000001	4620.5775
3388.423500000001	4928.616
3388.423500000001	5236.6545
3388.423500000001	5544.692999999999
3388.423500000001	5852.731499999999
3388.423500000001	6160.769999999999
3388.423500000001	6468.808499999998
3696.462000000001	0.0
3696.462000000001	308.0385
3696.462000000001	616.077
3696.462000000001	924.1155
3696.462000000001	1232.154
3696.462000000001	1540.1925
3696.462000000001	1848.2310000000002
3696.462000000001	2156.2695000000003
3696.462000000001	3388.423500000001
3696.462000000001	3696.462000000001
3696.462000000001	4004.500500000001
3696.462000000001	4312.539000000001
3696.462000000001	4620.5775
3696.462000000001	4928.616
3696.462000000001	5236.6545
3696.462000000001	5544.692999999999
3696.462000000001	5852.731499999999
3696.462000000001	6160.769999999999
3696.462000000001	6468.808499999998
4004.500500000001	0.0
4004.500500000001	308.0385
4004.500500000001	616.077
4004.500500000001	924.1155
4004.500500000001	1232.154
4004.500500000001	1540.1925
4004.500500000001	1848.2310000000002
4004.500500000001	2156.2695000000003
4004.500500000001	3388.423500000001
4004.500500000001	3696.462000000001
4004.500500000001	4004.500500000001
4004.500500000001	4312.539000000001
4004.500500000001	4620.5775
4004.500500000001	4928.616
4004.500500000001	5236.6545
4004.500500000001	5544.692999999999
4004.500500000001	5852.731499999999
4004.500500000001	6160.769999999999
4004.500500000001	6468.808499999998
4312.539000000001	0.0
4312.539000000001	308.0385
4312.539000000001	616.077
4312.539000000001	924.1155
4312.539000000001	1232.154
4312.539000000001	1540.1925
4312.539000000001	1848.2310000000002
4312.539000000001	2156.2695000000003
4312.539000000001	3388.423500000001
4312.539000000001	3696.462000000001
4312.539000000001	4004.500500000001
4312.539000000001	4312.539000000001
4312.539000000001	4620.5775
4312.539000000001	4928.616
4312.539000000001	5236.6545
4312.539000000001	5544.692999999999
4312.539000000001	5852.731499999999
4312.539000000001	6160.769999999999
4312.539000000001	6468.808499999998
4620.5775	0.0
4620.5775	308.0385
4620.5775	616.077
4620.5775	924.1155
4620.5775	1232.154
4620.5775	1540.1925
4620.5775	1848.2310000000002
4620.5775	2156.2695000000003
4620.5775	2464.3080000000004
4620.5775	2772.3465000000006
4620.5775	3080.3850000000007
4620.5775	3388.423500000001
4620.5775	3696.462000000001
4620.5775	4004.500500000001
4620.5775	4312.539000000001
4620.5775	4620.5775
4620.5775	4928.616
4620.5775	5236.6545
4620.5775	5544.692999999999
4620.5775	5852.731499999999
4620.5775	6160.769999999999
4620.5775	6468.808499999998
4928.616	0.0
4928.616	308.0385
4928.616	616.077
4928.616	924.1155
4928.616	1232.154
4928.616	1540.1925
4928.616	1848.2310000000002
4928.616	2156.2695000000003
4928.616	2464.3080000000004
4928.616	2772.3465000000006
4928.616	3080.3850000000007
4928.616	3388.423500000001
4928.616	3696.462000000001
4928.616	4004.500500000001
4928.616	4312.539000000001
4928.616	4620.5775
4928.616	4928.616
4928.616	5236.6545
4928.616	5544.692999999999
4928.616	5852.731499999999
4928.616	6160.769999999999
4928.616	6468.808499999998
5236.6545	0.0
5236.6545	308.0385
5236.6545	616.077
5236.6545	924.1155
5236.6545	1232.154
5236.6545	1540.1925
5236.6545	1848.2310000000002
5236.6545	2156.2695000000003
5236.6545	2464.3080000000004
5236.6545	2772.3465000000006
5236.6545	3080.3850000000007
5236.6545	3388.423500000001
5236.6545	3696.462000000001
5236.6545	4004.500500000001
5236.6545	4312.539000000001
5236.6545	4620.5775
5236.6545	4928.616
5236.6545	5236.6545
5236.6545	5544.692999999999
5236.6545	5852.731499999999
5236.6545	6160.769999999999
5236.6545	6468.808499999998
5544.692999999999	0.0
5544.692999999999	308.0385
5544.692999999999	616.077
5544.692999999999	924.1155
5544.692999999999	1232.154
5544.692999999999	1540.1925
5544.692999999999	1848.2310000000002
5544.692999999999	2156.2695000000003
5544.692999999999	2464.3080000000004
5544.692999999999	2772.3465000000006
5544.692999999999	3080.3850000000007
5544.692999999999	3388.423500000001
5544.692999999999	3696.462000000001
5544.692999999999	4004.500500000001
5544.692999999999	4312.539000000001
5544.692999999999	4620.5775
5544.692999999999	4928.616
5544.692999999999	5236.6545
5544.692999999999	5544.692999999999
5544.692999999999	5852.731499999999
5544.692999999999	6160.769999999999
5544.692999999999	6468.808499999998
5852.731499999999	0.0
5852.731499999999	308.0385
5852.731499999999	616.077
5852.731499999999	924.1155
5852.731499999999	1232.154
5852.731499999999	1540.1925
5852.731499999999	1848.2310000000002
5852.731499999999	2156.2695000000003
5852.731499999999	2464.3080000000004
5852.731499999999	2772.3465000000006
5852.731499999999	3080.3850000000007
5852.731499999999	3388.423500000001
5852.731499999999	3696.462000000001
5852.731499999999	4004.500500000001
5852.731499999999	4312.539000000001
5852.731499999999	4620.5775
5852.731499999999	4928.616
5852.731499999999	5236.6545
5852.731499999999	5544.692999999999
5852.731499999999	5852.731499999999
5852.731499999999	6160.769999999999
5852.731499999999	6468.808499999998
6160.769999999999	0.0
6160.769999999999	308.0385
6160.769999999999	616.077
6160.769999999999	924.1155
6160.769999999999	1232.154
6160.769999999999	1540.1925
6160.769999999999	1848.2310000000002
6160.769999999999	2156.2695000000003
6160.769999999999	2464.3080000000004
6160.769999999999	2772.3465000000006
6160.769999999999	3080.3850000000007
6160.769999999999	3388.423500000001
6160.769999999999	3696.462000000001
6160.769999999999	4004.500500000001
6160.769999999999	4312.539000000001
6160.769999999999	4620.5775
6160.769999999999	4928.616
6160.769999999999	5236.6545
6160.769999999999	5544.692999999999
6160.769999999999	5852.731499999999
6160.769999999999	6160.769999999999
6160.769999999999	6468.808499999998
6468.808499999998	0.0
6468.808499999998	308.0385
6468.808499999998	616.077
6468.808499999998	924.1155
6468.808499999998	1232.154
6468.808499999998	1540.1925
6468.808499999998	1848.2310000000002
6468.808499999998	2156.2695000000003
6468.808499999998	2464.3080000000004
6468.808499999998	2772.3465000000006
6468.808499999998	3080.3850000000007
6468.808499999998	3388.423500000001
6468.808499999998	3696.462000000001
6468.808499999998	4004.500500000001
6468.808499999998	4312.539000000001
6468.808499999998	4620.5775
6468.808499999998	4928.616
6468.808499999998	5236.6545
6468.808499999998	5544.692999999999
6468.808499999998	5852.731499999999
6468.808499999998	6160.769999999999
6468.808499999998	6468.808499999998
6776.846999999998	0.0
6776.846999999998	308.0385
6776.846999999998	616.077
6776.846999999998	924.1155
6776.846999999998	1232.154
6776.846999999998	1540.1925
6776.846999999998	1848.2310000000002
6776.846999999998	2156.2695000000003
6776.846999999998	2464.3080000000004
6776.846999999998	2772.3465000000006
6776.846999999998	3080.3850000000007
6776.846999999998	3388.423500000001
6776.846999999998	3696.462000000001
6776.846999999998	4004.500500000001
6776.846999999998	4312.539000000001
6776.846999999998	4620.5775
6776.846999999998	4928.616
6776.846999999998	5236.6545
6776.846999999998	5544.692999999999
6776.846999999998	5852.731499999999
6776.846999999998	6160.769999999999
6776.846999999998	6468.808499999998
7084.885499999998	0.0
7084.885499999998	308.0385
7084.885499999998	616.077
7084.885499999998	924.1155
7084.885499999998	1232.154
7084.885499999998	1540.1925
7084.885499999998	1848.2310000000002
7084.885499999998	2156.2695000000003
7084.885499999998	2464.3080000000004
7084.885499999998	2772.3465000000006
7084.885499999998	3080.3850000000007
7084.885499999998	3388.423500000001
7084.885499999998	3696.462000000001
7084.885499999998	4004.500500000001
7084.885499999998	4312.539000000001
7084.885499999998	4620.5775
7084.885499999998	4928.616
7084.885499999998	5236.6545
7084.885499999998	5544.692999999999
7084.885499999998	5852.731499999999
7084.885499999998	6160.769999999999
7084.885499999998	6468.808499999998
7392.923999999997	0.0
7392.923999999997	308.0385
7392.923999999997	616.077
7392.923999999997	924.1155
7392.923999999997	1232.154
7392.923999999997	1540.1925
7392.923999999997	1848.2310000000002
7392.923999999997	2156.2695000000003
7392.923999999997	2464.3080000000004
7392.923999999997	2772.3465000000006
7392.923999999997	3080.3850000000007
7392.923999999997	3388.423500000001
7392.923999999997	3696.462000000001
7392.923999999997	4004.500500000001
7392.923999999997	4312.539000000001
7392.923999999997	4620.5775
7392.923999999997	4928.616
7392.923999999997	5236.6545
7392.923999999997	5544.692999999999
7392.923999999997	5852.731499999999
7392.923999999997	6160.769999999999
7392.923999999997	6468.808499999998
7700.962499999997	0.0
7700.962499999997	308.0385
7700.962499999997	616.077
7700.962499999997	924.1155
7700.962499999997	1232.154
7700.962499999997	1540.1925
7700.962499999997	1848.2310000000002
7700.962499999997	2156.2695000000003
7700.962499999997	2464.3080000000004
7700.962499999997	2772.3465000000006
7700.962499999997	3080.3850000000007
7700.962499999997	3388.423500000001
7700.962499999997	3696.462000000001
7700.962499999997	4004.500500000001
7700.962499999997	4312.539000000001
7700.962499999997	4620.5775
7700.962499999997	4928.616
7700.962499999997	5236.6545
7700.962499999997	5544.692999999999
7700.962499999997	5852.731499999999
7700.962499999997	6160.769999999999
7700.962499999997	6468.808499999998
8009.000999999997	0.0
8009.000999999997	308.0385
8009.000999999997	616.077
8009.000999999997	924.1155
8009.000999999997	1232.154
8009.000999999997	1540.1925
8009.000999999997	1848.2310000000002
8009.000999999997	2156.2695000000003
8009.000999999997	2464.3080000000004
8009.000999999997	2772.3465000000006
8009.000999999997	3080.3850000000007
8009.000999999997	3388.423500000001
8009.000999999997	3696.462000000001
8009.000999999997	4004.500500000001
8009.000999999997	4312.539000000001
8009.000999999997	4620.5775
8009.000999999997	4928.616
8009.000999999997	5236.6545
8009.000999999997	5544.692999999999
8009.000999999997	5852.731499999999
8009.000999999997	6160.769999999999
8009.000999999997	6468.808499999998
8317.039499999997	0.0
8317.039499999997	308.0385
8317.039499999997	616.077
8317.039499999997	924.1155
8317.039499999997	1232.154
8317.039499999997	1540.1925
8317.039499999997	1848.2310000000002
8317.039499999997	2156.2695000000003
8317.039499999997	2464.3080000000004
8317.039499999997	2772.3465000000006
8317.039499999997	3080.3850000000007
8317.039499999997	3388.423500000001
8317.039499999997	3696.462000000001
8317.039499999997	4004.500500000001
8317.039499999997	4312.539000000001
8317.039499999997	4620.5775
8317.039499999997	4928.616
8317.039499999997	5236.6545
8317.039499999997	5544.692999999999
8317.039499999997	5852.731499999999
8317.039499999997	6160.769999999999
8317.039499999997	6468.808499999998
8625.077999999998	0.0
8625.077999999998	308.0385
8625.077999999998	616.077
8625.077999999998	924.1155
8625.077999999998	1232.154
8625.077999999998	1540.1925
8625.077999999998	1848.2310000000002
8625.077999999998	2156.2695000000003
8625.077999999998	2464.3080000000004
8625.077999999998	2772.3465000000006
8625.077999999998	3080.3850000000007
8625.077999999998	3388.423500000001
8625.077999999998	3696.462000000001
8625.077999999998	4004.500500000001
8625.077999999998	4312.539000000001
8625.077999999998	4620.5775
8625.077999999998	4928.616
8625.077999999998	5236.6545
8625.077999999998	5544.692999999999
8625.077999999998	5852.731499999999
8625.077999999998	6160.769999999999
8625.077999999998	6468.808499999998
8933.116499999998	0.0
8933.116499999998	308.0385
8933.116499999998	616.077
8933.116499999998	924.1155
8933.116499999998	1232.154
8933.116499999998	1540.1925
8933.116499999998	1848.2310000000002
8933.116499999998	2156.2695000000003
8933.116499999998	2464.3080000000004
8933.116499999998	2772.3465000000006
8933.116499999998	3080.3850000000007
8933.116499999998	3388.423500000001
8933.116499999998	3696.462000000001
8933.116499999998	4004.500500000001
8933.116499999998	4312.539000000001
8933.116499999998	4620.5775
8933.116499999998	4928.616
8933.116499999998	5236.6545
8933.116499999998	5544.692999999999
8933.116499999998	5852.731499999999
8933.116499999998	6160.769999999999
8933.116499999998	6468.808499999998
GRID-End
num_of_evaluations 2000
best obj 0.0012379980767476535
LLH0	49
LLH1	26
LLH2	27
LLH3	36
LLH4	87
LLH5	69
LLH6	70