Initial objective 0.0013237376752460608	 Seed value 252436622
1	 LLH-3	0.0014336386376548275	0.0014336386376548275
2	 LLH-3	0.0013023147195865277	0.0013023147195865277
3	 LLH-5	0.0013023465171786638	0.0013023465171786638
4	 LLH-4	0.0013010677928287958	0.0013010677928287958
8	 LLH-3	0.0012683644904171532	0.0012683644904171532
9	 LLH-1	0.0012687936961122612	0.0012687936961122612
10	 LLH-1	0.0012687936961122612	0.0012687936961122612
11	 LLH-5	0.0012687579897144952	0.0012687579897144952
12	 LLH-3	0.0012462058361914637	0.0012462058361914637
13	 LLH-3	0.001250684853762366	0.001250684853762366
14	 LLH-5	0.001250816091629228	0.001250816091629228
15	 LLH-3	0.0012790726445228227	0.0012790726445228227
16	 LLH-2	0.0012813516189896495	0.0012813516189896495
17	 LLH-3	0.0012708247478030732	0.0012708247478030732
18	 LLH-5	0.0012708743572537474	0.0012708743572537474
19	 LLH-4	0.0012698744848903465	0.0012698744848903465
23	 LLH-0	0.0012688138080436343	0.0012688138080436343
24	 LLH-0	0.001269556825102336	0.001269556825102336
25	 LLH-1	0.0012694828484686028	0.0012694828484686028
26	 LLH-5	0.001270416055678703	0.001270416055678703
27	 LLH-6	0.0012689050278622475	0.0012689050278622475
28	 LLH-1	0.0012689050278622475	0.0012689050278622475
29	 LLH-2	0.0012694124884678425	0.0012694124884678425
30	 LLH-1	0.0012694124884678425	0.0012694124884678425
31	 LLH-1	0.0012694124884678425	0.0012694124884678425
32	 LLH-5	0.0012689134370181062	0.0012689134370181062
33	 LLH-6	0.0012698098930615208	0.0012698098930615208
34	 LLH-4	0.0012687058189168614	0.0012687058189168614
36	 LLH-4	0.0012679208866892744	0.0012679208866892744
39	 LLH-4	0.0012669782981026207	0.0012669782981026207
41	 LLH-6	0.0012667374858243408	0.0012667374858243408
42	 LLH-1	0.0012668236876458004	0.0012668236876458004
43	 LLH-2	0.0012825618996954683	0.0012825618996954683
44	 LLH-0	0.0012837614223634105	0.0012837614223634105
45	 LLH-1	0.0012839386872480131	0.0012839386872480131
46	 LLH-6	0.0012816651604435033	0.0012816651604435033
47	 LLH-4	0.0012807255149326667	0.0012807255149326667
49	 LLH-3	0.0013689937936285249	0.0013689937936285249
50	 LLH-0	0.0013714598796424964	0.0013714598796424964
51	 LLH-2	0.001339871342029694	0.001339871342029694
52	 LLH-3	0.0014712715365552155	0.0014712715365552155
53	 LLH-6	0.0014714910610820636	0.0014714910610820636
54	 LLH-0	0.0014676855722214766	0.0014676855722214766
55	 LLH-5	0.0014672798806875513	0.0014672798806875513
56	 LLH-1	0.0014672798806875513	0.0014672798806875513
57	 LLH-2	0.0014393253023461906	0.0014393253023461906
58	 LLH-6	0.0014378313349170592	0.0014378313349170592
59	 LLH-4	0.0014347960018416595	0.0014347960018416595
61	 LLH-0	0.0014317558593016353	0.0014317558593016353
62	 LLH-6	0.0014328512341013908	0.0014328512341013908
63	 LLH-4	0.0014295835075388637	0.0014295835075388637
65	 LLH-6	0.001431247356667404	0.001431247356667404
66	 LLH-4	0.0014282578014120728	0.0014282578014120728
69	 LLH-1	0.0014282015057424735	0.0014282015057424735
70	 LLH-6	0.001429948788480379	0.001429948788480379
71	 LLH-3	0.00129623428160366	0.00129623428160366
72	 LLH-3	0.0013772732281437988	0.0013772732281437988
73	 LLH-1	0.0013766810750047778	0.0013766810750047778
74	 LLH-2	0.0013717503460820612	0.0013717503460820612
75	 LLH-1	0.0013717503460820612	0.0013717503460820612
76	 LLH-0	0.0013692493082650954	0.0013692493082650954
77	 LLH-1	0.0013692493082650954	0.0013692493082650954
78	 LLH-5	0.0013693776546253875	0.0013693776546253875
79	 LLH-4	0.0013671632427745147	0.0013671632427745147
81	 LLH-4	0.0013646625957799315	0.0013646625957799315
84	 LLH-3	0.0012847667578395716	0.0012847667578395716
85	 LLH-3	0.0013731321735245417	0.0013731321735245417
86	 LLH-0	0.0013757700632429553	0.0013757700632429553
87	 LLH-5	0.0013762836089501833	0.0013762836089501833
88	 LLH-4	0.0013737376561972557	0.0013737376561972557
90	 LLH-6	0.0013744569568462156	0.0013744569568462156
91	 LLH-6	0.0013728290285357052	0.0013728290285357052
92	 LLH-1	0.0013730686906173865	0.0013730686906173865
93	 LLH-2	0.0013467594667956042	0.0013467594667956042
94	 LLH-6	0.001348906208925363	0.001348906208925363
95	 LLH-3	0.001270623317120133	0.001270623317120133
96	 LLH-5	0.0012712511618016347	0.0012712511618016347
97	 LLH-3	0.0012502017460764416	0.0012502017460764416
98	 LLH-6	0.0012492902444806839	0.0012492902444806839
99	 LLH-3	0.0012498181719981794	0.0012498181719981794
100	 LLH-5	0.0012500014028280673	0.0012500014028280673
101	 LLH-0	0.0012508628440187676	0.0012508628440187676
102	 LLH-1	0.0012508628440187676	0.0012508628440187676
103	 LLH-6	0.0012501196054001682	0.0012501196054001682
104	 LLH-0	0.0012505975686924323	0.0012505975686924323
105	 LLH-6	0.0012506186301505867	0.0012506186301505867
106	 LLH-5	0.001250528217708057	0.001250528217708057
107	 LLH-3	0.0012869677068914913	0.0012869677068914913
108	 LLH-6	0.001286745262054101	0.001286745262054101
109	 LLH-4	0.0012856702850720584	0.0012856702850720584
111	 LLH-5	0.001286894124005445	0.001286894124005445
112	 LLH-6	0.0012875733870557331	0.0012875733870557331
113	 LLH-6	0.0012875169781950378	0.0012875169781950378
114	 LLH-3	0.0013335204551579323	0.0013335204551579323
115	 LLH-5	0.0013328731074165375	0.0013328731074165375
116	 LLH-4	0.0013310116720230433	0.0013310116720230433
118	 LLH-2	0.001343208408404304	0.001343208408404304
119	 LLH-0	0.0013448066159409357	0.0013448066159409357
120	 LLH-6	0.001344574271606655	0.001344574271606655
121	 LLH-6	0.0013454375799471763	0.0013454375799471763
122	 LLH-2	0.0013228488605102448	0.0013228488605102448
123	 LLH-2	0.0013162650727356466	0.0013162650727356466
124	 LLH-0	0.0013144885968749288	0.0013144885968749288
125	 LLH-5	0.0013150212250398997	0.0013150212250398997
126	 LLH-6	0.0013143468316213058	0.0013143468316213058
127	 LLH-5	0.0013138431890955652	0.0013138431890955652
128	 LLH-1	0.001313606512892757	0.001313606512892757
129	 LLH-4	0.0013122485545546407	0.0013122485545546407
131	 LLH-1	0.0013122485545546407	0.0013122485545546407
132	 LLH-3	0.0014187409947353426	0.0014187409947353426
133	 LLH-2	0.0014046361296172188	0.0014046361296172188
134	 LLH-1	0.0014043986020083519	0.0014043986020083519
135	 LLH-0	0.0014017324826128726	0.0014017324826128726
136	 LLH-0	0.0013991782782536413	0.0013991782782536413
137	 LLH-6	0.0013977171492160906	0.0013977171492160906
138	 LLH-3	0.001606594590763899	0.001606594590763899
139	 LLH-0	0.0016132692961839282	0.001606594590763899
140	 LLH-0	0.0016006039425501047	0.0016006039425501047
141	 LLH-4	0.0015944479060705627	0.0015944479060705627
143	 LLH-1	0.0015944479060705627	0.0015944479060705627
144	 LLH-0	0.0015887365914262414	0.0015887365914262414
145	 LLH-6	0.0015917798048055223	0.0015917798048055223
146	 LLH-2	0.001467698315206711	0.001467698315206711
147	 LLH-2	0.0014343502555273528	0.0014343502555273528
148	 LLH-1	0.0014343397935003379	0.0014343397935003379
149	 LLH-0	0.0014316168620824626	0.0014316168620824626
150	 LLH-5	0.0014312636055524922	0.0014312636055524922
151	 LLH-5	0.0014319819977520536	0.0014319819977520536
152	 LLH-3	0.0012998987213245733	0.0012998987213245733
153	 LLH-4	0.0012984079504540502	0.0012984079504540502
155	 LLH-4	0.001297145144018369	0.001297145144018369
157	 LLH-6	0.0012976257196353317	0.0012976257196353317
158	 LLH-2	0.001290157431095689	0.001290157431095689
159	 LLH-6	0.001290982230174664	0.001290982230174664
160	 LLH-0	0.0012897008057616431	0.0012897008057616431
161	 LLH-0	0.0012884483553696803	0.0012884483553696803
162	 LLH-2	0.0013011247794338673	0.0013011247794338673
163	 LLH-5	0.0013013217650868103	0.0013013217650868103
164	 LLH-2	0.001301780357684201	0.001301780357684201
165	 LLH-5	0.0013012465179719672	0.0013012465179719672
166	 LLH-0	0.0012998279759334286	0.0012998279759334286
167	 LLH-1	0.0012998279759334286	0.0012998279759334286
168	 LLH-2	0.0013250527545657343	0.0013250527545657343
169	 LLH-1	0.0013250527545657343	0.0013250527545657343
170	 LLH-2	0.0013094731871887756	0.0013094731871887756
171	 LLH-6	0.0013088439652370232	0.0013088439652370232
172	 LLH-4	0.0013075980957994214	0.0013075980957994214
174	 LLH-5	0.0013078418139404408	0.0013078418139404408
175	 LLH-5	0.0013083412976232847	0.0013083412976232847
176	 LLH-4	0.0013070703347033844	0.0013070703347033844
179	 LLH-1	0.0013070703347033844	0.0013070703347033844
180	 LLH-3	0.0014357536810285516	0.0014357536810285516
181	 LLH-5	0.0014354613065773992	0.0014354613065773992
182	 LLH-2	0.001360606626043849	0.001360606626043849
183	 LLH-1	0.001360606626043849	0.001360606626043849
184	 LLH-5	0.0013601671372075992	0.0013601671372075992
185	 LLH-1	0.0013601671372075992	0.0013601671372075992
186	 LLH-1	0.0013606060339585156	0.0013606060339585156
187	 LLH-5	0.0013587729515256034	0.0013587729515256034
188	 LLH-5	0.0013601738370977987	0.0013601738370977987
189	 LLH-2	0.0013690735980500868	0.0013690735980500868
190	 LLH-3	0.0012809627433550707	0.0012809627433550707
191	 LLH-0	0.0012820669586945405	0.0012820669586945405
192	 LLH-1	0.0012820669586945405	0.0012820669586945405
193	 LLH-5	0.001282303487846542	0.001282303487846542
194	 LLH-3	0.0013674578037022435	0.001282303487846542
195	 LLH-4	0.0012812550874595193	0.0012812550874595193
199	 LLH-1	0.0012812550874595193	0.0012812550874595193
200	 LLH-2	0.0013027014919008695	0.0013027014919008695
201	 LLH-3	0.0012620019973914366	0.0012620019973914366
202	 LLH-1	0.0012620019973914366	0.0012620019973914366
203	 LLH-1	0.0012620019973914366	0.0012620019973914366
204	 LLH-2	0.0012608151330207424	0.0012608151330207424
205	 LLH-1	0.0012608151330207424	0.0012608151330207424
206	 LLH-3	0.0013241433224591341	0.0013241433224591341
207	 LLH-4	0.0013229018594760602	0.0013229018594760602
210	 LLH-4	0.0013209125497276072	0.0013209125497276072
212	 LLH-1	0.0013209125497276072	0.0013209125497276072
213	 LLH-6	0.0013207004730862485	0.0013207004730862485
214	 LLH-3	0.001275592106775336	0.001275592106775336
215	 LLH-0	0.0012764642747305184	0.0012764642747305184
216	 LLH-6	0.00127770152779841	0.00127770152779841
217	 LLH-1	0.00127770152779841	0.00127770152779841
218	 LLH-1	0.0012778379303609293	0.0012778379303609293
219	 LLH-0	0.0012790443046284614	0.0012790443046284614
220	 LLH-0	0.0012798309878019579	0.0012798309878019579
221	 LLH-6	0.0012777059293865292	0.0012777059293865292
222	 LLH-3	0.0013432837629649438	0.0013432837629649438
223	 LLH-4	0.0013413771855907495	0.0013413771855907495
225	 LLH-3	0.0014640984766859549	0.0014640984766859549
226	 LLH-3	0.0012882141726998611	0.0012882141726998611
227	 LLH-6	0.0012884770964753513	0.0012884770964753513
228	 LLH-0	0.001287273823993775	0.001287273823993775
229	 LLH-1	0.001287309650142251	0.001287309650142251
230	 LLH-4	0.001285941779773633	0.001285941779773633
235	 LLH-2	0.0012973415156633823	0.0012973415156633823
236	 LLH-3	0.0012764648707367632	0.0012764648707367632
237	 LLH-1	0.0012762565730572635	0.0012762565730572635
238	 LLH-1	0.0012760382702348063	0.0012760382702348063
239	 LLH-0	0.0012772876996927354	0.0012772876996927354
240	 LLH-1	0.0012772391265811387	0.0012772391265811387
241	 LLH-5	0.0012773095466336525	0.0012773095466336525
242	 LLH-6	0.0012784291588416536	0.0012784291588416536
243	 LLH-6	0.0012765767118351021	0.0012765767118351021
244	 LLH-2	0.0012676894852561957	0.0012676894852561957
245	 LLH-4	0.0012667314828832452	0.0012667314828832452
247	 LLH-5	0.0012666121464944172	0.0012666121464944172
248	 LLH-2	0.001270548755823976	0.001270548755823976
249	 LLH-2	0.001271455950544348	0.001271455950544348
250	 LLH-5	0.0012721767725377164	0.0012721767725377164
251	 LLH-4	0.0012721767725377164	0.0012721767725377164
256	 LLH-2	0.0012793157394219638	0.0012793157394219638
257	 LLH-6	0.001277872156751938	0.001277872156751938
258	 LLH-6	0.0012787917470383245	0.0012787917470383245
259	 LLH-3	0.0012573785412458276	0.0012573785412458276
260	 LLH-2	0.0012582233255055326	0.0012582233255055326
261	 LLH-1	0.001258193045006043	0.001258193045006043
262	 LLH-0	0.0012590937220102794	0.0012590937220102794
263	 LLH-6	0.0012583408505272746	0.0012583408505272746
264	 LLH-6	0.0012566762427634326	0.0012566762427634326
265	 LLH-5	0.0012560337822023187	0.0012560337822023187
266	 LLH-4	0.0012549452502408176	0.0012549452502408176
268	 LLH-3	0.0012606239536905386	0.0012606239536905386
269	 LLH-3	0.0012539000897020041	0.0012539000897020041
270	 LLH-6	0.0012531581570144094	0.0012531581570144094
271	 LLH-3	0.0012523572746832132	0.0012523572746832132
272	 LLH-2	0.0012578564284830929	0.0012578564284830929
273	 LLH-1	0.0012578564284830929	0.0012578564284830929
274	 LLH-0	0.0012583590439391242	0.0012583590439391242
275	 LLH-1	0.0012583590439391242	0.0012583590439391242
276	 LLH-3	0.0012431560094935353	0.0012431560094935353
277	 LLH-4	0.0012431560094935353	0.0012431560094935353
282	 LLH-1	0.0012432130050514766	0.0012432130050514766
283	 LLH-6	0.0012430929008372116	0.0012430929008372116
284	 LLH-1	0.0012430929008372116	0.0012430929008372116
285	 LLH-1	0.0012430929008372116	0.0012430929008372116
286	 LLH-6	0.001243802478900367	0.001243802478900367
287	 LLH-2	0.0012501589527697703	0.0012501589527697703
288	 LLH-0	0.001250700737814105	0.001250700737814105
289	 LLH-6	0.0012514272046593906	0.0012514272046593906
290	 LLH-0	0.0012525835740947618	0.0012525835740947618
291	 LLH-3	0.001245542933806804	0.001245542933806804
292	 LLH-3	0.0012525889000370113	0.0012525889000370113
293	 LLH-6	0.001252533732591119	0.001252533732591119
294	 LLH-2	0.0012522035344889875	0.0012522035344889875
295	 LLH-6	0.001252302111932997	0.001252302111932997
296	 LLH-2	0.0012650101880208294	0.001252302111932997
297	 LLH-1	0.001252302111932997	0.001252302111932997
298	 LLH-4	0.0012517158735779355	0.0012517158735779355
303	 LLH-5	0.0012521970466925793	0.0012521970466925793
304	 LLH-6	0.0012529453389614421	0.0012529453389614421
305	 LLH-6	0.0012522477338765025	0.0012522477338765025
306	 LLH-6	0.0012503817872204202	0.0012503817872204202
307	 LLH-4	0.0012503817872204202	0.0012503817872204202
312	 LLH-1	0.0012503817872204202	0.0012503817872204202
313	 LLH-2	0.001253341255071817	0.001253341255071817
314	 LLH-4	0.0012526041090454	0.0012526041090454
319	 LLH-0	0.0012520046507172567	0.0012520046507172567
320	 LLH-2	0.0012541448735843947	0.0012541448735843947
321	 LLH-3	0.0012599567181526905	0.0012599567181526905
322	 LLH-0	0.0012608537534422896	0.0012608537534422896
323	 LLH-1	0.0012608537534422896	0.0012608537534422896
324	 LLH-6	0.0012617154608465246	0.0012617154608465246
325	 LLH-4	0.0012617154608465246	0.0012617154608465246
330	 LLH-1	0.0012619276220862726	0.0012619276220862726
331	 LLH-0	0.0012610250217995513	0.0012610250217995513
332	 LLH-0	0.0012615963454893032	0.0012615963454893032
333	 LLH-6	0.0012608428445209405	0.0012608428445209405
334	 LLH-0	0.0012614365820131834	0.0012614365820131834
335	 LLH-6	0.0012609627065191915	0.0012609627065191915
336	 LLH-6	0.001260791203667096	0.001260791203667096
337	 LLH-4	0.001260791203667096	0.001260791203667096
342	 LLH-4	0.0012603116044656005	0.0012603116044656005
347	 LLH-1	0.0012603116044656005	0.0012603116044656005
348	 LLH-1	0.0012602893213496755	0.0012602893213496755
349	 LLH-3	0.0012502489607317342	0.0012502489607317342
350	 LLH-6	0.0012517115261399397	0.0012517115261399397
351	 LLH-5	0.00125142566424065	0.00125142566424065
352	 LLH-4	0.00125142566424065	0.00125142566424065
357	 LLH-6	0.0012519728769994675	0.0012519728769994675
358	 LLH-6	0.001250961948520261	0.001250961948520261
359	 LLH-4	0.001250961948520261	0.001250961948520261
364	 LLH-0	0.0012516702492075288	0.0012516702492075288
365	 LLH-6	0.0012512243075566364	0.0012512243075566364
366	 LLH-0	0.0012516606610163713	0.0012516606610163713
367	 LLH-5	0.0012515469432358736	0.0012515469432358736
368	 LLH-4	0.0012509147432491102	0.0012509147432491102
373	 LLH-5	0.0012508886899326936	0.0012508886899326936
374	 LLH-0	0.0012514802748514694	0.0012514802748514694
375	 LLH-4	0.0012504686513081838	0.0012504686513081838
378	 LLH-6	0.0012508167817951786	0.0012508167817951786
379	 LLH-5	0.0012508288207051688	0.0012508288207051688
380	 LLH-6	0.0012494672628712666	0.0012494672628712666
381	 LLH-1	0.0012494672628712666	0.0012494672628712666
382	 LLH-3	0.0012752967572817204	0.0012752967572817204
383	 LLH-1	0.0012754225572035082	0.0012754225572035082
384	 LLH-4	0.0012740305570285314	0.0012740305570285314
387	 LLH-4	0.0012727427583347842	0.0012727427583347842
389	 LLH-0	0.0012740394416354574	0.0012740394416354574
390	 LLH-4	0.0012730377603204644	0.0012730377603204644
392	 LLH-6	0.001273225559838752	0.001273225559838752
393	 LLH-0	0.0012741918392001274	0.0012741918392001274
394	 LLH-5	0.0012738805603823334	0.0012738805603823334
395	 LLH-6	0.0012738338849397869	0.0012738338849397869
396	 LLH-1	0.0012738338849397869	0.0012738338849397869
397	 LLH-4	0.0012726132931283698	0.0012726132931283698
400	 LLH-3	0.0013731548455409406	0.0012726132931283698
401	 LLH-3	0.0013608804225600812	0.0012726132931283698
402	 LLH-4	0.0012726132931283698	0.0012726132931283698
407	 LLH-6	0.0012721898169760662	0.0012721898169760662
408	 LLH-4	0.0012712020582195877	0.0012712020582195877
411	 LLH-0	0.0012721619418732733	0.0012721619418732733
412	 LLH-4	0.001270986681482587	0.001270986681482587
415	 LLH-6	0.0012710461348932878	0.0012710461348932878
416	 LLH-1	0.0012709583781458384	0.0012709583781458384
417	 LLH-3	0.0012552865420205422	0.0012552865420205422
418	 LLH-4	0.0012546510889710344	0.0012546510889710344
420	 LLH-6	0.0012550523741747968	0.0012550523741747968
421	 LLH-6	0.001254206984552065	0.001254206984552065
422	 LLH-5	0.0012545989342484525	0.0012545989342484525
423	 LLH-1	0.0012545989342484525	0.0012545989342484525
424	 LLH-2	0.0012695523945034119	0.0012695523945034119
425	 LLH-6	0.0012702148616786102	0.0012702148616786102
426	 LLH-2	0.0012762417146028378	0.0012762417146028378
427	 LLH-1	0.0012762417146028378	0.0012762417146028378
428	 LLH-2	0.0012836115461696547	0.0012836115461696547
429	 LLH-4	0.0012836115461696547	0.0012836115461696547
434	 LLH-3	0.0013618627416642239	0.0012836115461696547
435	 LLH-6	0.0012824083810452172	0.0012824083810452172
436	 LLH-2	0.0012744825069364195	0.0012744825069364195
437	 LLH-2	0.0012827899827083408	0.0012827899827083408
438	 LLH-3	0.0012671380897934582	0.0012671380897934582
439	 LLH-2	0.0012641092175860978	0.0012641092175860978
440	 LLH-0	0.00126504390989673	0.00126504390989673
441	 LLH-5	0.0012649059668243766	0.0012649059668243766
442	 LLH-5	0.0012652271707350195	0.0012652271707350195
443	 LLH-3	0.0013260394874753294	0.0013260394874753294
444	 LLH-2	0.001308343555398759	0.001308343555398759
445	 LLH-2	0.001308542194192157	0.001308542194192157
446	 LLH-2	0.0013213465005112337	0.0013213465005112337
447	 LLH-1	0.0013209754320698838	0.0013209754320698838
448	 LLH-4	0.001319295767028746	0.001319295767028746
451	 LLH-3	0.0014365822171549464	0.001319295767028746
452	 LLH-2	0.001304566583830424	0.001304566583830424
453	 LLH-4	0.0013031749418241948	0.0013031749418241948
456	 LLH-6	0.0013038752056405945	0.0013038752056405945
457	 LLH-2	0.001324219752344129	0.001324219752344129
458	 LLH-0	0.0013255760021044167	0.0013255760021044167
459	 LLH-5	0.0013267709797673394	0.0013267709797673394
460	 LLH-2	0.0013060299756018497	0.0013060299756018497
461	 LLH-2	0.00133082386225918	0.00133082386225918
462	 LLH-2	0.0013113903798197494	0.0013113903798197494
463	 LLH-0	0.0013099146508994595	0.0013099146508994595
464	 LLH-3	0.001441615292010174	0.0013099146508994595
465	 LLH-3	0.0014475624228094811	0.0013099146508994595
466	 LLH-0	0.0013083179110565364	0.0013083179110565364
467	 LLH-6	0.0013071845340154376	0.0013071845340154376
468	 LLH-3	0.0012650008945993768	0.0012650008945993768
469	 LLH-1	0.0012649709179581759	0.0012649709179581759
470	 LLH-6	0.0012644168072621005	0.0012644168072621005
471	 LLH-4	0.0012635743603648178	0.0012635743603648178
476	 LLH-1	0.0012635743603648178	0.0012635743603648178
477	 LLH-1	0.0012635743603648178	0.0012635743603648178
478	 LLH-6	0.0012631279565762403	0.0012631279565762403
479	 LLH-2	0.0012721224261763365	0.0012721224261763365
480	 LLH-3	0.0013515202583944783	0.0012721224261763365
481	 LLH-4	0.0012712240056313034	0.0012712240056313034
485	 LLH-5	0.0012704329212635342	0.0012704329212635342
486	 LLH-5	0.0012697024332663702	0.0012697024332663702
487	 LLH-3	0.0012582739079704	0.0012582739079704
488	 LLH-5	0.001258611267437021	0.001258611267437021
489	 LLH-6	0.001261625933197082	0.001261625933197082
490	 LLH-1	0.001261625933197082	0.001261625933197082
491	 LLH-3	0.0013136339284239439	0.0013136339284239439
492	 LLH-2	0.0013213579895704592	0.0013213579895704592
493	 LLH-1	0.0013213579895704592	0.0013213579895704592
494	 LLH-5	0.0013217413661661456	0.0013217413661661456
495	 LLH-4	0.0013203287404815259	0.0013203287404815259
497	 LLH-5	0.0013208984541574148	0.0013208984541574148
498	 LLH-1	0.0013208984541574148	0.0013208984541574148
499	 LLH-4	0.001319301967238307	0.001319301967238307
501	 LLH-6	0.0013194544139119198	0.0013194544139119198
502	 LLH-3	0.0012631903422113595	0.0012631903422113595
503	 LLH-6	0.0012631364413645551	0.0012631364413645551
504	 LLH-1	0.0012631364413645551	0.0012631364413645551
505	 LLH-6	0.0012622890547038658	0.0012622890547038658
506	 LLH-1	0.0012624682464537317	0.0012624682464537317
507	 LLH-0	0.001263161717451879	0.001263161717451879
508	 LLH-2	0.0012799953686140183	0.0012799953686140183
509	 LLH-4	0.0012791254949437061	0.0012791254949437061
511	 LLH-3	0.0013544586716795386	0.0012791254949437061
512	 LLH-6	0.0012780463215018968	0.0012780463215018968
513	 LLH-3	0.0012551013213012944	0.0012551013213012944
514	 LLH-3	0.001245867813017677	0.001245867813017677
515	 LLH-1	0.001245867813017677	0.001245867813017677
516	 LLH-6	0.0012453007917109624	0.0012453007917109624
517	 LLH-4	0.0012453007917109624	0.0012453007917109624
522	 LLH-6	0.0012463512233257589	0.0012463512233257589
523	 LLH-6	0.001246628916844316	0.001246628916844316
524	 LLH-3	0.0012868849765382386	0.001246628916844316
525	 LLH-3	0.0012797996627790646	0.0012797996627790646
526	 LLH-4	0.0012788878755547065	0.0012788878755547065
529	 LLH-2	0.0012931700480851697	0.0012931700480851697
530	 LLH-0	0.0012942589068338773	0.0012942589068338773
531	 LLH-3	0.001380555234431735	0.001380555234431735
532	 LLH-0	0.0013781310776781487	0.0013781310776781487
533	 LLH-0	0.0013753612097709678	0.0013753612097709678
534	 LLH-6	0.0013769174199848482	0.0013769174199848482
535	 LLH-5	0.0013756822396520595	0.0013756822396520595
536	 LLH-2	0.001355228667456034	0.001355228667456034
537	 LLH-3	0.001284412126013408	0.001284412126013408
538	 LLH-6	0.0012849871712567015	0.0012849871712567015
539	 LLH-0	0.0012861841125526902	0.0012861841125526902
540	 LLH-6	0.0012861033166101732	0.0012861033166101732
541	 LLH-3	0.0013286024028198967	0.0012861033166101732
542	 LLH-6	0.0012841871562044589	0.0012841871562044589
543	 LLH-4	0.00128309251148039	0.00128309251148039
545	 LLH-1	0.00128309251148039	0.00128309251148039
546	 LLH-6	0.0012843833468219926	0.0012843833468219926
547	 LLH-0	0.0012831620142251877	0.0012831620142251877
548	 LLH-2	0.001284737954255078	0.001284737954255078
549	 LLH-5	0.0012835289338830034	0.0012835289338830034
550	 LLH-6	0.0012834768132518326	0.0012834768132518326
551	 LLH-1	0.0012830127941624919	0.0012830127941624919
552	 LLH-4	0.0012819738584710146	0.0012819738584710146
555	 LLH-3	0.0013865563472714067	0.0012819738584710146
556	 LLH-2	0.0012853805774817825	0.0012853805774817825
557	 LLH-3	0.0012650981072999939	0.0012650981072999939
558	 LLH-6	0.001265517829255701	0.001265517829255701
559	 LLH-3	0.0013044431319383276	0.0013044431319383276
560	 LLH-2	0.0013207628811740739	0.0013207628811740739
561	 LLH-0	0.0013224522788995636	0.0013224522788995636
562	 LLH-1	0.0013224522788995636	0.0013224522788995636
563	 LLH-6	0.0013221780473607152	0.0013221780473607152
564	 LLH-5	0.0013206646062325707	0.0013206646062325707
565	 LLH-1	0.0013206976862287362	0.0013206976862287362
566	 LLH-1	0.0013206976862287362	0.0013206976862287362
567	 LLH-1	0.0013206976862287362	0.0013206976862287362
568	 LLH-3	0.0014101294274915242	0.0014101294274915242
569	 LLH-1	0.0014101294274915242	0.0014101294274915242
570	 LLH-1	0.0014101294274915242	0.0014101294274915242
571	 LLH-2	0.0013841426802504366	0.0013841426802504366
572	 LLH-1	0.0013841426802504366	0.0013841426802504366
573	 LLH-0	0.001381100208579404	0.001381100208579404
574	 LLH-3	0.0013055203190531414	0.0013055203190531414
575	 LLH-5	0.001305591528567344	0.001305591528567344
576	 LLH-5	0.0013055140629388672	0.0013055140629388672
577	 LLH-3	0.0013982517042880579	0.0013982517042880579
578	 LLH-3	0.0013023985115865533	0.0013023985115865533
579	 LLH-5	0.001302884768708333	0.001302884768708333
580	 LLH-4	0.001302884768708333	0.001302884768708333
585	 LLH-5	0.0013031608247166828	0.0013031608247166828
586	 LLH-5	0.0013030008885772226	0.0013030008885772226
587	 LLH-6	0.0013031138733623762	0.0013031138733623762
588	 LLH-6	0.0013034990718145856	0.0013034990718145856
589	 LLH-0	0.001304703471344155	0.001304703471344155
590	 LLH-6	0.0013046562678728055	0.0013046562678728055
591	 LLH-3	0.0013804753548434876	0.0013804753548434876
592	 LLH-0	0.0013829262455692056	0.0013829262455692056
593	 LLH-5	0.0013834115841376226	0.0013834115841376226
594	 LLH-1	0.0013837094059850762	0.0013837094059850762
595	 LLH-5	0.001382524477768461	0.001382524477768461
596	 LLH-2	0.0013780611095351918	0.0013780611095351918
597	 LLH-3	0.001514204398773593	0.001514204398773593
598	 LLH-3	0.0013152533827341978	0.0013152533827341978
599	 LLH-6	0.001315965981388498	0.001315965981388498
600	 LLH-5	0.001315604670848545	0.001315604670848545
601	 LLH-6	0.0013149114011943286	0.0013149114011943286
602	 LLH-5	0.001316368179184225	0.001316368179184225
603	 LLH-0	0.0013148927778932526	0.0013148927778932526
604	 LLH-2	0.001329066244744776	0.001329066244744776
605	 LLH-2	0.0013144837731234086	0.0013144837731234086
606	 LLH-2	0.0013025005964060231	0.0013025005964060231
607	 LLH-0	0.0013043449569909002	0.0013043449569909002
608	 LLH-6	0.0013039994300466178	0.0013039994300466178
609	 LLH-0	0.0013055950522491903	0.0013055950522491903
610	 LLH-5	0.0013062983854032768	0.0013062983854032768
611	 LLH-3	0.001268792595493007	0.001268792595493007
612	 LLH-4	0.0012675920029190805	0.0012675920029190805
615	 LLH-2	0.001273639412008744	0.001273639412008744
616	 LLH-0	0.0012745808259853938	0.0012745808259853938
617	 LLH-1	0.0012745038186478756	0.0012745038186478756
618	 LLH-6	0.0012766447986796317	0.0012766447986796317
619	 LLH-2	0.0012801382647574418	0.0012801382647574418
620	 LLH-3	0.001267332997537973	0.001267332997537973
621	 LLH-5	0.0012663856661705665	0.0012663856661705665
622	 LLH-5	0.0012660353047957884	0.0012660353047957884
623	 LLH-4	0.0012650982657100018	0.0012650982657100018
627	 LLH-0	0.0012659031003129503	0.0012650982657100018
628	 LLH-1	0.0012650982657100018	0.0012650982657100018
629	 LLH-6	0.0012641522837632821	0.0012641522837632821
630	 LLH-6	0.0012644178373438493	0.0012644178373438493
631	 LLH-4	0.0012636864068260385	0.0012636864068260385
633	 LLH-6	0.001265359966596654	0.001265359966596654
634	 LLH-6	0.0012660061397514074	0.0012660061397514074
635	 LLH-6	0.0012644010451173249	0.0012644010451173249
636	 LLH-2	0.0012589537305558874	0.0012589537305558874
637	 LLH-2	0.0012649724108784225	0.0012589537305558874
638	 LLH-3	0.0013251488949786623	0.0012589537305558874
639	 LLH-5	0.00126045248210162	0.00126045248210162
640	 LLH-5	0.0012610155721953496	0.0012610155721953496
641	 LLH-0	0.001261956435164089	0.001261956435164089
642	 LLH-6	0.0012624630273045253	0.0012624630273045253
643	 LLH-2	0.0012653548542886704	0.0012653548542886704
644	 LLH-1	0.0012653548542886704	0.0012653548542886704
645	 LLH-4	0.0012653548542886704	0.0012653548542886704
650	 LLH-1	0.001265450371821319	0.001265450371821319
651	 LLH-4	0.0012645050986200268	0.0012645050986200268
653	 LLH-1	0.0012645050986200268	0.0012645050986200268
654	 LLH-0	0.0012633849644198183	0.0012633849644198183
655	 LLH-3	0.0012588991158764635	0.0012588991158764635
656	 LLH-2	0.0012645388098751723	0.0012645388098751723
657	 LLH-3	0.0013389473537198091	0.0012645388098751723
658	 LLH-0	0.0012658199899181642	0.0012658199899181642
659	 LLH-5	0.001265074574377154	0.001265074574377154
660	 LLH-2	0.0012796174201591577	0.0012796174201591577
661	 LLH-1	0.001279719702693009	0.001279719702693009
662	 LLH-1	0.001279719702693009	0.001279719702693009
663	 LLH-0	0.0012806634328365778	0.0012806634328365778
664	 LLH-2	0.0012806215051049566	0.0012806215051049566
665	 LLH-2	0.0012894114508739164	0.0012894114508739164
666	 LLH-6	0.001290199545378161	0.001290199545378161
667	 LLH-3	0.0012636090240997805	0.0012636090240997805
668	 LLH-1	0.0012636090240997805	0.0012636090240997805
669	 LLH-1	0.0012636090240997805	0.0012636090240997805
670	 LLH-2	0.0012601857171940223	0.0012601857171940223
671	 LLH-2	0.0012808029009130253	0.0012808029009130253
672	 LLH-6	0.0012804509787283876	0.0012804509787283876
673	 LLH-1	0.0012804992096609915	0.0012804992096609915
674	 LLH-0	0.0012795287521890199	0.0012795287521890199
675	 LLH-1	0.0012795287521890199	0.0012795287521890199
676	 LLH-2	0.0012833630413973999	0.0012833630413973999
677	 LLH-4	0.0012825770069867615	0.0012825770069867615
680	 LLH-2	0.00127593262497635	0.00127593262497635
681	 LLH-6	0.001276234999786834	0.001276234999786834
682	 LLH-6	0.0012770786161328139	0.0012770786161328139
683	 LLH-1	0.0012770786161328139	0.0012770786161328139
684	 LLH-6	0.0012764864162101046	0.0012764864162101046
685	 LLH-3	0.0012565016542066237	0.0012565016542066237
686	 LLH-3	0.001252966323339857	0.001252966323339857
687	 LLH-4	0.0012520612548126558	0.0012520612548126558
691	 LLH-3	0.0012446233321966984	0.0012446233321966984
692	 LLH-4	0.0012446233321966984	0.0012446233321966984
697	 LLH-2	0.0012464139827948763	0.0012464139827948763
698	 LLH-1	0.0012464139827948763	0.0012464139827948763
699	 LLH-2	0.0012569024987640384	0.0012569024987640384
700	 LLH-2	0.0012607850880211582	0.0012569024987640384
701	 LLH-5	0.0012572206274736953	0.0012572206274736953
702	 LLH-5	0.0012566603754162033	0.0012566603754162033
703	 LLH-1	0.0012566571055094595	0.0012566571055094595
704	 LLH-4	0.0012559155000049318	0.0012559155000049318
707	 LLH-0	0.001256809125455537	0.001256809125455537
708	 LLH-2	0.0012631844803528637	0.0012631844803528637
709	 LLH-2	0.0012756185362445464	0.0012756185362445464
710	 LLH-4	0.0012747280980447723	0.0012747280980447723
713	 LLH-2	0.0012740857022339157	0.0012740857022339157
714	 LLH-5	0.0012746539190198337	0.0012746539190198337
715	 LLH-2	0.0012907680552637908	0.0012907680552637908
716	 LLH-1	0.0012907680552637908	0.0012907680552637908
717	 LLH-2	0.0012782479239390003	0.0012782479239390003
718	 LLH-0	0.001276864566659814	0.001276864566659814
719	 LLH-1	0.001276864566659814	0.001276864566659814
720	 LLH-6	0.0012779214917937498	0.0012779214917937498
721	 LLH-3	0.0012553615786313247	0.0012553615786313247
722	 LLH-4	0.0012546188786362572	0.0012546188786362572
724	 LLH-6	0.001254423515145808	0.001254423515145808
725	 LLH-2	0.0012584022342917512	0.0012584022342917512
726	 LLH-0	0.0012591888337951513	0.0012591888337951513
727	 LLH-1	0.0012591888337951513	0.0012591888337951513
728	 LLH-4	0.0012583115281319926	0.0012583115281319926
731	 LLH-2	0.0012759331003614495	0.0012583115281319926
732	 LLH-1	0.0012584972058731895	0.0012584972058731895
733	 LLH-6	0.0012594584312121163	0.0012594584312121163
734	 LLH-4	0.0012585037475338326	0.0012585037475338326
737	 LLH-0	0.0012595288058375345	0.0012595288058375345
738	 LLH-1	0.0012595288058375345	0.0012595288058375345
739	 LLH-6	0.0012613136330627633	0.0012613136330627633
740	 LLH-6	0.001261192564393782	0.001261192564393782
741	 LLH-5	0.0012598352607990368	0.0012598352607990368
742	 LLH-6	0.0012597220973081997	0.0012597220973081997
743	 LLH-0	0.001260732252919975	0.0012597220973081997
744	 LLH-2	0.0012617326131543138	0.0012617326131543138
745	 LLH-3	0.0012616725663815265	0.0012616725663815265
746	 LLH-6	0.001261732210503811	0.001261732210503811
747	 LLH-4	0.001261732210503811	0.001261732210503811
752	 LLH-4	0.001261732210503811	0.001261732210503811
757	 LLH-5	0.0012613642519251013	0.0012613642519251013
758	 LLH-3	0.0012484003622889263	0.0012484003622889263
759	 LLH-4	0.0012484003622889263	0.0012484003622889263
764	 LLH-6	0.0012482542020543703	0.0012482542020543703
765	 LLH-6	0.0012482422519990988	0.0012482422519990988
766	 LLH-0	0.0012491593410247452	0.0012491593410247452
767	 LLH-2	0.0012632518817775427	0.0012632518817775427
768	 LLH-2	0.0012722127005187593	0.0012722127005187593
769	 LLH-5	0.0012723484047467443	0.0012723484047467443
770	 LLH-0	0.0012545756728989173	0.0012545756728989173
771	 LLH-4	0.0012545756728989173	0.0012545756728989173
776	 LLH-5	0.001254863375837574	0.001254863375837574
777	 LLH-6	0.0012549833206670594	0.0012549833206670594
778	 LLH-4	0.0012549833206670594	0.0012549833206670594
783	 LLH-1	0.0012549833206670594	0.0012549833206670594
784	 LLH-3	0.0012456087083348307	0.0012456087083348307
785	 LLH-6	0.0012457575347237981	0.0012457575347237981
786	 LLH-3	0.0012559632190912461	0.0012559632190912461
787	 LLH-0	0.0012565704025012513	0.0012565704025012513
788	 LLH-6	0.001256341383667447	0.001256341383667447
789	 LLH-2	0.0012512511135347988	0.0012512511135347988
790	 LLH-0	0.0012519556338312595	0.0012519556338312595
791	 LLH-0	0.0012513302586922865	0.0012513302586922865
792	 LLH-5	0.0012512508597859054	0.0012512508597859054
793	 LLH-1	0.0012512508597859054	0.0012512508597859054
794	 LLH-3	0.0012459378401499285	0.0012459378401499285
795	 LLH-2	0.0012564748789771771	0.0012459378401499285
796	 LLH-3	0.0012875119356893247	0.0012875119356893247
797	 LLH-3	0.0012623292972223327	0.0012623292972223327
798	 LLH-5	0.001262275662843751	0.001262275662843751
799	 LLH-6	0.0012622848398212549	0.0012622848398212549
800	 LLH-6	0.0012610935248329532	0.0012610935248329532
801	 LLH-0	0.001260292178690184	0.001260292178690184
802	 LLH-3	0.0012475426763238198	0.0012475426763238198
803	 LLH-5	0.0012471098093142154	0.0012471098093142154
804	 LLH-0	0.0012478419923450169	0.0012478419923450169
805	 LLH-0	0.0012472390910515615	0.0012472390910515615
806	 LLH-4	0.0012472390910515615	0.0012472390910515615
811	 LLH-4	0.0012466434753353774	0.0012466434753353774
816	 LLH-1	0.001246612938848504	0.001246612938848504
817	 LLH-3	0.0012879396910257088	0.001246612938848504
818	 LLH-2	0.0012491754019311222	0.0012491754019311222
819	 LLH-0	0.0012499052474051165	0.0012499052474051165
820	 LLH-0	0.0012505491066817007	0.0012505491066817007
821	 LLH-1	0.0012505491066817007	0.0012505491066817007
822	 LLH-5	0.0012512409147563321	0.0012512409147563321
823	 LLH-1	0.0012512118372263686	0.0012512118372263686
824	 LLH-0	0.0012519158677373324	0.0012519158677373324
825	 LLH-3	0.0012545673086718928	0.0012545673086718928
826	 LLH-3	0.0012429648379848333	0.0012429648379848333
827	 LLH-5	0.0012429342769449173	0.0012429342769449173
828	 LLH-3	0.0012794127917765256	0.0012429342769449173
829	 LLH-6	0.0012427735886732327	0.0012427735886732327
830	 LLH-5	0.0012425224541096401	0.0012425224541096401
831	 LLH-2	0.001254607137677502	0.001254607137677502
832	 LLH-5	0.0012543625394011969	0.0012543625394011969
833	 LLH-0	0.0012549099850387854	0.0012549099850387854
834	 LLH-2	0.0012482057164324553	0.0012482057164324553
835	 LLH-0	0.0012489319090812556	0.0012489319090812556
836	 LLH-2	0.0012585269264962548	0.0012585269264962548
837	 LLH-4	0.0012578516875755435	0.0012578516875755435
841	 LLH-2	0.0012829728070741933	0.0012829728070741933
842	 LLH-6	0.0012821920744448634	0.0012821920744448634
843	 LLH-4	0.0012634583081155197	0.0012634583081155197
845	 LLH-6	0.0012639591289793795	0.0012639591289793795
846	 LLH-6	0.0012629177549364704	0.0012629177549364704
847	 LLH-3	0.0012625438747509937	0.0012625438747509937
848	 LLH-3	0.0012464292733899143	0.0012464292733899143
849	 LLH-3	0.001286174089520442	0.0012464292733899143
850	 LLH-1	0.0012464292733899143	0.0012464292733899143
851	 LLH-3	0.0012468544594599375	0.0012468544594599375
852	 LLH-2	0.0012501857787574648	0.0012501857787574648
853	 LLH-6	0.0012506072154028919	0.0012506072154028919
854	 LLH-2	0.0012618447379479534	0.0012618447379479534
855	 LLH-3	0.0012507758606570129	0.0012507758606570129
856	 LLH-4	0.0012507758606570129	0.0012507758606570129
861	 LLH-4	0.0012501920473717272	0.0012501920473717272
863	 LLH-0	0.0012508939405961148	0.0012508939405961148
864	 LLH-1	0.0012508939405961148	0.0012508939405961148
865	 LLH-5	0.0012502529896101526	0.0012502529896101526
866	 LLH-0	0.0012509332190329308	0.0012509332190329308
867	 LLH-3	0.001246440115776562	0.001246440115776562
868	 LLH-6	0.0012455650837320067	0.0012455650837320067
869	 LLH-3	0.001249153734028289	0.001249153734028289
870	 LLH-1	0.001249153734028289	0.001249153734028289
871	 LLH-1	0.001249153734028289	0.001249153734028289
872	 LLH-1	0.001249153734028289	0.001249153734028289
873	 LLH-4	0.001249153734028289	0.001249153734028289
878	 LLH-1	0.001249153734028289	0.001249153734028289
879	 LLH-1	0.001249153734028289	0.001249153734028289
880	 LLH-4	0.001249153734028289	0.001249153734028289
885	 LLH-5	0.0012488911996568273	0.0012488911996568273
886	 LLH-0	0.0012496457135761044	0.0012496457135761044
887	 LLH-5	0.0012494782874401989	0.0012494782874401989
888	 LLH-5	0.0012497215854645237	0.0012497215854645237
889	 LLH-6	0.0012493623437069405	0.0012493623437069405
890	 LLH-3	0.0012667166909538367	0.0012667166909538367
891	 LLH-3	0.001308332862957577	0.0012667166909538367
892	 LLH-5	0.0012681909897987577	0.0012681909897987577
893	 LLH-1	0.0012681909897987577	0.0012681909897987577
894	 LLH-2	0.0012618767986619644	0.0012618767986619644
895	 LLH-2	0.0012817657115509673	0.0012817657115509673
896	 LLH-3	0.0013826374912836825	0.0012817657115509673
897	 LLH-1	0.0012817657115509673	0.0012817657115509673
898	 LLH-0	0.0012829916743695151	0.0012829916743695151
899	 LLH-5	0.0012830488331102062	0.0012830488331102062
900	 LLH-3	0.0013467078658271573	0.0012830488331102062
901	 LLH-1	0.0012830488331102062	0.0012830488331102062
902	 LLH-4	0.0012820537254777948	0.0012820537254777948
905	 LLH-6	0.0012831738097352195	0.0012831738097352195
906	 LLH-2	0.0012851186944692384	0.0012831738097352195
907	 LLH-4	0.0012819794028142123	0.0012819794028142123
911	 LLH-4	0.0012811026520643917	0.0012811026520643917
915	 LLH-2	0.0012869364247225551	0.0012869364247225551
916	 LLH-4	0.0012857699893802556	0.0012857699893802556
919	 LLH-0	0.0012871087994115393	0.0012871087994115393
920	 LLH-3	0.0012687109369814715	0.0012687109369814715
921	 LLH-2	0.0012652747548256545	0.0012652747548256545
922	 LLH-1	0.0012652747548256545	0.0012652747548256545
923	 LLH-5	0.0012650346093931054	0.0012650346093931054
924	 LLH-3	0.00134196812438443	0.0012650346093931054
925	 LLH-5	0.0012649474014719022	0.0012649474014719022
926	 LLH-4	0.00126410920649162	0.00126410920649162
929	 LLH-5	0.0012642830895394357	0.0012642830895394357
930	 LLH-5	0.001264713834931257	0.001264713834931257
931	 LLH-2	0.0012693989977504935	0.0012693989977504935
932	 LLH-5	0.0012695926344023067	0.0012695926344023067
933	 LLH-0	0.0012704241347902166	0.0012704241347902166
934	 LLH-3	0.0013425792725553437	0.0012704241347902166
935	 LLH-1	0.0012704241347902166	0.0012704241347902166
936	 LLH-4	0.0012692643716254635	0.0012692643716254635
939	 LLH-5	0.001269465913662856	0.001269465913662856
940	 LLH-3	0.0013277996569669654	0.001269465913662856
941	 LLH-2	0.0012814613756922907	0.0012814613756922907
942	 LLH-1	0.0012814613756922907	0.0012814613756922907
943	 LLH-6	0.0012811854320227147	0.0012811854320227147
944	 LLH-6	0.001282038433582224	0.001282038433582224
945	 LLH-3	0.0012531876318717665	0.0012531876318717665
946	 LLH-2	0.0012627287208237799	0.0012531876318717665
947	 LLH-3	0.001295306354138708	0.0012531876318717665
948	 LLH-5	0.001253719509007017	0.001253719509007017
949	 LLH-0	0.001254546032961218	0.001254546032961218
950	 LLH-4	0.0012535624590348053	0.0012535624590348053
953	 LLH-6	0.001252458040813085	0.001252458040813085
954	 LLH-6	0.0012531034241683471	0.0012531034241683471
955	 LLH-6	0.0012537523216323676	0.0012537523216323676
956	 LLH-3	0.0013075891407145085	0.0012537523216323676
957	 LLH-5	0.0012539139470735662	0.0012539139470735662
958	 LLH-4	0.0012539139470735662	0.0012539139470735662
963	 LLH-5	0.0012541293866507534	0.0012541293866507534
964	 LLH-2	0.0012594483787220015	0.0012594483787220015
965	 LLH-5	0.001259202167726676	0.001259202167726676
966	 LLH-1	0.0012590188187849	0.0012590188187849
967	 LLH-2	0.0012784833245443176	0.0012590188187849
968	 LLH-0	0.0012597792508355144	0.0012597792508355144
969	 LLH-5	0.0012595353205380611	0.0012595353205380611
970	 LLH-6	0.0012592711720309667	0.0012592711720309667
971	 LLH-5	0.0012581533328229356	0.0012581533328229356
972	 LLH-4	0.0012581533328229356	0.0012581533328229356
977	 LLH-1	0.001257640231657873	0.001257640231657873
978	 LLH-5	0.0012581996456211889	0.0012581996456211889
979	 LLH-0	0.0012590703835063661	0.0012590703835063661
980	 LLH-1	0.0012587939129439331	0.0012587939129439331
981	 LLH-0	0.0012581191149730758	0.0012581191149730758
982	 LLH-3	0.0012529694611896171	0.0012529694611896171
983	 LLH-4	0.0012524375757923876	0.0012524375757923876
986	 LLH-3	0.0012927372715176772	0.0012524375757923876
987	 LLH-1	0.0012524375757923876	0.0012524375757923876
988	 LLH-1	0.0012523849475280244	0.0012523849475280244
989	 LLH-2	0.0012526203815066714	0.0012526203815066714
990	 LLH-5	0.0012514435624794745	0.0012514435624794745
991	 LLH-4	0.0012508728356672304	0.0012508728356672304
993	 LLH-4	0.0012502497190690755	0.0012502497190690755
995	 LLH-3	0.001303818381461434	0.0012502497190690755
996	 LLH-3	0.0013114194132630385	0.0012502497190690755
997	 LLH-2	0.0012648150384352043	0.0012502497190690755
998	 LLH-4	0.0012494342084388634	0.0012494342084388634
1001	 LLH-0	0.0012506712988673032	0.0012506712988673032
1002	 LLH-3	0.001248971977773004	0.001248971977773004
1003	 LLH-0	0.001249558879034947	0.001249558879034947
1004	 LLH-3	0.0012715526658348478	0.001249558879034947
1005	 LLH-6	0.0012496178493966424	0.0012496178493966424
1006	 LLH-3	0.0012468333593364648	0.0012468333593364648
1007	 LLH-0	0.0012473865686437916	0.0012473865686437916
1008	 LLH-1	0.0012473865686437916	0.0012473865686437916
1009	 LLH-1	0.0012473033411838958	0.0012473033411838958
1010	 LLH-2	0.001259294368942605	0.0012473033411838958
1011	 LLH-2	0.0012512320819942579	0.0012512320819942579
1012	 LLH-2	0.0012565431456118812	0.0012565431456118812
1013	 LLH-1	0.0012565431456118812	0.0012565431456118812
1014	 LLH-2	0.001259185242708855	0.001259185242708855
1015	 LLH-4	0.001258518654874999	0.001258518654874999
1020	 LLH-5	0.0012584603989424564	0.0012584603989424564
1021	 LLH-3	0.0013013657672599692	0.0012584603989424564
1022	 LLH-0	0.0012592532473377537	0.0012592532473377537
1023	 LLH-4	0.0012582941918703704	0.0012582941918703704
1025	 LLH-6	0.0012577389485324661	0.0012577389485324661
1026	 LLH-4	0.0012568089293315276	0.0012568089293315276
1029	 LLH-3	0.0013225558873964606	0.0012568089293315276
1030	 LLH-2	0.001263250190700023	0.0012568089293315276
1031	 LLH-6	0.0012578638432738064	0.0012578638432738064
1032	 LLH-1	0.0012578638432738064	0.0012578638432738064
1033	 LLH-4	0.0012578638432738064	0.0012578638432738064
1038	 LLH-6	0.0012570866828110505	0.0012570866828110505
1039	 LLH-0	0.0012579946388109504	0.0012579946388109504
1040	 LLH-6	0.0012578573085866608	0.0012578573085866608
1041	 LLH-0	0.0012585746200549502	0.0012585746200549502
1042	 LLH-4	0.001257486172633937	0.001257486172633937
1044	 LLH-1	0.001257486172633937	0.001257486172633937
1045	 LLH-0	0.001258469762497058	0.001258469762497058
1046	 LLH-3	0.0012519318124631711	0.0012519318124631711
1047	 LLH-3	0.00128499777515102	0.0012519318124631711
1048	 LLH-2	0.0012648799027394782	0.0012519318124631711
1049	 LLH-5	0.0012518853098550514	0.0012518853098550514
1050	 LLH-2	0.001249453777546738	0.001249453777546738
1051	 LLH-4	0.001249453777546738	0.001249453777546738
1056	 LLH-6	0.0012483776286954839	0.0012483776286954839
1057	 LLH-1	0.0012483776286954839	0.0012483776286954839
1058	 LLH-5	0.0012487814713217616	0.0012487814713217616
1059	 LLH-5	0.0012485732537049939	0.0012485732537049939
1060	 LLH-5	0.0012493807410853528	0.0012493807410853528
1061	 LLH-3	0.0012590650844593854	0.0012493807410853528
1062	 LLH-2	0.001256114009561575	0.001256114009561575
1063	 LLH-0	0.0012569751860804636	0.0012569751860804636
1064	 LLH-5	0.0012564097464141145	0.0012564097464141145
1065	 LLH-2	0.0012684340244934744	0.0012564097464141145
1066	 LLH-4	0.0012564097464141145	0.0012564097464141145
1071	 LLH-0	0.0012574337153819974	0.0012574337153819974
1072	 LLH-2	0.0012788904221236442	0.0012574337153819974
1073	 LLH-2	0.0012713875097055225	0.0012574337153819974
1074	 LLH-4	0.0012574337153819974	0.0012574337153819974
1079	 LLH-5	0.0012565215977084973	0.0012565215977084973
1080	 LLH-1	0.0012568230418676905	0.0012568230418676905
1081	 LLH-2	0.0012713621921131304	0.0012568230418676905
1082	 LLH-2	0.001262891640550677	0.001262891640550677
1083	 LLH-0	0.0012618225737107032	0.0012618225737107032
1084	 LLH-2	0.0012728228557698713	0.0012618225737107032
1085	 LLH-2	0.0012823460713451303	0.0012618225737107032
1086	 LLH-0	0.0012627030575274596	0.0012627030575274596
1087	 LLH-5	0.0012628134100827527	0.0012628134100827527
1088	 LLH-2	0.0012735582772092262	0.0012628134100827527
1089	 LLH-6	0.0012632382866884252	0.0012632382866884252
1090	 LLH-3	0.0013554193817480738	0.0012632382866884252
1091	 LLH-0	0.0012623781537513252	0.0012623781537513252
1092	 LLH-4	0.0012623781537513252	0.0012623781537513252
1097	 LLH-5	0.0012620539124630547	0.0012620539124630547
1098	 LLH-2	0.0012714800637275022	0.0012620539124630547
1099	 LLH-5	0.0012619889592104595	0.0012619889592104595
1100	 LLH-3	0.0013371329162506084	0.0012619889592104595
1101	 LLH-4	0.0012619889592104595	0.0012619889592104595
1106	 LLH-2	0.0012860284402128053	0.0012619889592104595
1107	 LLH-1	0.0012619889592104595	0.0012619889592104595
1108	 LLH-6	0.0012606401528539885	0.0012606401528539885
1109	 LLH-1	0.0012606401528539885	0.0012606401528539885
1110	 LLH-4	0.0012606401528539885	0.0012606401528539885
1115	 LLH-1	0.0012606340865657407	0.0012606340865657407
1116	 LLH-0	0.0012616606637980217	0.0012616606637980217
1117	 LLH-0	0.00126292665799201	0.0012616606637980217
1118	 LLH-4	0.0012607180839762553	0.0012607180839762553
1120	 LLH-6	0.0012602841656138017	0.0012602841656138017
1121	 LLH-6	0.0012616849644159571	0.0012616849644159571
1122	 LLH-3	0.0012614177440649949	0.0012614177440649949
1123	 LLH-6	0.0012602427126346227	0.0012602427126346227
1124	 LLH-1	0.0012602427126346227	0.0012602427126346227
1125	 LLH-4	0.001259579011575346	0.001259579011575346
1130	 LLH-2	0.0012564639281930023	0.0012564639281930023
1131	 LLH-6	0.0012568832708599153	0.0012568832708599153
1132	 LLH-2	0.0012637122747975967	0.0012568832708599153
1133	 LLH-4	0.0012562732820166774	0.0012562732820166774
1135	 LLH-2	0.0012787759354903237	0.0012562732820166774
1136	 LLH-5	0.0012557303643158625	0.0012557303643158625
1137	 LLH-5	0.0012556761340557971	0.0012556761340557971
1138	 LLH-0	0.0012564097940443127	0.0012564097940443127
1139	 LLH-6	0.0012567405987612586	0.0012567405987612586
1140	 LLH-3	0.0013087542629218372	0.0012567405987612586
1141	 LLH-4	0.0012560934880257815	0.0012560934880257815
1146	 LLH-4	0.0012560934880257815	0.0012560934880257815
1151	 LLH-6	0.0012561439747167467	0.0012561439747167467
1152	 LLH-1	0.0012561439747167467	0.0012561439747167467
1153	 LLH-0	0.0012569115007182727	0.0012569115007182727
1154	 LLH-5	0.0012554771468163653	0.0012554771468163653
1155	 LLH-5	0.0012558646388082662	0.0012558646388082662
1156	 LLH-6	0.0012557970168312967	0.0012557970168312967
1157	 LLH-0	0.0012546824435532053	0.0012546824435532053
1158	 LLH-4	0.0012546824435532053	0.0012546824435532053
1163	 LLH-3	0.0013221704141340327	0.0012546824435532053
1164	 LLH-0	0.0012554393375811006	0.0012554393375811006
1165	 LLH-2	0.001272814295674811	0.0012554393375811006
1166	 LLH-3	0.0012471943838801014	0.0012471943838801014
1167	 LLH-0	0.0012481119484667941	0.0012481119484667941
1168	 LLH-4	0.0012481119484667941	0.0012481119484667941
1173	 LLH-6	0.001248219632186214	0.001248219632186214
1174	 LLH-2	0.0012701214717841416	0.001248219632186214
1175	 LLH-5	0.0012486201508000439	0.0012486201508000439
1176	 LLH-5	0.0012491471101597812	0.0012491471101597812
1177	 LLH-6	0.0012476446403845987	0.0012476446403845987
1178	 LLH-0	0.0012470584368085183	0.0012470584368085183
1179	 LLH-3	0.0012445651477719685	0.0012445651477719685
1180	 LLH-6	0.0012441704919431426	0.0012441704919431426
1181	 LLH-6	0.0012455934658409864	0.0012455934658409864
1182	 LLH-6	0.0012459180406152238	0.0012459180406152238
1183	 LLH-3	0.0012490996483174746	0.0012490996483174746
1184	 LLH-5	0.001249075597135592	0.001249075597135592
1185	 LLH-0	0.001249470133952932	0.001249470133952932
1186	 LLH-0	0.00124985614141468	0.00124985614141468
1187	 LLH-1	0.00124985614141468	0.00124985614141468
1188	 LLH-1	0.00124985614141468	0.00124985614141468
1189	 LLH-1	0.00124985614141468	0.00124985614141468
1190	 LLH-0	0.0012504020953777568	0.0012504020953777568
1191	 LLH-0	0.0012508319564316572	0.0012508319564316572
1192	 LLH-4	0.0012508319564316572	0.0012508319564316572
1197	 LLH-3	0.0012568381157963306	0.0012508319564316572
1198	 LLH-6	0.0012511412332347042	0.0012511412332347042
1199	 LLH-5	0.0012511902211931095	0.0012511902211931095
1200	 LLH-4	0.0012511902211931095	0.0012511902211931095
1205	 LLH-5	0.001250178012366566	0.001250178012366566
1206	 LLH-6	0.0012507949462495637	0.0012507949462495637
1207	 LLH-5	0.001251108849338739	0.001251108849338739
1208	 LLH-2	0.0012527937328941135	0.0012527937328941135
1209	 LLH-3	0.0012823229058692674	0.0012527937328941135
1210	 LLH-6	0.0012528936103239964	0.0012528936103239964
1211	 LLH-6	0.001252207653580863	0.001252207653580863
1212	 LLH-4	0.001252207653580863	0.001252207653580863
1217	 LLH-6	0.0012520971217650102	0.0012520971217650102
1218	 LLH-3	0.00128034697230203	0.0012520971217650102
1219	 LLH-0	0.0012526713481739178	0.0012526713481739178
1220	 LLH-5	0.0012541051114574647	0.0012526713481739178
1221	 LLH-1	0.0012528281961642176	0.0012528281961642176
1222	 LLH-6	0.0012522818053510986	0.0012522818053510986
1223	 LLH-4	0.0012522818053510986	0.0012522818053510986
1228	 LLH-4	0.0012522818053510986	0.0012522818053510986
1233	 LLH-2	0.0012662867126269248	0.0012522818053510986
1234	 LLH-6	0.001251533703107345	0.001251533703107345
1235	 LLH-1	0.001251533703107345	0.001251533703107345
1236	 LLH-1	0.0012516106705060441	0.0012516106705060441
1237	 LLH-1	0.0012516106705060441	0.0012516106705060441
1238	 LLH-6	0.0012518659802977928	0.0012518659802977928
1239	 LLH-2	0.0012642886087336968	0.0012518659802977928
1240	 LLH-4	0.0012511453849732817	0.0012511453849732817
1243	 LLH-2	0.0012517631474113931	0.0012517631474113931
1244	 LLH-5	0.0012514843344154233	0.0012514843344154233
1245	 LLH-0	0.0012505451303586204	0.0012505451303586204
1246	 LLH-2	0.0012706485148870875	0.0012505451303586204
1247	 LLH-2	0.0012716079894474438	0.0012505451303586204
1248	 LLH-0	0.0012515842686816891	0.0012515842686816891
1249	 LLH-1	0.0012515842686816891	0.0012515842686816891
1250	 LLH-1	0.001251767806929059	0.001251767806929059
1251	 LLH-6	0.0012507533665190378	0.0012507533665190378
1252	 LLH-2	0.0012554156712469267	0.0012507533665190378
1253	 LLH-5	0.0012503455403475403	0.0012503455403475403
1254	 LLH-4	0.001249415768765035	0.001249415768765035
1258	 LLH-5	0.001250290903262631	0.001250290903262631
1259	 LLH-1	0.001250290903262631	0.001250290903262631
1260	 LLH-2	0.0012525469276702657	0.0012525469276702657
1261	 LLH-0	0.0012705972656073912	0.0012525469276702657
1262	 LLH-0	0.0012704511055706843	0.0012525469276702657
1263	 LLH-4	0.0012525469276702657	0.0012525469276702657
1268	 LLH-4	0.0012525469276702657	0.0012525469276702657
1273	 LLH-0	0.0012533002512267655	0.0012533002512267655
1274	 LLH-1	0.0012531650836472795	0.0012531650836472795
1275	 LLH-2	0.0012731325752397343	0.0012531650836472795
1276	 LLH-6	0.0012532216711063707	0.0012532216711063707
1277	 LLH-5	0.0012526952042065476	0.0012526952042065476
1278	 LLH-2	0.0012632890309574334	0.0012526952042065476
1279	 LLH-6	0.0012537819356267647	0.0012537819356267647
1280	 LLH-5	0.001253186162019547	0.001253186162019547
1281	 LLH-4	0.0012523758475832664	0.0012523758475832664
1284	 LLH-2	0.0012684940588241563	0.0012523758475832664
1285	 LLH-5	0.0012524492874344464	0.0012524492874344464
1286	 LLH-3	0.0012603503892960112	0.0012603503892960112
1287	 LLH-2	0.0012654117796808088	0.0012603503892960112
1288	 LLH-0	0.0012609250234106334	0.0012609250234106334
1289	 LLH-4	0.0012600797859281332	0.0012600797859281332
1291	 LLH-4	0.0012594214221969668	0.0012594214221969668
1294	 LLH-3	0.0012454952497648445	0.0012454952497648445
1295	 LLH-2	0.0012512617113778716	0.0012454952497648445
1296	 LLH-1	0.0012454952497648445	0.0012454952497648445
1297	 LLH-0	0.001245926803523569	0.001245926803523569
1298	 LLH-6	0.0012463681424301318	0.001245926803523569
1299	 LLH-4	0.0012451825248169777	0.0012451825248169777
1301	 LLH-4	0.0012445126380997993	0.0012445126380997993
1304	 LLH-3	0.0012493778533128736	0.0012493778533128736
1305	 LLH-5	0.0012494109461339148	0.0012494109461339148
1306	 LLH-1	0.0012493361265547413	0.0012493361265547413
1307	 LLH-6	0.0012490677277021177	0.0012490677277021177
1308	 LLH-4	0.0012483689269936595	0.0012483689269936595
1310	 LLH-0	0.0012490160268459616	0.0012490160268459616
1311	 LLH-4	0.0012490160268459616	0.0012490160268459616
1316	 LLH-3	0.001255995719648021	0.001255995719648021
1317	 LLH-0	0.0012564134918354416	0.0012564134918354416
1318	 LLH-6	0.001256551113333939	0.001256551113333939
1319	 LLH-4	0.0012425107758909544	0.0012425107758909544
1321	 LLH-1	0.0012425107758909544	0.0012425107758909544
1322	 LLH-0	0.0012428811474592737	0.0012425107758909544
1323	 LLH-1	0.0012425107758909544	0.0012425107758909544
1324	 LLH-3	0.0012522402044659064	0.0012425107758909544
1325	 LLH-0	0.001243186852160761	0.0012425107758909544
1326	 LLH-3	0.0012635868034723368	0.0012425107758909544
1327	 LLH-3	0.0012733165096234082	0.0012425107758909544
1328	 LLH-0	0.0012430284406045647	0.0012430284406045647
1329	 LLH-3	0.001280416542965544	0.0012430284406045647
1330	 LLH-6	0.001242734511774428	0.001242734511774428
1331	 LLH-4	0.001242734511774428	0.001242734511774428
1336	 LLH-6	0.0012426835651939856	0.0012426835651939856
1337	 LLH-3	0.0012752459671063953	0.0012426835651939856
1338	 LLH-2	0.0012586514893185338	0.0012426835651939856
1339	 LLH-1	0.0012426835651939856	0.0012426835651939856
1340	 LLH-6	0.001243265146992668	0.0012426835651939856
1341	 LLH-2	0.0012557496375745208	0.0012426835651939856
1342	 LLH-4	0.0012426835651939856	0.0012426835651939856
1347	 LLH-0	0.0012433027654896746	0.0012433027654896746
1348	 LLH-2	0.0012473057348724814	0.0012433027654896746
1349	 LLH-1	0.0012433027654896746	0.0012433027654896746
1350	 LLH-5	0.0012437479017363543	0.0012437479017363543
1351	 LLH-3	0.0012537931254379396	0.0012437479017363543
1352	 LLH-2	0.0012448391442369945	0.0012437479017363543
1353	 LLH-4	0.0012437479017363543	0.0012437479017363543
1358	 LLH-1	0.0012437479017363543	0.0012437479017363543
1359	 LLH-6	0.0012436459265685851	0.0012436459265685851
1360	 LLH-6	0.0012435222459348102	0.0012435222459348102
1361	 LLH-2	0.0012558240263647541	0.0012435222459348102
1362	 LLH-3	0.0012770067133414105	0.0012435222459348102
1363	 LLH-4	0.0012431742601545196	0.0012431742601545196
1368	 LLH-5	0.0012429168466296118	0.0012429168466296118
1369	 LLH-5	0.0012429404465721136	0.0012429404465721136
1370	 LLH-4	0.0012429404465721136	0.0012429404465721136
1375	 LLH-4	0.0012429404465721136	0.0012429404465721136
1380	 LLH-3	0.0012532740199789052	0.0012429404465721136
1381	 LLH-1	0.0012429404465721136	0.0012429404465721136
1382	 LLH-3	0.0012625784344972475	0.0012429404465721136
1383	 LLH-3	0.0012648818574149782	0.0012429404465721136
1384	 LLH-6	0.0012431934123046484	0.0012431934123046484
1385	 LLH-0	0.0012427730069273762	0.0012427730069273762
1386	 LLH-2	0.0012462745496772017	0.0012462745496772017
1387	 LLH-5	0.0012460708674271689	0.0012460708674271689
1388	 LLH-0	0.0012466444261799005	0.0012466444261799005
1389	 LLH-3	0.0012417277827977181	0.0012417277827977181
1390	 LLH-5	0.0012413578876516458	0.0012413578876516458
1391	 LLH-6	0.0012411123174326242	0.0012411123174326242
1392	 LLH-2	0.0012504901882457828	0.0012411123174326242
1393	 LLH-3	0.0012469697477348485	0.0012411123174326242
1394	 LLH-3	0.0012472350293854116	0.0012411123174326242
1395	 LLH-5	0.0012411348864994943	0.0012411348864994943
1396	 LLH-5	0.001241506608781658	0.001241506608781658
1397	 LLH-1	0.001241506608781658	0.001241506608781658
1398	 LLH-5	0.0012418150261455185	0.0012418150261455185
1399	 LLH-6	0.0012430673476469388	0.0012430673476469388
1400	 LLH-3	0.0012741627942080922	0.0012430673476469388
1401	 LLH-4	0.0012430673476469388	0.0012430673476469388
1406	 LLH-6	0.0012441587298225223	0.0012430673476469388
1407	 LLH-1	0.0012430673476469388	0.0012430673476469388
1408	 LLH-1	0.0012430673476469388	0.0012430673476469388
1409	 LLH-2	0.0012492000994930653	0.0012430673476469388
1410	 LLH-3	0.001248237675420683	0.0012430673476469388
1411	 LLH-4	0.0012430673476469388	0.0012430673476469388
1416	 LLH-3	0.001244869596141181	0.001244869596141181
1417	 LLH-3	0.0012584066999496797	0.001244869596141181
1418	 LLH-2	0.0012446366425300972	0.0012446366425300972
1419	 LLH-6	0.001245537504205244	0.0012446366425300972
1420	 LLH-4	0.0012446366425300972	0.0012446366425300972
1425	 LLH-1	0.0012446366425300972	0.0012446366425300972
1426	 LLH-1	0.001244586671320313	0.001244586671320313
1427	 LLH-4	0.0012438602667876912	0.0012438602667876912
1429	 LLH-4	0.0012438602667876912	0.0012438602667876912
1434	 LLH-2	0.001260589024695077	0.0012438602667876912
1435	 LLH-6	0.00124440436648383	0.00124440436648383
1436	 LLH-0	0.0012448932036105192	0.0012448932036105192
1437	 LLH-5	0.0012456636958812042	0.0012456636958812042
1438	 LLH-2	0.001252439986095704	0.0012456636958812042
1439	 LLH-5	0.0012462052178593126	0.0012462052178593126
1440	 LLH-0	0.001246980720500802	0.001246980720500802
1441	 LLH-0	0.001247588855480734	0.001247588855480734
1442	 LLH-3	0.001284454085332733	0.001247588855480734
1443	 LLH-3	0.0012814256806227796	0.001247588855480734
1444	 LLH-6	0.0012474592506041265	0.0012474592506041265
1445	 LLH-3	0.001294364760752816	0.0012474592506041265
1446	 LLH-6	0.0012481976829220604	0.0012481976829220604
1447	 LLH-2	0.001258341012799227	0.0012481976829220604
1448	 LLH-0	0.0012488624495980516	0.0012488624495980516
1449	 LLH-6	0.0012484552521561108	0.0012484552521561108
1450	 LLH-3	0.0012740052624290923	0.0012484552521561108
1451	 LLH-0	0.0012493057140993363	0.0012484552521561108
1452	 LLH-1	0.0012484552521561108	0.0012484552521561108
1453	 LLH-6	0.0012476297215353364	0.0012476297215353364
1454	 LLH-5	0.0012480434809264867	0.0012480434809264867
1455	 LLH-4	0.0012480434809264867	0.0012480434809264867
1460	 LLH-2	0.00125431297656381	0.0012480434809264867
1461	 LLH-0	0.0012485475453646237	0.0012485475453646237
1462	 LLH-0	0.0012489710234863094	0.0012485475453646237
1463	 LLH-1	0.0012485475453646237	0.0012485475453646237
1464	 LLH-2	0.0012516168163857475	0.0012485475453646237
1465	 LLH-0	0.0012492936489438672	0.0012485475453646237
1466	 LLH-0	0.0012478707031994048	0.0012478707031994048
1467	 LLH-4	0.0012473985145879402	0.0012473985145879402
1470	 LLH-3	0.0012480809405723016	0.0012480809405723016
1471	 LLH-2	0.0012512818728761593	0.0012480809405723016
1472	 LLH-3	0.0012910243498473568	0.0012480809405723016
1473	 LLH-0	0.0012485196736073084	0.0012485196736073084
1474	 LLH-6	0.0012485982921549845	0.0012485982921549845
1475	 LLH-2	0.0012485533985165025	0.0012485533985165025
1476	 LLH-4	0.0012485533985165025	0.0012485533985165025
1481	 LLH-6	0.0012485410873978987	0.0012485410873978987
1482	 LLH-4	0.0012485410873978987	0.0012485410873978987
1487	 LLH-2	0.0012550949186363983	0.0012485410873978987
1488	 LLH-0	0.0012490385166231853	0.0012490385166231853
1489	 LLH-3	0.0012916415952704487	0.0012490385166231853
1490	 LLH-6	0.0012493276235503977	0.0012493276235503977
1491	 LLH-1	0.0012493276235503977	0.0012493276235503977
1492	 LLH-3	0.0012476295364205118	0.0012476295364205118
1493	 LLH-3	0.001285268881562459	0.0012476295364205118
1494	 LLH-0	0.0012482024508934562	0.0012482024508934562
1495	 LLH-6	0.0012487440060854572	0.0012487440060854572
1496	 LLH-5	0.0012490530431925602	0.0012490530431925602
1497	 LLH-3	0.0012842906706137995	0.0012490530431925602
1498	 LLH-4	0.001248563886055316	0.001248563886055316
1503	 LLH-2	0.0012584089038535377	0.001248563886055316
1504	 LLH-1	0.001248563886055316	0.001248563886055316
1505	 LLH-5	0.0012485360316803337	0.0012485360316803337
1506	 LLH-1	0.0012485360316803337	0.0012485360316803337
1507	 LLH-4	0.001247725536121037	0.001247725536121037
1512	 LLH-4	0.0012465422052003459	0.0012465422052003459
1515	 LLH-2	0.0012473768139736787	0.0012465422052003459
1516	 LLH-0	0.001247029845426571	0.001247029845426571
1517	 LLH-5	0.001247050624516749	0.001247050624516749
1518	 LLH-0	0.001247692991305076	0.001247692991305076
1519	 LLH-6	0.0012473603422850199	0.0012473603422850199
1520	 LLH-4	0.0012466274417331038	0.0012466274417331038
1522	 LLH-3	0.0012918123076981745	0.0012466274417331038
1523	 LLH-1	0.001246713864555435	0.001246713864555435
1524	 LLH-0	0.0012471577670040363	0.0012471577670040363
1525	 LLH-6	0.0012466473153228796	0.0012466473153228796
1526	 LLH-0	0.0012461868993207165	0.0012461868993207165
1527	 LLH-5	0.0012456974064239317	0.0012456974064239317
1528	 LLH-2	0.0012542027248236697	0.0012456974064239317
1529	 LLH-4	0.0012456974064239317	0.0012456974064239317
1534	 LLH-3	0.001278554387282334	0.0012456974064239317
1535	 LLH-1	0.0012456974064239317	0.0012456974064239317
1536	 LLH-1	0.0012456974064239317	0.0012456974064239317
1537	 LLH-5	0.0012456142441795543	0.0012456142441795543
1538	 LLH-4	0.0012451128888872611	0.0012451128888872611
1540	 LLH-5	0.0012450166085369834	0.0012450166085369834
1541	 LLH-6	0.0012454097528281412	0.0012454097528281412
1542	 LLH-5	0.0012455311119652312	0.0012455311119652312
1543	 LLH-4	0.001244837494132873	0.001244837494132873
1545	 LLH-4	0.0012439760554230216	0.0012439760554230216
1550	 LLH-2	0.00125052571569905	0.0012439760554230216
1551	 LLH-1	0.0012439760554230216	0.0012439760554230216
1552	 LLH-5	0.001243649703960263	0.001243649703960263
1553	 LLH-6	0.001243986089837893	0.001243986089837893
1554	 LLH-5	0.0012431685647648527	0.0012431685647648527
1555	 LLH-6	0.0012422947030737495	0.0012422947030737495
1556	 LLH-0	0.0012427916695953464	0.0012427916695953464
1557	 LLH-2	0.0012553989494524344	0.0012427916695953464
1558	 LLH-3	0.0012870132627137807	0.0012427916695953464
1559	 LLH-3	0.0012413134536892786	0.0012413134536892786
1560	 LLH-2	0.0012522009230370354	0.0012413134536892786
1561	 LLH-3	0.0012772215258306978	0.0012413134536892786
1562	 LLH-6	0.0012427147505535213	0.0012427147505535213
1563	 LLH-5	0.0012425910115919482	0.0012425910115919482
1564	 LLH-6	0.0012428162801200128	0.0012428162801200128
1565	 LLH-3	0.0012690700814759846	0.0012428162801200128
1566	 LLH-1	0.001242795833636176	0.001242795833636176
1567	 LLH-3	0.0012888581490748444	0.001242795833636176
1568	 LLH-6	0.00124280518184343	0.00124280518184343
1569	 LLH-4	0.001242386069325036	0.001242386069325036
1571	 LLH-1	0.001242386069325036	0.001242386069325036
1572	 LLH-1	0.001242202542835292	0.001242202542835292
1573	 LLH-1	0.001242202542835292	0.001242202542835292
1574	 LLH-1	0.001242202542835292	0.001242202542835292
1575	 LLH-5	0.0012423706168748533	0.0012423706168748533
1576	 LLH-6	0.0012432226604882763	0.0012423706168748533
1577	 LLH-6	0.001242255095344653	0.001242255095344653
1578	 LLH-5	0.0012423661403395748	0.0012423661403395748
1579	 LLH-0	0.0012430198669737703	0.0012423661403395748
1580	 LLH-1	0.0012423661403395748	0.0012423661403395748
1581	 LLH-0	0.001243165571920697	0.001243165571920697
1582	 LLH-5	0.0012435941252679546	0.001243165571920697
1583	 LLH-6	0.001243017250616175	0.001243017250616175
1584	 LLH-1	0.001243017250616175	0.001243017250616175
1585	 LLH-6	0.00124316207514043	0.00124316207514043
1586	 LLH-0	0.0012426811123198874	0.0012426811123198874
1587	 LLH-3	0.0012736919800900668	0.0012426811123198874
1588	 LLH-0	0.0012433227982256581	0.0012426811123198874
1589	 LLH-0	0.0012435259541780381	0.0012426811123198874
1590	 LLH-6	0.0012423882260628335	0.0012423882260628335
1591	 LLH-5	0.0012426156034033298	0.0012426156034033298
1592	 LLH-3	0.001248518623262361	0.0012426156034033298
1593	 LLH-1	0.0012426156034033298	0.0012426156034033298
1594	 LLH-1	0.0012425473530439215	0.0012425473530439215
1595	 LLH-4	0.0012425473530439215	0.0012425473530439215
1600	 LLH-4	0.0012425473530439215	0.0012425473530439215
1605	 LLH-2	0.0012485296229738086	0.0012425473530439215
1606	 LLH-6	0.0012431246765850009	0.0012431246765850009
1607	 LLH-1	0.0012431246765850009	0.0012431246765850009
1608	 LLH-1	0.0012431246765850009	0.0012431246765850009
1609	 LLH-6	0.0012425425422311965	0.0012425425422311965
1610	 LLH-2	0.0012537311680720573	0.0012425425422311965
1611	 LLH-4	0.0012425425422311965	0.0012425425422311965
1616	 LLH-2	0.0012508569826847075	0.0012425425422311965
1617	 LLH-2	0.0012548611944380832	0.0012425425422311965
1618	 LLH-3	0.0012638823506345282	0.0012425425422311965
1619	 LLH-6	0.001242378055579213	0.001242378055579213
1620	 LLH-4	0.001242378055579213	0.001242378055579213
1625	 LLH-2	0.001249740820648555	0.001242378055579213
1626	 LLH-2	0.0012520919502778624	0.001242378055579213
1627	 LLH-2	0.001258435020985197	0.001242378055579213
1628	 LLH-6	0.001241645918088743	0.001241645918088743
1629	 LLH-4	0.001241645918088743	0.001241645918088743
1634	 LLH-4	0.001241645918088743	0.001241645918088743
1639	 LLH-1	0.001241645918088743	0.001241645918088743
1640	 LLH-6	0.0012412776850447347	0.0012412776850447347
1641	 LLH-1	0.0012412776850447347	0.0012412776850447347
1642	 LLH-4	0.0012412776850447347	0.0012412776850447347
1647	 LLH-2	0.0012542330690848205	0.0012412776850447347
1648	 LLH-6	0.0012417238625479325	0.0012417238625479325
1649	 LLH-1	0.0012417238625479325	0.0012417238625479325
1650	 LLH-0	0.0012421597431638912	0.0012417238625479325
1651	 LLH-1	0.0012417238625479325	0.0012417238625479325
1652	 LLH-2	0.001255654089804107	0.0012417238625479325
1653	 LLH-5	0.0012414160912834645	0.0012414160912834645
1654	 LLH-2	0.0012499092600860246	0.0012414160912834645
1655	 LLH-3	0.0012443429273299937	0.0012414160912834645
1656	 LLH-6	0.0012416570921949207	0.0012416570921949207
1657	 LLH-0	0.0012564313657861266	0.0012416570921949207
1658	 LLH-5	0.001241818311509411	0.001241818311509411
1659	 LLH-2	0.001253811369163153	0.001241818311509411
1660	 LLH-0	0.0012423185322870372	0.0012423185322870372
1661	 LLH-6	0.0012433029121391773	0.0012423185322870372
1662	 LLH-4	0.0012423185322870372	0.0012423185322870372
1667	 LLH-6	0.0012423258104545302	0.0012423258104545302
1668	 LLH-0	0.0012427220749007906	0.0012423258104545302
1669	 LLH-6	0.0012419528063778607	0.0012419528063778607
1670	 LLH-0	0.0012424262041692779	0.0012419528063778607
1671	 LLH-2	0.0012577183718102704	0.0012419528063778607
1672	 LLH-6	0.0012425138536732241	0.0012419528063778607
1673	 LLH-3	0.001247604413735768	0.0012419528063778607
1674	 LLH-5	0.0012418787268628616	0.0012418787268628616
1675	 LLH-5	0.0012417935174278863	0.0012417935174278863
1676	 LLH-2	0.0012520265236743732	0.0012417935174278863
1677	 LLH-2	0.001258275240008929	0.0012417935174278863
1678	 LLH-0	0.0012421988130823384	0.0012417935174278863
1679	 LLH-2	0.0012528984369214746	0.0012417935174278863
1680	 LLH-4	0.00124140379029152	0.00124140379029152
1682	 LLH-5	0.001241661247606784	0.00124140379029152
1683	 LLH-6	0.0012428839330942518	0.00124140379029152
1684	 LLH-2	0.001249989065112769	0.00124140379029152
1685	 LLH-5	0.0012415416068956154	0.0012415416068956154
1686	 LLH-0	0.0012420931205931868	0.0012420931205931868
1687	 LLH-0	0.0012425879130728683	0.0012420931205931868
1688	 LLH-1	0.0012420931205931868	0.0012420931205931868
1689	 LLH-4	0.0012420931205931868	0.0012420931205931868
1694	 LLH-6	0.0012428104959958794	0.0012420931205931868
1695	 LLH-1	0.0012420931205931868	0.0012420931205931868
1696	 LLH-4	0.0012420931205931868	0.0012420931205931868
1701	 LLH-2	0.0012620502280598974	0.0012420931205931868
1702	 LLH-2	0.001254330207586261	0.0012420931205931868
1703	 LLH-0	0.001241690830179816	0.001241690830179816
1704	 LLH-0	0.0012421030153726422	0.001241690830179816
1705	 LLH-1	0.001241690830179816	0.001241690830179816
1706	 LLH-5	0.0012417006015412529	0.0012417006015412529
1707	 LLH-0	0.0012420877935723426	0.0012417006015412529
1708	 LLH-6	0.0012427012204257563	0.0012427012204257563
1709	 LLH-5	0.001242559089999437	0.001242559089999437
1710	 LLH-6	0.0012422996281759352	0.0012422996281759352
1711	 LLH-3	0.0012497335868063418	0.0012422996281759352
1712	 LLH-2	0.001251456380443949	0.0012422996281759352
1713	 LLH-6	0.0012417558724054153	0.0012417558724054153
1714	 LLH-4	0.0012417558724054153	0.0012417558724054153
1719	 LLH-2	0.001256983733017201	0.0012417558724054153
1720	 LLH-4	0.0012417558724054153	0.0012417558724054153
1725	 LLH-3	0.0012641851576196649	0.0012417558724054153
1726	 LLH-3	0.0012447354814843158	0.0012417558724054153
1727	 LLH-2	0.0012600636022384601	0.0012417558724054153
1728	 LLH-2	0.0012481628186963329	0.0012417558724054153
1729	 LLH-3	0.0012463594631939726	0.0012417558724054153
1730	 LLH-5	0.001241489844779922	0.001241489844779922
1731	 LLH-0	0.0012425269534757112	0.0012425269534757112
1732	 LLH-5	0.0012426223927051504	0.0012426223927051504
1733	 LLH-4	0.0012426223927051504	0.0012426223927051504
1738	 LLH-1	0.0012426223927051504	0.0012426223927051504
1739	 LLH-3	0.0012443683960941501	0.0012426223927051504
1740	 LLH-5	0.0012427059800418437	0.0012427059800418437
1741	 LLH-4	0.0012427059800418437	0.0012427059800418437
1746	 LLH-3	0.0012483009288805774	0.0012427059800418437
1747	 LLH-1	0.0012427059800418437	0.0012427059800418437
1748	 LLH-2	0.001262630565319368	0.0012427059800418437
1749	 LLH-3	0.0012464305505466811	0.0012427059800418437
1750	 LLH-3	0.00124910502696586	0.0012427059800418437
1751	 LLH-0	0.0012433323671041108	0.0012433323671041108
1752	 LLH-0	0.0012437509467238342	0.0012437509467238342
1753	 LLH-6	0.001244537814842247	0.0012437509467238342
1754	 LLH-0	0.0012441336382302988	0.0012441336382302988
1755	 LLH-0	0.0012445802025622399	0.0012445802025622399
1756	 LLH-6	0.0012450285974373242	0.0012445802025622399
1757	 LLH-3	0.001247437435366889	0.0012445802025622399
1758	 LLH-5	0.0012449398845442304	0.0012445802025622399
1759	 LLH-2	0.001253709675870429	0.0012445802025622399
1760	 LLH-6	0.0012449691254301971	0.0012445802025622399
1761	 LLH-6	0.0012445238847990303	0.0012445238847990303
1762	 LLH-4	0.0012445238847990303	0.0012445238847990303
1767	 LLH-3	0.0012785617108608165	0.0012445238847990303
1768	 LLH-5	0.0012450145417346361	0.0012450145417346361
1769	 LLH-5	0.0012450145417346361	0.0012450145417346361
1770	 LLH-6	0.0012445401024907183	0.0012445401024907183
1771	 LLH-5	0.0012443566330731966	0.0012443566330731966
1772	 LLH-2	0.0012501174835535401	0.0012443566330731966
1773	 LLH-5	0.00124457137433462	0.00124457137433462
1774	 LLH-3	0.0012800341162815003	0.00124457137433462
1775	 LLH-2	0.0012571975408266374	0.00124457137433462
1776	 LLH-2	0.001247030027144301	0.00124457137433462
1777	 LLH-1	0.00124457137433462	0.00124457137433462
1778	 LLH-6	0.001244951265511428	0.001244951265511428
1779	 LLH-5	0.00124481631199213	0.00124481631199213
1780	 LLH-1	0.0012447205799167337	0.0012447205799167337
1781	 LLH-2	0.0012563882304647965	0.0012447205799167337
1782	 LLH-2	0.0012595200654240315	0.0012447205799167337
1783	 LLH-5	0.0012456354498306022	0.0012447205799167337
1784	 LLH-1	0.0012447205799167337	0.0012447205799167337
1785	 LLH-0	0.001244173901453409	0.001244173901453409
1786	 LLH-4	0.0012435903836658323	0.0012435903836658323
1788	 LLH-4	0.001243130885641868	0.001243130885641868
1793	 LLH-4	0.001242707622252652	0.001242707622252652
1795	 LLH-1	0.001242707622252652	0.001242707622252652
1796	 LLH-4	0.001242707622252652	0.001242707622252652
1801	 LLH-5	0.00124220819950721	0.00124220819950721
1802	 LLH-5	0.00124222514866621	0.00124222514866621
1803	 LLH-2	0.0012547274328662422	0.00124222514866621
1804	 LLH-1	0.001241854588352089	0.001241854588352089
1805	 LLH-6	0.0012424343108942807	0.0012424343108942807
1806	 LLH-2	0.0012499797183163988	0.0012424343108942807
1807	 LLH-6	0.0012422921684593592	0.0012422921684593592
1808	 LLH-0	0.0012431012729575326	0.0012422921684593592
1809	 LLH-4	0.0012422921684593592	0.0012422921684593592
1814	 LLH-5	0.001242444859979991	0.001242444859979991
1815	 LLH-5	0.001243076136501757	0.001242444859979991
1816	 LLH-2	0.0012460999669919113	0.001242444859979991
1817	 LLH-6	0.0012426949426237355	0.0012426949426237355
1818	 LLH-5	0.001243224697657584	0.0012426949426237355
1819	 LLH-5	0.0012423338911352556	0.0012423338911352556
1820	 LLH-2	0.0012493703804915533	0.0012423338911352556
1821	 LLH-0	0.0012428045954249413	0.0012423338911352556
1822	 LLH-2	0.0012511642198403874	0.0012423338911352556
1823	 LLH-0	0.0012430220107750205	0.0012423338911352556
1824	 LLH-5	0.0012426781187661292	0.0012423338911352556
1825	 LLH-0	0.0012427624628635898	0.0012427624628635898
1826	 LLH-4	0.0012423069251530537	0.0012423069251530537
1828	 LLH-4	0.0012417761232992469	0.0012417761232992469
1831	 LLH-0	0.0012423821795575813	0.0012417761232992469
1832	 LLH-0	0.001242462098217739	0.0012417761232992469
1833	 LLH-5	0.001241525832738418	0.001241525832738418
1834	 LLH-5	0.001241525832738418	0.001241525832738418
1835	 LLH-2	0.001244879111630832	0.001241525832738418
1836	 LLH-2	0.00126201539234921	0.001241525832738418
1837	 LLH-2	0.001245508139650908	0.001241525832738418
1838	 LLH-1	0.001241525832738418	0.001241525832738418
1839	 LLH-6	0.001241835714477441	0.001241835714477441
1840	 LLH-4	0.001241835714477441	0.001241835714477441
1845	 LLH-0	0.0012423311893846457	0.001241835714477441
1846	 LLH-4	0.001241835714477441	0.001241835714477441
1851	 LLH-2	0.0012548395907263918	0.001241835714477441
1852	 LLH-2	0.0012564137980340174	0.001241835714477441
1853	 LLH-1	0.001241835714477441	0.001241835714477441
1854	 LLH-0	0.0012423294424399837	0.0012423294424399837
1855	 LLH-3	0.001247637134964057	0.0012423294424399837
1856	 LLH-4	0.0012423294424399837	0.0012423294424399837
1861	 LLH-0	0.001242856439597793	0.0012423294424399837
1862	 LLH-3	0.001263614447239721	0.0012423294424399837
1863	 LLH-3	0.0012467854344652596	0.0012423294424399837
1864	 LLH-2	0.0012499910885259377	0.0012423294424399837
1865	 LLH-5	0.0012424081770041385	0.0012423294424399837
1866	 LLH-4	0.0012417203364733598	0.0012417203364733598
1870	 LLH-6	0.0012426712001627398	0.0012417203364733598
1871	 LLH-6	0.0012413497929168937	0.0012413497929168937
1872	 LLH-2	0.001249796095590222	0.0012413497929168937
1873	 LLH-4	0.0012413497929168937	0.0012413497929168937
1878	 LLH-3	0.0012825976853867176	0.0012413497929168937
1879	 LLH-6	0.0012415361791630502	0.0012413497929168937
1880	 LLH-1	0.0012413497929168937	0.0012413497929168937
1881	 LLH-5	0.0012413497929168937	0.0012413497929168937
1882	 LLH-6	0.0012414114741168547	0.0012414114741168547
1883	 LLH-1	0.0012414114741168547	0.0012414114741168547
1884	 LLH-4	0.0012414114741168547	0.0012414114741168547
1889	 LLH-4	0.0012414114741168547	0.0012414114741168547
1894	 LLH-2	0.0012533715374782115	0.0012414114741168547
1895	 LLH-1	0.0012413943411286143	0.0012413943411286143
1896	 LLH-3	0.0012764790040940873	0.0012413943411286143
1897	 LLH-6	0.0012418378460045216	0.0012418378460045216
1898	 LLH-4	0.0012418378460045216	0.0012418378460045216
1903	 LLH-0	0.001242372243027808	0.0012418378460045216
1904	 LLH-6	0.001241540647121802	0.001241540647121802
1905	 LLH-2	0.0012549835361241378	0.001241540647121802
1906	 LLH-2	0.0012524474274924248	0.001241540647121802
1907	 LLH-4	0.001241540647121802	0.001241540647121802
1912	 LLH-3	0.0012473276566812564	0.001241540647121802
1913	 LLH-3	0.0012656540225972593	0.001241540647121802
1914	 LLH-6	0.0012406214939573602	0.0012406214939573602
1915	 LLH-3	0.0012631019717913802	0.0012406214939573602
1916	 LLH-0	0.001241076036757944	0.0012406214939573602
1917	 LLH-6	0.0012404450237239139	0.0012404450237239139
1918	 LLH-3	0.0012423501268031766	0.0012404450237239139
1919	 LLH-1	0.0012404713653786225	0.0012404713653786225
1920	 LLH-0	0.0012409004770767473	0.0012404713653786225
1921	 LLH-4	0.0012404713653786225	0.0012404713653786225
1926	 LLH-1	0.0012404713653786225	0.0012404713653786225
1927	 LLH-1	0.0012404713653786225	0.0012404713653786225
1928	 LLH-1	0.0012404713653786225	0.0012404713653786225
1929	 LLH-3	0.0012470725321870632	0.0012404713653786225
1930	 LLH-6	0.0012403406833806576	0.0012403406833806576
1931	 LLH-4	0.0012403406833806576	0.0012403406833806576
1936	 LLH-2	0.001250265020535343	0.0012403406833806576
1937	 LLH-6	0.0012406430381430111	0.0012403406833806576
1938	 LLH-0	0.0012407340728001876	0.0012407340728001876
1939	 LLH-1	0.0012407340728001876	0.0012407340728001876
1940	 LLH-5	0.0012406951221334856	0.0012406951221334856
1941	 LLH-0	0.001241154873649183	0.0012406951221334856
1942	 LLH-4	0.0012401918029224341	0.0012401918029224341
1945	 LLH-0	0.0012546727422416263	0.0012401918029224341
1946	 LLH-1	0.0012401169955770664	0.0012401169955770664
1947	 LLH-2	0.0012492560648486718	0.0012401169955770664
1948	 LLH-6	0.0012405911284227107	0.0012401169955770664
1949	 LLH-4	0.0012401169955770664	0.0012401169955770664
1954	 LLH-6	0.001240203550342525	0.001240203550342525
1955	 LLH-4	0.001240203550342525	0.001240203550342525
1960	 LLH-2	0.0012541554005224306	0.001240203550342525
1961	 LLH-5	0.0012408814731402914	0.001240203550342525
1962	 LLH-2	0.0012500561459649394	0.001240203550342525
1963	 LLH-6	0.0012402971176142857	0.001240203550342525
1964	 LLH-4	0.001240203550342525	0.001240203550342525
1969	 LLH-5	0.0012406589902397183	0.001240203550342525
1970	 LLH-0	0.0012548903728449713	0.001240203550342525
1971	 LLH-3	0.0012417006076937739	0.001240203550342525
1972	 LLH-4	0.001240203550342525	0.001240203550342525
1977	 LLH-2	0.0012492315753958394	0.001240203550342525
1978	 LLH-3	0.0012444375813253851	0.001240203550342525
1979	 LLH-6	0.0012393741353109663	0.0012393741353109663
1980	 LLH-1	0.0012393741353109663	0.0012393741353109663
1981	 LLH-1	0.001239583433174141	0.0012393741353109663
1982	 LLH-1	0.001239429099472512	0.001239429099472512
1983	 LLH-3	0.0012460190841498252	0.001239429099472512
1984	 LLH-1	0.001239429099472512	0.001239429099472512
1985	 LLH-2	0.0012531327348949378	0.001239429099472512
1986	 LLH-2	0.001252082123261784	0.001239429099472512
1987	 LLH-0	0.001239815254489624	0.001239429099472512
1988	 LLH-5	0.001239451109727366	0.001239451109727366
1989	 LLH-5	0.001239984560555513	0.001239451109727366
1990	 LLH-6	0.0012402564623756594	0.001239451109727366
1991	 LLH-6	0.0012401286976437657	0.001239451109727366
1992	 LLH-3	0.0012453616282271695	0.001239451109727366
1993	 LLH-0	0.0012398676458977268	0.001239451109727366
1994	 LLH-6	0.001239669152753633	0.001239669152753633
1995	 LLH-0	0.0012401675432096475	0.0012401675432096475
1996	 LLH-0	0.0012406537357830339	0.0012401675432096475
1997	 LLH-1	0.0012399115511778386	0.0012399115511778386
1998	 LLH-4	0.0012399115511778386	0.0012399115511778386
GRID-Start
0.0	0.0
0.0	308.0385
0.0	616.077
0.0	924.1155
0.0	1232.154
0.0	1540.1925
0.0	1848.2310000000002
0.0	2156.2695000000003
0.0	2464.3080000000004
0.0	2772.3465000000006
0.0	3080.3850000000007
0.0	3388.423500000001
0.0	3696.462000000001
0.0	4004.500500000001
0.0	4312.539000000001
0.0	4620.5775
0.0	4928.616
0.0	5236.6545
0.0	5544.692999999999
0.0	5852.731499999999
0.0	6160.769999999999
0.0	6468.808499999998
308.0385	0.0
308.0385	308.0385
308.0385	616.077
308.0385	924.1155
308.0385	1232.154
308.0385	1540.1925
308.0385	1848.2310000000002
308.0385	2156.2695000000003
308.0385	2464.3080000000004
308.0385	2772.3465000000006
308.0385	3080.3850000000007
308.0385	3388.423500000001
308.0385	3696.462000000001
308.0385	4004.500500000001
308.0385	4312.539000000001
308.0385	4620.5775
308.0385	4928.616
308.0385	5236.6545
308.0385	5544.692999999999
308.0385	5852.731499999999
308.0385	6160.769999999999
308.0385	6468.808499999998
616.077	0.0
616.077	308.0385
616.077	616.077
616.077	924.1155
616.077	1232.154
616.077	1540.1925
616.077	1848.2310000000002
616.077	2156.2695000000003
616.077	2464.3080000000004
616.077	2772.3465000000006
616.077	3080.3850000000007
616.077	3388.423500000001
616.077	3696.462000000001
616.077	4004.500500000001
616.077	4312.539000000001
616.077	4620.5775
616.077	4928.616
616.077	5236.6545
616.077	5544.692999999999
616.077	5852.731499999999
616.077	6160.769999999999
616.077	6468.808499999998
924.1155	0.0
924.1155	308.0385
924.1155	616.077
924.1155	924.1155
924.1155	1232.154
924.1155	1540.1925
924.1155	1848.2310000000002
924.1155	2156.2695000000003
924.1155	2464.3080000000004
924.1155	2772.3465000000006
924.1155	3080.3850000000007
924.1155	3388.423500000001
924.1155	3696.462000000001
924.1155	4004.500500000001
924.1155	4312.539000000001
924.1155	4620.5775
924.1155	4928.616
924.1155	5236.6545
924.1155	5544.692999999999
924.1155	5852.731499999999
924.1155	6160.769999999999
924.1155	6468.808499999998
1232.154	0.0
1232.154	308.0385
1232.154	616.077
1232.154	924.1155
1232.154	1232.154
1232.154	1540.1925
1232.154	1848.2310000000002
1232.154	2156.2695000000003
1232.154	2464.3080000000004
1232.154	2772.3465000000006
1232.154	3080.3850000000007
1232.154	4620.5775
1232.154	4928.616
1232.154	5236.6545
1232.154	5544.692999999999
1232.154	5852.731499999999
1232.154	6160.769999999999
1232.154	6468.808499999998
1540.1925	0.0
1540.1925	308.0385
1540.1925	616.077
1540.1925	924.1155
1540.1925	1232.154
1540.1925	1540.1925
1540.1925	1848.2310000000002
1540.1925	2156.2695000000003
1540.1925	2464.3080000000004
1540.1925	2772.3465000000006
1540.1925	3080.3850000000007
1540.1925	4620.5775
1540.1925	4928.616
1540.1925	5236.6545
1540.1925	5544.692999999999
1540.1925	5852.731499999999
1540.1925	6160.769999999999
1540.1925	6468.808499999998
1848.2310000000002	0.0
1848.2310000000002	308.0385
1848.2310000000002	616.077
1848.2310000000002	924.1155
1848.2310000000002	1232.154
1848.2310000000002	1540.1925
1848.2310000000002	1848.2310000000002
1848.2310000000002	2156.2695000000003
1848.2310000000002	2464.3080000000004
1848.2310000000002	2772.3465000000006
1848.2310000000002	3080.3850000000007
1848.2310000000002	4620.5775
1848.2310000000002	4928.616
1848.2310000000002	5236.6545
1848.2310000000002	5544.692999999999
1848.2310000000002	5852.731499999999
1848.2310000000002	6160.769999999999
1848.2310000000002	6468.808499999998
2156.2695000000003	0.0
2156.2695000000003	308.0385
2156.2695000000003	616.077
2156.2695000000003	924.1155
2156.2695000000003	1232.154
2156.2695000000003	1540.1925
2156.2695000000003	1848.2310000000002
2156.2695000000003	2156.2695000000003
2156.2695000000003	2464.3080000000004
2156.2695000000003	2772.3465000000006
2156.2695000000003	3080.3850000000007
2156.2695000000003	4620.5775
2156.2695000000003	4928.616
2156.2695000000003	5236.6545
2156.2695000000003	5544.692999999999
2156.2695000000003	5852.731499999999
2156.2695000000003	6160.769999999999
2156.2695000000003	6468.808499999998
2464.3080000000004	0.0
2464.3080000000004	2464.3080000000004
2464.3080000000004	2772.3465000000006
2464.3080000000004	3080.3850000000007
2464.3080000000004	3388.423500000001
2464.3080000000004	3696.462000000001
2464.3080000000004	4004.500500000001
2464.3080000000004	4312.539000000001
2464.3080000000004	4620.5775
2464.3080000000004	4928.616
2464.3080000000004	5236.6545
2464.3080000000004	5544.692999999999
2464.3080000000004	5852.731499999999
2464.3080000000004	6160.769999999999
2464.3080000000004	6468.808499999998
2772.3465000000006	0.0
2772.3465000000006	2464.3080000000004
2772.3465000000006	2772.3465000000006
2772.3465000000006	3080.3850000000007
2772.3465000000006	3388.423500000001
2772.3465000000006	3696.462000000001
2772.3465000000006	4004.500500000001
2772.3465000000006	4312.539000000001
2772.3465000000006	4620.5775
2772.3465000000006	4928.616
2772.3465000000006	5236.6545
2772.3465000000006	5544.692999999999
2772.3465000000006	5852.731499999999
2772.3465000000006	6160.769999999999
2772.3465000000006	6468.808499999998
3080.3850000000007	0.0
3080.3850000000007	2464.3080000000004
3080.3850000000007	2772.3465000000006
3080.3850000000007	3080.3850000000007
3080.3850000000007	3388.423500000001
3080.3850000000007	3696.462000000001
3080.3850000000007	4004.500500000001
3080.3850000000007	4312.539000000001
3080.3850000000007	4620.5775
3080.3850000000007	4928.616
3080.3850000000007	5236.6545
3080.3850000000007	5544.692999999999
3080.3850000000007	5852.731499999999
3080.3850000000007	6160.769999999999
3080.3850000000007	6468.808499999998
3388.423500000001	0.0
3388.423500000001	2464.3080000000004
3388.423500000001	2772.3465000000006
3388.423500000001	3080.3850000000007
3388.423500000001	3388.423500000001
3388.423500000001	3696.462000000001
3388.423500000001	4004.500500000001
3388.423500000001	4312.539000000001
3388.423500000001	4620.5775
3388.423500000001	4928.616
3388.423500000001	5236.6545
3388.423500000001	5544.692999999999
3388.423500000001	5852.731499999999
3388.423500000001	6160.769999999999
3388.423500000001	6468.808499999998
3696.462000000001	0.0
3696.462000000001	308.0385
3696.462000000001	616.077
3696.462000000001	924.1155
3696.462000000001	1232.154
3696.462000000001	1540.1925
3696.462000000001	1848.2310000000002
3696.462000000001	2156.2695000000003
3696.462000000001	3388.423500000001
3696.462000000001	3696.462000000001
3696.462000000001	4004.500500000001
3696.462000000001	4312.539000000001
3696.462000000001	4620.5775
3696.462000000001	4928.616
3696.462000000001	5236.6545
3696.462000000001	5544.692999999999
3696.462000000001	5852.731499999999
3696.462000000001	6160.769999999999
3696.462000000001	6468.808499999998
4004.500500000001	0.0
4004.500500000001	308.0385
4004.500500000001	616.077
4004.500500000001	924.1155
4004.500500000001	1232.154
4004.500500000001	1540.1925
4004.500500000001	1848.2310000000002
4004.500500000001	2156.2695000000003
4004.500500000001	3388.423500000001
4004.500500000001	3696.462000000001
4004.500500000001	4004.500500000001
4004.500500000001	4312.539000000001
4004.500500000001	4620.5775
4004.500500000001	4928.616
4004.500500000001	5236.6545
4004.500500000001	5544.692999999999
4004.500500000001	5852.731499999999
4004.500500000001	6160.769999999999
4004.500500000001	6468.808499999998
4312.539000000001	0.0
4312.539000000001	308.0385
4312.539000000001	616.077
4312.539000000001	924.1155
4312.539000000001	1232.154
4312.539000000001	1540.1925
4312.539000000001	1848.2310000000002
4312.539000000001	2156.2695000000003
4312.539000000001	3388.423500000001
4312.539000000001	3696.462000000001
4312.539000000001	4004.500500000001
4312.539000000001	4312.539000000001
4312.539000000001	4620.5775
4312.539000000001	4928.616
4312.539000000001	5236.6545
4312.539000000001	5544.692999999999
4312.539000000001	5852.731499999999
4312.539000000001	6160.769999999999
4312.539000000001	6468.808499999998
4620.5775	0.0
4620.5775	308.0385
4620.5775	616.077
4620.5775	924.1155
4620.5775	1232.154
4620.5775	1540.1925
4620.5775	1848.2310000000002
4620.5775	2156.2695000000003
4620.5775	2464.3080000000004
4620.5775	2772.3465000000006
4620.5775	3080.3850000000007
4620.5775	3388.423500000001
4620.5775	3696.462000000001
4620.5775	4004.500500000001
4620.5775	4312.539000000001
4620.5775	4620.5775
4620.5775	4928.616
4620.5775	5236.6545
4620.5775	5544.692999999999
4620.5775	5852.731499999999
4620.5775	6160.769999999999
4620.5775	6468.808499999998
4928.616	0.0
4928.616	308.0385
4928.616	616.077
4928.616	924.1155
4928.616	1232.154
4928.616	1540.1925
4928.616	1848.2310000000002
4928.616	2156.2695000000003
4928.616	2464.3080000000004
4928.616	2772.3465000000006
4928.616	3080.3850000000007
4928.616	3388.423500000001
4928.616	3696.462000000001
4928.616	4004.500500000001
4928.616	4312.539000000001
4928.616	4620.5775
4928.616	4928.616
4928.616	5236.6545
4928.616	5544.692999999999
4928.616	5852.731499999999
4928.616	6160.769999999999
4928.616	6468.808499999998
5236.6545	0.0
5236.6545	308.0385
5236.6545	616.077
5236.6545	924.1155
5236.6545	1232.154
5236.6545	1540.1925
5236.6545	1848.2310000000002
5236.6545	2156.2695000000003
5236.6545	2464.3080000000004
5236.6545	2772.3465000000006
5236.6545	3080.3850000000007
5236.6545	3388.423500000001
5236.6545	3696.462000000001
5236.6545	4004.500500000001
5236.6545	4312.539000000001
5236.6545	4620.5775
5236.6545	4928.616
5236.6545	5236.6545
5236.6545	5544.692999999999
5236.6545	5852.731499999999
5236.6545	6160.769999999999
5236.6545	6468.808499999998
5544.692999999999	0.0
5544.692999999999	308.0385
5544.692999999999	616.077
5544.692999999999	924.1155
5544.692999999999	1232.154
5544.692999999999	1540.1925
5544.692999999999	1848.2310000000002
5544.692999999999	2156.2695000000003
5544.692999999999	2464.3080000000004
5544.692999999999	2772.3465000000006
5544.692999999999	3080.3850000000007
5544.692999999999	3388.423500000001
5544.692999999999	3696.462000000001
5544.692999999999	4004.500500000001
5544.692999999999	4312.539000000001
5544.692999999999	4620.5775
5544.692999999999	4928.616
5544.692999999999	5236.6545
5544.692999999999	5544.692999999999
5544.692999999999	5852.731499999999
5544.692999999999	6160.769999999999
5544.692999999999	6468.808499999998
5852.731499999999	0.0
5852.731499999999	308.0385
5852.731499999999	616.077
5852.731499999999	924.1155
5852.731499999999	1232.154
5852.731499999999	1540.1925
5852.731499999999	1848.2310000000002
5852.731499999999	2156.2695000000003
5852.731499999999	2464.3080000000004
5852.731499999999	2772.3465000000006
5852.731499999999	3080.3850000000007
5852.731499999999	3388.423500000001
5852.731499999999	3696.462000000001
5852.731499999999	4004.500500000001
5852.731499999999	4312.539000000001
5852.731499999999	4620.5775
5852.731499999999	4928.616
5852.731499999999	5236.6545
5852.731499999999	5544.692999999999
5852.731499999999	5852.731499999999
5852.731499999999	6160.769999999999
5852.731499999999	6468.808499999998
6160.769999999999	0.0
6160.769999999999	308.0385
6160.769999999999	616.077
6160.769999999999	924.1155
6160.769999999999	1232.154
6160.769999999999	1540.1925
6160.769999999999	1848.2310000000002
6160.769999999999	2156.2695000000003
6160.769999999999	2464.3080000000004
6160.769999999999	2772.3465000000006
6160.769999999999	3080.3850000000007
6160.769999999999	3388.423500000001
6160.769999999999	3696.462000000001
6160.769999999999	4004.500500000001
6160.769999999999	4312.539000000001
6160.769999999999	4620.5775
6160.769999999999	4928.616
6160.769999999999	5236.6545
6160.769999999999	5544.692999999999
6160.769999999999	5852.731499999999
6160.769999999999	6160.769999999999
6160.769999999999	6468.808499999998
6468.808499999998	0.0
6468.808499999998	308.0385
6468.808499999998	616.077
6468.808499999998	924.1155
6468.808499999998	1232.154
6468.808499999998	1540.1925
6468.808499999998	1848.2310000000002
6468.808499999998	2156.2695000000003
6468.808499999998	2464.3080000000004
6468.808499999998	2772.3465000000006
6468.808499999998	3080.3850000000007
6468.808499999998	3388.423500000001
6468.808499999998	3696.462000000001
6468.808499999998	4004.500500000001
6468.808499999998	4312.539000000001
6468.808499999998	4620.5775
6468.808499999998	4928.616
6468.808499999998	5236.6545
6468.808499999998	5544.692999999999
6468.808499999998	5852.731499999999
6468.808499999998	6160.769999999999
6468.808499999998	6468.808499999998
6776.846999999998	0.0
6776.846999999998	308.0385
6776.846999999998	616.077
6776.846999999998	924.1155
6776.846999999998	1232.154
6776.846999999998	1540.1925
6776.846999999998	1848.2310000000002
6776.846999999998	2156.2695000000003
6776.846999999998	2464.3080000000004
6776.846999999998	2772.3465000000006
6776.846999999998	3080.3850000000007
6776.846999999998	3388.423500000001
6776.846999999998	3696.462000000001
6776.846999999998	4004.500500000001
6776.846999999998	4312.539000000001
6776.846999999998	4620.5775
6776.846999999998	4928.616
6776.846999999998	5236.6545
6776.846999999998	5544.692999999999
6776.846999999998	5852.731499999999
6776.846999999998	6160.769999999999
6776.846999999998	6468.808499999998
7084.885499999998	0.0
7084.885499999998	308.0385
7084.885499999998	616.077
7084.885499999998	924.1155
7084.885499999998	1232.154
7084.885499999998	1540.1925
7084.885499999998	1848.2310000000002
7084.885499999998	2156.2695000000003
7084.885499999998	2464.3080000000004
7084.885499999998	2772.3465000000006
7084.885499999998	3080.3850000000007
7084.885499999998	3388.423500000001
7084.885499999998	3696.462000000001
7084.885499999998	4004.500500000001
7084.885499999998	4312.539000000001
7084.885499999998	4620.5775
7084.885499999998	4928.616
7084.885499999998	5236.6545
7084.885499999998	5544.692999999999
7084.885499999998	5852.731499999999
7084.885499999998	6160.769999999999
7084.885499999998	6468.808499999998
7392.923999999997	0.0
7392.923999999997	308.0385
7392.923999999997	616.077
7392.923999999997	924.1155
7392.923999999997	1232.154
7392.923999999997	1540.1925
7392.923999999997	1848.2310000000002
7392.923999999997	2156.2695000000003
7392.923999999997	2464.3080000000004
7392.923999999997	2772.3465000000006
7392.923999999997	3080.3850000000007
7392.923999999997	3388.423500000001
7392.923999999997	3696.462000000001
7392.923999999997	4004.500500000001
7392.923999999997	4312.539000000001
7392.923999999997	4620.5775
7392.923999999997	4928.616
7392.923999999997	5236.6545
7392.923999999997	5544.692999999999
7392.923999999997	5852.731499999999
7392.923999999997	6160.769999999999
7392.923999999997	6468.808499999998
7700.962499999997	0.0
7700.962499999997	308.0385
7700.962499999997	616.077
7700.962499999997	924.1155
7700.962499999997	1232.154
7700.962499999997	1540.1925
7700.962499999997	1848.2310000000002
7700.962499999997	2156.2695000000003
7700.962499999997	2464.3080000000004
7700.962499999997	2772.3465000000006
7700.962499999997	3080.3850000000007
7700.962499999997	3388.423500000001
7700.962499999997	3696.462000000001
7700.962499999997	4004.500500000001
7700.962499999997	4312.539000000001
7700.962499999997	4620.5775
7700.962499999997	4928.616
7700.962499999997	5236.6545
7700.962499999997	5544.692999999999
7700.962499999997	5852.731499999999
7700.962499999997	6160.769999999999
7700.962499999997	6468.808499999998
8009.000999999997	0.0
8009.000999999997	308.0385
8009.000999999997	616.077
8009.000999999997	924.1155
8009.000999999997	1232.154
8009.000999999997	1540.1925
8009.000999999997	1848.2310000000002
8009.000999999997	2156.2695000000003
8009.000999999997	2464.3080000000004
8009.000999999997	2772.3465000000006
8009.000999999997	3080.3850000000007
8009.000999999997	3388.423500000001
8009.000999999997	3696.462000000001
8009.000999999997	4004.500500000001
8009.000999999997	4312.539000000001
8009.000999999997	4620.5775
8009.000999999997	4928.616
8009.000999999997	5236.6545
8009.000999999997	5544.692999999999
8009.000999999997	5852.731499999999
8009.000999999997	6160.769999999999
8009.000999999997	6468.808499999998
8317.039499999997	0.0
8317.039499999997	308.0385
8317.039499999997	616.077
8317.039499999997	924.1155
8317.039499999997	1232.154
8317.039499999997	1540.1925
8317.039499999997	1848.2310000000002
8317.039499999997	2156.2695000000003
8317.039499999997	2464.3080000000004
8317.039499999997	2772.3465000000006
8317.039499999997	3080.3850000000007
8317.039499999997	3388.423500000001
8317.039499999997	3696.462000000001
8317.039499999997	4004.500500000001
8317.039499999997	4312.539000000001
8317.039499999997	4620.5775
8317.039499999997	4928.616
8317.039499999997	5236.6545
8317.039499999997	5544.692999999999
8317.039499999997	5852.731499999999
8317.039499999997	6160.769999999999
8317.039499999997	6468.808499999998
8625.077999999998	0.0
8625.077999999998	308.0385
8625.077999999998	616.077
8625.077999999998	924.1155
8625.077999999998	1232.154
8625.077999999998	1540.1925
8625.077999999998	1848.2310000000002
8625.077999999998	2156.2695000000003
8625.077999999998	2464.3080000000004
8625.077999999998	2772.3465000000006
8625.077999999998	3080.3850000000007
8625.077999999998	3388.423500000001
8625.077999999998	3696.462000000001
8625.077999999998	4004.500500000001
8625.077999999998	4312.539000000001
8625.077999999998	4620.5775
8625.077999999998	4928.616
8625.077999999998	5236.6545
8625.077999999998	5544.692999999999
8625.077999999998	5852.731499999999
8625.077999999998	6160.769999999999
8625.077999999998	6468.808499999998
8933.116499999998	0.0
8933.116499999998	308.0385
8933.116499999998	616.077
8933.116499999998	924.1155
8933.116499999998	1232.154
8933.116499999998	1540.1925
8933.116499999998	1848.2310000000002
8933.116499999998	2156.2695000000003
8933.116499999998	2464.3080000000004
8933.116499999998	2772.3465000000006
8933.116499999998	3080.3850000000007
8933.116499999998	3388.423500000001
8933.116499999998	3696.462000000001
8933.116499999998	4004.500500000001
8933.116499999998	4312.539000000001
8933.116499999998	4620.5775
8933.116499999998	4928.616
8933.116499999998	5236.6545
8933.116499999998	5544.692999999999
8933.116499999998	5852.731499999999
8933.116499999998	6160.769999999999
8933.116499999998	6468.808499999998
GRID-End
num_of_evaluations 2000
best obj 0.0012393741353109663
LLH0	42
LLH1	36
LLH2	40
LLH3	64
LLH4	111
LLH5	85
LLH6	114