Initial objective 0.0013159733963010159	 Seed value 109229231
1	 LLH-5	0.001317343333740472	0.001317343333740472
2	 LLH-5	0.0013174461041050999	0.0013174461041050999
3	 LLH-1	0.001317307585499515	0.001317307585499515
4	 LLH-2	0.0012962859818443178	0.0012962859818443178
5	 LLH-6	0.0012972452787402245	0.0012972452787402245
6	 LLH-2	0.0013088992483135404	0.0013088992483135404
7	 LLH-1	0.0013088992483135404	0.0013088992483135404
8	 LLH-6	0.001309082503234896	0.001309082503234896
9	 LLH-4	0.001309082503234896	0.001309082503234896
14	 LLH-6	0.0013073842215050847	0.0013073842215050847
15	 LLH-2	0.0013041045658871322	0.0013041045658871322
16	 LLH-3	0.001390289587422924	0.001390289587422924
17	 LLH-1	0.001390289587422924	0.001390289587422924
18	 LLH-1	0.001390289587422924	0.001390289587422924
19	 LLH-2	0.001356228924385991	0.001356228924385991
20	 LLH-1	0.001356228924385991	0.001356228924385991
21	 LLH-0	0.001354143280734558	0.001354143280734558
22	 LLH-6	0.0013525648288317893	0.0013525648288317893
23	 LLH-0	0.00135453471983373	0.00135453471983373
24	 LLH-4	0.0013526505736761803	0.0013526505736761803
26	 LLH-1	0.0013526505736761803	0.0013526505736761803
27	 LLH-2	0.0013449302597100996	0.0013449302597100996
28	 LLH-0	0.0013470549601399544	0.0013470549601399544
29	 LLH-3	0.0014985308285939186	0.0014985308285939186
30	 LLH-6	0.001497632405734548	0.001497632405734548
31	 LLH-4	0.0014931933750913177	0.0014931933750913177
33	 LLH-2	0.001448779610955793	0.001448779610955793
34	 LLH-2	0.001412124804012214	0.001412124804012214
35	 LLH-4	0.0014091054757086338	0.0014091054757086338
37	 LLH-0	0.00140609499465257	0.00140609499465257
38	 LLH-5	0.0014068483553190433	0.0014068483553190433
39	 LLH-6	0.001404367859855537	0.001404367859855537
40	 LLH-2	0.0013761076728934691	0.0013761076728934691
41	 LLH-3	0.0015417793409118414	0.0015417793409118414
42	 LLH-3	0.0013139296641165494	0.0013139296641165494
43	 LLH-6	0.0013133393048799823	0.0013133393048799823
44	 LLH-0	0.0013118437116418698	0.0013118437116418698
45	 LLH-4	0.0013103026940404236	0.0013103026940404236
48	 LLH-5	0.001310293198325445	0.001310293198325445
49	 LLH-1	0.001310293198325445	0.001310293198325445
50	 LLH-2	0.0013150339135766119	0.0013150339135766119
51	 LLH-5	0.0013153511297512624	0.0013153511297512624
52	 LLH-4	0.0013136888401637527	0.0013136888401637527
55	 LLH-6	0.0013155610324585448	0.0013155610324585448
56	 LLH-2	0.0013192422517512969	0.0013192422517512969
57	 LLH-0	0.0013207573486373916	0.0013207573486373916
58	 LLH-2	0.0013246751870881963	0.0013246751870881963
59	 LLH-1	0.0013246751870881963	0.0013246751870881963
60	 LLH-2	0.001297164109739909	0.001297164109739909
61	 LLH-1	0.001297164109739909	0.001297164109739909
62	 LLH-0	0.0012983443568734938	0.001297164109739909
63	 LLH-5	0.0012984476898376227	0.0012984476898376227
64	 LLH-4	0.001297187962413698	0.001297187962413698
67	 LLH-1	0.001297187962413698	0.001297187962413698
68	 LLH-4	0.0012958887503695118	0.0012958887503695118
71	 LLH-4	0.001294364684884344	0.001294364684884344
73	 LLH-6	0.0012933445401781892	0.0012933445401781892
74	 LLH-3	0.0012689389237795204	0.0012689389237795204
75	 LLH-3	0.0012606787281639483	0.0012606787281639483
76	 LLH-6	0.0012621824573926547	0.0012621824573926547
77	 LLH-0	0.001262910108693824	0.001262910108693824
78	 LLH-1	0.001262910108693824	0.001262910108693824
79	 LLH-0	0.001263580292873593	0.001263580292873593
80	 LLH-5	0.001263049529411202	0.001263049529411202
81	 LLH-2	0.0012723688332324807	0.0012723688332324807
82	 LLH-0	0.001273209698410497	0.001273209698410497
83	 LLH-3	0.0013238883644140602	0.0013238883644140602
84	 LLH-1	0.001323444573785212	0.001323444573785212
85	 LLH-2	0.0013053904832046347	0.0013053904832046347
86	 LLH-4	0.0013039218872326769	0.0013039218872326769
89	 LLH-1	0.0013039218872326769	0.0013039218872326769
90	 LLH-5	0.0013044070548864266	0.0013044070548864266
91	 LLH-1	0.0013044070548864266	0.0013044070548864266
92	 LLH-5	0.0013042662102197215	0.0013042662102197215
93	 LLH-5	0.0013031548396920214	0.0013031548396920214
94	 LLH-6	0.0013030084258152741	0.0013030084258152741
95	 LLH-6	0.001302933392019988	0.001302933392019988
96	 LLH-1	0.001302933392019988	0.001302933392019988
97	 LLH-4	0.0013012203681043192	0.0013012203681043192
101	 LLH-0	0.0013250588024195128	0.0013250588024195128
102	 LLH-3	0.0012616914430415463	0.0012616914430415463
103	 LLH-2	0.0012755044933028892	0.0012755044933028892
104	 LLH-3	0.0012560220490488623	0.0012560220490488623
105	 LLH-1	0.0012562644672305945	0.0012562644672305945
106	 LLH-2	0.0012555233836651857	0.0012555233836651857
107	 LLH-0	0.0012563288185400187	0.0012563288185400187
108	 LLH-0	0.0012569913432287385	0.0012569913432287385
109	 LLH-3	0.0012501086184493757	0.0012501086184493757
110	 LLH-3	0.0012573268807680375	0.0012573268807680375
111	 LLH-6	0.0012586016635178655	0.0012586016635178655
112	 LLH-2	0.0012486971466353415	0.0012486971466353415
113	 LLH-3	0.0012562294505794529	0.0012562294505794529
114	 LLH-4	0.0012562294505794529	0.0012562294505794529
119	 LLH-0	0.001255773738318072	0.001255773738318072
120	 LLH-3	0.0012889528532655133	0.0012889528532655133
121	 LLH-4	0.0012877851569580347	0.0012877851569580347
126	 LLH-3	0.0012562175643459283	0.0012562175643459283
127	 LLH-5	0.0012559131645844864	0.0012559131645844864
128	 LLH-6	0.001255475949943502	0.001255475949943502
129	 LLH-2	0.0012576646471753748	0.0012576646471753748
130	 LLH-4	0.0012570448878084805	0.0012570448878084805
132	 LLH-0	0.0012580768779288697	0.0012580768779288697
133	 LLH-5	0.0012578578253251145	0.0012578578253251145
134	 LLH-1	0.0012578578253251145	0.0012578578253251145
135	 LLH-2	0.0012778412315776321	0.0012778412315776321
136	 LLH-6	0.0012762734841148349	0.0012762734841148349
137	 LLH-3	0.0013330391414208343	0.0013330391414208343
138	 LLH-4	0.001331500704345846	0.001331500704345846
140	 LLH-6	0.001332223945694029	0.001332223945694029
141	 LLH-1	0.001332223945694029	0.001332223945694029
142	 LLH-0	0.0013342637691339473	0.0013342637691339473
143	 LLH-4	0.0013325994045340593	0.0013325994045340593
148	 LLH-6	0.0013340507137153835	0.0013340507137153835
149	 LLH-1	0.0013343646125250465	0.0013343646125250465
150	 LLH-2	0.001325784813783569	0.001325784813783569
151	 LLH-1	0.001325784813783569	0.001325784813783569
152	 LLH-6	0.0013270992718790104	0.0013270992718790104
153	 LLH-4	0.0013253628760666989	0.0013253628760666989
155	 LLH-3	0.001267149916224892	0.001267149916224892
156	 LLH-1	0.001267149916224892	0.001267149916224892
157	 LLH-2	0.0012756039622190132	0.0012756039622190132
158	 LLH-6	0.0012750336134164791	0.0012750336134164791
159	 LLH-5	0.0012746781080622822	0.0012746781080622822
160	 LLH-1	0.001274305495249842	0.001274305495249842
161	 LLH-3	0.0013381554292292363	0.001274305495249842
162	 LLH-6	0.0012753539907834838	0.0012753539907834838
163	 LLH-4	0.0012753539907834838	0.0012753539907834838
168	 LLH-3	0.001256169369423116	0.001256169369423116
169	 LLH-1	0.0012565998452908384	0.0012565998452908384
170	 LLH-1	0.0012565998452908384	0.0012565998452908384
171	 LLH-6	0.001256642075986536	0.001256642075986536
172	 LLH-1	0.0012566300521776868	0.0012566300521776868
173	 LLH-2	0.0012621652690066917	0.0012621652690066917
174	 LLH-0	0.0012627815787807479	0.0012627815787807479
175	 LLH-2	0.0012807700915326151	0.0012807700915326151
176	 LLH-1	0.0012807700915326151	0.0012807700915326151
177	 LLH-0	0.0012818864652508147	0.0012818864652508147
178	 LLH-5	0.001281470755652075	0.001281470755652075
179	 LLH-6	0.001280801821339544	0.001280801821339544
180	 LLH-4	0.0012615603741809242	0.0012615603741809242
182	 LLH-3	0.0013294106439400858	0.0013294106439400858
183	 LLH-4	0.0013275176913341686	0.0013275176913341686
186	 LLH-1	0.001327722599562578	0.001327722599562578
187	 LLH-5	0.001328604886907642	0.001328604886907642
188	 LLH-1	0.001328604886907642	0.001328604886907642
189	 LLH-5	0.0013289543340946762	0.0013289543340946762
190	 LLH-3	0.0015008043897225955	0.0015008043897225955
191	 LLH-5	0.0014995977246391359	0.0014995977246391359
192	 LLH-6	0.0014978909554603404	0.0014978909554603404
193	 LLH-0	0.001493595107893799	0.001493595107893799
194	 LLH-0	0.001489845842622648	0.001489845842622648
195	 LLH-3	0.001718595381448864	0.001718595381448864
196	 LLH-0	0.0017102035449042775	0.0017102035449042775
197	 LLH-6	0.0017066634149770917	0.0017066634149770917
198	 LLH-6	0.0017085598597963133	0.0017085598597963133
199	 LLH-4	0.0017085598597963133	0.0017085598597963133
204	 LLH-5	0.0017094621894284986	0.0017094621894284986
205	 LLH-1	0.0017094621894284986	0.0017094621894284986
206	 LLH-4	0.0017094621894284986	0.0017094621894284986
211	 LLH-1	0.001709189188453344	0.001709189188453344
212	 LLH-6	0.0017088227414193786	0.0017088227414193786
213	 LLH-4	0.0017088227414193786	0.0017088227414193786
218	 LLH-0	0.0017599024737555715	0.0017599024737555715
219	 LLH-2	0.001563741941715371	0.001563741941715371
220	 LLH-5	0.0015625797500371506	0.0015625797500371506
221	 LLH-5	0.0015631780880684665	0.0015631780880684665
222	 LLH-2	0.0014534704355969857	0.0014534704355969857
223	 LLH-1	0.0014534704355969857	0.0014534704355969857
224	 LLH-4	0.0014502075562196892	0.0014502075562196892
226	 LLH-1	0.0014502075562196892	0.0014502075562196892
227	 LLH-3	0.0016151259218568975	0.0016151259218568975
228	 LLH-6	0.001616923831602972	0.001616923831602972
229	 LLH-3	0.0013311228284162613	0.0013311228284162613
230	 LLH-6	0.0013307155092611893	0.0013307155092611893
231	 LLH-3	0.0014506148276949593	0.0013307155092611893
232	 LLH-3	0.0014379132386207376	0.0014379132386207376
233	 LLH-4	0.0014348237059086766	0.0014348237059086766
235	 LLH-0	0.0014316260189966303	0.0014316260189966303
236	 LLH-4	0.0014285936918463776	0.0014285936918463776
238	 LLH-5	0.001428348523948022	0.001428348523948022
239	 LLH-4	0.0014251416487074077	0.0014251416487074077
243	 LLH-3	0.0016277666331437329	0.0016277666331437329
244	 LLH-0	0.001621160657298431	0.001621160657298431
245	 LLH-1	0.001621204376452285	0.001621204376452285
246	 LLH-5	0.0016211060460303043	0.0016211060460303043
247	 LLH-2	0.0015064272568586657	0.0015064272568586657
248	 LLH-1	0.0015059484965612962	0.0015059484965612962
249	 LLH-2	0.0014067000296028897	0.0014067000296028897
250	 LLH-0	0.0014388121976913882	0.0014388121976913882
251	 LLH-0	0.0014065691632934292	0.0014065691632934292
252	 LLH-0	0.0014093375718875552	0.0014093375718875552
253	 LLH-2	0.0013894340529927492	0.0013894340529927492
254	 LLH-2	0.001387522652274538	0.001387522652274538
255	 LLH-2	0.0013501950045398605	0.0013501950045398605
256	 LLH-3	0.0012755089482227849	0.0012755089482227849
257	 LLH-6	0.0012769804146104554	0.0012769804146104554
258	 LLH-1	0.001277036752783402	0.001277036752783402
259	 LLH-1	0.001277036752783402	0.001277036752783402
260	 LLH-6	0.001276428483680214	0.001276428483680214
261	 LLH-2	0.001272302483359682	0.001272302483359682
262	 LLH-5	0.0012734209767558103	0.0012734209767558103
263	 LLH-1	0.0012732753658069441	0.0012732753658069441
264	 LLH-5	0.0012713316319895762	0.0012713316319895762
265	 LLH-0	0.0012728989086443884	0.0012728989086443884
266	 LLH-5	0.001274245185393	0.001274245185393
267	 LLH-3	0.0012693116997481053	0.0012693116997481053
268	 LLH-6	0.001269791896595767	0.001269791896595767
269	 LLH-0	0.0012704943664561398	0.0012704943664561398
270	 LLH-5	0.0012714156018031342	0.0012714156018031342
271	 LLH-2	0.0012799734531815624	0.0012799734531815624
272	 LLH-3	0.001336546427115297	0.001336546427115297
273	 LLH-3	0.0014411996765802911	0.001336546427115297
274	 LLH-0	0.001338473561516766	0.001338473561516766
275	 LLH-0	0.001340248925220735	0.001340248925220735
276	 LLH-6	0.0013417909491117252	0.0013417909491117252
277	 LLH-0	0.001339952535741029	0.001339952535741029
278	 LLH-1	0.001339952535741029	0.001339952535741029
279	 LLH-3	0.001469686579927753	0.001339952535741029
280	 LLH-5	0.001340383456599903	0.001340383456599903
281	 LLH-1	0.001340056670584771	0.001340056670584771
282	 LLH-6	0.0013389086743805585	0.0013389086743805585
283	 LLH-5	0.0013387540075886274	0.0013387540075886274
284	 LLH-1	0.0013387540075886274	0.0013387540075886274
285	 LLH-1	0.001338724614011749	0.001338724614011749
286	 LLH-0	0.0013368240030161968	0.0013368240030161968
287	 LLH-0	0.001338609199859839	0.001338609199859839
288	 LLH-1	0.001338609199859839	0.001338609199859839
289	 LLH-4	0.0013368244331384911	0.0013368244331384911
291	 LLH-2	0.0013383485940239432	0.0013383485940239432
292	 LLH-6	0.0013380008757895325	0.0013380008757895325
293	 LLH-6	0.0013374140185157517	0.0013374140185157517
294	 LLH-6	0.0013374654892328861	0.0013374654892328861
295	 LLH-2	0.0013370231733124834	0.0013370231733124834
296	 LLH-4	0.0013350885929139082	0.0013350885929139082
299	 LLH-5	0.0013354454917956181	0.0013354454917956181
300	 LLH-2	0.0013321229654883395	0.0013321229654883395
301	 LLH-1	0.0013323813964339548	0.0013323813964339548
302	 LLH-0	0.0013307421836309288	0.0013307421836309288
303	 LLH-0	0.0013290320680114157	0.0013290320680114157
304	 LLH-2	0.0013470793638506785	0.0013470793638506785
305	 LLH-2	0.0013295891094051774	0.0013295891094051774
306	 LLH-5	0.0013288544154487843	0.0013288544154487843
307	 LLH-1	0.0013288544154487843	0.0013288544154487843
308	 LLH-3	0.001429519226442971	0.001429519226442971
309	 LLH-3	0.0016294641687662095	0.0016294641687662095
310	 LLH-0	0.0016227964327550823	0.0016227964327550823
311	 LLH-3	0.0020105894059632957	0.0016227964327550823
312	 LLH-2	0.0015054910192321721	0.0015054910192321721
313	 LLH-1	0.001505299489091626	0.001505299489091626
314	 LLH-2	0.0014299390002499091	0.0014299390002499091
315	 LLH-3	0.0012910700518811995	0.0012910700518811995
316	 LLH-0	0.0012924970208206387	0.0012924970208206387
317	 LLH-6	0.0012940258421254524	0.0012940258421254524
318	 LLH-3	0.0014108164222397912	0.0014108164222397912
319	 LLH-5	0.0014110381943614695	0.0014110381943614695
320	 LLH-0	0.001407936875501681	0.001407936875501681
321	 LLH-4	0.00140524345284357	0.00140524345284357
324	 LLH-0	0.001407989646324321	0.001407989646324321
325	 LLH-6	0.0014065027766192147	0.0014065027766192147
326	 LLH-0	0.00140924558862557	0.00140924558862557
327	 LLH-6	0.0014095425181945395	0.0014095425181945395
328	 LLH-0	0.0014118980001072868	0.0014118980001072868
329	 LLH-0	0.0014149087803331539	0.0014149087803331539
330	 LLH-1	0.0014144785878537174	0.0014144785878537174
331	 LLH-0	0.0014171844822957313	0.0014171844822957313
332	 LLH-5	0.001416663413488072	0.001416663413488072
333	 LLH-0	0.0014198693186235265	0.0014198693186235265
334	 LLH-6	0.0014193753359587034	0.0014193753359587034
335	 LLH-0	0.001422094842841098	0.001422094842841098
336	 LLH-6	0.001424177404282177	0.001424177404282177
337	 LLH-4	0.0014216563774568272	0.0014216563774568272
339	 LLH-2	0.0013829205151403845	0.0013829205151403845
340	 LLH-2	0.0013641715421379493	0.0013641715421379493
341	 LLH-3	0.0014730375628759051	0.0013641715421379493
342	 LLH-0	0.001366338281595437	0.001366338281595437
343	 LLH-0	0.0013639095108826914	0.0013639095108826914
344	 LLH-0	0.0013616694621770902	0.0013616694621770902
345	 LLH-6	0.0013650142575860691	0.0013650142575860691
346	 LLH-0	0.001367202057387268	0.001367202057387268
347	 LLH-0	0.001365057917479063	0.001365057917479063
348	 LLH-4	0.0013628494203973612	0.0013628494203973612
350	 LLH-1	0.0013627877785926483	0.0013627877785926483
351	 LLH-1	0.0013627135165319142	0.0013627135165319142
352	 LLH-0	0.001360514542990672	0.001360514542990672
353	 LLH-6	0.0013605516685808857	0.0013605516685808857
354	 LLH-6	0.001361682191779966	0.001361682191779966
355	 LLH-5	0.0013629543169414108	0.0013629543169414108
356	 LLH-6	0.0013615645439873255	0.0013615645439873255
357	 LLH-6	0.0013593675269931043	0.0013593675269931043
358	 LLH-0	0.0013573433372157811	0.0013573433372157811
359	 LLH-4	0.0013551313053437365	0.0013551313053437365
361	 LLH-5	0.0013544352043461834	0.0013544352043461834
362	 LLH-0	0.0013519222298754537	0.0013519222298754537
363	 LLH-6	0.0013514386959927725	0.0013514386959927725
364	 LLH-1	0.0013515693875963417	0.0013515693875963417
365	 LLH-5	0.001350737176299069	0.001350737176299069
366	 LLH-5	0.0013521948453645443	0.0013521948453645443
367	 LLH-6	0.0013513652790145608	0.0013513652790145608
368	 LLH-6	0.001353284344472124	0.001353284344472124
369	 LLH-2	0.0013522258766650317	0.0013522258766650317
370	 LLH-2	0.001336417240391425	0.001336417240391425
371	 LLH-5	0.0013396862705492907	0.0013396862705492907
372	 LLH-4	0.0013376508716164395	0.0013376508716164395
374	 LLH-2	0.0013290328945781862	0.0013290328945781862
375	 LLH-0	0.0013310802000508794	0.0013310802000508794
376	 LLH-4	0.0013290168220562943	0.0013290168220562943
378	 LLH-3	0.0012823597993578278	0.0012823597993578278
379	 LLH-0	0.001283386212154224	0.001283386212154224
380	 LLH-0	0.001284375288171186	0.001284375288171186
381	 LLH-5	0.0012844048146279648	0.0012844048146279648
382	 LLH-6	0.0012867521980247387	0.0012867521980247387
383	 LLH-5	0.0012874913603306082	0.0012874913603306082
384	 LLH-2	0.0012770213698179746	0.0012770213698179746
385	 LLH-4	0.0012760057628365307	0.0012760057628365307
388	 LLH-2	0.0012832773978440357	0.0012832773978440357
389	 LLH-1	0.0012836631128201	0.0012836631128201
390	 LLH-1	0.0012836631128201	0.0012836631128201
391	 LLH-1	0.0012836631128201	0.0012836631128201
392	 LLH-5	0.00128579981452611	0.00128579981452611
393	 LLH-3	0.0012519738742626217	0.0012519738742626217
394	 LLH-3	0.0012545471548093257	0.0012545471548093257
395	 LLH-0	0.0012552443693422976	0.0012552443693422976
396	 LLH-1	0.0012552443693422976	0.0012552443693422976
397	 LLH-2	0.0012621848967294556	0.0012621848967294556
398	 LLH-3	0.001305227390238119	0.001305227390238119
399	 LLH-6	0.001306836522831492	0.001306836522831492
400	 LLH-3	0.0012828929998584054	0.0012828929998584054
401	 LLH-6	0.0012829108955962085	0.0012829108955962085
402	 LLH-1	0.0012832808383825764	0.0012832808383825764
403	 LLH-2	0.0012819811510193266	0.0012819811510193266
404	 LLH-5	0.0012813647873012404	0.0012813647873012404
405	 LLH-1	0.0012817497544744196	0.0012817497544744196
406	 LLH-2	0.0012820490395105534	0.0012820490395105534
407	 LLH-2	0.0012845845373602365	0.0012845845373602365
408	 LLH-2	0.0012855377051162905	0.0012855377051162905
409	 LLH-5	0.0012865481754699571	0.0012865481754699571
410	 LLH-1	0.0012865481754699571	0.0012865481754699571
411	 LLH-2	0.0012958258289697691	0.0012958258289697691
412	 LLH-1	0.0012959106036539508	0.0012959106036539508
413	 LLH-2	0.0013010832048020579	0.0013010832048020579
414	 LLH-0	0.0012999887946952221	0.0012999887946952221
415	 LLH-1	0.0013000174770353553	0.0013000174770353553
416	 LLH-6	0.0013005390278764846	0.0013005390278764846
417	 LLH-1	0.0013000138569226607	0.0013000138569226607
418	 LLH-1	0.0013000138569226607	0.0013000138569226607
419	 LLH-3	0.0012586958394245646	0.0012586958394245646
420	 LLH-6	0.0012602022828996755	0.0012602022828996755
421	 LLH-0	0.001261057682778972	0.001261057682778972
422	 LLH-6	0.0012607627998192867	0.0012607627998192867
423	 LLH-4	0.0012607627998192867	0.0012607627998192867
428	 LLH-3	0.0012488543824671163	0.0012488543824671163
429	 LLH-3	0.001255990536243253	0.001255990536243253
430	 LLH-0	0.0012564887701755154	0.0012564887701755154
431	 LLH-4	0.0012564887701755154	0.0012564887701755154
436	 LLH-4	0.0012564887701755154	0.0012564887701755154
441	 LLH-6	0.0012575840867712807	0.0012575840867712807
442	 LLH-6	0.001257629894558708	0.001257629894558708
443	 LLH-0	0.0012582481397287143	0.0012582481397287143
444	 LLH-2	0.0012519316665767536	0.0012519316665767536
445	 LLH-4	0.0012513178424577807	0.0012513178424577807
447	 LLH-2	0.0012514197888352258	0.0012514197888352258
448	 LLH-4	0.001250658385920227	0.001250658385920227
450	 LLH-3	0.0013268596497818426	0.0013268596497818426
451	 LLH-5	0.0013269562364604881	0.0013269562364604881
452	 LLH-4	0.001302999388529241	0.001302999388529241
454	 LLH-2	0.0013217214797514383	0.0013217214797514383
455	 LLH-1	0.0013217214797514383	0.0013217214797514383
456	 LLH-3	0.0012733205593987262	0.0012733205593987262
457	 LLH-6	0.0012720188897775236	0.0012720188897775236
458	 LLH-0	0.0012707346477882095	0.0012707346477882095
459	 LLH-3	0.0013116098851961551	0.0012707346477882095
460	 LLH-5	0.0012707166924760588	0.0012707166924760588
461	 LLH-1	0.001270895726126856	0.001270895726126856
462	 LLH-3	0.001253479064444317	0.001253479064444317
463	 LLH-4	0.0012529093005693795	0.0012529093005693795
465	 LLH-2	0.0012654006151692156	0.0012529093005693795
466	 LLH-5	0.0012526887760167399	0.0012526887760167399
467	 LLH-0	0.0012521730906079644	0.0012521730906079644
468	 LLH-0	0.0012526984678908181	0.0012526984678908181
469	 LLH-0	0.001253391025188661	0.001253391025188661
470	 LLH-0	0.0012539911461472487	0.0012539911461472487
471	 LLH-3	0.001285960189906122	0.001285960189906122
472	 LLH-6	0.0012847253803193886	0.0012847253803193886
473	 LLH-5	0.0012862965566082312	0.0012862965566082312
474	 LLH-6	0.0012888592017226376	0.0012888592017226376
475	 LLH-3	0.0014044300035795255	0.0012888592017226376
476	 LLH-6	0.001287642254267021	0.001287642254267021
477	 LLH-1	0.001287736657771838	0.001287736657771838
478	 LLH-5	0.0012873097179045912	0.0012873097179045912
479	 LLH-5	0.0012869489861081947	0.0012869489861081947
480	 LLH-0	0.0012855683143402487	0.0012855683143402487
481	 LLH-4	0.0012855683143402487	0.0012855683143402487
486	 LLH-3	0.0014193787727152414	0.0012855683143402487
487	 LLH-1	0.001285515833453947	0.001285515833453947
488	 LLH-1	0.001285850144447341	0.001285850144447341
489	 LLH-1	0.0012859350026688805	0.0012859350026688805
490	 LLH-3	0.0012601233172283407	0.0012601233172283407
491	 LLH-1	0.0012598405699688602	0.0012598405699688602
492	 LLH-5	0.0012601455565800464	0.0012601455565800464
493	 LLH-0	0.001260955437094977	0.001260955437094977
494	 LLH-3	0.001255545412462861	0.001255545412462861
495	 LLH-2	0.0012533650806398722	0.0012533650806398722
496	 LLH-4	0.0012526854013997326	0.0012526854013997326
499	 LLH-1	0.0012522836024011661	0.0012522836024011661
500	 LLH-4	0.0012515826020333288	0.0012515826020333288
503	 LLH-6	0.0012522476413035363	0.0012522476413035363
504	 LLH-3	0.0012467767735079747	0.0012467767735079747
505	 LLH-1	0.0012467767735079747	0.0012467767735079747
506	 LLH-6	0.0012470209290836689	0.0012470209290836689
507	 LLH-2	0.0012552513190131557	0.0012552513190131557
508	 LLH-4	0.0012546469600613738	0.0012546469600613738
511	 LLH-3	0.001246898277808808	0.001246898277808808
512	 LLH-5	0.0012470193289557266	0.0012470193289557266
513	 LLH-4	0.0012470193289557266	0.0012470193289557266
518	 LLH-3	0.0012874513706126276	0.0012470193289557266
519	 LLH-3	0.001256724267308851	0.001256724267308851
520	 LLH-5	0.0012563916669624292	0.0012563916669624292
521	 LLH-4	0.0012563916669624292	0.0012563916669624292
526	 LLH-2	0.0012540730556291897	0.0012540730556291897
527	 LLH-2	0.0012551964835353763	0.0012551964835353763
528	 LLH-5	0.0012547221482369063	0.0012547221482369063
529	 LLH-0	0.0012553656618519372	0.0012553656618519372
530	 LLH-6	0.0012543725675111085	0.0012543725675111085
531	 LLH-6	0.0012547516657087597	0.0012547516657087597
532	 LLH-4	0.0012541325728489968	0.0012541325728489968
534	 LLH-4	0.0012533515725832163	0.0012533515725832163
538	 LLH-3	0.0012550316381944658	0.0012550316381944658
539	 LLH-1	0.0012550316381944658	0.0012550316381944658
540	 LLH-4	0.0012550316381944658	0.0012550316381944658
545	 LLH-3	0.0012448083000630842	0.0012448083000630842
546	 LLH-1	0.0012448083000630842	0.0012448083000630842
547	 LLH-3	0.0012477706672622782	0.0012477706672622782
548	 LLH-1	0.0012477706672622782	0.0012477706672622782
549	 LLH-1	0.0012478038894766935	0.0012478038894766935
550	 LLH-3	0.0012557860582316784	0.0012557860582316784
551	 LLH-4	0.0012554097234950766	0.0012554097234950766
554	 LLH-6	0.001255130591431201	0.001255130591431201
555	 LLH-5	0.001255130591431201	0.001255130591431201
556	 LLH-4	0.0012547006836906654	0.0012547006836906654
561	 LLH-3	0.0012710673720333552	0.0012710673720333552
562	 LLH-3	0.0013532641418734029	0.0013532641418734029
563	 LLH-5	0.0013503438266905582	0.0013503438266905582
564	 LLH-3	0.0014691569833482523	0.0013503438266905582
565	 LLH-0	0.0013484954693379157	0.0013484954693379157
566	 LLH-5	0.001348178961292784	0.001348178961292784
567	 LLH-2	0.001343037994447707	0.001343037994447707
568	 LLH-1	0.001343037994447707	0.001343037994447707
569	 LLH-0	0.0013450586983604442	0.0013450586983604442
570	 LLH-5	0.0013455186903881238	0.0013455186903881238
571	 LLH-1	0.0013455186903881238	0.0013455186903881238
572	 LLH-4	0.0013433312658739792	0.0013433312658739792
577	 LLH-6	0.001340698160500009	0.001340698160500009
578	 LLH-4	0.001340698160500009	0.001340698160500009
583	 LLH-1	0.001340698160500009	0.001340698160500009
584	 LLH-3	0.0012794095104120017	0.0012794095104120017
585	 LLH-2	0.001277447291653434	0.001277447291653434
586	 LLH-4	0.0012764989304159904	0.0012764989304159904
591	 LLH-2	0.0012815529297598295	0.0012815529297598295
592	 LLH-4	0.0012805789171694815	0.0012805789171694815
594	 LLH-4	0.0012792216459069456	0.0012792216459069456
596	 LLH-0	0.0012781565382627928	0.0012781565382627928
597	 LLH-0	0.0012773008011148482	0.0012773008011148482
598	 LLH-5	0.0012779728207033666	0.0012779728207033666
599	 LLH-5	0.0012781778561503064	0.0012781778561503064
600	 LLH-0	0.0012770682701948618	0.0012770682701948618
601	 LLH-5	0.0012773800039378256	0.0012773800039378256
602	 LLH-4	0.0012764911410407939	0.0012764911410407939
605	 LLH-6	0.0012774328054505181	0.0012774328054505181
606	 LLH-0	0.0012783751205567122	0.0012783751205567122
607	 LLH-0	0.0012793312743814538	0.0012793312743814538
608	 LLH-3	0.0013624731595956899	0.0012793312743814538
609	 LLH-1	0.0012793312743814538	0.0012793312743814538
610	 LLH-6	0.0012812862205023316	0.0012812862205023316
611	 LLH-1	0.0012812862205023316	0.0012812862205023316
612	 LLH-0	0.0012801913208372712	0.0012801913208372712
613	 LLH-3	0.0013728651938285108	0.0012801913208372712
614	 LLH-2	0.0012977633655801826	0.0012977633655801826
615	 LLH-1	0.0012973166772761717	0.0012973166772761717
616	 LLH-4	0.0012957279694790875	0.0012957279694790875
620	 LLH-4	0.0012943455853560637	0.0012943455853560637
622	 LLH-0	0.0012930587428922002	0.0012930587428922002
623	 LLH-6	0.0012937210550529495	0.0012937210550529495
624	 LLH-3	0.0012596786522982842	0.0012596786522982842
625	 LLH-2	0.0012703420897993633	0.0012703420897993633
626	 LLH-4	0.0012692714838555364	0.0012692714838555364
628	 LLH-6	0.001269714156870221	0.001269714156870221
629	 LLH-2	0.0012684393056637102	0.0012684393056637102
630	 LLH-4	0.001267355874324634	0.001267355874324634
632	 LLH-0	0.00126657570945898	0.00126657570945898
633	 LLH-6	0.0012654187522605307	0.0012654187522605307
634	 LLH-2	0.0012841025383346152	0.0012841025383346152
635	 LLH-3	0.0013687203478454381	0.0013687203478454381
636	 LLH-4	0.0013668380601000532	0.0013668380601000532
638	 LLH-0	0.0013647049520622914	0.0013647049520622914
639	 LLH-6	0.0013657463703281828	0.0013657463703281828
640	 LLH-0	0.0013635046326025751	0.0013635046326025751
641	 LLH-0	0.0013613481933979622	0.0013613481933979622
642	 LLH-4	0.001359612814045881	0.001359612814045881
644	 LLH-5	0.0013588426936358118	0.0013588426936358118
645	 LLH-3	0.0012936785154399268	0.0012936785154399268
646	 LLH-1	0.0012936785154399268	0.0012936785154399268
647	 LLH-2	0.0012730289319930217	0.0012730289319930217
648	 LLH-1	0.0012727310586471245	0.0012727310586471245
649	 LLH-5	0.0012724807089574235	0.0012724807089574235
650	 LLH-3	0.0013499685193354722	0.0013499685193354722
651	 LLH-4	0.0013482008715708436	0.0013482008715708436
653	 LLH-4	0.0013460176961079986	0.0013460176961079986
656	 LLH-3	0.0012902943546958283	0.0012902943546958283
657	 LLH-3	0.001360294881237502	0.0012902943546958283
658	 LLH-0	0.0012701628341538988	0.0012701628341538988
659	 LLH-1	0.0012701628341538988	0.0012701628341538988
660	 LLH-3	0.0013833355152050007	0.0012701628341538988
661	 LLH-4	0.0012701628341538988	0.0012701628341538988
666	 LLH-2	0.0012920153992846978	0.0012701628341538988
667	 LLH-6	0.0012702699167683647	0.0012702699167683647
668	 LLH-3	0.0012615182016819525	0.0012615182016819525
669	 LLH-3	0.0012542587990357502	0.0012542587990357502
670	 LLH-4	0.0012537066120909025	0.0012537066120909025
674	 LLH-0	0.0012531769534651653	0.0012531769534651653
675	 LLH-5	0.0012527958885390573	0.0012527958885390573
676	 LLH-0	0.0012536572178170331	0.0012536572178170331
677	 LLH-3	0.001250030736750444	0.001250030736750444
678	 LLH-5	0.0012493912242271799	0.0012493912242271799
679	 LLH-1	0.0012497840918632463	0.0012497840918632463
680	 LLH-3	0.001253420136069184	0.0012497840918632463
681	 LLH-5	0.0012499123139070247	0.0012499123139070247
682	 LLH-5	0.0012496530943272117	0.0012496530943272117
683	 LLH-1	0.0012496530943272117	0.0012496530943272117
684	 LLH-4	0.0012496530943272117	0.0012496530943272117
689	 LLH-1	0.0012496530943272117	0.0012496530943272117
690	 LLH-2	0.001253488662934564	0.001253488662934564
691	 LLH-1	0.001253488662934564	0.001253488662934564
692	 LLH-1	0.001253488662934564	0.001253488662934564
693	 LLH-4	0.001253488662934564	0.001253488662934564
698	 LLH-6	0.0012547461681678231	0.0012547461681678231
699	 LLH-1	0.001254656033595281	0.001254656033595281
700	 LLH-4	0.001254656033595281	0.001254656033595281
705	 LLH-4	0.0012540992902851096	0.0012540992902851096
707	 LLH-2	0.0012609163149972682	0.0012609163149972682
708	 LLH-5	0.0012608906787595624	0.0012608906787595624
709	 LLH-4	0.0012602711554163335	0.0012602711554163335
711	 LLH-2	0.0012729945216249931	0.0012729945216249931
712	 LLH-4	0.0012550539519157891	0.0012550539519157891
714	 LLH-6	0.0012549476979430293	0.0012549476979430293
715	 LLH-4	0.0012549476979430293	0.0012549476979430293
720	 LLH-1	0.001254981501240079	0.001254981501240079
721	 LLH-4	0.001254981501240079	0.001254981501240079
726	 LLH-4	0.001254981501240079	0.001254981501240079
731	 LLH-6	0.0012551486917206733	0.0012551486917206733
732	 LLH-1	0.0012551486917206733	0.0012551486917206733
733	 LLH-6	0.001256951212899424	0.001256951212899424
734	 LLH-5	0.0012559466282525294	0.0012559466282525294
735	 LLH-5	0.0012557007990256907	0.0012557007990256907
736	 LLH-5	0.0012534266025666276	0.0012534266025666276
737	 LLH-6	0.0012525585683042918	0.0012525585683042918
738	 LLH-6	0.001252854140483569	0.001252854140483569
739	 LLH-5	0.0012536519327889766	0.0012536519327889766
740	 LLH-6	0.0012539432987558026	0.0012539432987558026
741	 LLH-2	0.001267311659165855	0.0012539432987558026
742	 LLH-6	0.0012539450454087558	0.0012539450454087558
743	 LLH-6	0.0012563557624783595	0.0012563557624783595
744	 LLH-3	0.0012534371302688732	0.0012534371302688732
745	 LLH-5	0.0012537185091180854	0.0012537185091180854
746	 LLH-5	0.0012537480610980932	0.0012537480610980932
747	 LLH-5	0.001252468197085544	0.001252468197085544
748	 LLH-1	0.001252577116545055	0.001252577116545055
749	 LLH-3	0.001259545443404128	0.001259545443404128
750	 LLH-2	0.0012496364277455056	0.0012496364277455056
751	 LLH-1	0.0012495268337320451	0.0012495268337320451
752	 LLH-2	0.0012628651858005008	0.0012495268337320451
753	 LLH-5	0.0012495696562330463	0.0012495696562330463
754	 LLH-2	0.0012656839631970986	0.0012495696562330463
755	 LLH-1	0.0012495696562330463	0.0012495696562330463
756	 LLH-4	0.00124886092888136	0.00124886092888136
758	 LLH-2	0.0012556129355822323	0.0012556129355822323
759	 LLH-5	0.0012567331459331433	0.0012567331459331433
760	 LLH-5	0.001256152454116941	0.001256152454116941
761	 LLH-1	0.001256152454116941	0.001256152454116941
762	 LLH-6	0.0012568232209356227	0.0012568232209356227
763	 LLH-3	0.0013090072267507495	0.0012568232209356227
764	 LLH-4	0.0012568232209356227	0.0012568232209356227
769	 LLH-4	0.0012559196784157447	0.0012559196784157447
771	 LLH-1	0.0012558288854323022	0.0012558288854323022
772	 LLH-1	0.00125576329280224	0.00125576329280224
773	 LLH-6	0.0012551024237715692	0.0012551024237715692
774	 LLH-4	0.001254331397410255	0.001254331397410255
776	 LLH-5	0.0012540830971161801	0.0012540830971161801
777	 LLH-2	0.0012548857713362775	0.0012548857713362775
778	 LLH-6	0.0012541284422178363	0.0012541284422178363
779	 LLH-1	0.0012541284422178363	0.0012541284422178363
780	 LLH-5	0.001255485365339007	0.001255485365339007
781	 LLH-1	0.001255485365339007	0.001255485365339007
782	 LLH-2	0.0012764083364330307	0.001255485365339007
783	 LLH-0	0.0012566158007941116	0.0012566158007941116
784	 LLH-1	0.0012566158007941116	0.0012566158007941116
785	 LLH-4	0.0012559901032758137	0.0012559901032758137
789	 LLH-1	0.0012559901032758137	0.0012559901032758137
790	 LLH-0	0.0012550232357617886	0.0012550232357617886
791	 LLH-0	0.0012561639188019664	0.0012561639188019664
792	 LLH-4	0.0012554210185589253	0.0012554210185589253
794	 LLH-2	0.0012682230566895476	0.0012682230566895476
795	 LLH-1	0.0012679236395555054	0.0012679236395555054
796	 LLH-2	0.001268496955848206	0.001268496955848206
797	 LLH-0	0.0012694441491635485	0.0012694441491635485
798	 LLH-0	0.0012685817805813458	0.0012685817805813458
799	 LLH-3	0.001248078081917095	0.001248078081917095
800	 LLH-6	0.0012486543011456116	0.0012486543011456116
801	 LLH-0	0.0012492176372432742	0.0012492176372432742
802	 LLH-4	0.0012485342048191126	0.0012485342048191126
805	 LLH-3	0.0013001211865703998	0.0012485342048191126
806	 LLH-3	0.0012463370898928604	0.0012463370898928604
807	 LLH-5	0.0012467197309991844	0.0012467197309991844
808	 LLH-5	0.0012462075487689253	0.0012462075487689253
809	 LLH-2	0.0012527024806498217	0.0012527024806498217
810	 LLH-1	0.0012527024806498217	0.0012527024806498217
811	 LLH-1	0.0012527024806498217	0.0012527024806498217
812	 LLH-1	0.0012529550352101569	0.0012529550352101569
813	 LLH-4	0.0012521401599505859	0.0012521401599505859
817	 LLH-1	0.0012523520097655063	0.0012523520097655063
818	 LLH-0	0.0012530669144958117	0.0012523520097655063
819	 LLH-3	0.0013053173692501117	0.0012523520097655063
820	 LLH-6	0.0012514235026703743	0.0012514235026703743
821	 LLH-3	0.0012533329751404883	0.0012533329751404883
822	 LLH-1	0.0012535915239556045	0.0012535915239556045
823	 LLH-5	0.0012535108396653576	0.0012535108396653576
824	 LLH-1	0.0012535108396653576	0.0012535108396653576
825	 LLH-6	0.0012536020623144075	0.0012536020623144075
826	 LLH-0	0.0012540602540346319	0.0012540602540346319
827	 LLH-4	0.0012540602540346319	0.0012540602540346319
832	 LLH-2	0.001250051312730178	0.001250051312730178
833	 LLH-4	0.0012494570697362067	0.0012494570697362067
835	 LLH-2	0.0012573467027545038	0.0012573467027545038
836	 LLH-4	0.0012563704964981032	0.0012563704964981032
840	 LLH-4	0.0012557334366098847	0.0012557334366098847
843	 LLH-1	0.0012561603904607983	0.0012561603904607983
844	 LLH-3	0.0012553634158098022	0.0012553634158098022
845	 LLH-3	0.0012934279987311284	0.0012934279987311284
846	 LLH-1	0.0012934279987311284	0.0012934279987311284
847	 LLH-1	0.0012935733495568823	0.0012935733495568823
848	 LLH-6	0.0012915969917058187	0.0012915969917058187
849	 LLH-6	0.0012929023883090245	0.0012929023883090245
850	 LLH-4	0.00129199452053809	0.00129199452053809
852	 LLH-3	0.0013497797985969626	0.00129199452053809
853	 LLH-3	0.0013631647135771184	0.00129199452053809
854	 LLH-1	0.0012918342373843738	0.0012918342373843738
855	 LLH-6	0.0012926238496768143	0.0012926238496768143
856	 LLH-4	0.0012913713019663134	0.0012913713019663134
858	 LLH-3	0.0012686681871417927	0.0012686681871417927
859	 LLH-3	0.0013238826115174664	0.0012686681871417927
860	 LLH-6	0.001266260432391002	0.001266260432391002
861	 LLH-4	0.001266260432391002	0.001266260432391002
866	 LLH-6	0.001265741555839508	0.001265741555839508
867	 LLH-4	0.001265741555839508	0.001265741555839508
872	 LLH-2	0.0012783211896373417	0.001265741555839508
873	 LLH-5	0.0012670758791835655	0.0012670758791835655
874	 LLH-3	0.0012499895403241229	0.0012499895403241229
875	 LLH-1	0.0012499895403241229	0.0012499895403241229
876	 LLH-2	0.001256717291580238	0.001256717291580238
877	 LLH-3	0.0012578736063334583	0.0012578736063334583
878	 LLH-3	0.0012570947234668687	0.0012570947234668687
879	 LLH-4	0.0012566655942702375	0.0012566655942702375
881	 LLH-0	0.0012575051034514704	0.0012575051034514704
882	 LLH-1	0.0012575051034514704	0.0012575051034514704
883	 LLH-5	0.001257246975053649	0.001257246975053649
884	 LLH-5	0.0012570532596439545	0.0012570532596439545
885	 LLH-3	0.0012665155298768245	0.0012570532596439545
886	 LLH-3	0.0012778810238588956	0.0012778810238588956
887	 LLH-6	0.0012773799914307417	0.0012773799914307417
888	 LLH-4	0.0012765035206642413	0.0012765035206642413
893	 LLH-5	0.0012775389930328625	0.0012775389930328625
894	 LLH-4	0.0012765866163470638	0.0012765866163470638
897	 LLH-4	0.0012754053821846217	0.0012754053821846217
901	 LLH-2	0.0012751364501530312	0.0012751364501530312
902	 LLH-4	0.0012740796480908778	0.0012740796480908778
906	 LLH-4	0.001272792990266244	0.001272792990266244
911	 LLH-3	0.0013534335705771474	0.001272792990266244
912	 LLH-3	0.0013343987130964075	0.001272792990266244
913	 LLH-6	0.0012718724311404101	0.0012718724311404101
914	 LLH-1	0.0012718724311404101	0.0012718724311404101
915	 LLH-5	0.0012728484679080635	0.0012728484679080635
916	 LLH-1	0.0012728995912009112	0.0012728995912009112
917	 LLH-3	0.0013446418042995646	0.0012728995912009112
918	 LLH-6	0.001271519819349999	0.001271519819349999
919	 LLH-3	0.001340046015195179	0.001271519819349999
920	 LLH-2	0.0012920349607581328	0.001271519819349999
921	 LLH-5	0.001272311589209622	0.001271519819349999
922	 LLH-5	0.0012707389862370432	0.0012707389862370432
923	 LLH-1	0.0012705681725014835	0.0012705681725014835
924	 LLH-6	0.0012721373944314573	0.0012721373944314573
925	 LLH-2	0.0012897157159722826	0.0012721373944314573
926	 LLH-0	0.0012713023027772382	0.0012713023027772382
927	 LLH-0	0.0012703860503987137	0.0012703860503987137
928	 LLH-3	0.0012532192623202344	0.0012532192623202344
929	 LLH-6	0.0012532582783665932	0.0012532582783665932
930	 LLH-4	0.001252374127787979	0.001252374127787979
934	 LLH-6	0.001251684876276641	0.001251684876276641
935	 LLH-5	0.00125224775941902	0.00125224775941902
936	 LLH-5	0.0012523418593773836	0.0012523418593773836
937	 LLH-4	0.0012515387183261622	0.0012515387183261622
941	 LLH-2	0.001272960428637389	0.0012515387183261622
942	 LLH-6	0.001251533998494697	0.001251533998494697
943	 LLH-3	0.0013156694787525805	0.001251533998494697
944	 LLH-5	0.0012519560841338672	0.0012519560841338672
945	 LLH-2	0.00126440916854183	0.0012519560841338672
946	 LLH-5	0.0012512006769009288	0.0012512006769009288
947	 LLH-2	0.0012546633667433874	0.0012546633667433874
948	 LLH-6	0.0012542259308166996	0.0012542259308166996
949	 LLH-6	0.0012538594739627228	0.0012538594739627228
950	 LLH-3	0.001320107357632304	0.0012538594739627228
951	 LLH-0	0.0012531009910619027	0.0012531009910619027
952	 LLH-3	0.0013383614666949962	0.0012531009910619027
953	 LLH-3	0.001322849630094264	0.0012531009910619027
954	 LLH-1	0.0012531009910619027	0.0012531009910619027
955	 LLH-2	0.0012791936781847274	0.0012531009910619027
956	 LLH-6	0.0012539726614530565	0.0012539726614530565
957	 LLH-1	0.0012539726614530565	0.0012539726614530565
958	 LLH-6	0.0012528693855110588	0.0012528693855110588
959	 LLH-4	0.0012528693855110588	0.0012528693855110588
964	 LLH-0	0.0012536917870473881	0.0012536917870473881
965	 LLH-5	0.001255270093288549	0.001255270093288549
966	 LLH-6	0.0012558884963029273	0.0012558884963029273
967	 LLH-0	0.00125666691404431	0.00125666691404431
968	 LLH-2	0.0012788340681351563	0.00125666691404431
969	 LLH-2	0.0012762688194235601	0.0012762688194235601
970	 LLH-5	0.0012764118025662815	0.0012764118025662815
971	 LLH-4	0.0012764118025662815	0.0012764118025662815
976	 LLH-1	0.0012764364931571878	0.0012764364931571878
977	 LLH-2	0.0012865014680342568	0.0012764364931571878
978	 LLH-3	0.0012571856871746196	0.0012571856871746196
979	 LLH-2	0.0012592156176779654	0.0012592156176779654
980	 LLH-5	0.0012588769349014632	0.0012588769349014632
981	 LLH-0	0.0012595250457440687	0.0012595250457440687
982	 LLH-1	0.001259585555201455	0.001259585555201455
983	 LLH-2	0.0012531322530296134	0.0012531322530296134
984	 LLH-1	0.0012531322530296134	0.0012531322530296134
985	 LLH-2	0.0012689057770627888	0.0012689057770627888
986	 LLH-0	0.0012679283159566152	0.0012679283159566152
987	 LLH-1	0.0012679283159566152	0.0012679283159566152
988	 LLH-6	0.0012687944148585264	0.0012687944148585264
989	 LLH-5	0.0012686723156632386	0.0012686723156632386
990	 LLH-0	0.001269781899393198	0.001269781899393198
991	 LLH-0	0.0012705441366882792	0.0012705441366882792
992	 LLH-3	0.00125755890907779	0.00125755890907779
993	 LLH-1	0.0012575337254957964	0.0012575337254957964
994	 LLH-2	0.001263308583223961	0.001263308583223961
995	 LLH-2	0.0012682339281074977	0.001263308583223961
996	 LLH-0	0.0012640646569394567	0.0012640646569394567
997	 LLH-4	0.0012634283800110853	0.0012634283800110853
1000	 LLH-1	0.0012634283800110853	0.0012634283800110853
1001	 LLH-1	0.0012634283800110853	0.0012634283800110853
1002	 LLH-0	0.00126415132668299	0.00126415132668299
1003	 LLH-6	0.001265557120473051	0.001265557120473051
1004	 LLH-0	0.0012647754865163085	0.0012647754865163085
1005	 LLH-2	0.0012723596092105794	0.0012723596092105794
1006	 LLH-4	0.0012713161908755682	0.0012713161908755682
1008	 LLH-5	0.0012719475400581215	0.0012719475400581215
1009	 LLH-6	0.0012739403366381023	0.0012739403366381023
1010	 LLH-6	0.0012725007015816062	0.0012725007015816062
1011	 LLH-1	0.0012725007015816062	0.0012725007015816062
1012	 LLH-6	0.0012718039017800596	0.0012718039017800596
1013	 LLH-0	0.001273271652185423	0.001273271652185423
1014	 LLH-2	0.0012739874995678292	0.0012739874995678292
1015	 LLH-4	0.0012739874995678292	0.0012739874995678292
1020	 LLH-6	0.001273405003254495	0.001273405003254495
1021	 LLH-3	0.0012676881097165634	0.0012676881097165634
1022	 LLH-3	0.0013250422736716145	0.0012676881097165634
1023	 LLH-1	0.0012676881097165634	0.0012676881097165634
1024	 LLH-3	0.0012565687359944626	0.0012565687359944626
1025	 LLH-1	0.0012565687359944626	0.0012565687359944626
1026	 LLH-5	0.0012553041914180217	0.0012553041914180217
1027	 LLH-4	0.001254474961976663	0.001254474961976663
1029	 LLH-0	0.0012539570463912621	0.0012539570463912621
1030	 LLH-6	0.0012529716133935316	0.0012529716133935316
1031	 LLH-0	0.00125351906035497	0.00125351906035497
1032	 LLH-1	0.00125351906035497	0.00125351906035497
1033	 LLH-0	0.0012539833299291903	0.0012539833299291903
1034	 LLH-2	0.00125983719084143	0.00125983719084143
1035	 LLH-6	0.0012598732745613794	0.0012598732745613794
1036	 LLH-6	0.001260518099078983	0.001260518099078983
1037	 LLH-3	0.0012588457886441916	0.0012588457886441916
1038	 LLH-5	0.001258811190821314	0.001258811190821314
1039	 LLH-3	0.001278960642500698	0.001278960642500698
1040	 LLH-2	0.0012918840504005749	0.001278960642500698
1041	 LLH-0	0.0012798200262945352	0.0012798200262945352
1042	 LLH-2	0.0012784524741783108	0.0012784524741783108
1043	 LLH-1	0.001278177542877626	0.001278177542877626
1044	 LLH-4	0.0012772184549044339	0.0012772184549044339
1047	 LLH-5	0.0012770257851491048	0.0012770257851491048
1048	 LLH-4	0.0012759610002755417	0.0012759610002755417
1051	 LLH-4	0.0012749326501029887	0.0012749326501029887
1055	 LLH-0	0.0012759955767559102	0.0012759955767559102
1056	 LLH-0	0.0012750483792533613	0.0012750483792533613
1057	 LLH-4	0.0012741412884790897	0.0012741412884790897
1059	 LLH-1	0.0012741412884790897	0.0012741412884790897
1060	 LLH-3	0.0012641911169324579	0.0012641911169324579
1061	 LLH-3	0.0012569920926107747	0.0012569920926107747
1062	 LLH-1	0.0012569920926107747	0.0012569920926107747
1063	 LLH-5	0.0012572799090201285	0.0012572799090201285
1064	 LLH-3	0.001253563040906328	0.001253563040906328
1065	 LLH-0	0.0012542998007761456	0.0012542998007761456
1066	 LLH-5	0.0012542544896625351	0.0012542544896625351
1067	 LLH-4	0.0012533859778519141	0.0012533859778519141
1070	 LLH-2	0.0012469556963670217	0.0012469556963670217
1071	 LLH-4	0.0012463375555159606	0.0012463375555159606
1075	 LLH-2	0.0012582369457384273	0.0012463375555159606
1076	 LLH-1	0.0012462946651637247	0.0012462946651637247
1077	 LLH-4	0.001245508780133376	0.001245508780133376
1079	 LLH-3	0.0013035028803235565	0.001245508780133376
1080	 LLH-1	0.0012455124083317404	0.0012455124083317404
1081	 LLH-0	0.0012448945920847392	0.0012448945920847392
1082	 LLH-5	0.0012444901361218289	0.0012444901361218289
1083	 LLH-2	0.001258444831256514	0.0012444901361218289
1084	 LLH-5	0.001244815532537019	0.001244815532537019
1085	 LLH-3	0.001284271454154737	0.001244815532537019
1086	 LLH-5	0.0012447376110595204	0.0012447376110595204
1087	 LLH-0	0.0012452948474605404	0.0012452948474605404
1088	 LLH-6	0.001245545139146844	0.001245545139146844
1089	 LLH-2	0.001252020637398888	0.001252020637398888
1090	 LLH-1	0.001252020637398888	0.001252020637398888
1091	 LLH-6	0.0012524012879404382	0.0012524012879404382
1092	 LLH-6	0.0012521966226538544	0.0012521966226538544
1093	 LLH-3	0.0012583197172677315	0.0012521966226538544
1094	 LLH-1	0.0012524001829635522	0.0012524001829635522
1095	 LLH-4	0.001251810519882132	0.001251810519882132
1099	 LLH-4	0.001251810519882132	0.001251810519882132
1104	 LLH-0	0.0012527394057123343	0.0012527394057123343
1105	 LLH-5	0.0012533474890935703	0.0012533474890935703
1106	 LLH-5	0.0012528901132665541	0.0012528901132665541
1107	 LLH-2	0.0012575886141507177	0.0012575886141507177
1108	 LLH-5	0.0012578413385309771	0.0012578413385309771
1109	 LLH-3	0.001324088997739099	0.0012578413385309771
1110	 LLH-2	0.001263434437071252	0.001263434437071252
1111	 LLH-2	0.001264600418488258	0.001264600418488258
1112	 LLH-4	0.0012636102159794653	0.0012636102159794653
1116	 LLH-2	0.0012848442709791354	0.0012636102159794653
1117	 LLH-5	0.001263853078920196	0.001263853078920196
1118	 LLH-3	0.0012601317200641518	0.0012601317200641518
1119	 LLH-4	0.0012592571183390956	0.0012592571183390956
1122	 LLH-5	0.0012596401857289145	0.0012596401857289145
1123	 LLH-4	0.0012596401857289145	0.0012596401857289145
1128	 LLH-5	0.0012598514953044415	0.0012598514953044415
1129	 LLH-1	0.001259979599153876	0.001259979599153876
1130	 LLH-6	0.0012613932721166387	0.0012613932721166387
1131	 LLH-0	0.0012620777341082704	0.0012620777341082704
1132	 LLH-6	0.0012614203609616883	0.0012614203609616883
1133	 LLH-3	0.0012518282964081304	0.0012518282964081304
1134	 LLH-1	0.001251921803184527	0.001251921803184527
1135	 LLH-0	0.0012524322980141467	0.0012524322980141467
1136	 LLH-1	0.0012524322980141467	0.0012524322980141467
1137	 LLH-1	0.0012523738809374352	0.0012523738809374352
1138	 LLH-3	0.001295998087007848	0.0012523738809374352
1139	 LLH-2	0.0012594724563282909	0.0012594724563282909
1140	 LLH-3	0.0012560818017774177	0.0012560818017774177
1141	 LLH-0	0.001256647494393821	0.0012560818017774177
1142	 LLH-0	0.0012567855653541446	0.0012567855653541446
1143	 LLH-1	0.0012567855653541446	0.0012567855653541446
1144	 LLH-6	0.001256548472451428	0.001256548472451428
1145	 LLH-2	0.0012623958273143782	0.001256548472451428
1146	 LLH-4	0.00125602395692299	0.00125602395692299
1151	 LLH-4	0.00125602395692299	0.00125602395692299
1156	 LLH-0	0.0012565128438827683	0.0012565128438827683
1157	 LLH-0	0.0012576805530729307	0.0012576805530729307
1158	 LLH-1	0.00125781998283388	0.00125781998283388
1159	 LLH-0	0.0012572585739835313	0.0012572585739835313
1160	 LLH-1	0.0012572585739835313	0.0012572585739835313
1161	 LLH-0	0.0012563910752624264	0.0012563910752624264
1162	 LLH-1	0.0012563910752624264	0.0012563910752624264
1163	 LLH-4	0.0012563910752624264	0.0012563910752624264
1168	 LLH-3	0.0012440445230776748	0.0012440445230776748
1169	 LLH-1	0.0012441641590398118	0.0012441641590398118
1170	 LLH-1	0.0012441641590398118	0.0012441641590398118
1171	 LLH-0	0.0012436040473966935	0.0012436040473966935
1172	 LLH-0	0.0012440030321592538	0.0012440030321592538
1173	 LLH-3	0.0012761902477013251	0.0012440030321592538
1174	 LLH-2	0.001249708449006211	0.001249708449006211
1175	 LLH-5	0.001249077477384343	0.001249077477384343
1176	 LLH-2	0.0012624625375641959	0.001249077477384343
1177	 LLH-5	0.0012494158235106065	0.0012494158235106065
1178	 LLH-4	0.0012486967522988084	0.0012486967522988084
1182	 LLH-4	0.0012486967522988084	0.0012486967522988084
1187	 LLH-5	0.0012482297870783981	0.0012482297870783981
1188	 LLH-6	0.0012482989998327551	0.0012482989998327551
1189	 LLH-1	0.001248252218184657	0.001248252218184657
1190	 LLH-3	0.0013057730600342353	0.001248252218184657
1191	 LLH-5	0.0012482335766228426	0.0012482335766228426
1192	 LLH-0	0.0012488778355652511	0.0012488778355652511
1193	 LLH-4	0.0012488778355652511	0.0012488778355652511
1198	 LLH-0	0.0012494064402816633	0.0012494064402816633
1199	 LLH-5	0.001249241208767949	0.001249241208767949
1200	 LLH-3	0.001242795398304248	0.001242795398304248
1201	 LLH-5	0.001242474909209034	0.001242474909209034
1202	 LLH-0	0.0012431954009603152	0.0012431954009603152
1203	 LLH-5	0.0012434464476982318	0.0012434464476982318
1204	 LLH-4	0.0012430715017957615	0.0012430715017957615
1208	 LLH-1	0.0012430715017957615	0.0012430715017957615
1209	 LLH-2	0.0012475083518128708	0.0012475083518128708
1210	 LLH-2	0.001267603286804634	0.001267603286804634
1211	 LLH-1	0.001267603286804634	0.001267603286804634
1212	 LLH-2	0.001263038206302781	0.001263038206302781
1213	 LLH-4	0.0012620094171371028	0.0012620094171371028
1218	 LLH-1	0.0012620345476020973	0.0012620345476020973
1219	 LLH-2	0.001262024388726578	0.001262024388726578
1220	 LLH-0	0.0012612438053088292	0.0012612438053088292
1221	 LLH-2	0.0012662929786044505	0.0012662929786044505
1222	 LLH-4	0.0012653267683364118	0.0012653267683364118
1224	 LLH-2	0.0012823180643063352	0.0012653267683364118
1225	 LLH-2	0.0012699353501797242	0.0012699353501797242
1226	 LLH-0	0.0012690413326210941	0.0012690413326210941
1227	 LLH-0	0.0012699555736703882	0.0012690413326210941
1228	 LLH-3	0.0013549904082624856	0.0012690413326210941
1229	 LLH-6	0.0012682888815376812	0.0012682888815376812
1230	 LLH-4	0.001267251530804881	0.001267251530804881
1234	 LLH-0	0.001266107387009312	0.001266107387009312
1235	 LLH-1	0.001266107387009312	0.001266107387009312
1236	 LLH-6	0.00126472148316977	0.00126472148316977
1237	 LLH-3	0.0013541267265537713	0.00126472148316977
1238	 LLH-2	0.0012734586550464853	0.00126472148316977
1239	 LLH-3	0.0012514891425453693	0.0012514891425453693
1240	 LLH-1	0.0012514891425453693	0.0012514891425453693
1241	 LLH-6	0.0012502748354243044	0.0012502748354243044
1242	 LLH-6	0.0012502619500214475	0.0012502619500214475
1243	 LLH-4	0.0012502619500214475	0.0012502619500214475
1248	 LLH-2	0.0012672399797538992	0.0012502619500214475
1249	 LLH-0	0.0012512025034485369	0.0012512025034485369
1250	 LLH-4	0.0012506312088651486	0.0012506312088651486
1252	 LLH-2	0.0012564061872468875	0.0012564061872468875
1253	 LLH-3	0.0012497287559461675	0.0012497287559461675
1254	 LLH-2	0.0012567228134064607	0.0012497287559461675
1255	 LLH-3	0.0012544653693787166	0.0012544653693787166
1256	 LLH-0	0.0012550105182482744	0.0012550105182482744
1257	 LLH-4	0.0012550105182482744	0.0012550105182482744
1262	 LLH-0	0.0012545085364072442	0.0012545085364072442
1263	 LLH-4	0.0012545085364072442	0.0012545085364072442
1268	 LLH-5	0.001254442426090956	0.001254442426090956
1269	 LLH-3	0.0012535782829041179	0.0012535782829041179
1270	 LLH-4	0.0012535782829041179	0.0012535782829041179
1275	 LLH-4	0.0012530841742208142	0.0012530841742208142
1279	 LLH-4	0.0012530841742208142	0.0012530841742208142
1284	 LLH-5	0.0012531899836952269	0.0012531899836952269
1285	 LLH-4	0.0012531899836952269	0.0012531899836952269
1290	 LLH-6	0.0012527465118620821	0.0012527465118620821
1291	 LLH-3	0.0012434740895948082	0.0012434740895948082
1292	 LLH-1	0.0012434740895948082	0.0012434740895948082
1293	 LLH-3	0.001252463098488445	0.001252463098488445
1294	 LLH-0	0.0012531426654535437	0.0012531426654535437
1295	 LLH-5	0.0012530460616319368	0.0012530460616319368
1296	 LLH-6	0.0012531056928734735	0.0012531056928734735
1297	 LLH-4	0.0012531056928734735	0.0012531056928734735
1302	 LLH-6	0.0012528460395754277	0.0012528460395754277
1303	 LLH-2	0.001243344170929773	0.001243344170929773
1304	 LLH-5	0.0012428717259610504	0.0012428717259610504
1305	 LLH-5	0.001244092588820822	0.001244092588820822
1306	 LLH-1	0.001244092588820822	0.001244092588820822
1307	 LLH-3	0.0012567279619029141	0.001244092588820822
1308	 LLH-2	0.0012605075534202384	0.001244092588820822
1309	 LLH-5	0.0012444008549773778	0.0012444008549773778
1310	 LLH-0	0.001243915180157078	0.001243915180157078
1311	 LLH-6	0.0012432989453464184	0.0012432989453464184
1312	 LLH-6	0.0012422563948027616	0.0012422563948027616
1313	 LLH-4	0.0012422563948027616	0.0012422563948027616
1318	 LLH-3	0.001241972271250933	0.001241972271250933
1319	 LLH-2	0.0012514866280135687	0.001241972271250933
1320	 LLH-6	0.0012412846404011274	0.0012412846404011274
1321	 LLH-5	0.0012412961246192574	0.0012412961246192574
1322	 LLH-2	0.001246149221843487	0.0012412961246192574
1323	 LLH-6	0.0012413771953668454	0.0012413771953668454
1324	 LLH-4	0.0012413771953668454	0.0012413771953668454
1329	 LLH-1	0.0012413771953668454	0.0012413771953668454
1330	 LLH-2	0.0012548553380018483	0.0012413771953668454
1331	 LLH-5	0.0012414358714713772	0.0012414358714713772
1332	 LLH-1	0.0012414645476859763	0.0012414645476859763
1333	 LLH-5	0.0012416010185087934	0.0012416010185087934
1334	 LLH-4	0.0012416010185087934	0.0012416010185087934
1339	 LLH-1	0.0012416010185087934	0.0012416010185087934
1340	 LLH-3	0.0012487289856573567	0.0012487289856573567
1341	 LLH-2	0.0012472436169594077	0.0012472436169594077
1342	 LLH-5	0.001247259288664899	0.001247259288664899
1343	 LLH-5	0.001246287678591197	0.001246287678591197
1344	 LLH-5	0.0012459332110043423	0.0012459332110043423
1345	 LLH-1	0.0012459332110043423	0.0012459332110043423
1346	 LLH-4	0.0012453968336467722	0.0012453968336467722
1351	 LLH-3	0.0012924643135411177	0.0012453968336467722
1352	 LLH-6	0.0012460722212532514	0.0012460722212532514
1353	 LLH-0	0.0012454891014207303	0.0012454891014207303
1354	 LLH-2	0.0012508882019115941	0.0012454891014207303
1355	 LLH-2	0.0012634609622783266	0.0012454891014207303
1356	 LLH-5	0.001246227544750669	0.001246227544750669
1357	 LLH-3	0.0012791692808985008	0.001246227544750669
1358	 LLH-1	0.0012462740784766441	0.0012462740784766441
1359	 LLH-2	0.001252140039449433	0.0012462740784766441
1360	 LLH-1	0.0012462740784766441	0.0012462740784766441
1361	 LLH-2	0.0012643852762579833	0.0012462740784766441
1362	 LLH-2	0.0012571654778969063	0.0012462740784766441
1363	 LLH-4	0.0012456439600753893	0.0012456439600753893
1365	 LLH-4	0.0012456439600753893	0.0012456439600753893
1370	 LLH-1	0.0012456930044969976	0.0012456930044969976
1371	 LLH-3	0.0012901840741922485	0.0012456930044969976
1372	 LLH-5	0.0012457035812609004	0.0012457035812609004
1373	 LLH-4	0.0012457035812609004	0.0012457035812609004
1378	 LLH-4	0.0012457035812609004	0.0012457035812609004
1383	 LLH-2	0.001252311906468771	0.0012457035812609004
1384	 LLH-0	0.0012463935490164095	0.0012457035812609004
1385	 LLH-6	0.0012455823909960652	0.0012455823909960652
1386	 LLH-5	0.0012455823909960652	0.0012455823909960652
1387	 LLH-5	0.001244965968700609	0.001244965968700609
1388	 LLH-3	0.0012440990903636844	0.0012440990903636844
1389	 LLH-1	0.0012440990903636844	0.0012440990903636844
1390	 LLH-3	0.0012441951809104017	0.0012441951809104017
1391	 LLH-0	0.0012445871596588579	0.0012445871596588579
1392	 LLH-4	0.0012445871596588579	0.0012445871596588579
1397	 LLH-0	0.0012452778604150985	0.0012452778604150985
1398	 LLH-6	0.0012458160669363222	0.0012458160669363222
1399	 LLH-3	0.0012655896509212615	0.0012458160669363222
1400	 LLH-1	0.0012458160669363222	0.0012458160669363222
1401	 LLH-5	0.0012459975027009173	0.0012459975027009173
1402	 LLH-3	0.0012641191173720203	0.0012459975027009173
1403	 LLH-0	0.0012464840736571598	0.0012464840736571598
1404	 LLH-5	0.0012466322481681986	0.0012466322481681986
1405	 LLH-2	0.0012515254254968757	0.0012515254254968757
1406	 LLH-3	0.001286491439116399	0.0012515254254968757
1407	 LLH-0	0.0012519469200116373	0.0012519469200116373
1408	 LLH-5	0.0012521676684317824	0.0012521676684317824
1409	 LLH-6	0.0012521166948957626	0.0012521166948957626
1410	 LLH-1	0.0012521594235959516	0.0012521594235959516
1411	 LLH-0	0.0012527002313531014	0.0012527002313531014
1412	 LLH-2	0.0012451023254413623	0.0012451023254413623
1413	 LLH-2	0.0012547254359537212	0.0012451023254413623
1414	 LLH-2	0.0012506701248088082	0.0012451023254413623
1415	 LLH-0	0.0012456586038109049	0.0012451023254413623
1416	 LLH-1	0.0012452513345437791	0.0012452513345437791
1417	 LLH-0	0.001245775562958456	0.001245775562958456
1418	 LLH-5	0.0012453522606126006	0.0012453522606126006
1419	 LLH-6	0.001245002154086893	0.001245002154086893
1420	 LLH-2	0.0012494772077929284	0.001245002154086893
1421	 LLH-1	0.0012449059804710886	0.0012449059804710886
1422	 LLH-0	0.0012444129923869424	0.0012444129923869424
1423	 LLH-0	0.0012450211787480702	0.0012450211787480702
1424	 LLH-1	0.0012449677514155895	0.0012449677514155895
1425	 LLH-3	0.0012496728992362942	0.0012449677514155895
1426	 LLH-4	0.001244335056637878	0.001244335056637878
1431	 LLH-6	0.0012454288069560031	0.0012454288069560031
1432	 LLH-1	0.0012454858458050945	0.0012454858458050945
1433	 LLH-5	0.001245290501145447	0.001245290501145447
1434	 LLH-5	0.0012451606498332748	0.0012451606498332748
1435	 LLH-0	0.0012459126596486736	0.0012459126596486736
1436	 LLH-4	0.0012459126596486736	0.0012459126596486736
1441	 LLH-5	0.00124553828889841	0.00124553828889841
1442	 LLH-6	0.0012457024884539767	0.0012457024884539767
1443	 LLH-6	0.001245170178298369	0.001245170178298369
1444	 LLH-2	0.0012599587280906798	0.001245170178298369
1445	 LLH-4	0.0012444028537641925	0.0012444028537641925
1450	 LLH-2	0.0012520415476657543	0.0012444028537641925
1451	 LLH-4	0.0012444028537641925	0.0012444028537641925
1456	 LLH-0	0.0012450980248384425	0.0012444028537641925
1457	 LLH-1	0.0012443411652439916	0.0012443411652439916
1458	 LLH-2	0.0012488117014127942	0.0012443411652439916
1459	 LLH-4	0.0012443411652439916	0.0012443411652439916
1464	 LLH-3	0.001254129825267802	0.0012443411652439916
1465	 LLH-3	0.0012897574719646376	0.0012443411652439916
1466	 LLH-0	0.001245088414880851	0.001245088414880851
1467	 LLH-6	0.0012452231072522112	0.0012452231072522112
1468	 LLH-0	0.0012463107612394947	0.0012463107612394947
1469	 LLH-2	0.0012563484748659066	0.0012463107612394947
1470	 LLH-4	0.0012455182506695393	0.0012455182506695393
1472	 LLH-4	0.0012455182506695393	0.0012455182506695393
1477	 LLH-0	0.001246060436136431	0.0012455182506695393
1478	 LLH-3	0.0012523430444967758	0.0012455182506695393
1479	 LLH-3	0.0012957539538025992	0.0012455182506695393
1480	 LLH-3	0.0012543031139475955	0.0012455182506695393
1481	 LLH-3	0.0012875053448252961	0.0012455182506695393
1482	 LLH-3	0.0012573686881561554	0.0012455182506695393
1483	 LLH-1	0.0012455182506695393	0.0012455182506695393
1484	 LLH-0	0.0012461347738828693	0.0012461347738828693
1485	 LLH-1	0.0012460124032523461	0.0012460124032523461
1486	 LLH-1	0.0012456138905106487	0.0012456138905106487
1487	 LLH-4	0.0012447226350050108	0.0012447226350050108
1489	 LLH-1	0.0012447226350050108	0.0012447226350050108
1490	 LLH-5	0.0012461411242987123	0.0012447226350050108
1491	 LLH-6	0.0012459844233008348	0.0012459844233008348
1492	 LLH-0	0.0012454300572780424	0.0012454300572780424
1493	 LLH-2	0.0012515950779740542	0.0012454300572780424
1494	 LLH-2	0.0012589511264436267	0.0012454300572780424
1495	 LLH-4	0.0012454300572780424	0.0012454300572780424
1500	 LLH-5	0.0012455731129516403	0.0012454300572780424
1501	 LLH-3	0.0013009374945568064	0.0012454300572780424
1502	 LLH-4	0.0012454300572780424	0.0012454300572780424
1507	 LLH-3	0.0012556784726732656	0.0012454300572780424
1508	 LLH-6	0.001245595037844969	0.001245595037844969
1509	 LLH-6	0.0012465634107606935	0.0012465634107606935
1510	 LLH-3	0.0012554708576055242	0.0012465634107606935
1511	 LLH-0	0.0012471048410548275	0.0012471048410548275
1512	 LLH-4	0.001246627488841993	0.001246627488841993
1514	 LLH-2	0.0012494167543854763	0.001246627488841993
1515	 LLH-6	0.0012457476628254223	0.0012457476628254223
1516	 LLH-6	0.001245815286586214	0.001245815286586214
1517	 LLH-1	0.001245599102731832	0.001245599102731832
1518	 LLH-0	0.0012464130637442265	0.001245599102731832
1519	 LLH-2	0.0012563857251156427	0.001245599102731832
1520	 LLH-0	0.001246665748825597	0.001246665748825597
1521	 LLH-0	0.0012474005684541673	0.0012474005684541673
1522	 LLH-4	0.00124672337303917	0.00124672337303917
1526	 LLH-6	0.0012475074562077622	0.00124672337303917
1527	 LLH-6	0.0012470726909908872	0.0012470726909908872
1528	 LLH-4	0.001246482108759576	0.001246482108759576
1530	 LLH-0	0.0012624942679580068	0.001246482108759576
1531	 LLH-1	0.001246482108759576	0.001246482108759576
1532	 LLH-5	0.0012450680534085681	0.0012450680534085681
1533	 LLH-5	0.0012448991704334547	0.0012448991704334547
1534	 LLH-4	0.0012448991704334547	0.0012448991704334547
1539	 LLH-3	0.0012554499671018598	0.0012448991704334547
1540	 LLH-5	0.0012438877568077447	0.0012438877568077447
1541	 LLH-5	0.0012441451588142487	0.0012441451588142487
1542	 LLH-3	0.001255699865569062	0.0012441451588142487
1543	 LLH-6	0.001244095872287079	0.001244095872287079
1544	 LLH-1	0.001244095872287079	0.001244095872287079
1545	 LLH-1	0.001244095872287079	0.001244095872287079
1546	 LLH-1	0.0012439849875414118	0.0012439849875414118
1547	 LLH-2	0.0012644479179469196	0.0012439849875414118
1548	 LLH-0	0.0012601951398992545	0.0012439849875414118
1549	 LLH-3	0.001288987597248203	0.0012439849875414118
1550	 LLH-3	0.0013040713597186268	0.0012439849875414118
1551	 LLH-1	0.0012439299967933967	0.0012439299967933967
1552	 LLH-0	0.001244863205040916	0.001244863205040916
1553	 LLH-4	0.0012439889273602284	0.0012439889273602284
1558	 LLH-1	0.0012439889273602284	0.0012439889273602284
1559	 LLH-4	0.0012439889273602284	0.0012439889273602284
1564	 LLH-0	0.0012447556351610693	0.0012447556351610693
1565	 LLH-2	0.0012561408143047937	0.0012447556351610693
1566	 LLH-3	0.0012903096294160545	0.0012447556351610693
1567	 LLH-1	0.0012447556351610693	0.0012447556351610693
1568	 LLH-5	0.0012446529481195234	0.0012446529481195234
1569	 LLH-6	0.001244279033271836	0.001244279033271836
1570	 LLH-3	0.0012993562471644538	0.001244279033271836
1571	 LLH-0	0.0012449111630436287	0.0012449111630436287
1572	 LLH-5	0.001245081698779001	0.001245081698779001
1573	 LLH-0	0.001245978229726304	0.001245978229726304
1574	 LLH-6	0.0012464116680122842	0.001245978229726304
1575	 LLH-5	0.0012461589729299977	0.0012461589729299977
1576	 LLH-6	0.0012472660557877372	0.0012461589729299977
1577	 LLH-5	0.0012470996485553026	0.0012470996485553026
1578	 LLH-1	0.0012470996485553026	0.0012470996485553026
1579	 LLH-1	0.0012470996485553026	0.0012470996485553026
1580	 LLH-1	0.0012470996485553026	0.0012470996485553026
1581	 LLH-2	0.0012606320049403266	0.0012470996485553026
1582	 LLH-6	0.001247177398854096	0.001247177398854096
1583	 LLH-5	0.0012469904730568991	0.0012469904730568991
1584	 LLH-1	0.0012469904730568991	0.0012469904730568991
1585	 LLH-1	0.001246908438809371	0.001246908438809371
1586	 LLH-1	0.0012465648710830095	0.0012465648710830095
1587	 LLH-6	0.0012456833634505804	0.0012456833634505804
1588	 LLH-6	0.0012454462181536946	0.0012454462181536946
1589	 LLH-0	0.0012463326805435884	0.0012463326805435884
1590	 LLH-4	0.0012456752680207756	0.0012456752680207756
1594	 LLH-5	0.0012459065631670319	0.0012459065631670319
1595	 LLH-3	0.0013009066613034609	0.0012459065631670319
1596	 LLH-0	0.001246577211632772	0.001246577211632772
1597	 LLH-1	0.0012464578958475212	0.0012464578958475212
1598	 LLH-3	0.0012876200594580207	0.0012464578958475212
1599	 LLH-6	0.001246987842271306	0.0012464578958475212
1600	 LLH-2	0.0012617678955964048	0.0012464578958475212
1601	 LLH-0	0.001247063167519595	0.0012464578958475212
1602	 LLH-0	0.0012469179007086858	0.0012469179007086858
1603	 LLH-5	0.0012470912626710777	0.0012470912626710777
1604	 LLH-0	0.0012462171415906467	0.0012462171415906467
1605	 LLH-3	0.001254818792253564	0.0012462171415906467
1606	 LLH-3	0.0012577674827784113	0.0012462171415906467
1607	 LLH-3	0.001304630209462902	0.0012462171415906467
1608	 LLH-5	0.0012465417771927614	0.0012462171415906467
1609	 LLH-4	0.0012457157326645628	0.0012457157326645628
1614	 LLH-3	0.0012470813678743355	0.0012457157326645628
1615	 LLH-3	0.001255943457346979	0.0012457157326645628
1616	 LLH-0	0.0012462173022241608	0.0012462173022241608
1617	 LLH-6	0.0012461116914907534	0.0012461116914907534
1618	 LLH-6	0.001247600905635596	0.0012461116914907534
1619	 LLH-2	0.00125253611271095	0.0012461116914907534
1620	 LLH-3	0.0012510555968701213	0.0012461116914907534
1621	 LLH-3	0.0012554766277397679	0.0012461116914907534
1622	 LLH-1	0.0012461116914907534	0.0012461116914907534
1623	 LLH-5	0.0012459178102435023	0.0012459178102435023
1624	 LLH-6	0.001246302795689043	0.001246302795689043
1625	 LLH-6	0.0012469332594917516	0.001246302795689043
1626	 LLH-3	0.0012518927385435626	0.001246302795689043
1627	 LLH-5	0.0012460021595165527	0.0012460021595165527
1628	 LLH-5	0.0012474663486750478	0.0012460021595165527
1629	 LLH-6	0.0012465306217641326	0.0012460021595165527
1630	 LLH-3	0.001241554844459856	0.001241554844459856
1631	 LLH-0	0.001242001651055601	0.001242001651055601
1632	 LLH-6	0.001244780261138958	0.001242001651055601
1633	 LLH-6	0.0012431383790041728	0.001242001651055601
1634	 LLH-0	0.001242730861444985	0.001242730861444985
1635	 LLH-1	0.001242730861444985	0.001242730861444985
1636	 LLH-2	0.0012516642139150384	0.001242730861444985
1637	 LLH-6	0.0012424748543065078	0.0012424748543065078
1638	 LLH-4	0.0012424748543065078	0.0012424748543065078
1643	 LLH-4	0.0012424748543065078	0.0012424748543065078
1648	 LLH-1	0.0012423662388524356	0.0012423662388524356
1649	 LLH-3	0.001277442878577405	0.0012423662388524356
1650	 LLH-0	0.0012430012309625662	0.0012423662388524356
1651	 LLH-6	0.0012432745998870007	0.0012423662388524356
1652	 LLH-0	0.001242956353431212	0.001242956353431212
1653	 LLH-3	0.0012876134024344783	0.001242956353431212
1654	 LLH-3	0.0012821075205832824	0.001242956353431212
1655	 LLH-0	0.0012434836311813956	0.0012434836311813956
1656	 LLH-0	0.001244046605012754	0.0012434836311813956
1657	 LLH-4	0.0012434836311813956	0.0012434836311813956
1662	 LLH-5	0.0012435030680329677	0.0012435030680329677
1663	 LLH-0	0.001244383387964641	0.001244383387964641
1664	 LLH-4	0.0012438013738818822	0.0012438013738818822
1666	 LLH-4	0.0012433477160613776	0.0012433477160613776
1671	 LLH-2	0.0012548898541122136	0.0012433477160613776
1672	 LLH-4	0.001242415089524996	0.001242415089524996
1677	 LLH-0	0.0012429580426245512	0.0012429580426245512
1678	 LLH-5	0.0012428122118584618	0.0012428122118584618
1679	 LLH-2	0.0012565457368401943	0.0012428122118584618
1680	 LLH-3	0.0012760623058193175	0.0012428122118584618
1681	 LLH-1	0.0012428122118584618	0.0012428122118584618
1682	 LLH-2	0.001254837108400915	0.0012428122118584618
1683	 LLH-4	0.0012428122118584618	0.0012428122118584618
1688	 LLH-3	0.0012463334431261595	0.0012428122118584618
1689	 LLH-1	0.0012428122118584618	0.0012428122118584618
1690	 LLH-6	0.0012436240954847623	0.0012428122118584618
1691	 LLH-2	0.001251744942221373	0.0012428122118584618
1692	 LLH-1	0.0012428122118584618	0.0012428122118584618
1693	 LLH-4	0.0012428122118584618	0.0012428122118584618
1698	 LLH-2	0.001252502668698063	0.0012428122118584618
1699	 LLH-2	0.0012443212002506518	0.0012428122118584618
1700	 LLH-2	0.0012504327244137704	0.0012428122118584618
1701	 LLH-5	0.0012428789465876004	0.0012428789465876004
1702	 LLH-4	0.001242423854119105	0.001242423854119105
1707	 LLH-2	0.0012465924289700636	0.001242423854119105
1708	 LLH-5	0.001242083006210721	0.001242083006210721
1709	 LLH-1	0.001242083006210721	0.001242083006210721
1710	 LLH-1	0.001242083006210721	0.001242083006210721
1711	 LLH-5	0.0012421705884452575	0.0012421705884452575
1712	 LLH-0	0.0012426897218043656	0.0012421705884452575
1713	 LLH-2	0.0012557492551745584	0.0012421705884452575
1714	 LLH-4	0.0012421705884452575	0.0012421705884452575
1719	 LLH-6	0.0012429143315735628	0.0012421705884452575
1720	 LLH-4	0.0012421705884452575	0.0012421705884452575
1725	 LLH-2	0.0012574376297281224	0.0012421705884452575
1726	 LLH-6	0.0012436864734213075	0.0012421705884452575
1727	 LLH-2	0.0012516440876877734	0.0012421705884452575
1728	 LLH-0	0.0012429374844943086	0.0012421705884452575
1729	 LLH-1	0.0012421705884452575	0.0012421705884452575
1730	 LLH-4	0.0012421705884452575	0.0012421705884452575
1735	 LLH-4	0.0012421705884452575	0.0012421705884452575
1740	 LLH-3	0.001246680839326539	0.0012421705884452575
1741	 LLH-4	0.0012417052346579388	0.0012417052346579388
1745	 LLH-2	0.0012577679107694702	0.0012417052346579388
1746	 LLH-3	0.0012427648855081862	0.0012417052346579388
1747	 LLH-2	0.0012511168064958502	0.0012417052346579388
1748	 LLH-3	0.0012698007277038804	0.0012417052346579388
1749	 LLH-5	0.0012421288668079103	0.0012417052346579388
1750	 LLH-3	0.0012730337423450676	0.0012417052346579388
1751	 LLH-6	0.0012432965235875462	0.0012432965235875462
1752	 LLH-0	0.001243920677493062	0.0012432965235875462
1753	 LLH-6	0.0012436915845337852	0.0012432965235875462
1754	 LLH-2	0.0012554648951341695	0.0012432965235875462
1755	 LLH-1	0.001243356731437144	0.0012432965235875462
1756	 LLH-4	0.0012428736768514731	0.0012428736768514731
1759	 LLH-4	0.0012428736768514731	0.0012428736768514731
1764	 LLH-0	0.00124334512668639	0.00124334512668639
1765	 LLH-3	0.001256577369259713	0.00124334512668639
1766	 LLH-4	0.00124334512668639	0.00124334512668639
1771	 LLH-5	0.001243237548887775	0.001243237548887775
1772	 LLH-2	0.0012497894732780425	0.001243237548887775
1773	 LLH-2	0.0012481098588101017	0.001243237548887775
1774	 LLH-1	0.0012431529751352943	0.0012431529751352943
1775	 LLH-2	0.001258984632877051	0.0012431529751352943
1776	 LLH-0	0.001243647715202051	0.001243647715202051
1777	 LLH-6	0.0012432461122903326	0.0012432461122903326
1778	 LLH-2	0.0012481412445525639	0.0012432461122903326
1779	 LLH-1	0.0012432461122903326	0.0012432461122903326
1780	 LLH-0	0.0012428256802691708	0.0012428256802691708
1781	 LLH-4	0.0012428256802691708	0.0012428256802691708
1786	 LLH-2	0.001253374927562494	0.0012428256802691708
1787	 LLH-5	0.0012430966032399942	0.0012430966032399942
1788	 LLH-3	0.0012868410885037637	0.0012430966032399942
1789	 LLH-4	0.0012430966032399942	0.0012430966032399942
1794	 LLH-1	0.0012430755122962898	0.0012430755122962898
1795	 LLH-1	0.0012430755122962898	0.0012430755122962898
1796	 LLH-0	0.0012422481274746528	0.0012422481274746528
1797	 LLH-2	0.0012598727608798045	0.0012422481274746528
1798	 LLH-3	0.0012454078384538526	0.0012422481274746528
1799	 LLH-3	0.0012442343730700953	0.0012422481274746528
1800	 LLH-1	0.0012422481274746528	0.0012422481274746528
1801	 LLH-3	0.0012779133518064445	0.0012422481274746528
1802	 LLH-6	0.0012420640112451003	0.0012420640112451003
1803	 LLH-5	0.0012431436896657984	0.0012431436896657984
1804	 LLH-3	0.001291682820873733	0.0012431436896657984
1805	 LLH-5	0.0012428146389584281	0.0012428146389584281
1806	 LLH-6	0.0012431936655174073	0.0012428146389584281
1807	 LLH-1	0.0012428146389584281	0.0012428146389584281
1808	 LLH-0	0.0012435424491647731	0.0012428146389584281
1809	 LLH-1	0.001242404795819863	0.001242404795819863
1810	 LLH-2	0.0012499711145610058	0.001242404795819863
1811	 LLH-0	0.0012429156955414678	0.001242404795819863
1812	 LLH-6	0.0012423357016969274	0.0012423357016969274
1813	 LLH-3	0.001273744952746459	0.0012423357016969274
1814	 LLH-3	0.0012681760006455673	0.0012423357016969274
1815	 LLH-1	0.0012428197649420709	0.0012423357016969274
1816	 LLH-5	0.0012423143974631832	0.0012423143974631832
1817	 LLH-5	0.0012421895626144159	0.0012421895626144159
1818	 LLH-2	0.0012557666560610865	0.0012421895626144159
1819	 LLH-6	0.0012419440588557192	0.0012419440588557192
1820	 LLH-3	0.0012529152692380692	0.0012419440588557192
1821	 LLH-6	0.0012422339150223542	0.0012419440588557192
1822	 LLH-5	0.001241999742622648	0.001241999742622648
1823	 LLH-6	0.001241716277145301	0.001241716277145301
1824	 LLH-3	0.0012722649871924042	0.001241716277145301
1825	 LLH-5	0.0012414657050642468	0.0012414657050642468
1826	 LLH-3	0.0012550005746660197	0.0012414657050642468
1827	 LLH-4	0.0012414657050642468	0.0012414657050642468
1832	 LLH-4	0.0012414657050642468	0.0012414657050642468
1837	 LLH-0	0.001242163067027202	0.0012414657050642468
1838	 LLH-1	0.0012414657050642468	0.0012414657050642468
1839	 LLH-2	0.0012524316515832167	0.0012414657050642468
1840	 LLH-0	0.0012419807592210937	0.0012414657050642468
1841	 LLH-5	0.0012422280581064558	0.0012422280581064558
1842	 LLH-1	0.0012422280581064558	0.0012422280581064558
1843	 LLH-2	0.0012532661466235103	0.0012422280581064558
1844	 LLH-6	0.001242737428324851	0.0012422280581064558
1845	 LLH-1	0.001242627442023956	0.0012422280581064558
1846	 LLH-3	0.0012810098657053872	0.0012422280581064558
1847	 LLH-6	0.0012422597572985699	0.0012422597572985699
1848	 LLH-1	0.0012422597572985699	0.0012422597572985699
1849	 LLH-2	0.0012546297352062166	0.0012422597572985699
1850	 LLH-1	0.0012422770697119508	0.0012422770697119508
1851	 LLH-2	0.001247259618936211	0.0012422770697119508
1852	 LLH-2	0.0012581606688658392	0.0012422770697119508
1853	 LLH-6	0.0012444003943808293	0.0012422770697119508
1854	 LLH-1	0.0012422770697119508	0.0012422770697119508
1855	 LLH-5	0.0012422486754756748	0.0012422486754756748
1856	 LLH-5	0.0012421497501992917	0.0012421497501992917
1857	 LLH-4	0.0012421497501992917	0.0012421497501992917
1862	 LLH-6	0.0012432689783577044	0.0012421497501992917
1863	 LLH-2	0.0012517422729976298	0.0012421497501992917
1864	 LLH-5	0.0012430609327591673	0.0012421497501992917
1865	 LLH-5	0.001241540886090052	0.001241540886090052
1866	 LLH-1	0.001241540886090052	0.001241540886090052
1867	 LLH-0	0.0012419715733539625	0.0012419715733539625
1868	 LLH-5	0.0012429556538559494	0.0012419715733539625
1869	 LLH-0	0.0012424805258050954	0.0012424805258050954
1870	 LLH-2	0.0012484163680537143	0.0012424805258050954
1871	 LLH-6	0.001243127656850916	0.001243127656850916
1872	 LLH-0	0.0012438387697837933	0.001243127656850916
1873	 LLH-1	0.0012428683237859814	0.0012428683237859814
1874	 LLH-1	0.0012428683237859814	0.0012428683237859814
1875	 LLH-4	0.0012428683237859814	0.0012428683237859814
1880	 LLH-3	0.0012837197858943006	0.0012428683237859814
1881	 LLH-6	0.0012427363250793473	0.0012427363250793473
1882	 LLH-3	0.0012550487935940524	0.0012427363250793473
1883	 LLH-5	0.0012428126292949792	0.0012427363250793473
1884	 LLH-4	0.0012422397430234121	0.0012422397430234121
1888	 LLH-0	0.0012426481572214466	0.0012422397430234121
1889	 LLH-6	0.0012433480988749655	0.0012433480988749655
1890	 LLH-1	0.0012433480988749655	0.0012433480988749655
1891	 LLH-6	0.0012432673711731473	0.0012432673711731473
1892	 LLH-2	0.0012512800458232924	0.0012432673711731473
1893	 LLH-5	0.0012429057549278905	0.0012429057549278905
1894	 LLH-1	0.0012431938101269719	0.0012431938101269719
1895	 LLH-4	0.0012425275403922294	0.0012425275403922294
1898	 LLH-4	0.0012425275403922294	0.0012425275403922294
1903	 LLH-3	0.0012808314774627747	0.0012425275403922294
1904	 LLH-5	0.001243646916466488	0.0012425275403922294
1905	 LLH-4	0.0012425275403922294	0.0012425275403922294
1910	 LLH-0	0.001242969033486028	0.0012425275403922294
1911	 LLH-2	0.001259843902819856	0.0012425275403922294
1912	 LLH-3	0.0012766355922640216	0.0012425275403922294
1913	 LLH-6	0.0012417008879240816	0.0012417008879240816
1914	 LLH-2	0.0012540520042698925	0.0012417008879240816
1915	 LLH-4	0.0012417008879240816	0.0012417008879240816
1920	 LLH-6	0.0012427356233381944	0.0012417008879240816
1921	 LLH-0	0.0012425348892378672	0.0012417008879240816
1922	 LLH-0	0.001242169083993029	0.0012417008879240816
1923	 LLH-0	0.0012423019450884237	0.0012417008879240816
1924	 LLH-6	0.0012425036465339807	0.0012417008879240816
1925	 LLH-6	0.0012419535045765419	0.0012417008879240816
1926	 LLH-5	0.0012424008929198813	0.0012417008879240816
1927	 LLH-4	0.0012417008879240816	0.0012417008879240816
1932	 LLH-3	0.0012750737258574191	0.0012417008879240816
1933	 LLH-4	0.0012417008879240816	0.0012417008879240816
1938	 LLH-5	0.0012419593109535307	0.0012419593109535307
1939	 LLH-0	0.0012574398196817144	0.0012419593109535307
1940	 LLH-2	0.001260338201443165	0.0012419593109535307
1941	 LLH-2	0.00125664422926696	0.0012419593109535307
1942	 LLH-4	0.0012419593109535307	0.0012419593109535307
1947	 LLH-3	0.0012738943588601335	0.0012419593109535307
1948	 LLH-3	0.0012416705103606655	0.0012416705103606655
1949	 LLH-0	0.0012424422995185474	0.0012416705103606655
1950	 LLH-2	0.0012549272713879094	0.0012416705103606655
1951	 LLH-3	0.0012691759518946404	0.0012416705103606655
1952	 LLH-2	0.001248327640441685	0.0012416705103606655
1953	 LLH-6	0.0012417910961947918	0.0012416705103606655
1954	 LLH-2	0.0012573359212749101	0.0012416705103606655
1955	 LLH-0	0.0012421169735031521	0.0012416705103606655
1956	 LLH-0	0.0012424783231281566	0.0012416705103606655
1957	 LLH-1	0.0012416705103606655	0.0012416705103606655
1958	 LLH-3	0.001279159681403937	0.0012416705103606655
1959	 LLH-1	0.0012416705103606655	0.0012416705103606655
1960	 LLH-4	0.0012416705103606655	0.0012416705103606655
1965	 LLH-3	0.0012713676629626711	0.0012416705103606655
1966	 LLH-6	0.001241669203504209	0.001241669203504209
1967	 LLH-6	0.0012422426313636326	0.0012422426313636326
1968	 LLH-6	0.001242127609612722	0.001242127609612722
1969	 LLH-2	0.001257996578266402	0.001242127609612722
1970	 LLH-4	0.0012414667209076137	0.0012414667209076137
1975	 LLH-3	0.0012465205548723578	0.0012414667209076137
1976	 LLH-4	0.0012414667209076137	0.0012414667209076137
1981	 LLH-4	0.0012414667209076137	0.0012414667209076137
1986	 LLH-1	0.0012414667209076137	0.0012414667209076137
1987	 LLH-3	0.0012765813183469282	0.0012414667209076137
1988	 LLH-6	0.001241831835081799	0.0012414667209076137
1989	 LLH-5	0.0012416677930016246	0.0012414667209076137
1990	 LLH-5	0.001241398702476675	0.001241398702476675
1991	 LLH-0	0.0012422148698792983	0.001241398702476675
1992	 LLH-4	0.001241398702476675	0.001241398702476675
1997	 LLH-3	0.001247955694813837	0.001241398702476675
1998	 LLH-0	0.0012421676238657403	0.001241398702476675
1999	 LLH-6	0.0012420839995263143	0.001241398702476675
GRID-Start
0.0	0.0
0.0	308.0385
0.0	616.077
0.0	924.1155
0.0	1232.154
0.0	1540.1925
0.0	1848.2310000000002
0.0	2156.2695000000003
0.0	2464.3080000000004
0.0	2772.3465000000006
0.0	3080.3850000000007
0.0	3388.423500000001
0.0	3696.462000000001
0.0	4004.500500000001
0.0	4312.539000000001
0.0	4620.5775
0.0	4928.616
0.0	5236.6545
0.0	5544.692999999999
0.0	5852.731499999999
0.0	6160.769999999999
0.0	6468.808499999998
308.0385	0.0
308.0385	308.0385
308.0385	616.077
308.0385	924.1155
308.0385	1232.154
308.0385	1540.1925
308.0385	1848.2310000000002
308.0385	2156.2695000000003
308.0385	2464.3080000000004
308.0385	2772.3465000000006
308.0385	3080.3850000000007
308.0385	3388.423500000001
308.0385	3696.462000000001
308.0385	4004.500500000001
308.0385	4312.539000000001
308.0385	4620.5775
308.0385	4928.616
308.0385	5236.6545
308.0385	5544.692999999999
308.0385	5852.731499999999
308.0385	6160.769999999999
308.0385	6468.808499999998
616.077	0.0
616.077	308.0385
616.077	616.077
616.077	924.1155
616.077	1232.154
616.077	1540.1925
616.077	1848.2310000000002
616.077	2156.2695000000003
616.077	2464.3080000000004
616.077	2772.3465000000006
616.077	3080.3850000000007
616.077	3388.423500000001
616.077	3696.462000000001
616.077	4004.500500000001
616.077	4312.539000000001
616.077	4620.5775
616.077	4928.616
616.077	5236.6545
616.077	5544.692999999999
616.077	5852.731499999999
616.077	6160.769999999999
616.077	6468.808499999998
924.1155	0.0
924.1155	308.0385
924.1155	616.077
924.1155	924.1155
924.1155	1232.154
924.1155	1540.1925
924.1155	1848.2310000000002
924.1155	2156.2695000000003
924.1155	2464.3080000000004
924.1155	2772.3465000000006
924.1155	3080.3850000000007
924.1155	3388.423500000001
924.1155	3696.462000000001
924.1155	4004.500500000001
924.1155	4312.539000000001
924.1155	4620.5775
924.1155	4928.616
924.1155	5236.6545
924.1155	5544.692999999999
924.1155	5852.731499999999
924.1155	6160.769999999999
924.1155	6468.808499999998
1232.154	0.0
1232.154	308.0385
1232.154	616.077
1232.154	924.1155
1232.154	1232.154
1232.154	1540.1925
1232.154	1848.2310000000002
1232.154	2156.2695000000003
1232.154	2464.3080000000004
1232.154	2772.3465000000006
1232.154	3080.3850000000007
1232.154	4620.5775
1232.154	4928.616
1232.154	5236.6545
1232.154	5544.692999999999
1232.154	5852.731499999999
1232.154	6160.769999999999
1232.154	6468.808499999998
1540.1925	0.0
1540.1925	308.0385
1540.1925	616.077
1540.1925	924.1155
1540.1925	1232.154
1540.1925	1540.1925
1540.1925	1848.2310000000002
1540.1925	2156.2695000000003
1540.1925	2464.3080000000004
1540.1925	2772.3465000000006
1540.1925	3080.3850000000007
1540.1925	4620.5775
1540.1925	4928.616
1540.1925	5236.6545
1540.1925	5544.692999999999
1540.1925	5852.731499999999
1540.1925	6160.769999999999
1540.1925	6468.808499999998
1848.2310000000002	0.0
1848.2310000000002	308.0385
1848.2310000000002	616.077
1848.2310000000002	924.1155
1848.2310000000002	1232.154
1848.2310000000002	1540.1925
1848.2310000000002	1848.2310000000002
1848.2310000000002	2156.2695000000003
1848.2310000000002	2464.3080000000004
1848.2310000000002	2772.3465000000006
1848.2310000000002	3080.3850000000007
1848.2310000000002	4620.5775
1848.2310000000002	4928.616
1848.2310000000002	5236.6545
1848.2310000000002	5544.692999999999
1848.2310000000002	5852.731499999999
1848.2310000000002	6160.769999999999
1848.2310000000002	6468.808499999998
2156.2695000000003	0.0
2156.2695000000003	308.0385
2156.2695000000003	616.077
2156.2695000000003	924.1155
2156.2695000000003	1232.154
2156.2695000000003	1540.1925
2156.2695000000003	1848.2310000000002
2156.2695000000003	2156.2695000000003
2156.2695000000003	2464.3080000000004
2156.2695000000003	2772.3465000000006
2156.2695000000003	3080.3850000000007
2156.2695000000003	4620.5775
2156.2695000000003	4928.616
2156.2695000000003	5236.6545
2156.2695000000003	5544.692999999999
2156.2695000000003	5852.731499999999
2156.2695000000003	6160.769999999999
2156.2695000000003	6468.808499999998
2464.3080000000004	0.0
2464.3080000000004	2464.3080000000004
2464.3080000000004	2772.3465000000006
2464.3080000000004	3080.3850000000007
2464.3080000000004	3388.423500000001
2464.3080000000004	3696.462000000001
2464.3080000000004	4004.500500000001
2464.3080000000004	4312.539000000001
2464.3080000000004	4620.5775
2464.3080000000004	4928.616
2464.3080000000004	5236.6545
2464.3080000000004	5544.692999999999
2464.3080000000004	5852.731499999999
2464.3080000000004	6160.769999999999
2464.3080000000004	6468.808499999998
2772.3465000000006	0.0
2772.3465000000006	2464.3080000000004
2772.3465000000006	2772.3465000000006
2772.3465000000006	3080.3850000000007
2772.3465000000006	3388.423500000001
2772.3465000000006	3696.462000000001
2772.3465000000006	4004.500500000001
2772.3465000000006	4312.539000000001
2772.3465000000006	4620.5775
2772.3465000000006	4928.616
2772.3465000000006	5236.6545
2772.3465000000006	5544.692999999999
2772.3465000000006	5852.731499999999
2772.3465000000006	6160.769999999999
2772.3465000000006	6468.808499999998
3080.3850000000007	0.0
3080.3850000000007	2464.3080000000004
3080.3850000000007	2772.3465000000006
3080.3850000000007	3080.3850000000007
3080.3850000000007	3388.423500000001
3080.3850000000007	3696.462000000001
3080.3850000000007	4004.500500000001
3080.3850000000007	4312.539000000001
3080.3850000000007	4620.5775
3080.3850000000007	4928.616
3080.3850000000007	5236.6545
3080.3850000000007	5544.692999999999
3080.3850000000007	5852.731499999999
3080.3850000000007	6160.769999999999
3080.3850000000007	6468.808499999998
3388.423500000001	0.0
3388.423500000001	2464.3080000000004
3388.423500000001	2772.3465000000006
3388.423500000001	3080.3850000000007
3388.423500000001	3388.423500000001
3388.423500000001	3696.462000000001
3388.423500000001	4004.500500000001
3388.423500000001	4312.539000000001
3388.423500000001	4620.5775
3388.423500000001	4928.616
3388.423500000001	5236.6545
3388.423500000001	5544.692999999999
3388.423500000001	5852.731499999999
3388.423500000001	6160.769999999999
3388.423500000001	6468.808499999998
3696.462000000001	0.0
3696.462000000001	308.0385
3696.462000000001	616.077
3696.462000000001	924.1155
3696.462000000001	1232.154
3696.462000000001	1540.1925
3696.462000000001	1848.2310000000002
3696.462000000001	2156.2695000000003
3696.462000000001	3388.423500000001
3696.462000000001	3696.462000000001
3696.462000000001	4004.500500000001
3696.462000000001	4312.539000000001
3696.462000000001	4620.5775
3696.462000000001	4928.616
3696.462000000001	5236.6545
3696.462000000001	5544.692999999999
3696.462000000001	5852.731499999999
3696.462000000001	6160.769999999999
3696.462000000001	6468.808499999998
4004.500500000001	0.0
4004.500500000001	308.0385
4004.500500000001	616.077
4004.500500000001	924.1155
4004.500500000001	1232.154
4004.500500000001	1540.1925
4004.500500000001	1848.2310000000002
4004.500500000001	2156.2695000000003
4004.500500000001	3388.423500000001
4004.500500000001	3696.462000000001
4004.500500000001	4004.500500000001
4004.500500000001	4312.539000000001
4004.500500000001	4620.5775
4004.500500000001	4928.616
4004.500500000001	5236.6545
4004.500500000001	5544.692999999999
4004.500500000001	5852.731499999999
4004.500500000001	6160.769999999999
4004.500500000001	6468.808499999998
4312.539000000001	0.0
4312.539000000001	308.0385
4312.539000000001	616.077
4312.539000000001	924.1155
4312.539000000001	1232.154
4312.539000000001	1540.1925
4312.539000000001	1848.2310000000002
4312.539000000001	2156.2695000000003
4312.539000000001	3388.423500000001
4312.539000000001	3696.462000000001
4312.539000000001	4004.500500000001
4312.539000000001	4312.539000000001
4312.539000000001	4620.5775
4312.539000000001	4928.616
4312.539000000001	5236.6545
4312.539000000001	5544.692999999999
4312.539000000001	5852.731499999999
4312.539000000001	6160.769999999999
4312.539000000001	6468.808499999998
4620.5775	0.0
4620.5775	308.0385
4620.5775	616.077
4620.5775	924.1155
4620.5775	1232.154
4620.5775	1540.1925
4620.5775	1848.2310000000002
4620.5775	2156.2695000000003
4620.5775	2464.3080000000004
4620.5775	2772.3465000000006
4620.5775	3080.3850000000007
4620.5775	3388.423500000001
4620.5775	3696.462000000001
4620.5775	4004.500500000001
4620.5775	4312.539000000001
4620.5775	4620.5775
4620.5775	4928.616
4620.5775	5236.6545
4620.5775	5544.692999999999
4620.5775	5852.731499999999
4620.5775	6160.769999999999
4620.5775	6468.808499999998
4928.616	0.0
4928.616	308.0385
4928.616	616.077
4928.616	924.1155
4928.616	1232.154
4928.616	1540.1925
4928.616	1848.2310000000002
4928.616	2156.2695000000003
4928.616	2464.3080000000004
4928.616	2772.3465000000006
4928.616	3080.3850000000007
4928.616	3388.423500000001
4928.616	3696.462000000001
4928.616	4004.500500000001
4928.616	4312.539000000001
4928.616	4620.5775
4928.616	4928.616
4928.616	5236.6545
4928.616	5544.692999999999
4928.616	5852.731499999999
4928.616	6160.769999999999
4928.616	6468.808499999998
5236.6545	0.0
5236.6545	308.0385
5236.6545	616.077
5236.6545	924.1155
5236.6545	1232.154
5236.6545	1540.1925
5236.6545	1848.2310000000002
5236.6545	2156.2695000000003
5236.6545	2464.3080000000004
5236.6545	2772.3465000000006
5236.6545	3080.3850000000007
5236.6545	3388.423500000001
5236.6545	3696.462000000001
5236.6545	4004.500500000001
5236.6545	4312.539000000001
5236.6545	4620.5775
5236.6545	4928.616
5236.6545	5236.6545
5236.6545	5544.692999999999
5236.6545	5852.731499999999
5236.6545	6160.769999999999
5236.6545	6468.808499999998
5544.692999999999	0.0
5544.692999999999	308.0385
5544.692999999999	616.077
5544.692999999999	924.1155
5544.692999999999	1232.154
5544.692999999999	1540.1925
5544.692999999999	1848.2310000000002
5544.692999999999	2156.2695000000003
5544.692999999999	2464.3080000000004
5544.692999999999	2772.3465000000006
5544.692999999999	3080.3850000000007
5544.692999999999	3388.423500000001
5544.692999999999	3696.462000000001
5544.692999999999	4004.500500000001
5544.692999999999	4312.539000000001
5544.692999999999	4620.5775
5544.692999999999	4928.616
5544.692999999999	5236.6545
5544.692999999999	5544.692999999999
5544.692999999999	5852.731499999999
5544.692999999999	6160.769999999999
5544.692999999999	6468.808499999998
5852.731499999999	0.0
5852.731499999999	308.0385
5852.731499999999	616.077
5852.731499999999	924.1155
5852.731499999999	1232.154
5852.731499999999	1540.1925
5852.731499999999	1848.2310000000002
5852.731499999999	2156.2695000000003
5852.731499999999	2464.3080000000004
5852.731499999999	2772.3465000000006
5852.731499999999	3080.3850000000007
5852.731499999999	3388.423500000001
5852.731499999999	3696.462000000001
5852.731499999999	4004.500500000001
5852.731499999999	4312.539000000001
5852.731499999999	4620.5775
5852.731499999999	4928.616
5852.731499999999	5236.6545
5852.731499999999	5544.692999999999
5852.731499999999	5852.731499999999
5852.731499999999	6160.769999999999
5852.731499999999	6468.808499999998
6160.769999999999	0.0
6160.769999999999	308.0385
6160.769999999999	616.077
6160.769999999999	924.1155
6160.769999999999	1232.154
6160.769999999999	1540.1925
6160.769999999999	1848.2310000000002
6160.769999999999	2156.2695000000003
6160.769999999999	2464.3080000000004
6160.769999999999	2772.3465000000006
6160.769999999999	3080.3850000000007
6160.769999999999	3388.423500000001
6160.769999999999	3696.462000000001
6160.769999999999	4004.500500000001
6160.769999999999	4312.539000000001
6160.769999999999	4620.5775
6160.769999999999	4928.616
6160.769999999999	5236.6545
6160.769999999999	5544.692999999999
6160.769999999999	5852.731499999999
6160.769999999999	6160.769999999999
6160.769999999999	6468.808499999998
6468.808499999998	0.0
6468.808499999998	308.0385
6468.808499999998	616.077
6468.808499999998	924.1155
6468.808499999998	1232.154
6468.808499999998	1540.1925
6468.808499999998	1848.2310000000002
6468.808499999998	2156.2695000000003
6468.808499999998	2464.3080000000004
6468.808499999998	2772.3465000000006
6468.808499999998	3080.3850000000007
6468.808499999998	3388.423500000001
6468.808499999998	3696.462000000001
6468.808499999998	4004.500500000001
6468.808499999998	4312.539000000001
6468.808499999998	4620.5775
6468.808499999998	4928.616
6468.808499999998	5236.6545
6468.808499999998	5544.692999999999
6468.808499999998	5852.731499999999
6468.808499999998	6160.769999999999
6468.808499999998	6468.808499999998
6776.846999999998	0.0
6776.846999999998	308.0385
6776.846999999998	616.077
6776.846999999998	924.1155
6776.846999999998	1232.154
6776.846999999998	1540.1925
6776.846999999998	1848.2310000000002
6776.846999999998	2156.2695000000003
6776.846999999998	2464.3080000000004
6776.846999999998	2772.3465000000006
6776.846999999998	3080.3850000000007
6776.846999999998	3388.423500000001
6776.846999999998	3696.462000000001
6776.846999999998	4004.500500000001
6776.846999999998	4312.539000000001
6776.846999999998	4620.5775
6776.846999999998	4928.616
6776.846999999998	5236.6545
6776.846999999998	5544.692999999999
6776.846999999998	5852.731499999999
6776.846999999998	6160.769999999999
6776.846999999998	6468.808499999998
7084.885499999998	0.0
7084.885499999998	308.0385
7084.885499999998	616.077
7084.885499999998	924.1155
7084.885499999998	1232.154
7084.885499999998	1540.1925
7084.885499999998	1848.2310000000002
7084.885499999998	2156.2695000000003
7084.885499999998	2464.3080000000004
7084.885499999998	2772.3465000000006
7084.885499999998	3080.3850000000007
7084.885499999998	3388.423500000001
7084.885499999998	3696.462000000001
7084.885499999998	4004.500500000001
7084.885499999998	4312.539000000001
7084.885499999998	4620.5775
7084.885499999998	4928.616
7084.885499999998	5236.6545
7084.885499999998	5544.692999999999
7084.885499999998	5852.731499999999
7084.885499999998	6160.769999999999
7084.885499999998	6468.808499999998
7392.923999999997	0.0
7392.923999999997	308.0385
7392.923999999997	616.077
7392.923999999997	924.1155
7392.923999999997	1232.154
7392.923999999997	1540.1925
7392.923999999997	1848.2310000000002
7392.923999999997	2156.2695000000003
7392.923999999997	2464.3080000000004
7392.923999999997	2772.3465000000006
7392.923999999997	3080.3850000000007
7392.923999999997	3388.423500000001
7392.923999999997	3696.462000000001
7392.923999999997	4004.500500000001
7392.923999999997	4312.539000000001
7392.923999999997	4620.5775
7392.923999999997	4928.616
7392.923999999997	5236.6545
7392.923999999997	5544.692999999999
7392.923999999997	5852.731499999999
7392.923999999997	6160.769999999999
7392.923999999997	6468.808499999998
7700.962499999997	0.0
7700.962499999997	308.0385
7700.962499999997	616.077
7700.962499999997	924.1155
7700.962499999997	1232.154
7700.962499999997	1540.1925
7700.962499999997	1848.2310000000002
7700.962499999997	2156.2695000000003
7700.962499999997	2464.3080000000004
7700.962499999997	2772.3465000000006
7700.962499999997	3080.3850000000007
7700.962499999997	3388.423500000001
7700.962499999997	3696.462000000001
7700.962499999997	4004.500500000001
7700.962499999997	4312.539000000001
7700.962499999997	4620.5775
7700.962499999997	4928.616
7700.962499999997	5236.6545
7700.962499999997	5544.692999999999
7700.962499999997	5852.731499999999
7700.962499999997	6160.769999999999
7700.962499999997	6468.808499999998
8009.000999999997	0.0
8009.000999999997	308.0385
8009.000999999997	616.077
8009.000999999997	924.1155
8009.000999999997	1232.154
8009.000999999997	1540.1925
8009.000999999997	1848.2310000000002
8009.000999999997	2156.2695000000003
8009.000999999997	2464.3080000000004
8009.000999999997	2772.3465000000006
8009.000999999997	3080.3850000000007
8009.000999999997	3388.423500000001
8009.000999999997	3696.462000000001
8009.000999999997	4004.500500000001
8009.000999999997	4312.539000000001
8009.000999999997	4620.5775
8009.000999999997	4928.616
8009.000999999997	5236.6545
8009.000999999997	5544.692999999999
8009.000999999997	5852.731499999999
8009.000999999997	6160.769999999999
8009.000999999997	6468.808499999998
8317.039499999997	0.0
8317.039499999997	308.0385
8317.039499999997	616.077
8317.039499999997	924.1155
8317.039499999997	1232.154
8317.039499999997	1540.1925
8317.039499999997	1848.2310000000002
8317.039499999997	2156.2695000000003
8317.039499999997	2464.3080000000004
8317.039499999997	2772.3465000000006
8317.039499999997	3080.3850000000007
8317.039499999997	3388.423500000001
8317.039499999997	3696.462000000001
8317.039499999997	4004.500500000001
8317.039499999997	4312.539000000001
8317.039499999997	4620.5775
8317.039499999997	4928.616
8317.039499999997	5236.6545
8317.039499999997	5544.692999999999
8317.039499999997	5852.731499999999
8317.039499999997	6160.769999999999
8317.039499999997	6468.808499999998
8625.077999999998	0.0
8625.077999999998	308.0385
8625.077999999998	616.077
8625.077999999998	924.1155
8625.077999999998	1232.154
8625.077999999998	1540.1925
8625.077999999998	1848.2310000000002
8625.077999999998	2156.2695000000003
8625.077999999998	2464.3080000000004
8625.077999999998	2772.3465000000006
8625.077999999998	3080.3850000000007
8625.077999999998	3388.423500000001
8625.077999999998	3696.462000000001
8625.077999999998	4004.500500000001
8625.077999999998	4312.539000000001
8625.077999999998	4620.5775
8625.077999999998	4928.616
8625.077999999998	5236.6545
8625.077999999998	5544.692999999999
8625.077999999998	5852.731499999999
8625.077999999998	6160.769999999999
8625.077999999998	6468.808499999998
8933.116499999998	0.0
8933.116499999998	308.0385
8933.116499999998	616.077
8933.116499999998	924.1155
8933.116499999998	1232.154
8933.116499999998	1540.1925
8933.116499999998	1848.2310000000002
8933.116499999998	2156.2695000000003
8933.116499999998	2464.3080000000004
8933.116499999998	2772.3465000000006
8933.116499999998	3080.3850000000007
8933.116499999998	3388.423500000001
8933.116499999998	3696.462000000001
8933.116499999998	4004.500500000001
8933.116499999998	4312.539000000001
8933.116499999998	4620.5775
8933.116499999998	4928.616
8933.116499999998	5236.6545
8933.116499999998	5544.692999999999
8933.116499999998	5852.731499999999
8933.116499999998	6160.769999999999
8933.116499999998	6468.808499999998
GRID-End
num_of_evaluations 2000
best obj 0.0012412846404011274
LLH0	62
LLH1	47
LLH2	50
LLH3	61
LLH4	120
LLH5	88
LLH6	87