Initial objective 0.0013229580174094206	 Seed value 343180675
1	 LLH-2	0.0013387401907098107	0.0013387401907098107
2	 LLH-6	0.00133895871262789	0.00133895871262789
3	 LLH-1	0.00133895871262789	0.00133895871262789
4	 LLH-3	0.0012629146986801447	0.0012629146986801447
5	 LLH-0	0.001263761690402269	0.001263761690402269
6	 LLH-0	0.0012646399876920802	0.0012646399876920802
7	 LLH-0	0.00126556144395948	0.00126556144395948
8	 LLH-6	0.0012652334671820822	0.0012652334671820822
9	 LLH-4	0.0012652334671820822	0.0012652334671820822
14	 LLH-1	0.0012652334671820822	0.0012652334671820822
15	 LLH-2	0.0012871542449464516	0.0012871542449464516
16	 LLH-4	0.001285922999125237	0.001285922999125237
19	 LLH-3	0.0012566243804844998	0.0012566243804844998
20	 LLH-5	0.0012565328299835028	0.0012565328299835028
21	 LLH-5	0.001257399500934533	0.001257399500934533
22	 LLH-6	0.0012568845361269965	0.0012568845361269965
23	 LLH-1	0.0012568845361269965	0.0012568845361269965
24	 LLH-5	0.001256749167189429	0.001256749167189429
25	 LLH-6	0.001255133582792377	0.001255133582792377
26	 LLH-2	0.0012583133398629148	0.0012583133398629148
27	 LLH-5	0.00125815283980964	0.00125815283980964
28	 LLH-6	0.0012605736564788202	0.0012605736564788202
29	 LLH-1	0.001260581339269348	0.001260581339269348
30	 LLH-3	0.0013336314931060307	0.0013336314931060307
31	 LLH-2	0.001325203816922721	0.001325203816922721
32	 LLH-4	0.0013237208937878842	0.0013237208937878842
34	 LLH-5	0.0013244089881773874	0.0013244089881773874
35	 LLH-6	0.0013227171216804122	0.0013227171216804122
36	 LLH-2	0.0013240063328782213	0.0013240063328782213
37	 LLH-4	0.0013228526336570088	0.0013228526336570088
40	 LLH-3	0.0012773222946862528	0.0012773222946862528
41	 LLH-0	0.0012785358686875903	0.0012785358686875903
42	 LLH-2	0.0012764898811118168	0.0012764898811118168
43	 LLH-2	0.0012745008909629157	0.0012745008909629157
44	 LLH-6	0.0012748049802805052	0.0012748049802805052
45	 LLH-0	0.0012951839731333828	0.0012951839731333828
46	 LLH-1	0.001295138891742382	0.001295138891742382
47	 LLH-3	0.0013747906744872858	0.001295138891742382
48	 LLH-2	0.001281845838471888	0.001281845838471888
49	 LLH-1	0.0012817300875817075	0.0012817300875817075
50	 LLH-0	0.001282750969574805	0.001282750969574805
51	 LLH-0	0.001281434041362498	0.001281434041362498
52	 LLH-2	0.0012920039355508374	0.0012920039355508374
53	 LLH-6	0.0012911961545612734	0.0012911961545612734
54	 LLH-4	0.0012898528782703006	0.0012898528782703006
56	 LLH-2	0.0013057469667446682	0.0013057469667446682
57	 LLH-6	0.0013061783430229575	0.0013061783430229575
58	 LLH-3	0.00126875045765149	0.00126875045765149
59	 LLH-6	0.0012685137305749096	0.0012685137305749096
60	 LLH-5	0.0012673211706863065	0.0012673211706863065
61	 LLH-3	0.0012464596324557927	0.0012464596324557927
62	 LLH-6	0.0012462997853809835	0.0012462997853809835
63	 LLH-3	0.0012532095440134557	0.0012532095440134557
64	 LLH-0	0.0012538798295274824	0.0012538798295274824
65	 LLH-3	0.0012791896301310997	0.0012791896301310997
66	 LLH-5	0.0012791999744918793	0.0012791999744918793
67	 LLH-6	0.0012807581030810974	0.0012807581030810974
68	 LLH-6	0.0012821752141696564	0.0012821752141696564
69	 LLH-0	0.0012837374166411262	0.0012837374166411262
70	 LLH-4	0.0012826760891709254	0.0012826760891709254
73	 LLH-5	0.0012818368325737128	0.0012818368325737128
74	 LLH-6	0.0012829049518416468	0.0012829049518416468
75	 LLH-2	0.0012872461071839147	0.0012872461071839147
76	 LLH-4	0.0012860069839954811	0.0012860069839954811
78	 LLH-0	0.0012846336628646914	0.0012846336628646914
79	 LLH-2	0.0012807585243659611	0.0012807585243659611
80	 LLH-4	0.0012797509197864938	0.0012797509197864938
84	 LLH-6	0.0012794764649434185	0.0012794764649434185
85	 LLH-4	0.0012782036426955028	0.0012782036426955028
87	 LLH-4	0.001277203632049498	0.001277203632049498
89	 LLH-6	0.00127623233142026	0.00127623233142026
90	 LLH-6	0.0012763633339146787	0.0012763633339146787
91	 LLH-4	0.001275286354642053	0.001275286354642053
95	 LLH-6	0.0012747818484481336	0.0012747818484481336
96	 LLH-4	0.0012734500172267528	0.0012734500172267528
100	 LLH-3	0.0013939180338137667	0.0013939180338137667
101	 LLH-5	0.0013924549176280523	0.0013924549176280523
102	 LLH-6	0.0013922808827347556	0.0013922808827347556
103	 LLH-0	0.0013898855307563265	0.0013898855307563265
104	 LLH-2	0.00135341966847739	0.00135341966847739
105	 LLH-4	0.0013513371083179399	0.0013513371083179399
107	 LLH-5	0.001351169109226703	0.001351169109226703
108	 LLH-0	0.0013533304276068347	0.0013533304276068347
109	 LLH-3	0.0012870705226564613	0.0012870705226564613
110	 LLH-5	0.0012875694294579689	0.0012875694294579689
111	 LLH-1	0.0012875694294579689	0.0012875694294579689
112	 LLH-1	0.0012876585328960354	0.0012876585328960354
113	 LLH-1	0.0012876585328960354	0.0012876585328960354
114	 LLH-0	0.0012886519936108733	0.0012886519936108733
115	 LLH-0	0.0012872824601653347	0.0012872824601653347
116	 LLH-0	0.0012881621475043172	0.0012881621475043172
117	 LLH-0	0.0012894478254328783	0.0012894478254328783
118	 LLH-0	0.0012905798127816391	0.0012905798127816391
119	 LLH-2	0.0012884681503282042	0.0012884681503282042
120	 LLH-5	0.0012905271194973069	0.0012905271194973069
121	 LLH-1	0.0012907005893991249	0.0012907005893991249
122	 LLH-6	0.001289293043391273	0.001289293043391273
123	 LLH-4	0.001289293043391273	0.001289293043391273
128	 LLH-3	0.0013732044620699854	0.0013732044620699854
129	 LLH-5	0.0013734906259028578	0.0013734906259028578
130	 LLH-5	0.0013734955780095085	0.0013734955780095085
131	 LLH-0	0.0013712165411433486	0.0013712165411433486
132	 LLH-5	0.0013707069715994556	0.0013707069715994556
133	 LLH-4	0.0013682771342357074	0.0013682771342357074
135	 LLH-2	0.0013730036377112558	0.0013730036377112558
136	 LLH-0	0.0013709373637648542	0.0013709373637648542
137	 LLH-4	0.0013686317009373849	0.0013686317009373849
139	 LLH-5	0.0013675125910481696	0.0013675125910481696
140	 LLH-3	0.001502418661822472	0.0013675125910481696
141	 LLH-5	0.0013659508010960598	0.0013659508010960598
142	 LLH-1	0.0013657668597482238	0.0013657668597482238
143	 LLH-0	0.0013636646997679785	0.0013636646997679785
144	 LLH-5	0.0013638033136916647	0.0013638033136916647
145	 LLH-3	0.001279671833192404	0.001279671833192404
146	 LLH-1	0.001279671833192404	0.001279671833192404
147	 LLH-3	0.0013776058498633586	0.0013776058498633586
148	 LLH-1	0.0013775635581747662	0.0013775635581747662
149	 LLH-5	0.001377951429979415	0.001377951429979415
150	 LLH-6	0.001378081848414056	0.001378081848414056
151	 LLH-2	0.001356009335244704	0.001356009335244704
152	 LLH-6	0.0013545492829434955	0.0013545492829434955
153	 LLH-1	0.0013547845335045946	0.0013547845335045946
154	 LLH-6	0.0013556850820330966	0.0013556850820330966
155	 LLH-1	0.0013555613760964321	0.0013555613760964321
156	 LLH-0	0.001357181436818466	0.001357181436818466
157	 LLH-5	0.0013584251333828529	0.0013584251333828529
158	 LLH-4	0.001355970630637973	0.001355970630637973
160	 LLH-3	0.0012932616994163733	0.0012932616994163733
161	 LLH-1	0.0012934182098128084	0.0012934182098128084
162	 LLH-0	0.0012921916833261156	0.0012921916833261156
163	 LLH-4	0.0012908962023886854	0.0012908962023886854
165	 LLH-4	0.001289910144332448	0.001289910144332448
169	 LLH-6	0.001289954425649911	0.001289954425649911
170	 LLH-3	0.0013816528295317373	0.0013816528295317373
171	 LLH-1	0.0013812888414484624	0.0013812888414484624
172	 LLH-2	0.001378235616862786	0.001378235616862786
173	 LLH-2	0.0013481814480729884	0.0013481814480729884
174	 LLH-0	0.0013508536852878542	0.0013508536852878542
175	 LLH-1	0.0013503107462774612	0.0013503107462774612
176	 LLH-1	0.001350485979278289	0.001350485979278289
177	 LLH-0	0.0013485070345347515	0.0013485070345347515
178	 LLH-6	0.0013491573333112657	0.0013491573333112657
179	 LLH-4	0.0013472606638694708	0.0013472606638694708
181	 LLH-3	0.001492328099597167	0.001492328099597167
182	 LLH-3	0.0016837119061364173	0.0016837119061364173
183	 LLH-0	0.0016906382824304852	0.0016906382824304852
184	 LLH-1	0.0016906382824304852	0.0016906382824304852
185	 LLH-2	0.0015457336228314514	0.0015457336228314514
186	 LLH-4	0.0015411011414043683	0.0015411011414043683
188	 LLH-6	0.001540188140796928	0.001540188140796928
189	 LLH-0	0.0015453141336066623	0.0015453141336066623
190	 LLH-6	0.0015431401631037138	0.0015431401631037138
191	 LLH-1	0.0015431401631037138	0.0015431401631037138
192	 LLH-0	0.0015385282869546705	0.0015385282869546705
193	 LLH-6	0.0015370533389122915	0.0015370533389122915
194	 LLH-6	0.0015394195819350626	0.0015394195819350626
195	 LLH-3	0.0017134181955803243	0.0017134181955803243
196	 LLH-6	0.0017102591862996081	0.0017102591862996081
197	 LLH-3	0.0020691306753142682	0.0020691306753142682
198	 LLH-4	0.0020530381587100695	0.0020530381587100695
200	 LLH-6	0.0020555586436433685	0.0020555586436433685
201	 LLH-6	0.0020555283940981816	0.0020555283940981816
202	 LLH-0	0.002039249986645508	0.002039249986645508
203	 LLH-3	0.0025127038421621927	0.002039249986645508
204	 LLH-5	0.0020400439049319836	0.0020400439049319836
205	 LLH-0	0.002024902923228257	0.002024902923228257
206	 LLH-5	0.0020249426294880806	0.0020249426294880806
207	 LLH-6	0.002022868258166377	0.002022868258166377
208	 LLH-4	0.002006925320689522	0.002006925320689522
210	 LLH-6	0.00200492672178822	0.00200492672178822
211	 LLH-1	0.00200492672178822	0.00200492672178822
212	 LLH-1	0.00200492672178822	0.00200492672178822
213	 LLH-1	0.002005691248868716	0.002005691248868716
214	 LLH-5	0.0020049445911704948	0.0020049445911704948
215	 LLH-0	0.002019891677188957	0.002019891677188957
216	 LLH-2	0.0016366324530603196	0.0016366324530603196
217	 LLH-1	0.0016366995030120631	0.0016366995030120631
218	 LLH-0	0.001629783495468088	0.001629783495468088
219	 LLH-6	0.001629923962068194	0.001629923962068194
220	 LLH-2	0.0014797997922059887	0.0014797997922059887
221	 LLH-0	0.001475894765071302	0.001475894765071302
222	 LLH-1	0.0014760951561573522	0.0014760951561573522
223	 LLH-2	0.00144339256177179	0.00144339256177179
224	 LLH-2	0.0014239354965310974	0.0014239354965310974
225	 LLH-2	0.0014058309007212214	0.0014058309007212214
226	 LLH-1	0.0014063665792469692	0.0014063665792469692
227	 LLH-2	0.0013689640287930334	0.0013689640287930334
228	 LLH-0	0.0013667440549928187	0.0013667440549928187
229	 LLH-4	0.0013646430316053624	0.0013646430316053624
231	 LLH-1	0.0013646430316053624	0.0013646430316053624
232	 LLH-2	0.001375624008456176	0.001375624008456176
233	 LLH-3	0.0012737323266838233	0.0012737323266838233
234	 LLH-2	0.0012850923236796788	0.0012850923236796788
235	 LLH-5	0.0012850923236796788	0.0012850923236796788
236	 LLH-0	0.0012862277068138202	0.0012862277068138202
237	 LLH-1	0.0012862277068138202	0.0012862277068138202
238	 LLH-5	0.0012872148546589008	0.0012872148546589008
239	 LLH-1	0.0012872148546589008	0.0012872148546589008
240	 LLH-5	0.001286611416373471	0.001286611416373471
241	 LLH-3	0.0013878035100607432	0.0013878035100607432
242	 LLH-5	0.0013878092389250384	0.0013878092389250384
243	 LLH-2	0.0013642214885246748	0.0013642214885246748
244	 LLH-6	0.0013638583972436133	0.0013638583972436133
245	 LLH-2	0.0013471802486511634	0.0013471802486511634
246	 LLH-4	0.001345333423228272	0.001345333423228272
248	 LLH-3	0.001492316749934926	0.001492316749934926
249	 LLH-6	0.0014929725558100733	0.0014929725558100733
250	 LLH-5	0.0014949636165504897	0.0014949636165504897
251	 LLH-2	0.0014449572789586673	0.0014449572789586673
252	 LLH-3	0.0016003082987809236	0.0016003082987809236
253	 LLH-2	0.0015116624797103522	0.0015116624797103522
254	 LLH-6	0.0015121628978969352	0.0015121628978969352
255	 LLH-0	0.0015078923706709508	0.0015078923706709508
256	 LLH-5	0.0015087574435222997	0.0015087574435222997
257	 LLH-0	0.0015130967452480805	0.0015130967452480805
258	 LLH-6	0.0015126866602192168	0.0015126866602192168
259	 LLH-5	0.0015123391825718178	0.0015123391825718178
260	 LLH-2	0.0014447072005299088	0.0014447072005299088
261	 LLH-6	0.0014445802483005173	0.0014445802483005173
262	 LLH-0	0.0014413908403376216	0.0014413908403376216
263	 LLH-1	0.0014413908403376216	0.0014413908403376216
264	 LLH-3	0.001292029988486071	0.001292029988486071
265	 LLH-6	0.0012914477757363168	0.0012914477757363168
266	 LLH-2	0.0012991799675291919	0.0012991799675291919
267	 LLH-0	0.0013004706710753938	0.0013004706710753938
268	 LLH-4	0.0012992306369054387	0.0012992306369054387
270	 LLH-2	0.0013002336811678429	0.0013002336811678429
271	 LLH-6	0.0012995318630715422	0.0012995318630715422
272	 LLH-0	0.001298268006344554	0.001298268006344554
273	 LLH-6	0.0012981832248617985	0.0012981832248617985
274	 LLH-5	0.0012975396939020006	0.0012975396939020006
275	 LLH-2	0.0012851136974404425	0.0012851136974404425
276	 LLH-4	0.0012840218756106927	0.0012840218756106927
280	 LLH-2	0.0013065303750222576	0.0013065303750222576
281	 LLH-5	0.0013073508098783396	0.0013073508098783396
282	 LLH-0	0.0013057770118928634	0.0013057770118928634
283	 LLH-1	0.0013057770118928634	0.0013057770118928634
284	 LLH-4	0.001304595758930274	0.001304595758930274
287	 LLH-0	0.001305977362427199	0.001305977362427199
288	 LLH-0	0.0013045495038210143	0.0013045495038210143
289	 LLH-3	0.001268865087319973	0.001268865087319973
290	 LLH-2	0.0012745539374629778	0.0012745539374629778
291	 LLH-2	0.0012804763076953642	0.0012804763076953642
292	 LLH-5	0.001278777302154929	0.001278777302154929
293	 LLH-5	0.0012778673459385138	0.0012778673459385138
294	 LLH-6	0.0012779323437273281	0.0012779323437273281
295	 LLH-1	0.0012779323437273281	0.0012779323437273281
296	 LLH-3	0.001376380184947209	0.0012779323437273281
297	 LLH-5	0.0012777760748420876	0.0012777760748420876
298	 LLH-4	0.0012767911516687836	0.0012767911516687836
302	 LLH-0	0.001275972948991625	0.001275972948991625
303	 LLH-2	0.001287539125335291	0.001287539125335291
304	 LLH-4	0.001287539125335291	0.001287539125335291
309	 LLH-3	0.0013910170030770302	0.0013910170030770302
310	 LLH-0	0.0013932419507798905	0.0013932419507798905
311	 LLH-6	0.0013930960861904963	0.0013930960861904963
312	 LLH-0	0.001390553457178617	0.001390553457178617
313	 LLH-0	0.0013927232824331689	0.0013927232824331689
314	 LLH-4	0.0013904524396510306	0.0013904524396510306
316	 LLH-0	0.001387702605152628	0.001387702605152628
317	 LLH-3	0.0012909626738072718	0.0012909626738072718
318	 LLH-6	0.001290132898407871	0.001290132898407871
319	 LLH-5	0.0012908597419199028	0.0012908597419199028
320	 LLH-2	0.001292814262237953	0.001292814262237953
321	 LLH-6	0.0012928886571918759	0.0012928886571918759
322	 LLH-4	0.0012928886571918759	0.0012928886571918759
327	 LLH-6	0.0012946385353384323	0.0012946385353384323
328	 LLH-4	0.0012934836442339917	0.0012934836442339917
332	 LLH-4	0.0012922227442136928	0.0012922227442136928
334	 LLH-2	0.0013052095442082847	0.0013052095442082847
335	 LLH-0	0.0013066623743694145	0.0013066623743694145
336	 LLH-2	0.0013043197260808462	0.0013043197260808462
337	 LLH-0	0.0013054758717600018	0.0013054758717600018
338	 LLH-1	0.0013054758717600018	0.0013054758717600018
339	 LLH-4	0.0013041895982440997	0.0013041895982440997
342	 LLH-0	0.001305296380272396	0.001305296380272396
343	 LLH-4	0.001304033842880422	0.001304033842880422
346	 LLH-0	0.0013053189444662038	0.0013053189444662038
347	 LLH-0	0.001306573946526713	0.001306573946526713
348	 LLH-2	0.0012993767282586345	0.0012993767282586345
349	 LLH-0	0.0013003821991118163	0.0013003821991118163
350	 LLH-3	0.0013937423302238417	0.0013003821991118163
351	 LLH-3	0.0013789141255635842	0.0013789141255635842
352	 LLH-0	0.0013765189126198462	0.0013765189126198462
353	 LLH-1	0.001376571964031834	0.001376571964031834
354	 LLH-4	0.0013740058742590933	0.0013740058742590933
357	 LLH-5	0.0013737531759394688	0.0013737531759394688
358	 LLH-6	0.0013741416534006402	0.0013741416534006402
359	 LLH-0	0.0013721964675827668	0.0013721964675827668
360	 LLH-6	0.0013679191371716545	0.0013679191371716545
361	 LLH-4	0.001365928809158506	0.001365928809158506
363	 LLH-3	0.00128850369859678	0.00128850369859678
364	 LLH-6	0.001287171702011811	0.001287171702011811
365	 LLH-4	0.0012859956739767345	0.0012859956739767345
370	 LLH-2	0.0012870166468384192	0.0012870166468384192
371	 LLH-1	0.0012868161828564677	0.0012868161828564677
372	 LLH-6	0.0012881142434769382	0.0012881142434769382
373	 LLH-0	0.00128924879922949	0.00128924879922949
374	 LLH-1	0.00128924879922949	0.00128924879922949
375	 LLH-6	0.0012895461865865085	0.0012895461865865085
376	 LLH-4	0.001288267134477658	0.001288267134477658
378	 LLH-2	0.0013036521161661498	0.0013036521161661498
379	 LLH-0	0.0013022626021127	0.0013022626021127
380	 LLH-5	0.0013021859260536957	0.0013021859260536957
381	 LLH-6	0.001300994594533324	0.001300994594533324
382	 LLH-0	0.0012997796255356296	0.0012997796255356296
383	 LLH-1	0.0012997796255356296	0.0012997796255356296
384	 LLH-1	0.0012997796255356296	0.0012997796255356296
385	 LLH-6	0.0012993760838544918	0.0012993760838544918
386	 LLH-3	0.0013926900930433643	0.0013926900930433643
387	 LLH-3	0.0015825542759586525	0.0013926900930433643
388	 LLH-5	0.0013928852918276753	0.0013928852918276753
389	 LLH-0	0.0013957120398895395	0.0013957120398895395
390	 LLH-2	0.0013762626942514728	0.0013762626942514728
391	 LLH-2	0.0013432976765678215	0.0013432976765678215
392	 LLH-3	0.0012770703741837625	0.0012770703741837625
393	 LLH-1	0.0012770703741837625	0.0012770703741837625
394	 LLH-4	0.0012761176041997887	0.0012761176041997887
397	 LLH-0	0.0012773162336414947	0.0012773162336414947
398	 LLH-1	0.0012773726400317896	0.0012773726400317896
399	 LLH-1	0.0012773726400317896	0.0012773726400317896
400	 LLH-3	0.0012556821994188633	0.0012556821994188633
401	 LLH-0	0.0012563017239409482	0.0012563017239409482
402	 LLH-2	0.001276546282866714	0.0012563017239409482
403	 LLH-5	0.0012556901549090947	0.0012556901549090947
404	 LLH-3	0.0013226463611676915	0.0013226463611676915
405	 LLH-3	0.0014099719489893243	0.0013226463611676915
406	 LLH-0	0.0013209630308832338	0.0013209630308832338
407	 LLH-0	0.001319239105581435	0.001319239105581435
408	 LLH-1	0.001319239105581435	0.001319239105581435
409	 LLH-2	0.0013225116685963798	0.0013225116685963798
410	 LLH-6	0.001323558395011617	0.001323558395011617
411	 LLH-6	0.001324325190931383	0.001324325190931383
412	 LLH-1	0.0013238700031751316	0.0013238700031751316
413	 LLH-0	0.0013223088986136489	0.0013223088986136489
414	 LLH-0	0.0013238869174710091	0.0013238869174710091
415	 LLH-4	0.0013223438157658335	0.0013223438157658335
417	 LLH-2	0.001322411349979088	0.001322411349979088
418	 LLH-3	0.0014030623004695753	0.0014030623004695753
419	 LLH-5	0.0014035103553013003	0.0014035103553013003
420	 LLH-4	0.0014035103553013003	0.0014035103553013003
425	 LLH-0	0.0014065562684865938	0.0014065562684865938
426	 LLH-5	0.0014078956498640484	0.0014078956498640484
427	 LLH-1	0.0014084443793240696	0.0014084443793240696
428	 LLH-6	0.0014082842488782198	0.0014082842488782198
429	 LLH-4	0.0014053501780009329	0.0014053501780009329
431	 LLH-0	0.00143744971490406	0.00143744971490406
432	 LLH-5	0.001437474103019219	0.001437474103019219
433	 LLH-2	0.0013981224595154104	0.0013981224595154104
434	 LLH-1	0.0013981224595154104	0.0013981224595154104
435	 LLH-6	0.0013964654750657072	0.0013964654750657072
436	 LLH-0	0.0013939308871213658	0.0013939308871213658
437	 LLH-1	0.0013939308871213658	0.0013939308871213658
438	 LLH-2	0.0013609067654984375	0.0013609067654984375
439	 LLH-0	0.0013591180459201972	0.0013591180459201972
440	 LLH-2	0.0013282912769786636	0.0013282912769786636
441	 LLH-0	0.0013543846308234288	0.0013543846308234288
442	 LLH-3	0.0012777255530846293	0.0012777255530846293
443	 LLH-3	0.0013603145818180218	0.0013603145818180218
444	 LLH-2	0.0013526949863686632	0.0013526949863686632
445	 LLH-5	0.0013542615055777106	0.0013542615055777106
446	 LLH-6	0.0013546303148034458	0.0013546303148034458
447	 LLH-3	0.0012932451623361085	0.0012932451623361085
448	 LLH-6	0.0012934454210141945	0.0012934454210141945
449	 LLH-2	0.001287574496779946	0.001287574496779946
450	 LLH-5	0.0012876529989157227	0.0012876529989157227
451	 LLH-5	0.0012868952984946458	0.0012868952984946458
452	 LLH-2	0.0012962726915969965	0.0012962726915969965
453	 LLH-5	0.0012953696699493718	0.0012953696699493718
454	 LLH-4	0.0012943466189608227	0.0012943466189608227
456	 LLH-1	0.0012940209627763	0.0012940209627763
457	 LLH-1	0.0012940209627763	0.0012940209627763
458	 LLH-4	0.0012930214340533069	0.0012930214340533069
460	 LLH-6	0.0012940420429114479	0.0012940420429114479
461	 LLH-2	0.0012955829214590492	0.0012955829214590492
462	 LLH-4	0.0012941327906750106	0.0012941327906750106
464	 LLH-1	0.0012941327906750106	0.0012941327906750106
465	 LLH-4	0.0012923610605397521	0.0012923610605397521
467	 LLH-3	0.001361524425459762	0.0012923610605397521
468	 LLH-2	0.001296589457655629	0.001296589457655629
469	 LLH-2	0.0013004073093569298	0.0013004073093569298
470	 LLH-2	0.001304336728184504	0.001304336728184504
471	 LLH-0	0.0012823356968812883	0.0012823356968812883
472	 LLH-4	0.0012823356968812883	0.0012823356968812883
477	 LLH-4	0.0012823356968812883	0.0012823356968812883
482	 LLH-1	0.0012823356968812883	0.0012823356968812883
483	 LLH-3	0.0013687699402466903	0.0013687699402466903
484	 LLH-3	0.0012840993963029494	0.0012840993963029494
485	 LLH-2	0.0012998036222371127	0.0012998036222371127
486	 LLH-5	0.001299006780473388	0.001299006780473388
487	 LLH-0	0.001300325966221441	0.001300325966221441
488	 LLH-0	0.001301507993587399	0.001301507993587399
489	 LLH-6	0.0013031512987346835	0.0013031512987346835
490	 LLH-2	0.0012944887180849852	0.0012944887180849852
491	 LLH-0	0.0012960931868488705	0.0012960931868488705
492	 LLH-4	0.0012948078983977735	0.0012948078983977735
494	 LLH-4	0.0012935024827438843	0.0012935024827438843
496	 LLH-0	0.001294827483252181	0.001294827483252181
497	 LLH-3	0.001263107981168607	0.001263107981168607
498	 LLH-1	0.001263107981168607	0.001263107981168607
499	 LLH-6	0.0012633624265611224	0.0012633624265611224
500	 LLH-2	0.001271284469263433	0.001271284469263433
501	 LLH-1	0.001271284469263433	0.001271284469263433
502	 LLH-4	0.0012703261875320047	0.0012703261875320047
505	 LLH-5	0.0012705913252141706	0.0012705913252141706
506	 LLH-1	0.0012705913252141706	0.0012705913252141706
507	 LLH-1	0.0012705913252141706	0.0012705913252141706
508	 LLH-3	0.0012597095526659344	0.0012597095526659344
509	 LLH-6	0.0012611901796115463	0.0012611901796115463
510	 LLH-2	0.0012579882478453396	0.0012579882478453396
511	 LLH-5	0.0012571161853004837	0.0012571161853004837
512	 LLH-5	0.0012571303991312597	0.0012571303991312597
513	 LLH-0	0.0012563400515606022	0.0012563400515606022
514	 LLH-2	0.001269489459169028	0.001269489459169028
515	 LLH-0	0.0012704803801186712	0.0012704803801186712
516	 LLH-1	0.001270184121413369	0.001270184121413369
517	 LLH-6	0.0012702692302599334	0.0012702692302599334
518	 LLH-4	0.0012693786660494012	0.0012693786660494012
522	 LLH-2	0.0012905487098574656	0.0012905487098574656
523	 LLH-1	0.0012906174975384275	0.0012906174975384275
524	 LLH-3	0.0012712584441292322	0.0012712584441292322
525	 LLH-4	0.0012712584441292322	0.0012712584441292322
530	 LLH-5	0.0012708636499228472	0.0012708636499228472
531	 LLH-2	0.0012761059499516653	0.0012761059499516653
532	 LLH-3	0.0012590959750610276	0.0012590959750610276
533	 LLH-5	0.0012578376337728044	0.0012578376337728044
534	 LLH-3	0.00124500925903983	0.00124500925903983
535	 LLH-5	0.001245255118516293	0.001245255118516293
536	 LLH-4	0.00124474375299052	0.00124474375299052
540	 LLH-0	0.0012442407302589132	0.0012442407302589132
541	 LLH-0	0.0012447964582415244	0.0012447964582415244
542	 LLH-1	0.0012447964582415244	0.0012447964582415244
543	 LLH-5	0.0012444999704080712	0.0012444999704080712
544	 LLH-6	0.001244720782066767	0.001244720782066767
545	 LLH-3	0.0012989658423698583	0.0012989658423698583
546	 LLH-3	0.001365920279728372	0.0012989658423698583
547	 LLH-1	0.0012987087300460522	0.0012987087300460522
548	 LLH-2	0.0013047618881338215	0.0013047618881338215
549	 LLH-3	0.0013864671094878155	0.0013864671094878155
550	 LLH-0	0.0013893875977851681	0.0013893875977851681
551	 LLH-5	0.0013893875977851681	0.0013893875977851681
552	 LLH-4	0.001386753852015604	0.001386753852015604
554	 LLH-6	0.0013860773248820383	0.0013860773248820383
555	 LLH-1	0.0013863752288490985	0.0013863752288490985
556	 LLH-5	0.0013852791558542877	0.0013852791558542877
557	 LLH-3	0.001568852177493552	0.0013852791558542877
558	 LLH-3	0.0013078763429333561	0.0013078763429333561
559	 LLH-2	0.0013066374489681225	0.0013066374489681225
560	 LLH-3	0.001264587931298855	0.001264587931298855
561	 LLH-4	0.001263792236307211	0.001263792236307211
565	 LLH-1	0.001263792236307211	0.001263792236307211
566	 LLH-4	0.0012629777843236418	0.0012629777843236418
570	 LLH-2	0.0012715223353696832	0.0012715223353696832
571	 LLH-6	0.001271468921793759	0.001271468921793759
572	 LLH-6	0.0012699760112624937	0.0012699760112624937
573	 LLH-3	0.0012498607603317145	0.0012498607603317145
574	 LLH-2	0.001257336143953583	0.001257336143953583
575	 LLH-0	0.001258111135295465	0.001258111135295465
576	 LLH-3	0.0013129060189228671	0.001258111135295465
577	 LLH-0	0.0012590458814245233	0.001258111135295465
578	 LLH-1	0.001258061561134887	0.001258061561134887
579	 LLH-5	0.001258364773892541	0.001258364773892541
580	 LLH-3	0.0013103751084709316	0.001258364773892541
581	 LLH-1	0.001258364773892541	0.001258364773892541
582	 LLH-6	0.0012588508871629101	0.0012588508871629101
583	 LLH-0	0.001259666949884545	0.001259666949884545
584	 LLH-3	0.0013251782376342944	0.0013251782376342944
585	 LLH-6	0.0013247383254047823	0.0013247383254047823
586	 LLH-3	0.001269404115571262	0.001269404115571262
587	 LLH-4	0.0012683510957607568	0.0012683510957607568
589	 LLH-1	0.0012684812520419723	0.0012684812520419723
590	 LLH-6	0.0012683481544924053	0.0012683481544924053
591	 LLH-6	0.0012677755935739273	0.0012677755935739273
592	 LLH-5	0.0012678219929944741	0.0012678219929944741
593	 LLH-3	0.0013292418511547282	0.0012678219929944741
594	 LLH-3	0.0012622294459538434	0.0012622294459538434
595	 LLH-5	0.0012613697701217767	0.0012613697701217767
596	 LLH-3	0.0012546036849729846	0.0012546036849729846
597	 LLH-3	0.001252451007565654	0.001252451007565654
598	 LLH-3	0.0012531878659407187	0.0012531878659407187
599	 LLH-1	0.0012531878659407187	0.0012531878659407187
600	 LLH-3	0.0012453078686633467	0.0012453078686633467
601	 LLH-5	0.0012453368888849304	0.0012453368888849304
602	 LLH-6	0.001245136752259788	0.001245136752259788
603	 LLH-4	0.001245136752259788	0.001245136752259788
608	 LLH-2	0.0012457785935920016	0.0012457785935920016
609	 LLH-6	0.0012455253730751599	0.0012455253730751599
610	 LLH-6	0.0012465509685551763	0.0012465509685551763
611	 LLH-6	0.0012479335408738647	0.0012479335408738647
612	 LLH-6	0.0012486363029743312	0.0012486363029743312
613	 LLH-5	0.00124840484475094	0.00124840484475094
614	 LLH-2	0.001257531504762416	0.001257531504762416
615	 LLH-4	0.001257531504762416	0.001257531504762416
620	 LLH-4	0.001257531504762416	0.001257531504762416
625	 LLH-0	0.0012582591045347876	0.0012582591045347876
626	 LLH-1	0.0012582591045347876	0.0012582591045347876
627	 LLH-0	0.0012588608210399785	0.0012588608210399785
628	 LLH-1	0.0012585452672575954	0.0012585452672575954
629	 LLH-0	0.0012591001312117077	0.0012591001312117077
630	 LLH-0	0.0012596332387989435	0.0012596332387989435
631	 LLH-6	0.0012602397727641739	0.0012602397727641739
632	 LLH-1	0.0012602397727641739	0.0012602397727641739
633	 LLH-1	0.0012602397727641739	0.0012602397727641739
634	 LLH-6	0.0012599632773568638	0.0012599632773568638
635	 LLH-2	0.0012710386333085618	0.0012710386333085618
636	 LLH-2	0.0012628199795509261	0.0012628199795509261
637	 LLH-6	0.0012623375020462966	0.0012623375020462966
638	 LLH-1	0.0012623375020462966	0.0012623375020462966
639	 LLH-3	0.0012492277146857649	0.0012492277146857649
640	 LLH-0	0.0012501864173257498	0.0012501864173257498
641	 LLH-4	0.0012496713528387187	0.0012496713528387187
645	 LLH-3	0.0012785692702379015	0.0012785692702379015
646	 LLH-3	0.001359196683028592	0.0012785692702379015
647	 LLH-5	0.001278208014660933	0.001278208014660933
648	 LLH-6	0.0012785667785397573	0.0012785667785397573
649	 LLH-0	0.0012796858495132462	0.0012796858495132462
650	 LLH-6	0.0012801869913431222	0.0012801869913431222
651	 LLH-6	0.0012805359766587215	0.0012805359766587215
652	 LLH-3	0.0013635015457118995	0.0012805359766587215
653	 LLH-1	0.0012805359766587215	0.0012805359766587215
654	 LLH-1	0.0012804906127815087	0.0012804906127815087
655	 LLH-2	0.0013051827448440848	0.0012804906127815087
656	 LLH-5	0.0012829456412809556	0.0012829456412809556
657	 LLH-5	0.0012832421759962631	0.0012832421759962631
658	 LLH-0	0.0012821717780191243	0.0012821717780191243
659	 LLH-2	0.0013047924857660584	0.0012821717780191243
660	 LLH-5	0.001282116675414302	0.001282116675414302
661	 LLH-2	0.0012996122919043628	0.0012996122919043628
662	 LLH-1	0.0012996122919043628	0.0012996122919043628
663	 LLH-2	0.001304267789973918	0.001304267789973918
664	 LLH-4	0.0013028839505949356	0.0013028839505949356
666	 LLH-2	0.0012966483490951277	0.0012966483490951277
667	 LLH-1	0.00129667398355266	0.00129667398355266
668	 LLH-2	0.0013091143109459653	0.0013091143109459653
669	 LLH-3	0.001387424543369973	0.0013091143109459653
670	 LLH-1	0.0013091143109459653	0.0013091143109459653
671	 LLH-4	0.0013078113935542375	0.0013078113935542375
673	 LLH-5	0.0013084088961922262	0.0013084088961922262
674	 LLH-0	0.0013096069821930227	0.0013096069821930227
675	 LLH-3	0.001370930775812186	0.001370930775812186
676	 LLH-0	0.001368544172576542	0.001368544172576542
677	 LLH-1	0.001368544172576542	0.001368544172576542
678	 LLH-3	0.0012808210705436505	0.0012808210705436505
679	 LLH-1	0.0012808210705436505	0.0012808210705436505
680	 LLH-0	0.0012818531927697308	0.0012818531927697308
681	 LLH-3	0.0012652429747824912	0.0012652429747824912
682	 LLH-0	0.001266548844195542	0.001266548844195542
683	 LLH-6	0.001265393137425331	0.001265393137425331
684	 LLH-4	0.001264714977864671	0.001264714977864671
686	 LLH-0	0.001263918898662267	0.001263918898662267
687	 LLH-1	0.001263962334915028	0.001263962334915028
688	 LLH-6	0.0012640674429916863	0.0012640674429916863
689	 LLH-3	0.0013169370118209112	0.0012640674429916863
690	 LLH-3	0.0012623284429437594	0.0012623284429437594
691	 LLH-0	0.001261820594132792	0.001261820594132792
692	 LLH-5	0.0012616936228802542	0.0012616936228802542
693	 LLH-6	0.0012613634616715401	0.0012613634616715401
694	 LLH-0	0.0012619824966550613	0.0012619824966550613
695	 LLH-5	0.0012618267897417236	0.0012618267897417236
696	 LLH-0	0.001262552709050446	0.001262552709050446
697	 LLH-5	0.0012623518383213773	0.0012623518383213773
698	 LLH-4	0.0012623518383213773	0.0012623518383213773
703	 LLH-5	0.0012623518383213773	0.0012623518383213773
704	 LLH-3	0.0012952896894781135	0.0012623518383213773
705	 LLH-1	0.0012623518383213773	0.0012623518383213773
706	 LLH-2	0.0012577955197446296	0.0012577955197446296
707	 LLH-1	0.0012577955197446296	0.0012577955197446296
708	 LLH-3	0.0012936714058593307	0.0012936714058593307
709	 LLH-5	0.0012959167199183604	0.0012959167199183604
710	 LLH-6	0.0012972359376217193	0.0012972359376217193
711	 LLH-3	0.0012556953240197637	0.0012556953240197637
712	 LLH-5	0.0012553816266550031	0.0012553816266550031
713	 LLH-2	0.0012791717850548666	0.0012553816266550031
714	 LLH-0	0.0012561762590275244	0.0012561762590275244
715	 LLH-1	0.0012561762590275244	0.0012561762590275244
716	 LLH-4	0.0012554906657518074	0.0012554906657518074
719	 LLH-4	0.0012554906657518074	0.0012554906657518074
724	 LLH-0	0.0012562470767706396	0.0012562470767706396
725	 LLH-2	0.0012761342278625814	0.0012761342278625814
726	 LLH-0	0.0012769044119921103	0.0012769044119921103
727	 LLH-5	0.001274466313574787	0.001274466313574787
728	 LLH-5	0.0012756789556754547	0.0012756789556754547
729	 LLH-6	0.0012749516715944071	0.0012749516715944071
730	 LLH-6	0.0012740002692245792	0.0012740002692245792
731	 LLH-4	0.0012725480056535701	0.0012725480056535701
733	 LLH-4	0.0012717653808661145	0.0012717653808661145
736	 LLH-2	0.0012695554386516	0.0012695554386516
737	 LLH-6	0.001270260260197458	0.001270260260197458
738	 LLH-2	0.001279571980314304	0.001279571980314304
739	 LLH-3	0.0013494285144060093	0.001279571980314304
740	 LLH-3	0.0012574293533998866	0.0012574293533998866
741	 LLH-6	0.0012573709629069329	0.0012573709629069329
742	 LLH-3	0.0012514325334675657	0.0012514325334675657
743	 LLH-5	0.0012517860149819065	0.0012517860149819065
744	 LLH-3	0.0012831103957575926	0.0012517860149819065
745	 LLH-4	0.0012510263992231176	0.0012510263992231176
750	 LLH-3	0.001247245382914313	0.001247245382914313
751	 LLH-1	0.001247245382914313	0.001247245382914313
752	 LLH-4	0.001247245382914313	0.001247245382914313
757	 LLH-2	0.0012599266568757	0.001247245382914313
758	 LLH-0	0.0012477591494971189	0.0012477591494971189
759	 LLH-1	0.0012477340612842768	0.0012477340612842768
760	 LLH-4	0.0012477340612842768	0.0012477340612842768
765	 LLH-6	0.0012484721537108696	0.0012484721537108696
766	 LLH-4	0.0012480148693180954	0.0012480148693180954
771	 LLH-2	0.0012446816329089111	0.0012446816329089111
772	 LLH-5	0.0012447771300015268	0.0012447771300015268
773	 LLH-0	0.0012452764251560428	0.0012452764251560428
774	 LLH-2	0.001260381249547933	0.0012452764251560428
775	 LLH-3	0.001286303905390372	0.001286303905390372
776	 LLH-5	0.0012861726284323913	0.0012861726284323913
777	 LLH-3	0.0012666177601584588	0.0012666177601584588
778	 LLH-4	0.0012657851680460182	0.0012657851680460182
780	 LLH-4	0.0012649002162283473	0.0012649002162283473
782	 LLH-3	0.001344732434465699	0.0012649002162283473
783	 LLH-1	0.0012649002162283473	0.0012649002162283473
784	 LLH-6	0.0012637697995492318	0.0012637697995492318
785	 LLH-0	0.0012648344124965866	0.0012648344124965866
786	 LLH-2	0.0012718323023871722	0.0012718323023871722
787	 LLH-0	0.0012728621452167384	0.0012728621452167384
788	 LLH-6	0.0012741999409757354	0.0012741999409757354
789	 LLH-6	0.0012745797024251125	0.0012745797024251125
790	 LLH-2	0.0012791270227078219	0.0012791270227078219
791	 LLH-3	0.0013517516466286825	0.0012791270227078219
792	 LLH-2	0.0012745415026312657	0.0012745415026312657
793	 LLH-3	0.001261943233718867	0.001261943233718867
794	 LLH-3	0.0012602170848676308	0.0012602170848676308
795	 LLH-2	0.0012639857992582959	0.0012639857992582959
796	 LLH-4	0.0012629284978340862	0.0012629284978340862
799	 LLH-6	0.0012628665890874408	0.0012628665890874408
800	 LLH-1	0.0012628665890874408	0.0012628665890874408
801	 LLH-0	0.0012636887994837808	0.0012636887994837808
802	 LLH-2	0.0012616610163320528	0.0012616610163320528
803	 LLH-5	0.0012614642498141723	0.0012614642498141723
804	 LLH-4	0.0012605270906202153	0.0012605270906202153
808	 LLH-5	0.0012604614742758725	0.0012604614742758725
809	 LLH-1	0.0012604614742758725	0.0012604614742758725
810	 LLH-5	0.0012602472674229526	0.0012602472674229526
811	 LLH-2	0.0012618617287625275	0.0012618617287625275
812	 LLH-6	0.0012628558509000958	0.0012628558509000958
813	 LLH-0	0.0012635630646640667	0.0012635630646640667
814	 LLH-5	0.0012628641111390212	0.0012628641111390212
815	 LLH-5	0.0012629361182762485	0.0012629361182762485
816	 LLH-0	0.0012617749153786147	0.0012617749153786147
817	 LLH-3	0.0012584208913173393	0.0012584208913173393
818	 LLH-2	0.0012579776817617312	0.0012579776817617312
819	 LLH-4	0.0012579776817617312	0.0012579776817617312
824	 LLH-3	0.001261009060860244	0.001261009060860244
825	 LLH-6	0.001261558313973019	0.001261558313973019
826	 LLH-4	0.001260990322209647	0.001260990322209647
831	 LLH-6	0.001260381079902341	0.001260381079902341
832	 LLH-3	0.0012551649411064146	0.0012551649411064146
833	 LLH-4	0.0012546888844649677	0.0012546888844649677
835	 LLH-3	0.0012561824156734618	0.0012561824156734618
836	 LLH-4	0.0012561824156734618	0.0012561824156734618
841	 LLH-6	0.0012565807403281128	0.0012565807403281128
842	 LLH-0	0.0012569853625918912	0.0012569853625918912
843	 LLH-5	0.0012562270405689806	0.0012562270405689806
844	 LLH-6	0.001256346555976129	0.001256346555976129
845	 LLH-5	0.0012562802460451717	0.0012562802460451717
846	 LLH-2	0.001250216693468073	0.001250216693468073
847	 LLH-5	0.0012505974318628133	0.0012505974318628133
848	 LLH-6	0.0012507188814600203	0.0012507188814600203
849	 LLH-2	0.0012625286518504713	0.0012625286518504713
850	 LLH-1	0.001262266713200886	0.001262266713200886
851	 LLH-1	0.001262266713200886	0.001262266713200886
852	 LLH-1	0.0012621530803935072	0.0012621530803935072
853	 LLH-2	0.0012671605946466787	0.0012671605946466787
854	 LLH-6	0.0012682614489975918	0.0012682614489975918
855	 LLH-2	0.0012752628632131358	0.0012752628632131358
856	 LLH-3	0.0012620509991955549	0.0012620509991955549
857	 LLH-0	0.001262730247346107	0.001262730247346107
858	 LLH-3	0.0012989052187179406	0.001262730247346107
859	 LLH-4	0.0012620356074625736	0.0012620356074625736
863	 LLH-3	0.0013014281969970845	0.0012620356074625736
864	 LLH-0	0.001262954407745823	0.001262954407745823
865	 LLH-5	0.0012630509838558552	0.0012630509838558552
866	 LLH-0	0.0012622729346251395	0.0012622729346251395
867	 LLH-5	0.0012620199260943148	0.0012620199260943148
868	 LLH-3	0.0012484492350806795	0.0012484492350806795
869	 LLH-3	0.0012479045703338429	0.0012479045703338429
870	 LLH-2	0.001252876118506927	0.001252876118506927
871	 LLH-2	0.0012512098003965456	0.0012512098003965456
872	 LLH-6	0.0012513403679400375	0.0012513403679400375
873	 LLH-4	0.0012504746910099592	0.0012504746910099592
875	 LLH-4	0.0012499478324782397	0.0012499478324782397
878	 LLH-0	0.0012666805365762674	0.0012499478324782397
879	 LLH-5	0.00124986879320025	0.00124986879320025
880	 LLH-4	0.00124986879320025	0.00124986879320025
885	 LLH-2	0.0012715978842094545	0.00124986879320025
886	 LLH-6	0.0012508577367466266	0.0012508577367466266
887	 LLH-4	0.0012508577367466266	0.0012508577367466266
892	 LLH-2	0.0012614542543996088	0.0012508577367466266
893	 LLH-1	0.0012508577367466266	0.0012508577367466266
894	 LLH-5	0.0012505708745515981	0.0012505708745515981
895	 LLH-2	0.0012584103656103898	0.0012584103656103898
896	 LLH-5	0.001258341802606872	0.001258341802606872
897	 LLH-1	0.001258395419675188	0.001258395419675188
898	 LLH-5	0.00125785032656169	0.00125785032656169
899	 LLH-1	0.00125785032656169	0.00125785032656169
900	 LLH-5	0.001257334291990713	0.001257334291990713
901	 LLH-4	0.0012565871065244503	0.0012565871065244503
903	 LLH-3	0.0012581585487387707	0.0012581585487387707
904	 LLH-3	0.0012815443880826846	0.0012581585487387707
905	 LLH-1	0.0012582006125299943	0.0012582006125299943
906	 LLH-1	0.0012582006125299943	0.0012582006125299943
907	 LLH-1	0.0012582006125299943	0.0012582006125299943
908	 LLH-2	0.0012616156207587005	0.0012616156207587005
909	 LLH-4	0.0012609966028846187	0.0012609966028846187
911	 LLH-5	0.0012605117211328658	0.0012605117211328658
912	 LLH-5	0.0012605920239138746	0.0012605920239138746
913	 LLH-4	0.0012597959863449235	0.0012597959863449235
915	 LLH-5	0.001260309744706205	0.001260309744706205
916	 LLH-2	0.0012693318858121275	0.0012693318858121275
917	 LLH-1	0.0012693318858121275	0.0012693318858121275
918	 LLH-6	0.0012696041428351432	0.0012696041428351432
919	 LLH-0	0.0012703861247382506	0.0012703861247382506
920	 LLH-1	0.0012703861247382506	0.0012703861247382506
921	 LLH-2	0.0012759679922863662	0.0012759679922863662
922	 LLH-5	0.0012761968701464987	0.0012761968701464987
923	 LLH-3	0.001260823528890264	0.001260823528890264
924	 LLH-0	0.00126008115288664	0.00126008115288664
925	 LLH-5	0.0012600701014198945	0.0012600701014198945
926	 LLH-4	0.0012594921874688333	0.0012594921874688333
930	 LLH-3	0.0013016435657278325	0.0012594921874688333
931	 LLH-0	0.0012601992619353584	0.0012601992619353584
932	 LLH-0	0.001259577885571904	0.001259577885571904
933	 LLH-6	0.0012595180912888999	0.0012595180912888999
934	 LLH-6	0.0012596661108019334	0.0012596661108019334
935	 LLH-5	0.0012594580052575255	0.0012594580052575255
936	 LLH-1	0.0012594580052575255	0.0012594580052575255
937	 LLH-0	0.001260273434479175	0.001260273434479175
938	 LLH-5	0.001259571595456139	0.001259571595456139
939	 LLH-3	0.0012442593113107302	0.0012442593113107302
940	 LLH-6	0.001243947520930267	0.001243947520930267
941	 LLH-4	0.001243947520930267	0.001243947520930267
946	 LLH-3	0.0012813998315880128	0.001243947520930267
947	 LLH-0	0.0012444442399400701	0.0012444442399400701
948	 LLH-0	0.0012449449948095388	0.0012449449948095388
949	 LLH-3	0.0012551186710772772	0.0012551186710772772
950	 LLH-2	0.0012517862787844677	0.0012517862787844677
951	 LLH-0	0.0012525863985524167	0.0012525863985524167
952	 LLH-2	0.0012567996113137683	0.0012525863985524167
953	 LLH-4	0.0012520191836390743	0.0012520191836390743
956	 LLH-5	0.001252716767281727	0.001252716767281727
957	 LLH-6	0.0012524070735370329	0.0012524070735370329
958	 LLH-1	0.0012524070735370329	0.0012524070735370329
959	 LLH-4	0.0012524070735370329	0.0012524070735370329
964	 LLH-2	0.0012665355963545654	0.0012524070735370329
965	 LLH-4	0.0012519157360462692	0.0012519157360462692
967	 LLH-2	0.0012652776391522383	0.0012652776391522383
968	 LLH-3	0.0012495776846946389	0.0012495776846946389
969	 LLH-5	0.0012487102992306215	0.0012487102992306215
970	 LLH-3	0.0012440119161454125	0.0012440119161454125
971	 LLH-1	0.001244082757325463	0.001244082757325463
972	 LLH-5	0.001242735239903414	0.001242735239903414
973	 LLH-6	0.0012433481919409475	0.0012433481919409475
974	 LLH-1	0.0012433495488122035	0.0012433495488122035
975	 LLH-2	0.0012538755746576335	0.0012433495488122035
976	 LLH-4	0.0012428915230832827	0.0012428915230832827
981	 LLH-6	0.001243117435114641	0.001243117435114641
982	 LLH-5	0.0012435275393975454	0.0012435275393975454
983	 LLH-6	0.0012431575389241709	0.0012431575389241709
984	 LLH-4	0.0012431575389241709	0.0012431575389241709
989	 LLH-1	0.0012429155261485848	0.0012429155261485848
990	 LLH-2	0.0012572637769926434	0.0012429155261485848
991	 LLH-2	0.0012528361882862815	0.0012429155261485848
992	 LLH-2	0.0012553855971019162	0.0012553855971019162
993	 LLH-1	0.0012553855971019162	0.0012553855971019162
994	 LLH-5	0.0012558766651949683	0.0012558766651949683
995	 LLH-2	0.0012650322617333714	0.0012558766651949683
996	 LLH-0	0.0012550885293094458	0.0012550885293094458
997	 LLH-2	0.0012491705267161622	0.0012491705267161622
998	 LLH-5	0.0012491843093329139	0.0012491843093329139
999	 LLH-5	0.0012498179780201547	0.0012498179780201547
1000	 LLH-4	0.0012498179780201547	0.0012498179780201547
1005	 LLH-5	0.0012507114711402072	0.0012507114711402072
1006	 LLH-6	0.0012499232857591978	0.0012499232857591978
1007	 LLH-0	0.0012508598671120198	0.0012508598671120198
1008	 LLH-4	0.0012501162613133888	0.0012501162613133888
1010	 LLH-5	0.0012502177163160424	0.0012502177163160424
1011	 LLH-1	0.0012502177163160424	0.0012502177163160424
1012	 LLH-2	0.001263967622562989	0.001263967622562989
1013	 LLH-1	0.001263967622562989	0.001263967622562989
1014	 LLH-2	0.0012731138894386182	0.0012731138894386182
1015	 LLH-3	0.0012548620936667285	0.0012548620936667285
1016	 LLH-4	0.0012542412771606797	0.0012542412771606797
1018	 LLH-5	0.0012539649020527227	0.0012539649020527227
1019	 LLH-5	0.0012542761253805563	0.0012542761253805563
1020	 LLH-1	0.0012542761253805563	0.0012542761253805563
1021	 LLH-5	0.0012537432560062183	0.0012537432560062183
1022	 LLH-4	0.0012528840892754912	0.0012528840892754912
1026	 LLH-0	0.0012534593582883534	0.0012534593582883534
1027	 LLH-1	0.0012534305624030398	0.0012534305624030398
1028	 LLH-0	0.0012539732642304381	0.0012539732642304381
1029	 LLH-1	0.0012539732642304381	0.0012539732642304381
1030	 LLH-1	0.0012538570664183245	0.0012538570664183245
1031	 LLH-6	0.0012546471307314014	0.0012546471307314014
1032	 LLH-4	0.0012546471307314014	0.0012546471307314014
1037	 LLH-5	0.001254795309582974	0.001254795309582974
1038	 LLH-4	0.001254013142537411	0.001254013142537411
1042	 LLH-6	0.0012533712469988735	0.0012533712469988735
1043	 LLH-4	0.0012523515604110852	0.0012523515604110852
1046	 LLH-6	0.0012529852294622832	0.0012529852294622832
1047	 LLH-2	0.0012557587090622725	0.0012557587090622725
1048	 LLH-3	0.0012519575573151475	0.0012519575573151475
1049	 LLH-4	0.0012511278359183808	0.0012511278359183808
1052	 LLH-4	0.0012511278359183808	0.0012511278359183808
1057	 LLH-3	0.001295632178948981	0.0012511278359183808
1058	 LLH-2	0.0012636394989904431	0.0012511278359183808
1059	 LLH-3	0.001244415863929776	0.001244415863929776
1060	 LLH-2	0.0012561209681774671	0.0012561209681774671
1061	 LLH-2	0.0012516244547956404	0.0012516244547956404
1062	 LLH-3	0.0012500059673442704	0.0012500059673442704
1063	 LLH-5	0.0012507112660355764	0.0012507112660355764
1064	 LLH-0	0.001251163609958803	0.001251163609958803
1065	 LLH-1	0.0012510553505532694	0.0012510553505532694
1066	 LLH-0	0.001251546666496396	0.001251546666496396
1067	 LLH-6	0.0012511215297446733	0.0012511215297446733
1068	 LLH-1	0.0012511215297446733	0.0012511215297446733
1069	 LLH-0	0.0012517121375866386	0.0012517121375866386
1070	 LLH-2	0.0012536528034931393	0.0012517121375866386
1071	 LLH-3	0.0012508015225075012	0.0012508015225075012
1072	 LLH-4	0.0012502767747619053	0.0012502767747619053
1075	 LLH-6	0.0012507839031286239	0.0012507839031286239
1076	 LLH-4	0.0012507839031286239	0.0012507839031286239
1081	 LLH-4	0.0012503621435768532	0.0012503621435768532
1085	 LLH-6	0.0012497041636766082	0.0012497041636766082
1086	 LLH-5	0.0012496166666297074	0.0012496166666297074
1087	 LLH-6	0.0012489632882885524	0.0012489632882885524
1088	 LLH-3	0.0012543860415458136	0.0012489632882885524
1089	 LLH-0	0.001249439717762565	0.0012489632882885524
1090	 LLH-2	0.0012539012337942673	0.0012489632882885524
1091	 LLH-2	0.001251503876361683	0.001251503876361683
1092	 LLH-2	0.0012579641965008107	0.001251503876361683
1093	 LLH-1	0.001251503876361683	0.001251503876361683
1094	 LLH-0	0.001250745456288239	0.001250745456288239
1095	 LLH-2	0.001250478125697964	0.001250478125697964
1096	 LLH-1	0.001250478125697964	0.001250478125697964
1097	 LLH-6	0.0012509837509640871	0.0012509837509640871
1098	 LLH-0	0.0012515920130340879	0.0012515920130340879
1099	 LLH-4	0.0012508447980314214	0.0012508447980314214
1101	 LLH-2	0.0012522754205035818	0.0012522754205035818
1102	 LLH-1	0.0012524802750700865	0.0012524802750700865
1103	 LLH-0	0.0012516659033242326	0.0012516659033242326
1104	 LLH-6	0.0012525259976419226	0.0012525259976419226
1105	 LLH-4	0.0012517880028809173	0.0012517880028809173
1107	 LLH-5	0.001252110890637578	0.001252110890637578
1108	 LLH-1	0.001252110890637578	0.001252110890637578
1109	 LLH-2	0.0012678444677039218	0.001252110890637578
1110	 LLH-3	0.0012427388334339494	0.0012427388334339494
1111	 LLH-5	0.0012429549053845528	0.0012429549053845528
1112	 LLH-5	0.0012437129942432978	0.0012437129942432978
1113	 LLH-4	0.0012432531863918767	0.0012432531863918767
1115	 LLH-1	0.001243269438015085	0.001243269438015085
1116	 LLH-2	0.001253205949210061	0.001243269438015085
1117	 LLH-5	0.001244144748785415	0.001244144748785415
1118	 LLH-0	0.0012436522603556052	0.0012436522603556052
1119	 LLH-3	0.001256028798613883	0.0012436522603556052
1120	 LLH-0	0.0012441738424201435	0.0012441738424201435
1121	 LLH-2	0.0012647149637239037	0.0012441738424201435
1122	 LLH-3	0.0012418547871758175	0.0012418547871758175
1123	 LLH-0	0.0012425213306460569	0.0012425213306460569
1124	 LLH-5	0.001241935180728299	0.001241935180728299
1125	 LLH-5	0.0012413220464154615	0.0012413220464154615
1126	 LLH-2	0.00125724938886145	0.0012413220464154615
1127	 LLH-1	0.0012413220464154615	0.0012413220464154615
1128	 LLH-3	0.0012411263636120697	0.0012411263636120697
1129	 LLH-4	0.0012407254801120378	0.0012407254801120378
1131	 LLH-0	0.00124033180246082	0.00124033180246082
1132	 LLH-5	0.0012409292901360818	0.00124033180246082
1133	 LLH-4	0.00124033180246082	0.00124033180246082
1138	 LLH-6	0.0012403641753364674	0.0012403641753364674
1139	 LLH-6	0.0012406131405828067	0.0012406131405828067
1140	 LLH-2	0.0012472074673547603	0.0012472074673547603
1141	 LLH-1	0.0012471406788654067	0.0012471406788654067
1142	 LLH-4	0.0012466353125745522	0.0012466353125745522
1145	 LLH-6	0.001247713994168649	0.001247713994168649
1146	 LLH-1	0.001247713994168649	0.001247713994168649
1147	 LLH-1	0.001247713994168649	0.001247713994168649
1148	 LLH-2	0.0012579280194814717	0.001247713994168649
1149	 LLH-0	0.0012481903277161506	0.001247713994168649
1150	 LLH-2	0.0012539999544879368	0.001247713994168649
1151	 LLH-2	0.0012558110744683244	0.0012558110744683244
1152	 LLH-3	0.001308318778321845	0.0012558110744683244
1153	 LLH-6	0.0012559707514996112	0.0012559707514996112
1154	 LLH-5	0.0012553062610553586	0.0012553062610553586
1155	 LLH-2	0.0012658854858891128	0.0012658854858891128
1156	 LLH-6	0.0012651938732323364	0.0012651938732323364
1157	 LLH-5	0.0012659952084772832	0.0012659952084772832
1158	 LLH-5	0.0012666893141146246	0.0012666893141146246
1159	 LLH-1	0.0012666893141146246	0.0012666893141146246
1160	 LLH-0	0.0012659332409341306	0.0012659332409341306
1161	 LLH-2	0.0012700553690246637	0.0012659332409341306
1162	 LLH-5	0.001265350730080034	0.001265350730080034
1163	 LLH-2	0.0012615481724515777	0.0012615481724515777
1164	 LLH-1	0.0012615481724515777	0.0012615481724515777
1165	 LLH-5	0.0012624147017364024	0.0012624147017364024
1166	 LLH-0	0.0012634814989679565	0.0012634814989679565
1167	 LLH-6	0.0012640370993522753	0.0012640370993522753
1168	 LLH-2	0.0012620320503255226	0.0012620320503255226
1169	 LLH-3	0.0013450113249992932	0.0012620320503255226
1170	 LLH-0	0.0012812612102840412	0.0012620320503255226
1171	 LLH-6	0.0012627830986796267	0.0012627830986796267
1172	 LLH-6	0.0012624732357602892	0.0012624732357602892
1173	 LLH-3	0.0012502124590129543	0.0012502124590129543
1174	 LLH-6	0.0012505801599056287	0.0012505801599056287
1175	 LLH-2	0.0012651945436200384	0.0012505801599056287
1176	 LLH-1	0.0012505801599056287	0.0012505801599056287
1177	 LLH-0	0.0012677360103530723	0.0012505801599056287
1178	 LLH-1	0.0012506348914521255	0.0012506348914521255
1179	 LLH-6	0.0012501318463273656	0.0012501318463273656
1180	 LLH-6	0.001250516222806919	0.001250516222806919
1181	 LLH-1	0.0012503697857861196	0.0012503697857861196
1182	 LLH-1	0.0012503697857861196	0.0012503697857861196
1183	 LLH-3	0.0013102729549006114	0.0012503697857861196
1184	 LLH-0	0.0012509321539697796	0.0012509321539697796
1185	 LLH-6	0.001250310294195971	0.001250310294195971
1186	 LLH-5	0.0012504034834494057	0.0012504034834494057
1187	 LLH-5	0.001249795376878231	0.001249795376878231
1188	 LLH-0	0.001250583748204041	0.001250583748204041
1189	 LLH-6	0.0012512496196463183	0.0012512496196463183
1190	 LLH-3	0.0012549883723383408	0.0012512496196463183
1191	 LLH-3	0.0012567540211206416	0.0012567540211206416
1192	 LLH-5	0.0012570217731756681	0.0012570217731756681
1193	 LLH-6	0.0012561070837022665	0.0012561070837022665
1194	 LLH-4	0.0012561070837022665	0.0012561070837022665
1199	 LLH-0	0.0012567510211129785	0.0012567510211129785
1200	 LLH-4	0.0012560748146096092	0.0012560748146096092
1203	 LLH-1	0.0012560748146096092	0.0012560748146096092
1204	 LLH-5	0.0012561986526437577	0.0012561986526437577
1205	 LLH-2	0.001265247955541747	0.0012561986526437577
1206	 LLH-5	0.0012563652601958156	0.0012563652601958156
1207	 LLH-2	0.001253750958259232	0.001253750958259232
1208	 LLH-3	0.0012939509307812224	0.001253750958259232
1209	 LLH-5	0.0012538402044788856	0.0012538402044788856
1210	 LLH-0	0.0012531978983807363	0.0012531978983807363
1211	 LLH-2	0.0012688362038930179	0.0012531978983807363
1212	 LLH-6	0.0012531049663123037	0.0012531049663123037
1213	 LLH-6	0.0012541460166024714	0.0012541460166024714
1214	 LLH-3	0.0012897552863524334	0.0012541460166024714
1215	 LLH-6	0.001254169710706952	0.001254169710706952
1216	 LLH-3	0.0012532978298719624	0.0012532978298719624
1217	 LLH-3	0.0012834092010347246	0.0012532978298719624
1218	 LLH-0	0.0012537386602375618	0.0012537386602375618
1219	 LLH-5	0.0012536793806565392	0.0012536793806565392
1220	 LLH-1	0.0012536379270926758	0.0012536379270926758
1221	 LLH-5	0.0012530965034488572	0.0012530965034488572
1222	 LLH-5	0.001252736898785417	0.001252736898785417
1223	 LLH-4	0.001252736898785417	0.001252736898785417
1228	 LLH-5	0.0012525361510144074	0.0012525361510144074
1229	 LLH-4	0.0012520209263002509	0.0012520209263002509
1234	 LLH-0	0.0012525196134587975	0.0012525196134587975
1235	 LLH-0	0.0012536056178271773	0.0012525196134587975
1236	 LLH-1	0.0012525196134587975	0.0012525196134587975
1237	 LLH-4	0.0012525196134587975	0.0012525196134587975
1242	 LLH-0	0.001253307958172189	0.001253307958172189
1243	 LLH-1	0.001253307958172189	0.001253307958172189
1244	 LLH-0	0.0012538082473643078	0.0012538082473643078
1245	 LLH-1	0.0012535411576988383	0.0012535411576988383
1246	 LLH-2	0.0012529310701355867	0.0012529310701355867
1247	 LLH-0	0.0012534422503818322	0.0012534422503818322
1248	 LLH-5	0.001253595032606647	0.001253595032606647
1249	 LLH-5	0.0012545593325804314	0.0012545593325804314
1250	 LLH-5	0.0012551235467857227	0.0012551235467857227
1251	 LLH-0	0.0012542901437654996	0.0012542901437654996
1252	 LLH-3	0.0012965649845116882	0.0012542901437654996
1253	 LLH-0	0.0012537111062599993	0.0012537111062599993
1254	 LLH-6	0.0012544896365177848	0.0012544896365177848
1255	 LLH-4	0.0012538532868076218	0.0012538532868076218
1260	 LLH-4	0.0012532391811100002	0.0012532391811100002
1265	 LLH-6	0.001252487154843199	0.001252487154843199
1266	 LLH-1	0.001252487154843199	0.001252487154843199
1267	 LLH-2	0.0012649384483696313	0.001252487154843199
1268	 LLH-6	0.0012522189116894802	0.0012522189116894802
1269	 LLH-3	0.0012443298937893715	0.0012443298937893715
1270	 LLH-0	0.0012448329271230372	0.0012448329271230372
1271	 LLH-6	0.0012455667572343464	0.0012455667572343464
1272	 LLH-0	0.0012461122001437477	0.0012461122001437477
1273	 LLH-4	0.0012455827567397727	0.0012455827567397727
1276	 LLH-4	0.0012455827567397727	0.0012455827567397727
1281	 LLH-5	0.0012451004318036877	0.0012451004318036877
1282	 LLH-0	0.0012456062566976334	0.0012451004318036877
1283	 LLH-6	0.0012453669935674747	0.0012451004318036877
1284	 LLH-3	0.0012482333680333994	0.0012451004318036877
1285	 LLH-1	0.0012451004318036877	0.0012451004318036877
1286	 LLH-3	0.0012765487581584238	0.0012451004318036877
1287	 LLH-1	0.0012451004318036877	0.0012451004318036877
1288	 LLH-2	0.0012585001982141088	0.0012451004318036877
1289	 LLH-5	0.0012456127724764041	0.0012456127724764041
1290	 LLH-2	0.0012589739320078095	0.0012456127724764041
1291	 LLH-4	0.001245065950671389	0.001245065950671389
1293	 LLH-6	0.0012457559205344825	0.0012457559205344825
1294	 LLH-4	0.0012457559205344825	0.0012457559205344825
1299	 LLH-6	0.00124537770857069	0.00124537770857069
1300	 LLH-6	0.0012457184601987192	0.0012457184601987192
1301	 LLH-3	0.0012513413569794091	0.0012457184601987192
1302	 LLH-3	0.0012797730650747142	0.0012457184601987192
1303	 LLH-4	0.0012452946512311327	0.0012452946512311327
1305	 LLH-3	0.0012496716824541058	0.0012452946512311327
1306	 LLH-5	0.0012452946512311327	0.0012452946512311327
1307	 LLH-6	0.0012446382671059447	0.0012446382671059447
1308	 LLH-5	0.001245197091035479	0.001245197091035479
1309	 LLH-2	0.0012576033143071805	0.001245197091035479
1310	 LLH-1	0.001245197091035479	0.001245197091035479
1311	 LLH-2	0.0012446317555427696	0.0012446317555427696
1312	 LLH-6	0.0012454808281243995	0.0012454808281243995
1313	 LLH-4	0.0012454808281243995	0.0012454808281243995
1318	 LLH-5	0.0012463497437993523	0.0012463497437993523
1319	 LLH-2	0.0012560040401650174	0.0012463497437993523
1320	 LLH-3	0.0012514195460029331	0.0012463497437993523
1321	 LLH-3	0.0012547825915786661	0.0012547825915786661
1322	 LLH-5	0.0012541546786955038	0.0012541546786955038
1323	 LLH-2	0.0012451868929653645	0.0012451868929653645
1324	 LLH-1	0.0012451868929653645	0.0012451868929653645
1325	 LLH-2	0.0012633000942371584	0.0012451868929653645
1326	 LLH-3	0.0012585521240667539	0.0012451868929653645
1327	 LLH-5	0.0012460603674366187	0.0012451868929653645
1328	 LLH-6	0.0012452261604025882	0.0012452261604025882
1329	 LLH-2	0.0012469386330955217	0.0012452261604025882
1330	 LLH-6	0.0012453070657153606	0.0012453070657153606
1331	 LLH-0	0.0012459014929379385	0.0012459014929379385
1332	 LLH-2	0.001255483308053757	0.0012459014929379385
1333	 LLH-0	0.001246537274348586	0.001246537274348586
1334	 LLH-6	0.0012472054024920349	0.0012472054024920349
1335	 LLH-2	0.0012505401234733414	0.0012472054024920349
1336	 LLH-0	0.001247806998092542	0.0012472054024920349
1337	 LLH-3	0.001285497342935011	0.0012472054024920349
1338	 LLH-5	0.0012474921176979323	0.0012474921176979323
1339	 LLH-6	0.001249316303245411	0.001249316303245411
1340	 LLH-1	0.001249316303245411	0.001249316303245411
1341	 LLH-4	0.0012485574226077972	0.0012485574226077972
1344	 LLH-2	0.0012593381083504068	0.0012485574226077972
1345	 LLH-0	0.0012493888379676227	0.0012485574226077972
1346	 LLH-2	0.0012503844465570925	0.0012485574226077972
1347	 LLH-0	0.001249339502504141	0.001249339502504141
1348	 LLH-6	0.0012490789195948315	0.0012490789195948315
1349	 LLH-3	0.0013057636538204346	0.0012490789195948315
1350	 LLH-6	0.0012485796594859187	0.0012485796594859187
1351	 LLH-4	0.0012480058390829242	0.0012480058390829242
1353	 LLH-1	0.0012481504472240871	0.0012481504472240871
1354	 LLH-1	0.0012481504472240871	0.0012481504472240871
1355	 LLH-2	0.0012508152118142722	0.0012481504472240871
1356	 LLH-2	0.001254622365806966	0.0012481504472240871
1357	 LLH-4	0.0012473253304269851	0.0012473253304269851
1362	 LLH-3	0.0012524091236903695	0.0012473253304269851
1363	 LLH-3	0.001257203381186556	0.0012473253304269851
1364	 LLH-1	0.0012473253304269851	0.0012473253304269851
1365	 LLH-2	0.0012605789073748819	0.0012473253304269851
1366	 LLH-2	0.001248178645172974	0.001248178645172974
1367	 LLH-3	0.0013176684995995815	0.001248178645172974
1368	 LLH-2	0.0012713156240753455	0.001248178645172974
1369	 LLH-0	0.001248787826409389	0.001248787826409389
1370	 LLH-6	0.0012489375603018777	0.0012489375603018777
1371	 LLH-2	0.0012628758376295474	0.0012489375603018777
1372	 LLH-5	0.0012486527540593062	0.0012486527540593062
1373	 LLH-5	0.0012486200972784652	0.0012486200972784652
1374	 LLH-4	0.0012479849495831378	0.0012479849495831378
1378	 LLH-1	0.0012479849495831378	0.0012479849495831378
1379	 LLH-2	0.0012737572073695485	0.0012479849495831378
1380	 LLH-4	0.0012479849495831378	0.0012479849495831378
1385	 LLH-2	0.0012664984618906115	0.0012479849495831378
1386	 LLH-3	0.0012507449626012164	0.0012479849495831378
1387	 LLH-0	0.001265100913294438	0.0012479849495831378
1388	 LLH-1	0.0012479437051551878	0.0012479437051551878
1389	 LLH-4	0.0012479437051551878	0.0012479437051551878
1394	 LLH-5	0.0012465514934766361	0.0012465514934766361
1395	 LLH-0	0.001263550223629847	0.0012465514934766361
1396	 LLH-4	0.0012465514934766361	0.0012465514934766361
1401	 LLH-5	0.0012470570922018442	0.0012470570922018442
1402	 LLH-6	0.0012477311616898986	0.0012470570922018442
1403	 LLH-4	0.0012470570922018442	0.0012470570922018442
1408	 LLH-5	0.0012476304234307811	0.0012476304234307811
1409	 LLH-4	0.0012476304234307811	0.0012476304234307811
1414	 LLH-1	0.0012477838327227633	0.0012477838327227633
1415	 LLH-1	0.0012477838327227633	0.0012477838327227633
1416	 LLH-1	0.0012477838327227633	0.0012477838327227633
1417	 LLH-6	0.0012477324737620072	0.0012477324737620072
1418	 LLH-5	0.0012490462900128312	0.0012490462900128312
1419	 LLH-4	0.0012490462900128312	0.0012490462900128312
1424	 LLH-4	0.0012490462900128312	0.0012490462900128312
1429	 LLH-5	0.0012510221072721758	0.0012490462900128312
1430	 LLH-3	0.001323567373762748	0.0012490462900128312
1431	 LLH-1	0.0012487699557438006	0.0012487699557438006
1432	 LLH-2	0.0012670321466941316	0.0012487699557438006
1433	 LLH-2	0.001265354746725795	0.0012487699557438006
1434	 LLH-0	0.0012658733011218614	0.0012487699557438006
1435	 LLH-4	0.0012487699557438006	0.0012487699557438006
1440	 LLH-1	0.0012487699557438006	0.0012487699557438006
1441	 LLH-5	0.0012481195807554067	0.0012481195807554067
1442	 LLH-4	0.0012481195807554067	0.0012481195807554067
1447	 LLH-2	0.0012662072284821827	0.0012481195807554067
1448	 LLH-6	0.0012472270204650223	0.0012472270204650223
1449	 LLH-3	0.0013090145693267846	0.0012472270204650223
1450	 LLH-5	0.001247551817745804	0.001247551817745804
1451	 LLH-5	0.0012476170980007387	0.0012476170980007387
1452	 LLH-4	0.0012476170980007387	0.0012476170980007387
1457	 LLH-3	0.0012463415243391853	0.0012463415243391853
1458	 LLH-1	0.0012463415243391853	0.0012463415243391853
1459	 LLH-2	0.0012562930623510112	0.0012463415243391853
1460	 LLH-0	0.0012472522144116845	0.0012463415243391853
1461	 LLH-6	0.0012465403181414422	0.0012465403181414422
1462	 LLH-3	0.0012732154327021181	0.0012465403181414422
1463	 LLH-1	0.0012465403181414422	0.0012465403181414422
1464	 LLH-4	0.0012465403181414422	0.0012465403181414422
1469	 LLH-3	0.0012855622605317625	0.0012465403181414422
1470	 LLH-0	0.0012472235557993824	0.0012472235557993824
1471	 LLH-1	0.001247086681597203	0.001247086681597203
1472	 LLH-0	0.0012476536364343501	0.001247086681597203
1473	 LLH-2	0.0012570050176583254	0.001247086681597203
1474	 LLH-4	0.0012464402503512167	0.0012464402503512167
1476	 LLH-5	0.0012468065011488078	0.0012468065011488078
1477	 LLH-5	0.0012467809063480273	0.0012467809063480273
1478	 LLH-0	0.001247325120213286	0.001247325120213286
1479	 LLH-6	0.0012474495283097298	0.0012474495283097298
1480	 LLH-6	0.0012470115662096544	0.0012470115662096544
1481	 LLH-2	0.0012559012430109699	0.0012470115662096544
1482	 LLH-3	0.0012434533157466051	0.0012434533157466051
1483	 LLH-0	0.00124384120629285	0.00124384120629285
1484	 LLH-2	0.0012532444328800275	0.00124384120629285
1485	 LLH-1	0.00124384120629285	0.00124384120629285
1486	 LLH-6	0.001243250475751152	0.001243250475751152
1487	 LLH-6	0.0012446193062482303	0.001243250475751152
1488	 LLH-5	0.0012429831728021379	0.0012429831728021379
1489	 LLH-5	0.0012433729516502323	0.0012433729516502323
1490	 LLH-2	0.0012462472106447662	0.0012433729516502323
1491	 LLH-1	0.0012433729516502323	0.0012433729516502323
1492	 LLH-0	0.001244004987244529	0.0012433729516502323
1493	 LLH-4	0.0012433729516502323	0.0012433729516502323
1498	 LLH-5	0.001243990761389251	0.001243990761389251
1499	 LLH-3	0.0012689176601045748	0.001243990761389251
1500	 LLH-0	0.0012448158092304548	0.0012448158092304548
1501	 LLH-0	0.001245279338365305	0.001245279338365305
1502	 LLH-1	0.001245279338365305	0.001245279338365305
1503	 LLH-6	0.001244908351283693	0.001244908351283693
1504	 LLH-0	0.0012453218295918594	0.0012453218295918594
1505	 LLH-1	0.0012453218295918594	0.0012453218295918594
1506	 LLH-5	0.0012449137626084085	0.0012449137626084085
1507	 LLH-4	0.0012449137626084085	0.0012449137626084085
1512	 LLH-1	0.0012449137626084085	0.0012449137626084085
1513	 LLH-1	0.0012449137626084085	0.0012449137626084085
1514	 LLH-1	0.0012449137626084085	0.0012449137626084085
1515	 LLH-0	0.0012453703825010798	0.0012453703825010798
1516	 LLH-4	0.0012446279597736754	0.0012446279597736754
1519	 LLH-6	0.0012453191521853329	0.0012446279597736754
1520	 LLH-1	0.0012446279597736754	0.0012446279597736754
1521	 LLH-0	0.0012451845854791822	0.0012451845854791822
1522	 LLH-3	0.0012760835287510108	0.0012451845854791822
1523	 LLH-6	0.0012451421573107288	0.0012451421573107288
1524	 LLH-4	0.0012451421573107288	0.0012451421573107288
1529	 LLH-1	0.0012448696248477387	0.0012448696248477387
1530	 LLH-5	0.0012453627234649248	0.0012453627234649248
1531	 LLH-6	0.0012462425543039136	0.0012462425543039136
1532	 LLH-1	0.0012462425543039136	0.0012462425543039136
1533	 LLH-3	0.0012532772241088189	0.0012462425543039136
1534	 LLH-1	0.0012461581374488757	0.0012461581374488757
1535	 LLH-2	0.0012453775960878824	0.0012453775960878824
1536	 LLH-5	0.0012459390535172357	0.0012453775960878824
1537	 LLH-6	0.0012451312709250086	0.0012451312709250086
1538	 LLH-3	0.001299964826763364	0.0012451312709250086
1539	 LLH-6	0.001244685415068301	0.001244685415068301
1540	 LLH-6	0.0012447060108542536	0.0012447060108542536
1541	 LLH-4	0.001244005719793997	0.001244005719793997
1544	 LLH-0	0.0012446883003085555	0.0012446883003085555
1545	 LLH-1	0.0012446883003085555	0.0012446883003085555
1546	 LLH-1	0.001244557143455932	0.001244557143455932
1547	 LLH-3	0.001305965194583575	0.001244557143455932
1548	 LLH-2	0.0012616100464181686	0.001244557143455932
1549	 LLH-6	0.0012437067616171995	0.0012437067616171995
1550	 LLH-2	0.0012498032344042899	0.0012437067616171995
1551	 LLH-4	0.0012437067616171995	0.0012437067616171995
1556	 LLH-4	0.0012437067616171995	0.0012437067616171995
1561	 LLH-3	0.0012501477660860946	0.0012437067616171995
1562	 LLH-0	0.001244539171490447	0.0012437067616171995
1563	 LLH-5	0.0012433657364003601	0.0012433657364003601
1564	 LLH-0	0.0012425606296968985	0.0012425606296968985
1565	 LLH-3	0.001256732873346714	0.0012425606296968985
1566	 LLH-4	0.0012425606296968985	0.0012425606296968985
1571	 LLH-6	0.001242898680906335	0.001242898680906335
1572	 LLH-2	0.001260487043747285	0.001242898680906335
1573	 LLH-3	0.0013036867831875529	0.001242898680906335
1574	 LLH-0	0.0012589453655583727	0.001242898680906335
1575	 LLH-1	0.001242898680906335	0.001242898680906335
1576	 LLH-3	0.0012511724796590029	0.001242898680906335
1577	 LLH-2	0.001259848877591496	0.001242898680906335
1578	 LLH-3	0.0013024001432469328	0.001242898680906335
1579	 LLH-2	0.0012540978798994376	0.001242898680906335
1580	 LLH-0	0.0012434193972140869	0.001242898680906335
1581	 LLH-5	0.0012425397688395029	0.0012425397688395029
1582	 LLH-2	0.0012632649929959796	0.0012425397688395029
1583	 LLH-0	0.0012586172409078463	0.0012425397688395029
1584	 LLH-1	0.0012425397688395029	0.0012425397688395029
1585	 LLH-0	0.0012431487812326434	0.0012425397688395029
1586	 LLH-6	0.001243186417734108	0.0012425397688395029
1587	 LLH-6	0.001242683526032499	0.001242683526032499
1588	 LLH-2	0.0012645492128353923	0.001242683526032499
1589	 LLH-2	0.0012467166748523772	0.001242683526032499
1590	 LLH-2	0.0012603646021459034	0.001242683526032499
1591	 LLH-6	0.0012440164511991478	0.001242683526032499
1592	 LLH-5	0.001242645954550062	0.001242645954550062
1593	 LLH-3	0.0012979832484925579	0.001242645954550062
1594	 LLH-5	0.0012425391292902662	0.0012425391292902662
1595	 LLH-1	0.0012425391292902662	0.0012425391292902662
1596	 LLH-6	0.0012425818846335797	0.0012425818846335797
1597	 LLH-3	0.0012558054072700007	0.0012425818846335797
1598	 LLH-0	0.0012435134242271533	0.0012435134242271533
1599	 LLH-5	0.0012436561872626816	0.0012436561872626816
1600	 LLH-1	0.0012436561872626816	0.0012436561872626816
1601	 LLH-1	0.0012434789858376731	0.0012434789858376731
1602	 LLH-5	0.0012435760793784118	0.0012435760793784118
1603	 LLH-4	0.0012435760793784118	0.0012435760793784118
1608	 LLH-6	0.0012441907169502115	0.0012435760793784118
1609	 LLH-4	0.0012428215926011273	0.0012428215926011273
1612	 LLH-1	0.0012428215926011273	0.0012428215926011273
1613	 LLH-3	0.001252147267796446	0.0012428215926011273
1614	 LLH-2	0.0012612794684635031	0.0012428215926011273
1615	 LLH-2	0.0012532353249067266	0.0012428215926011273
1616	 LLH-2	0.001244809231597895	0.0012428215926011273
1617	 LLH-3	0.0012557287327679314	0.0012428215926011273
1618	 LLH-5	0.0012441161497890704	0.0012428215926011273
1619	 LLH-3	0.001251367526676139	0.0012428215926011273
1620	 LLH-0	0.0012590401458706113	0.0012428215926011273
1621	 LLH-5	0.001242862520846743	0.001242862520846743
1622	 LLH-6	0.001242545709193294	0.001242545709193294
1623	 LLH-5	0.001242397570553695	0.001242397570553695
1624	 LLH-0	0.0012430149328799278	0.0012430149328799278
1625	 LLH-0	0.001243951426499236	0.001243951426499236
1626	 LLH-0	0.0012445280533224159	0.001243951426499236
1627	 LLH-0	0.0012434891361798042	0.0012434891361798042
1628	 LLH-2	0.0012483619048547368	0.0012434891361798042
1629	 LLH-4	0.0012429021525526365	0.0012429021525526365
1633	 LLH-6	0.0012424518621759427	0.0012424518621759427
1634	 LLH-3	0.0012963078243935651	0.0012424518621759427
1635	 LLH-3	0.001286217936389945	0.0012424518621759427
1636	 LLH-1	0.0012424012352404271	0.0012424012352404271
1637	 LLH-3	0.0012882471161104042	0.0012424012352404271
1638	 LLH-6	0.001244265924160163	0.0012424012352404271
1639	 LLH-0	0.0012430126544080696	0.0012424012352404271
1640	 LLH-1	0.0012424012352404271	0.0012424012352404271
1641	 LLH-6	0.0012439687929229832	0.0012424012352404271
1642	 LLH-2	0.0012467016122957972	0.0012424012352404271
1643	 LLH-3	0.001308442181690258	0.0012424012352404271
1644	 LLH-1	0.0012424012352404271	0.0012424012352404271
1645	 LLH-4	0.0012424012352404271	0.0012424012352404271
1650	 LLH-6	0.0012422789376921512	0.0012422789376921512
1651	 LLH-3	0.0012877057629656922	0.0012422789376921512
1652	 LLH-4	0.0012422789376921512	0.0012422789376921512
1657	 LLH-0	0.0012428200971498766	0.0012428200971498766
1658	 LLH-6	0.0012431056587495378	0.0012428200971498766
1659	 LLH-3	0.0013012639897657895	0.0012428200971498766
1660	 LLH-3	0.0013018243759361553	0.0012428200971498766
1661	 LLH-3	0.0012884688353642516	0.0012428200971498766
1662	 LLH-3	0.001251642409440409	0.0012428200971498766
1663	 LLH-6	0.0012455708450661393	0.0012428200971498766
1664	 LLH-5	0.001243086966270472	0.001243086966270472
1665	 LLH-2	0.0012513603015070138	0.001243086966270472
1666	 LLH-5	0.001243642058203715	0.001243642058203715
1667	 LLH-4	0.0012431099436375631	0.0012431099436375631
1669	 LLH-5	0.0012434812325977315	0.0012431099436375631
1670	 LLH-1	0.0012432466204759188	0.0012432466204759188
1671	 LLH-1	0.0012432466204759188	0.0012432466204759188
1672	 LLH-3	0.0012561381105628106	0.0012432466204759188
1673	 LLH-6	0.0012440352726839322	0.0012432466204759188
1674	 LLH-3	0.0012528215232187772	0.0012432466204759188
1675	 LLH-3	0.001290964434842905	0.0012432466204759188
1676	 LLH-4	0.0012432466204759188	0.0012432466204759188
1681	 LLH-6	0.001243508852676734	0.001243508852676734
1682	 LLH-5	0.0012455598415608716	0.001243508852676734
1683	 LLH-3	0.0012894273411603913	0.001243508852676734
1684	 LLH-0	0.0012596880846729715	0.001243508852676734
1685	 LLH-5	0.0012434504980999323	0.0012434504980999323
1686	 LLH-2	0.001253016097112479	0.0012434504980999323
1687	 LLH-2	0.0012533921015156736	0.0012434504980999323
1688	 LLH-2	0.0012502247220977892	0.0012434504980999323
1689	 LLH-3	0.0013052112291466053	0.0012434504980999323
1690	 LLH-4	0.0012434504980999323	0.0012434504980999323
1695	 LLH-5	0.0012429421796552212	0.0012429421796552212
1696	 LLH-0	0.0012435899191620592	0.0012429421796552212
1697	 LLH-3	0.0012845936603194169	0.0012429421796552212
1698	 LLH-2	0.0012637657218084741	0.0012429421796552212
1699	 LLH-6	0.0012443219368743707	0.0012429421796552212
1700	 LLH-1	0.0012429421796552212	0.0012429421796552212
1701	 LLH-6	0.001243144802944974	0.001243144802944974
1702	 LLH-3	0.0012533129164586947	0.001243144802944974
1703	 LLH-1	0.001243144802944974	0.001243144802944974
1704	 LLH-3	0.0012812673373930753	0.001243144802944974
1705	 LLH-3	0.0013037245692758916	0.001243144802944974
1706	 LLH-3	0.001251312192137348	0.001243144802944974
1707	 LLH-2	0.001253240858106137	0.001243144802944974
1708	 LLH-0	0.0012437849739998365	0.0012437849739998365
1709	 LLH-4	0.0012431205279103334	0.0012431205279103334
1714	 LLH-6	0.001243178290841837	0.0012431205279103334
1715	 LLH-6	0.001242000782007714	0.001242000782007714
1716	 LLH-0	0.0012425287001914293	0.0012425287001914293
1717	 LLH-5	0.0012421797765417126	0.0012421797765417126
1718	 LLH-0	0.00124299814037942	0.0012421797765417126
1719	 LLH-6	0.0012433419377131346	0.0012421797765417126
1720	 LLH-4	0.0012415580324047508	0.0012415580324047508
1722	 LLH-0	0.0012420981012002466	0.0012415580324047508
1723	 LLH-6	0.0012428971846638868	0.0012415580324047508
1724	 LLH-5	0.001243378143892007	0.0012415580324047508
1725	 LLH-1	0.0012415580324047508	0.0012415580324047508
1726	 LLH-5	0.001241998910551832	0.001241998910551832
1727	 LLH-5	0.0012424272104322564	0.001241998910551832
1728	 LLH-1	0.001241998910551832	0.001241998910551832
1729	 LLH-6	0.0012421297818906924	0.0012421297818906924
1730	 LLH-6	0.0012423623874989736	0.0012421297818906924
1731	 LLH-2	0.0012527067689321366	0.0012421297818906924
1732	 LLH-0	0.0012581028846478286	0.0012421297818906924
1733	 LLH-4	0.0012421297818906924	0.0012421297818906924
1738	 LLH-0	0.0012427483271812802	0.0012421297818906924
1739	 LLH-4	0.0012421297818906924	0.0012421297818906924
1744	 LLH-0	0.0012427542841029356	0.0012421297818906924
1745	 LLH-3	0.0012855686749157172	0.0012421297818906924
1746	 LLH-4	0.0012421297818906924	0.0012421297818906924
1751	 LLH-5	0.001242103507062114	0.001242103507062114
1752	 LLH-3	0.0012520450524509544	0.001242103507062114
1753	 LLH-3	0.0012999894355333976	0.001242103507062114
1754	 LLH-5	0.0012424323669049742	0.0012424323669049742
1755	 LLH-0	0.0012429440825312825	0.0012424323669049742
1756	 LLH-6	0.0012421847544105162	0.0012421847544105162
1757	 LLH-5	0.001242590400126647	0.001242590400126647
1758	 LLH-2	0.0012625882245946934	0.001242590400126647
1759	 LLH-4	0.001242590400126647	0.001242590400126647
1764	 LLH-0	0.0012587038927768582	0.001242590400126647
1765	 LLH-1	0.001242590400126647	0.001242590400126647
1766	 LLH-0	0.0012433566767371103	0.001242590400126647
1767	 LLH-4	0.001242590400126647	0.001242590400126647
1772	 LLH-4	0.001242590400126647	0.001242590400126647
1777	 LLH-5	0.0012429889651373721	0.001242590400126647
1778	 LLH-5	0.001243042874324531	0.001243042874324531
1779	 LLH-4	0.001243042874324531	0.001243042874324531
1784	 LLH-6	0.001243890976123393	0.001243042874324531
1785	 LLH-4	0.001243042874324531	0.001243042874324531
1790	 LLH-3	0.0012834089538695092	0.001243042874324531
1791	 LLH-1	0.001243042874324531	0.001243042874324531
1792	 LLH-1	0.001243042874324531	0.001243042874324531
1793	 LLH-4	0.001243042874324531	0.001243042874324531
1798	 LLH-0	0.0012436189413042107	0.001243042874324531
1799	 LLH-1	0.001243042874324531	0.001243042874324531
1800	 LLH-1	0.0012430987649161194	0.0012430987649161194
1801	 LLH-4	0.0012430987649161194	0.0012430987649161194
1806	 LLH-5	0.001242993682999791	0.001242993682999791
1807	 LLH-5	0.001242981106609228	0.001242981106609228
1808	 LLH-2	0.001258551417164213	0.001242981106609228
1809	 LLH-4	0.001242981106609228	0.001242981106609228
1814	 LLH-3	0.0012505009029422562	0.001242981106609228
1815	 LLH-2	0.0012564674114945676	0.001242981106609228
1816	 LLH-2	0.001254534967176639	0.001242981106609228
1817	 LLH-6	0.0012423968138708722	0.0012423968138708722
1818	 LLH-4	0.0012423968138708722	0.0012423968138708722
1823	 LLH-1	0.0012423968138708722	0.0012423968138708722
1824	 LLH-6	0.0012431981330201661	0.0012423968138708722
1825	 LLH-5	0.0012427322765691943	0.0012423968138708722
1826	 LLH-2	0.0012605031908844969	0.0012423968138708722
1827	 LLH-5	0.0012424433044870076	0.0012423968138708722
1828	 LLH-1	0.001242539592104854	0.001242539592104854
1829	 LLH-5	0.0012424528453687108	0.0012424528453687108
1830	 LLH-2	0.0012525948755163466	0.0012424528453687108
1831	 LLH-1	0.0012424528453687108	0.0012424528453687108
1832	 LLH-1	0.0012424528453687108	0.0012424528453687108
1833	 LLH-5	0.0012423169249895188	0.0012423169249895188
1834	 LLH-4	0.0012423169249895188	0.0012423169249895188
1839	 LLH-3	0.0012516023326556418	0.0012423169249895188
1840	 LLH-3	0.0012951468237900094	0.0012423169249895188
1841	 LLH-4	0.0012423169249895188	0.0012423169249895188
1846	 LLH-3	0.0013036435472541913	0.0012423169249895188
1847	 LLH-6	0.001243459181379214	0.0012423169249895188
1848	 LLH-4	0.0012423169249895188	0.0012423169249895188
1853	 LLH-4	0.0012423169249895188	0.0012423169249895188
1858	 LLH-4	0.0012423169249895188	0.0012423169249895188
1863	 LLH-1	0.0012423169249895188	0.0012423169249895188
1864	 LLH-0	0.0012428916829061985	0.0012428916829061985
1865	 LLH-5	0.0012428393809988585	0.0012428393809988585
1866	 LLH-3	0.00125104291536401	0.0012428393809988585
1867	 LLH-6	0.0012438726452271595	0.0012428393809988585
1868	 LLH-2	0.0012470129641100347	0.0012428393809988585
1869	 LLH-3	0.0012959919941707258	0.0012428393809988585
1870	 LLH-1	0.0012428393809988585	0.0012428393809988585
1871	 LLH-0	0.0012437796838999438	0.0012428393809988585
1872	 LLH-2	0.0012490708750658574	0.0012428393809988585
1873	 LLH-5	0.0012430038102227152	0.0012430038102227152
1874	 LLH-4	0.0012421376956475519	0.0012421376956475519
1876	 LLH-0	0.001242851801491301	0.001242851801491301
1877	 LLH-2	0.0012581914980751244	0.001242851801491301
1878	 LLH-3	0.0012563694815558963	0.001242851801491301
1879	 LLH-3	0.001249670999279588	0.001242851801491301
1880	 LLH-4	0.0012418893273496926	0.0012418893273496926
1883	 LLH-5	0.0012438782104275388	0.0012418893273496926
1884	 LLH-0	0.0012427017991030328	0.0012427017991030328
1885	 LLH-3	0.0012521846545369474	0.0012427017991030328
1886	 LLH-6	0.0012436697425118578	0.0012427017991030328
1887	 LLH-0	0.0012432344720308731	0.0012432344720308731
1888	 LLH-1	0.0012432344720308731	0.0012432344720308731
1889	 LLH-4	0.0012432344720308731	0.0012432344720308731
1894	 LLH-2	0.0012493619705047317	0.0012432344720308731
1895	 LLH-4	0.0012427321937317323	0.0012427321937317323
1900	 LLH-1	0.0012427321937317323	0.0012427321937317323
1901	 LLH-1	0.0012427454346423817	0.0012427454346423817
1902	 LLH-0	0.0012433744809892248	0.0012427454346423817
1903	 LLH-4	0.001242184103886407	0.001242184103886407
1907	 LLH-4	0.001242184103886407	0.001242184103886407
1912	 LLH-3	0.0012467325626343195	0.001242184103886407
1913	 LLH-5	0.0012426750007486784	0.001242184103886407
1914	 LLH-2	0.0012472236457098781	0.001242184103886407
1915	 LLH-4	0.001242184103886407	0.001242184103886407
1920	 LLH-5	0.001242828390842554	0.001242184103886407
1921	 LLH-3	0.001252134254501521	0.001242184103886407
1922	 LLH-6	0.0012438253609258123	0.001242184103886407
1923	 LLH-6	0.0012431450549529994	0.001242184103886407
1924	 LLH-2	0.0012500546011143146	0.001242184103886407
1925	 LLH-1	0.0012423183414941488	0.0012423183414941488
1926	 LLH-3	0.0012824802567139532	0.0012423183414941488
1927	 LLH-4	0.0012423183414941488	0.0012423183414941488
1932	 LLH-1	0.0012423183414941488	0.0012423183414941488
1933	 LLH-1	0.0012423183414941488	0.0012423183414941488
1934	 LLH-1	0.0012423183414941488	0.0012423183414941488
1935	 LLH-6	0.0012429090228364434	0.0012423183414941488
1936	 LLH-5	0.001243448119122552	0.0012423183414941488
1937	 LLH-3	0.0012466750143290241	0.0012423183414941488
1938	 LLH-6	0.0012449552875855071	0.0012423183414941488
1939	 LLH-4	0.0012423183414941488	0.0012423183414941488
1944	 LLH-0	0.0012428347075281502	0.0012423183414941488
1945	 LLH-6	0.0012420782912422538	0.0012420782912422538
1946	 LLH-0	0.0012427607822999647	0.0012420782912422538
1947	 LLH-5	0.001241935187815949	0.001241935187815949
1948	 LLH-6	0.0012429216457083348	0.001241935187815949
1949	 LLH-0	0.0012425134283279562	0.0012425134283279562
1950	 LLH-6	0.0012435513817773988	0.0012425134283279562
1951	 LLH-4	0.0012425134283279562	0.0012425134283279562
1956	 LLH-3	0.0013041406732001424	0.0012425134283279562
1957	 LLH-4	0.0012419945945369157	0.0012419945945369157
1961	 LLH-4	0.0012419945945369157	0.0012419945945369157
1966	 LLH-4	0.0012419945945369157	0.0012419945945369157
1971	 LLH-2	0.0012627648720890438	0.0012419945945369157
1972	 LLH-5	0.0012439303191411663	0.0012419945945369157
1973	 LLH-5	0.0012426568192198853	0.0012419945945369157
1974	 LLH-3	0.0012940837198653237	0.0012419945945369157
1975	 LLH-5	0.0012417239990965803	0.0012417239990965803
1976	 LLH-1	0.001241617413493531	0.001241617413493531
1977	 LLH-3	0.001252659887838836	0.001241617413493531
1978	 LLH-6	0.0012434247196141017	0.001241617413493531
1979	 LLH-6	0.00124278592304774	0.001241617413493531
1980	 LLH-1	0.0012420714198230964	0.001241617413493531
1981	 LLH-0	0.0012424941712291136	0.001241617413493531
1982	 LLH-1	0.001241617413493531	0.001241617413493531
1983	 LLH-5	0.0012427263354732908	0.001241617413493531
1984	 LLH-2	0.0012620552020378819	0.001241617413493531
1985	 LLH-6	0.0012423486706867595	0.001241617413493531
1986	 LLH-0	0.0012422144549345377	0.001241617413493531
1987	 LLH-1	0.001241617413493531	0.001241617413493531
1988	 LLH-0	0.0012424941712291136	0.001241617413493531
1989	 LLH-5	0.0012419797985310185	0.0012419797985310185
1990	 LLH-6	0.0012418993078028762	0.0012418993078028762
1991	 LLH-1	0.0012418993078028762	0.0012418993078028762
1992	 LLH-3	0.0012492751401740178	0.0012418993078028762
1993	 LLH-0	0.0012424842860153781	0.0012418993078028762
1994	 LLH-2	0.0012473686991401516	0.0012418993078028762
1995	 LLH-0	0.0012425318420726816	0.0012418993078028762
1996	 LLH-2	0.0012625727287624282	0.0012418993078028762
1997	 LLH-5	0.001242833372916183	0.0012418993078028762
1998	 LLH-3	0.0012997662701897613	0.0012418993078028762
1999	 LLH-4	0.0012418993078028762	0.0012418993078028762
GRID-Start
0.0	0.0
0.0	308.0385
0.0	616.077
0.0	924.1155
0.0	1232.154
0.0	1540.1925
0.0	1848.2310000000002
0.0	2156.2695000000003
0.0	2464.3080000000004
0.0	2772.3465000000006
0.0	3080.3850000000007
0.0	3388.423500000001
0.0	3696.462000000001
0.0	4004.500500000001
0.0	4312.539000000001
0.0	4620.5775
0.0	4928.616
0.0	5236.6545
0.0	5544.692999999999
0.0	5852.731499999999
0.0	6160.769999999999
0.0	6468.808499999998
308.0385	0.0
308.0385	308.0385
308.0385	616.077
308.0385	924.1155
308.0385	1232.154
308.0385	1540.1925
308.0385	1848.2310000000002
308.0385	2156.2695000000003
308.0385	2464.3080000000004
308.0385	2772.3465000000006
308.0385	3080.3850000000007
308.0385	3388.423500000001
308.0385	3696.462000000001
308.0385	4004.500500000001
308.0385	4312.539000000001
308.0385	4620.5775
308.0385	4928.616
308.0385	5236.6545
308.0385	5544.692999999999
308.0385	5852.731499999999
308.0385	6160.769999999999
308.0385	6468.808499999998
616.077	0.0
616.077	308.0385
616.077	616.077
616.077	924.1155
616.077	1232.154
616.077	1540.1925
616.077	1848.2310000000002
616.077	2156.2695000000003
616.077	2464.3080000000004
616.077	2772.3465000000006
616.077	3080.3850000000007
616.077	3388.423500000001
616.077	3696.462000000001
616.077	4004.500500000001
616.077	4312.539000000001
616.077	4620.5775
616.077	4928.616
616.077	5236.6545
616.077	5544.692999999999
616.077	5852.731499999999
616.077	6160.769999999999
616.077	6468.808499999998
924.1155	0.0
924.1155	308.0385
924.1155	616.077
924.1155	924.1155
924.1155	1232.154
924.1155	1540.1925
924.1155	1848.2310000000002
924.1155	2156.2695000000003
924.1155	2464.3080000000004
924.1155	2772.3465000000006
924.1155	3080.3850000000007
924.1155	3388.423500000001
924.1155	3696.462000000001
924.1155	4004.500500000001
924.1155	4312.539000000001
924.1155	4620.5775
924.1155	4928.616
924.1155	5236.6545
924.1155	5544.692999999999
924.1155	5852.731499999999
924.1155	6160.769999999999
924.1155	6468.808499999998
1232.154	0.0
1232.154	308.0385
1232.154	616.077
1232.154	924.1155
1232.154	1232.154
1232.154	1540.1925
1232.154	1848.2310000000002
1232.154	2156.2695000000003
1232.154	2464.3080000000004
1232.154	2772.3465000000006
1232.154	3080.3850000000007
1232.154	4620.5775
1232.154	4928.616
1232.154	5236.6545
1232.154	5544.692999999999
1232.154	5852.731499999999
1232.154	6160.769999999999
1232.154	6468.808499999998
1540.1925	0.0
1540.1925	308.0385
1540.1925	616.077
1540.1925	924.1155
1540.1925	1232.154
1540.1925	1540.1925
1540.1925	1848.2310000000002
1540.1925	2156.2695000000003
1540.1925	2464.3080000000004
1540.1925	2772.3465000000006
1540.1925	3080.3850000000007
1540.1925	4620.5775
1540.1925	4928.616
1540.1925	5236.6545
1540.1925	5544.692999999999
1540.1925	5852.731499999999
1540.1925	6160.769999999999
1540.1925	6468.808499999998
1848.2310000000002	0.0
1848.2310000000002	308.0385
1848.2310000000002	616.077
1848.2310000000002	924.1155
1848.2310000000002	1232.154
1848.2310000000002	1540.1925
1848.2310000000002	1848.2310000000002
1848.2310000000002	2156.2695000000003
1848.2310000000002	2464.3080000000004
1848.2310000000002	2772.3465000000006
1848.2310000000002	3080.3850000000007
1848.2310000000002	4620.5775
1848.2310000000002	4928.616
1848.2310000000002	5236.6545
1848.2310000000002	5544.692999999999
1848.2310000000002	5852.731499999999
1848.2310000000002	6160.769999999999
1848.2310000000002	6468.808499999998
2156.2695000000003	0.0
2156.2695000000003	308.0385
2156.2695000000003	616.077
2156.2695000000003	924.1155
2156.2695000000003	1232.154
2156.2695000000003	1540.1925
2156.2695000000003	1848.2310000000002
2156.2695000000003	2156.2695000000003
2156.2695000000003	2464.3080000000004
2156.2695000000003	2772.3465000000006
2156.2695000000003	3080.3850000000007
2156.2695000000003	4620.5775
2156.2695000000003	4928.616
2156.2695000000003	5236.6545
2156.2695000000003	5544.692999999999
2156.2695000000003	5852.731499999999
2156.2695000000003	6160.769999999999
2156.2695000000003	6468.808499999998
2464.3080000000004	0.0
2464.3080000000004	2464.3080000000004
2464.3080000000004	2772.3465000000006
2464.3080000000004	3080.3850000000007
2464.3080000000004	3388.423500000001
2464.3080000000004	3696.462000000001
2464.3080000000004	4004.500500000001
2464.3080000000004	4312.539000000001
2464.3080000000004	4620.5775
2464.3080000000004	4928.616
2464.3080000000004	5236.6545
2464.3080000000004	5544.692999999999
2464.3080000000004	5852.731499999999
2464.3080000000004	6160.769999999999
2464.3080000000004	6468.808499999998
2772.3465000000006	0.0
2772.3465000000006	2464.3080000000004
2772.3465000000006	2772.3465000000006
2772.3465000000006	3080.3850000000007
2772.3465000000006	3388.423500000001
2772.3465000000006	3696.462000000001
2772.3465000000006	4004.500500000001
2772.3465000000006	4312.539000000001
2772.3465000000006	4620.5775
2772.3465000000006	4928.616
2772.3465000000006	5236.6545
2772.3465000000006	5544.692999999999
2772.3465000000006	5852.731499999999
2772.3465000000006	6160.769999999999
2772.3465000000006	6468.808499999998
3080.3850000000007	0.0
3080.3850000000007	2464.3080000000004
3080.3850000000007	2772.3465000000006
3080.3850000000007	3080.3850000000007
3080.3850000000007	3388.423500000001
3080.3850000000007	3696.462000000001
3080.3850000000007	4004.500500000001
3080.3850000000007	4312.539000000001
3080.3850000000007	4620.5775
3080.3850000000007	4928.616
3080.3850000000007	5236.6545
3080.3850000000007	5544.692999999999
3080.3850000000007	5852.731499999999
3080.3850000000007	6160.769999999999
3080.3850000000007	6468.808499999998
3388.423500000001	0.0
3388.423500000001	2464.3080000000004
3388.423500000001	2772.3465000000006
3388.423500000001	3080.3850000000007
3388.423500000001	3388.423500000001
3388.423500000001	3696.462000000001
3388.423500000001	4004.500500000001
3388.423500000001	4312.539000000001
3388.423500000001	4620.5775
3388.423500000001	4928.616
3388.423500000001	5236.6545
3388.423500000001	5544.692999999999
3388.423500000001	5852.731499999999
3388.423500000001	6160.769999999999
3388.423500000001	6468.808499999998
3696.462000000001	0.0
3696.462000000001	308.0385
3696.462000000001	616.077
3696.462000000001	924.1155
3696.462000000001	1232.154
3696.462000000001	1540.1925
3696.462000000001	1848.2310000000002
3696.462000000001	2156.2695000000003
3696.462000000001	3388.423500000001
3696.462000000001	3696.462000000001
3696.462000000001	4004.500500000001
3696.462000000001	4312.539000000001
3696.462000000001	4620.5775
3696.462000000001	4928.616
3696.462000000001	5236.6545
3696.462000000001	5544.692999999999
3696.462000000001	5852.731499999999
3696.462000000001	6160.769999999999
3696.462000000001	6468.808499999998
4004.500500000001	0.0
4004.500500000001	308.0385
4004.500500000001	616.077
4004.500500000001	924.1155
4004.500500000001	1232.154
4004.500500000001	1540.1925
4004.500500000001	1848.2310000000002
4004.500500000001	2156.2695000000003
4004.500500000001	3388.423500000001
4004.500500000001	3696.462000000001
4004.500500000001	4004.500500000001
4004.500500000001	4312.539000000001
4004.500500000001	4620.5775
4004.500500000001	4928.616
4004.500500000001	5236.6545
4004.500500000001	5544.692999999999
4004.500500000001	5852.731499999999
4004.500500000001	6160.769999999999
4004.500500000001	6468.808499999998
4312.539000000001	0.0
4312.539000000001	308.0385
4312.539000000001	616.077
4312.539000000001	924.1155
4312.539000000001	1232.154
4312.539000000001	1540.1925
4312.539000000001	1848.2310000000002
4312.539000000001	2156.2695000000003
4312.539000000001	3388.423500000001
4312.539000000001	3696.462000000001
4312.539000000001	4004.500500000001
4312.539000000001	4312.539000000001
4312.539000000001	4620.5775
4312.539000000001	4928.616
4312.539000000001	5236.6545
4312.539000000001	5544.692999999999
4312.539000000001	5852.731499999999
4312.539000000001	6160.769999999999
4312.539000000001	6468.808499999998
4620.5775	0.0
4620.5775	308.0385
4620.5775	616.077
4620.5775	924.1155
4620.5775	1232.154
4620.5775	1540.1925
4620.5775	1848.2310000000002
4620.5775	2156.2695000000003
4620.5775	2464.3080000000004
4620.5775	2772.3465000000006
4620.5775	3080.3850000000007
4620.5775	3388.423500000001
4620.5775	3696.462000000001
4620.5775	4004.500500000001
4620.5775	4312.539000000001
4620.5775	4620.5775
4620.5775	4928.616
4620.5775	5236.6545
4620.5775	5544.692999999999
4620.5775	5852.731499999999
4620.5775	6160.769999999999
4620.5775	6468.808499999998
4928.616	0.0
4928.616	308.0385
4928.616	616.077
4928.616	924.1155
4928.616	1232.154
4928.616	1540.1925
4928.616	1848.2310000000002
4928.616	2156.2695000000003
4928.616	2464.3080000000004
4928.616	2772.3465000000006
4928.616	3080.3850000000007
4928.616	3388.423500000001
4928.616	3696.462000000001
4928.616	4004.500500000001
4928.616	4312.539000000001
4928.616	4620.5775
4928.616	4928.616
4928.616	5236.6545
4928.616	5544.692999999999
4928.616	5852.731499999999
4928.616	6160.769999999999
4928.616	6468.808499999998
5236.6545	0.0
5236.6545	308.0385
5236.6545	616.077
5236.6545	924.1155
5236.6545	1232.154
5236.6545	1540.1925
5236.6545	1848.2310000000002
5236.6545	2156.2695000000003
5236.6545	2464.3080000000004
5236.6545	2772.3465000000006
5236.6545	3080.3850000000007
5236.6545	3388.423500000001
5236.6545	3696.462000000001
5236.6545	4004.500500000001
5236.6545	4312.539000000001
5236.6545	4620.5775
5236.6545	4928.616
5236.6545	5236.6545
5236.6545	5544.692999999999
5236.6545	5852.731499999999
5236.6545	6160.769999999999
5236.6545	6468.808499999998
5544.692999999999	0.0
5544.692999999999	308.0385
5544.692999999999	616.077
5544.692999999999	924.1155
5544.692999999999	1232.154
5544.692999999999	1540.1925
5544.692999999999	1848.2310000000002
5544.692999999999	2156.2695000000003
5544.692999999999	2464.3080000000004
5544.692999999999	2772.3465000000006
5544.692999999999	3080.3850000000007
5544.692999999999	3388.423500000001
5544.692999999999	3696.462000000001
5544.692999999999	4004.500500000001
5544.692999999999	4312.539000000001
5544.692999999999	4620.5775
5544.692999999999	4928.616
5544.692999999999	5236.6545
5544.692999999999	5544.692999999999
5544.692999999999	5852.731499999999
5544.692999999999	6160.769999999999
5544.692999999999	6468.808499999998
5852.731499999999	0.0
5852.731499999999	308.0385
5852.731499999999	616.077
5852.731499999999	924.1155
5852.731499999999	1232.154
5852.731499999999	1540.1925
5852.731499999999	1848.2310000000002
5852.731499999999	2156.2695000000003
5852.731499999999	2464.3080000000004
5852.731499999999	2772.3465000000006
5852.731499999999	3080.3850000000007
5852.731499999999	3388.423500000001
5852.731499999999	3696.462000000001
5852.731499999999	4004.500500000001
5852.731499999999	4312.539000000001
5852.731499999999	4620.5775
5852.731499999999	4928.616
5852.731499999999	5236.6545
5852.731499999999	5544.692999999999
5852.731499999999	5852.731499999999
5852.731499999999	6160.769999999999
5852.731499999999	6468.808499999998
6160.769999999999	0.0
6160.769999999999	308.0385
6160.769999999999	616.077
6160.769999999999	924.1155
6160.769999999999	1232.154
6160.769999999999	1540.1925
6160.769999999999	1848.2310000000002
6160.769999999999	2156.2695000000003
6160.769999999999	2464.3080000000004
6160.769999999999	2772.3465000000006
6160.769999999999	3080.3850000000007
6160.769999999999	3388.423500000001
6160.769999999999	3696.462000000001
6160.769999999999	4004.500500000001
6160.769999999999	4312.539000000001
6160.769999999999	4620.5775
6160.769999999999	4928.616
6160.769999999999	5236.6545
6160.769999999999	5544.692999999999
6160.769999999999	5852.731499999999
6160.769999999999	6160.769999999999
6160.769999999999	6468.808499999998
6468.808499999998	0.0
6468.808499999998	308.0385
6468.808499999998	616.077
6468.808499999998	924.1155
6468.808499999998	1232.154
6468.808499999998	1540.1925
6468.808499999998	1848.2310000000002
6468.808499999998	2156.2695000000003
6468.808499999998	2464.3080000000004
6468.808499999998	2772.3465000000006
6468.808499999998	3080.3850000000007
6468.808499999998	3388.423500000001
6468.808499999998	3696.462000000001
6468.808499999998	4004.500500000001
6468.808499999998	4312.539000000001
6468.808499999998	4620.5775
6468.808499999998	4928.616
6468.808499999998	5236.6545
6468.808499999998	5544.692999999999
6468.808499999998	5852.731499999999
6468.808499999998	6160.769999999999
6468.808499999998	6468.808499999998
6776.846999999998	0.0
6776.846999999998	308.0385
6776.846999999998	616.077
6776.846999999998	924.1155
6776.846999999998	1232.154
6776.846999999998	1540.1925
6776.846999999998	1848.2310000000002
6776.846999999998	2156.2695000000003
6776.846999999998	2464.3080000000004
6776.846999999998	2772.3465000000006
6776.846999999998	3080.3850000000007
6776.846999999998	3388.423500000001
6776.846999999998	3696.462000000001
6776.846999999998	4004.500500000001
6776.846999999998	4312.539000000001
6776.846999999998	4620.5775
6776.846999999998	4928.616
6776.846999999998	5236.6545
6776.846999999998	5544.692999999999
6776.846999999998	5852.731499999999
6776.846999999998	6160.769999999999
6776.846999999998	6468.808499999998
7084.885499999998	0.0
7084.885499999998	308.0385
7084.885499999998	616.077
7084.885499999998	924.1155
7084.885499999998	1232.154
7084.885499999998	1540.1925
7084.885499999998	1848.2310000000002
7084.885499999998	2156.2695000000003
7084.885499999998	2464.3080000000004
7084.885499999998	2772.3465000000006
7084.885499999998	3080.3850000000007
7084.885499999998	3388.423500000001
7084.885499999998	3696.462000000001
7084.885499999998	4004.500500000001
7084.885499999998	4312.539000000001
7084.885499999998	4620.5775
7084.885499999998	4928.616
7084.885499999998	5236.6545
7084.885499999998	5544.692999999999
7084.885499999998	5852.731499999999
7084.885499999998	6160.769999999999
7084.885499999998	6468.808499999998
7392.923999999997	0.0
7392.923999999997	308.0385
7392.923999999997	616.077
7392.923999999997	924.1155
7392.923999999997	1232.154
7392.923999999997	1540.1925
7392.923999999997	1848.2310000000002
7392.923999999997	2156.2695000000003
7392.923999999997	2464.3080000000004
7392.923999999997	2772.3465000000006
7392.923999999997	3080.3850000000007
7392.923999999997	3388.423500000001
7392.923999999997	3696.462000000001
7392.923999999997	4004.500500000001
7392.923999999997	4312.539000000001
7392.923999999997	4620.5775
7392.923999999997	4928.616
7392.923999999997	5236.6545
7392.923999999997	5544.692999999999
7392.923999999997	5852.731499999999
7392.923999999997	6160.769999999999
7392.923999999997	6468.808499999998
7700.962499999997	0.0
7700.962499999997	308.0385
7700.962499999997	616.077
7700.962499999997	924.1155
7700.962499999997	1232.154
7700.962499999997	1540.1925
7700.962499999997	1848.2310000000002
7700.962499999997	2156.2695000000003
7700.962499999997	2464.3080000000004
7700.962499999997	2772.3465000000006
7700.962499999997	3080.3850000000007
7700.962499999997	3388.423500000001
7700.962499999997	3696.462000000001
7700.962499999997	4004.500500000001
7700.962499999997	4312.539000000001
7700.962499999997	4620.5775
7700.962499999997	4928.616
7700.962499999997	5236.6545
7700.962499999997	5544.692999999999
7700.962499999997	5852.731499999999
7700.962499999997	6160.769999999999
7700.962499999997	6468.808499999998
8009.000999999997	0.0
8009.000999999997	308.0385
8009.000999999997	616.077
8009.000999999997	924.1155
8009.000999999997	1232.154
8009.000999999997	1540.1925
8009.000999999997	1848.2310000000002
8009.000999999997	2156.2695000000003
8009.000999999997	2464.3080000000004
8009.000999999997	2772.3465000000006
8009.000999999997	3080.3850000000007
8009.000999999997	3388.423500000001
8009.000999999997	3696.462000000001
8009.000999999997	4004.500500000001
8009.000999999997	4312.539000000001
8009.000999999997	4620.5775
8009.000999999997	4928.616
8009.000999999997	5236.6545
8009.000999999997	5544.692999999999
8009.000999999997	5852.731499999999
8009.000999999997	6160.769999999999
8009.000999999997	6468.808499999998
8317.039499999997	0.0
8317.039499999997	308.0385
8317.039499999997	616.077
8317.039499999997	924.1155
8317.039499999997	1232.154
8317.039499999997	1540.1925
8317.039499999997	1848.2310000000002
8317.039499999997	2156.2695000000003
8317.039499999997	2464.3080000000004
8317.039499999997	2772.3465000000006
8317.039499999997	3080.3850000000007
8317.039499999997	3388.423500000001
8317.039499999997	3696.462000000001
8317.039499999997	4004.500500000001
8317.039499999997	4312.539000000001
8317.039499999997	4620.5775
8317.039499999997	4928.616
8317.039499999997	5236.6545
8317.039499999997	5544.692999999999
8317.039499999997	5852.731499999999
8317.039499999997	6160.769999999999
8317.039499999997	6468.808499999998
8625.077999999998	0.0
8625.077999999998	308.0385
8625.077999999998	616.077
8625.077999999998	924.1155
8625.077999999998	1232.154
8625.077999999998	1540.1925
8625.077999999998	1848.2310000000002
8625.077999999998	2156.2695000000003
8625.077999999998	2464.3080000000004
8625.077999999998	2772.3465000000006
8625.077999999998	3080.3850000000007
8625.077999999998	3388.423500000001
8625.077999999998	3696.462000000001
8625.077999999998	4004.500500000001
8625.077999999998	4312.539000000001
8625.077999999998	4620.5775
8625.077999999998	4928.616
8625.077999999998	5236.6545
8625.077999999998	5544.692999999999
8625.077999999998	5852.731499999999
8625.077999999998	6160.769999999999
8625.077999999998	6468.808499999998
8933.116499999998	0.0
8933.116499999998	308.0385
8933.116499999998	616.077
8933.116499999998	924.1155
8933.116499999998	1232.154
8933.116499999998	1540.1925
8933.116499999998	1848.2310000000002
8933.116499999998	2156.2695000000003
8933.116499999998	2464.3080000000004
8933.116499999998	2772.3465000000006
8933.116499999998	3080.3850000000007
8933.116499999998	3388.423500000001
8933.116499999998	3696.462000000001
8933.116499999998	4004.500500000001
8933.116499999998	4312.539000000001
8933.116499999998	4620.5775
8933.116499999998	4928.616
8933.116499999998	5236.6545
8933.116499999998	5544.692999999999
8933.116499999998	5852.731499999999
8933.116499999998	6160.769999999999
8933.116499999998	6468.808499999998
GRID-End
num_of_evaluations 2000
best obj 0.00124033180246082
LLH0	54
LLH1	35
LLH2	56
LLH3	64
LLH4	114
LLH5	93
LLH6	90