Initial objective 0.0013018440987238008	 Seed value 276336444
1	 LLH-1	0.0013018440987238008	0.0013018440987238008
2	 LLH-2	0.0013119600055746653	0.0013119600055746653
3	 LLH-6	0.001312034711871932	0.001312034711871932
4	 LLH-0	0.0013135049319278832	0.0013135049319278832
5	 LLH-2	0.0013253808572285756	0.0013253808572285756
6	 LLH-3	0.0012660278924926465	0.0012660278924926465
7	 LLH-4	0.001264997531091256	0.001264997531091256
10	 LLH-6	0.0012652228429656394	0.0012652228429656394
11	 LLH-6	0.001266965854214363	0.001266965854214363
12	 LLH-5	0.0012663379657838875	0.0012663379657838875
13	 LLH-0	0.001265601269409227	0.001265601269409227
14	 LLH-2	0.0012847372126081847	0.0012847372126081847
15	 LLH-1	0.0012847372126081847	0.0012847372126081847
16	 LLH-6	0.0012859589834777736	0.0012859589834777736
17	 LLH-4	0.001285060352373775	0.001285060352373775
19	 LLH-1	0.001285060352373775	0.001285060352373775
20	 LLH-5	0.0012866625313393363	0.0012866625313393363
21	 LLH-5	0.0012863438269853885	0.0012863438269853885
22	 LLH-5	0.0012870123190570951	0.0012870123190570951
23	 LLH-2	0.0012907099625841922	0.0012907099625841922
24	 LLH-5	0.001290514547161576	0.001290514547161576
25	 LLH-6	0.0012895180500405222	0.0012895180500405222
26	 LLH-4	0.0012881652458130676	0.0012881652458130676
28	 LLH-2	0.0013104597128571734	0.0013104597128571734
29	 LLH-4	0.0012887355522879988	0.0012887355522879988
31	 LLH-2	0.0012952982362969944	0.0012952982362969944
32	 LLH-0	0.0012938459429212988	0.0012938459429212988
33	 LLH-5	0.0012941110318286796	0.0012941110318286796
34	 LLH-0	0.0012927219980506137	0.0012927219980506137
35	 LLH-1	0.0012927219980506137	0.0012927219980506137
36	 LLH-0	0.0012914579549749101	0.0012914579549749101
37	 LLH-0	0.0012927618577706175	0.0012927618577706175
38	 LLH-5	0.0012937898226523033	0.0012937898226523033
39	 LLH-2	0.0013189211652281194	0.0013189211652281194
40	 LLH-0	0.0013204048626926082	0.0013204048626926082
41	 LLH-1	0.0013202078097652608	0.0013202078097652608
42	 LLH-1	0.001319942707641545	0.001319942707641545
43	 LLH-0	0.0013185572897199769	0.0013185572897199769
44	 LLH-0	0.0013171427792289673	0.0013171427792289673
45	 LLH-6	0.0013185139774866271	0.0013185139774866271
46	 LLH-4	0.0013168276866000615	0.0013168276866000615
48	 LLH-0	0.0013185984538700208	0.0013185984538700208
49	 LLH-4	0.001317175530882051	0.001317175530882051
54	 LLH-0	0.0013158145230531162	0.0013158145230531162
55	 LLH-5	0.0013156833067842731	0.0013156833067842731
56	 LLH-1	0.0013156833067842731	0.0013156833067842731
57	 LLH-3	0.0012722835732944854	0.0012722835732944854
58	 LLH-0	0.001273013587442141	0.001273013587442141
59	 LLH-3	0.0013537858450589169	0.0013537858450589169
60	 LLH-0	0.001355890608726303	0.001355890608726303
61	 LLH-5	0.0013557561791737545	0.0013557561791737545
62	 LLH-0	0.0013538059737801674	0.0013538059737801674
63	 LLH-3	0.0012865650139523193	0.0012865650139523193
64	 LLH-1	0.001286925393193587	0.001286925393193587
65	 LLH-1	0.001287081049045439	0.001287081049045439
66	 LLH-3	0.0013303979702417364	0.001287081049045439
67	 LLH-2	0.00129291323846036	0.00129291323846036
68	 LLH-1	0.0012925502790045135	0.0012925502790045135
69	 LLH-1	0.0012925502790045135	0.0012925502790045135
70	 LLH-1	0.0012925502790045135	0.0012925502790045135
71	 LLH-4	0.0012913046016547968	0.0012913046016547968
73	 LLH-4	0.0012897349614732422	0.0012897349614732422
75	 LLH-3	0.0012743348560110604	0.0012743348560110604
76	 LLH-0	0.0012564025613992578	0.0012564025613992578
77	 LLH-3	0.0013254561563031738	0.0013254561563031738
78	 LLH-6	0.0013235926744579532	0.0013235926744579532
79	 LLH-1	0.0013238647457443887	0.0013238647457443887
80	 LLH-6	0.0013244349314546012	0.0013244349314546012
81	 LLH-3	0.001433355040272701	0.001433355040272701
82	 LLH-5	0.0014323612799672521	0.0014323612799672521
83	 LLH-2	0.0013869387762276834	0.0013869387762276834
84	 LLH-4	0.001384224809605424	0.001384224809605424
86	 LLH-5	0.0013859850023327767	0.0013859850023327767
87	 LLH-3	0.0015978620590481093	0.0015978620590481093
88	 LLH-1	0.0015978620590481093	0.0015978620590481093
89	 LLH-0	0.0015920257501697717	0.0015920257501697717
90	 LLH-4	0.0015865506506317574	0.0015865506506317574
94	 LLH-5	0.0015869114213919759	0.0015869114213919759
95	 LLH-5	0.001588124827948591	0.001588124827948591
96	 LLH-2	0.0015025638962215375	0.0015025638962215375
97	 LLH-0	0.0014984123342558313	0.0014984123342558313
98	 LLH-4	0.0014943023571840708	0.0014943023571840708
100	 LLH-5	0.001495102408881181	0.001495102408881181
101	 LLH-2	0.0014287352679772571	0.0014287352679772571
102	 LLH-0	0.0014257348625740282	0.0014257348625740282
103	 LLH-3	0.0015506567774261444	0.0015506567774261444
104	 LLH-6	0.0015541242348890497	0.0015541242348890497
105	 LLH-1	0.0015543405357364279	0.0015543405357364279
106	 LLH-0	0.0015495128599222693	0.0015495128599222693
107	 LLH-2	0.0014445733265866486	0.0014445733265866486
108	 LLH-4	0.0014415528494912963	0.0014415528494912963
113	 LLH-1	0.0014417817775663631	0.0014417817775663631
114	 LLH-4	0.001438513607015958	0.001438513607015958
119	 LLH-6	0.0014357288097553043	0.0014357288097553043
120	 LLH-6	0.0014357971172576952	0.0014357971172576952
121	 LLH-4	0.0014320389802513869	0.0014320389802513869
123	 LLH-2	0.0013966111181562524	0.0013966111181562524
124	 LLH-0	0.0013940759085262103	0.0013940759085262103
125	 LLH-5	0.0013946081700302218	0.0013946081700302218
126	 LLH-6	0.0013940818304568634	0.0013940818304568634
127	 LLH-2	0.0013752846869489097	0.0013752846869489097
128	 LLH-2	0.0013554478689449777	0.0013554478689449777
129	 LLH-2	0.001354233783605818	0.001354233783605818
130	 LLH-5	0.0013532727992300625	0.0013532727992300625
131	 LLH-3	0.0012744787376962176	0.0012744787376962176
132	 LLH-0	0.0012734691765222193	0.0012734691765222193
133	 LLH-0	0.0012744023981265476	0.0012744023981265476
134	 LLH-1	0.0012748442382151833	0.0012748442382151833
135	 LLH-5	0.001274484992308484	0.001274484992308484
136	 LLH-0	0.0012736994361290306	0.0012736994361290306
137	 LLH-1	0.0012736994361290306	0.0012736994361290306
138	 LLH-1	0.0012736994361290306	0.0012736994361290306
139	 LLH-1	0.0012736994361290306	0.0012736994361290306
140	 LLH-6	0.0012730440504624978	0.0012730440504624978
141	 LLH-0	0.0012719981326948563	0.0012719981326948563
142	 LLH-1	0.0012719981326948563	0.0012719981326948563
143	 LLH-0	0.0012731119912795337	0.0012731119912795337
144	 LLH-0	0.0012739685865293708	0.0012739685865293708
145	 LLH-1	0.0012739685865293708	0.0012739685865293708
146	 LLH-5	0.0012718771128867594	0.0012718771128867594
147	 LLH-4	0.001270638166336215	0.001270638166336215
152	 LLH-0	0.0012718163548013878	0.0012718163548013878
153	 LLH-0	0.0012729338093108856	0.0012729338093108856
154	 LLH-6	0.0012755434882612514	0.0012755434882612514
155	 LLH-4	0.0012746056500808406	0.0012746056500808406
158	 LLH-1	0.0012746056500808406	0.0012746056500808406
159	 LLH-1	0.0012746056500808406	0.0012746056500808406
160	 LLH-5	0.0012748424914424143	0.0012748424914424143
161	 LLH-0	0.001275861320529999	0.001275861320529999
162	 LLH-5	0.0012759343699981053	0.0012759343699981053
163	 LLH-4	0.001274896220299279	0.001274896220299279
165	 LLH-6	0.0012739535561269773	0.0012739535561269773
166	 LLH-0	0.0012747889933807277	0.0012747889933807277
167	 LLH-6	0.001274755447294189	0.001274755447294189
168	 LLH-2	0.0012638182746602198	0.0012638182746602198
169	 LLH-3	0.00125900150599652	0.00125900150599652
170	 LLH-3	0.0013260436737668002	0.0013260436737668002
171	 LLH-0	0.001324032170691495	0.001324032170691495
172	 LLH-6	0.0013259766233971314	0.0013259766233971314
173	 LLH-3	0.001272135416945526	0.001272135416945526
174	 LLH-1	0.001272135416945526	0.001272135416945526
175	 LLH-1	0.0012717746825392446	0.0012717746825392446
176	 LLH-1	0.0012719759696284793	0.0012719759696284793
177	 LLH-3	0.00134772423132146	0.00134772423132146
178	 LLH-0	0.001349636481056099	0.001349636481056099
179	 LLH-5	0.0013495065481734124	0.0013495065481734124
180	 LLH-6	0.0013477973554486093	0.0013477973554486093
181	 LLH-2	0.001340849156775615	0.001340849156775615
182	 LLH-3	0.0012860526115608655	0.0012860526115608655
183	 LLH-1	0.0012860526115608655	0.0012860526115608655
184	 LLH-4	0.001285164311972091	0.001285164311972091
187	 LLH-1	0.001285164311972091	0.001285164311972091
188	 LLH-0	0.0012864838042007322	0.0012864838042007322
189	 LLH-3	0.0013622283667010955	0.0013622283667010955
190	 LLH-0	0.0013602200489728597	0.0013602200489728597
191	 LLH-4	0.0013580715879372989	0.0013580715879372989
193	 LLH-5	0.0013585852137190818	0.0013585852137190818
194	 LLH-1	0.0013585899618421687	0.0013585899618421687
195	 LLH-6	0.0013580498749262199	0.0013580498749262199
196	 LLH-6	0.0013568129640036835	0.0013568129640036835
197	 LLH-6	0.0013578118629433847	0.0013578118629433847
198	 LLH-1	0.0013578118629433847	0.0013578118629433847
199	 LLH-5	0.0013572623012609157	0.0013572623012609157
200	 LLH-2	0.0013488868187774563	0.0013488868187774563
201	 LLH-5	0.001349099425408278	0.001349099425408278
202	 LLH-0	0.0013465932748738638	0.0013465932748738638
203	 LLH-4	0.0013444374440958746	0.0013444374440958746
205	 LLH-2	0.0013409888564322391	0.0013409888564322391
206	 LLH-6	0.001341727608454785	0.001341727608454785
207	 LLH-1	0.001341727608454785	0.001341727608454785
208	 LLH-5	0.0013411981924483884	0.0013411981924483884
209	 LLH-5	0.0013401650849815582	0.0013401650849815582
210	 LLH-3	0.0014591520390275121	0.0014591520390275121
211	 LLH-6	0.0014592301493252025	0.0014592301493252025
212	 LLH-3	0.0013164920565889087	0.0013164920565889087
213	 LLH-0	0.0013180329593507044	0.0013180329593507044
214	 LLH-2	0.001303316022995795	0.001303316022995795
215	 LLH-6	0.0013029506328011556	0.0013029506328011556
216	 LLH-4	0.0013029506328011556	0.0013029506328011556
221	 LLH-6	0.0013057436626165656	0.0013057436626165656
222	 LLH-0	0.001306951981859233	0.001306951981859233
223	 LLH-4	0.001305404979511161	0.001305404979511161
225	 LLH-2	0.0013116036688441204	0.0013116036688441204
226	 LLH-0	0.0013103595201823504	0.0013103595201823504
227	 LLH-6	0.001311397091163123	0.001311397091163123
228	 LLH-1	0.001311397091163123	0.001311397091163123
229	 LLH-1	0.0013109399777554514	0.0013109399777554514
230	 LLH-3	0.0012702124733155362	0.0012702124733155362
231	 LLH-6	0.0012699279601899374	0.0012699279601899374
232	 LLH-1	0.0012699235421099356	0.0012699235421099356
233	 LLH-1	0.0012697339097096844	0.0012697339097096844
234	 LLH-6	0.0012695164889091539	0.0012695164889091539
235	 LLH-5	0.0012699947854083538	0.0012699947854083538
236	 LLH-0	0.0012709941335931744	0.0012709941335931744
237	 LLH-3	0.0012547298769689647	0.0012547298769689647
238	 LLH-5	0.001255357342414318	0.001255357342414318
239	 LLH-4	0.001255357342414318	0.001255357342414318
244	 LLH-0	0.001255868471137045	0.001255868471137045
245	 LLH-1	0.001255868471137045	0.001255868471137045
246	 LLH-0	0.0012551934180375327	0.0012551934180375327
247	 LLH-5	0.001255285902011699	0.001255285902011699
248	 LLH-4	0.0012547741498680552	0.0012547741498680552
253	 LLH-0	0.0012557486766411133	0.0012557486766411133
254	 LLH-1	0.0012557486766411133	0.0012557486766411133
255	 LLH-4	0.001254878839585576	0.001254878839585576
259	 LLH-2	0.0012589446171621082	0.0012589446171621082
260	 LLH-5	0.0012593476386249624	0.0012593476386249624
261	 LLH-4	0.0012593476386249624	0.0012593476386249624
266	 LLH-4	0.001258744761729848	0.001258744761729848
268	 LLH-4	0.0012580468667352704	0.0012580468667352704
273	 LLH-5	0.0012579273509833557	0.0012579273509833557
274	 LLH-3	0.0012588006171345876	0.0012588006171345876
275	 LLH-0	0.001258195480905798	0.001258195480905798
276	 LLH-1	0.001258195480905798	0.001258195480905798
277	 LLH-2	0.0012472418479995524	0.0012472418479995524
278	 LLH-6	0.0012466366583827513	0.0012466366583827513
279	 LLH-4	0.0012466366583827513	0.0012466366583827513
284	 LLH-3	0.001246592792131423	0.001246592792131423
285	 LLH-0	0.0012471451144475897	0.0012471451144475897
286	 LLH-4	0.0012471451144475897	0.0012471451144475897
291	 LLH-2	0.0012592961842889717	0.0012592961842889717
292	 LLH-0	0.0012598982939192327	0.0012598982939192327
293	 LLH-4	0.00125930806342136	0.00125930806342136
296	 LLH-6	0.0012609164572992904	0.0012609164572992904
297	 LLH-6	0.0012603589672510853	0.0012603589672510853
298	 LLH-0	0.0012608754653819592	0.0012608754653819592
299	 LLH-2	0.0012558737978564463	0.0012558737978564463
300	 LLH-6	0.001256212510586053	0.001256212510586053
301	 LLH-3	0.0012461329686060316	0.0012461329686060316
302	 LLH-1	0.0012457376996413373	0.0012457376996413373
303	 LLH-5	0.0012457317814031704	0.0012457317814031704
304	 LLH-4	0.0012457317814031704	0.0012457317814031704
309	 LLH-4	0.0012457317814031704	0.0012457317814031704
314	 LLH-1	0.0012457317814031704	0.0012457317814031704
315	 LLH-3	0.0012901897302187435	0.0012901897302187435
316	 LLH-1	0.0012901897302187435	0.0012901897302187435
317	 LLH-1	0.0012901897302187435	0.0012901897302187435
318	 LLH-0	0.0012888657714662669	0.0012888657714662669
319	 LLH-6	0.0012865502607835632	0.0012865502607835632
320	 LLH-0	0.001308695988879066	0.001308695988879066
321	 LLH-0	0.0013075223759039245	0.0013075223759039245
322	 LLH-6	0.0013076891317877724	0.0013076891317877724
323	 LLH-5	0.001307489179108902	0.001307489179108902
324	 LLH-5	0.0013071030845466368	0.0013071030845466368
325	 LLH-4	0.0013054476760386861	0.0013054476760386861
327	 LLH-4	0.0013040671955291269	0.0013040671955291269
329	 LLH-6	0.0013032579522588626	0.0013032579522588626
330	 LLH-3	0.0013878034468470185	0.0013878034468470185
331	 LLH-5	0.0013893533217839012	0.0013893533217839012
332	 LLH-0	0.0013607312007522286	0.0013607312007522286
333	 LLH-1	0.0013611328789354838	0.0013611328789354838
334	 LLH-6	0.001361904156653189	0.001361904156653189
335	 LLH-2	0.0013844177048654648	0.0013844177048654648
336	 LLH-2	0.0013352044383787317	0.0013352044383787317
337	 LLH-1	0.0013352044383787317	0.0013352044383787317
338	 LLH-5	0.0013344493085012301	0.0013344493085012301
339	 LLH-5	0.0013356943419075835	0.0013356943419075835
340	 LLH-5	0.0013360453866267758	0.0013360453866267758
341	 LLH-2	0.0013358747264476676	0.0013358747264476676
342	 LLH-3	0.0012805100655762694	0.0012805100655762694
343	 LLH-0	0.0012817282515165853	0.0012817282515165853
344	 LLH-2	0.0012956873978710538	0.0012956873978710538
345	 LLH-0	0.0012751060381364027	0.0012751060381364027
346	 LLH-4	0.0012751060381364027	0.0012751060381364027
351	 LLH-4	0.0012751060381364027	0.0012751060381364027
356	 LLH-5	0.001273905793453732	0.001273905793453732
357	 LLH-2	0.001283985627713813	0.001283985627713813
358	 LLH-2	0.0012862892753649157	0.0012862892753649157
359	 LLH-5	0.0012851782310858574	0.0012851782310858574
360	 LLH-4	0.0012841705654688643	0.0012841705654688643
364	 LLH-5	0.0012849920565708316	0.0012849920565708316
365	 LLH-1	0.0012849920565708316	0.0012849920565708316
366	 LLH-6	0.001284840024758042	0.001284840024758042
367	 LLH-5	0.0012846734386425004	0.0012846734386425004
368	 LLH-2	0.0013036681171410113	0.0013036681171410113
369	 LLH-4	0.001302579871164116	0.001302579871164116
371	 LLH-6	0.001302754776990669	0.001302754776990669
372	 LLH-0	0.0013038403573203284	0.0013038403573203284
373	 LLH-5	0.0013029415735637683	0.0013029415735637683
374	 LLH-0	0.0013043826325121217	0.0013043826325121217
375	 LLH-0	0.0013056148738778285	0.0013056148738778285
376	 LLH-3	0.001368609211637933	0.001368609211637933
377	 LLH-5	0.0013685505902771345	0.0013685505902771345
378	 LLH-5	0.0013696523561396038	0.0013696523561396038
379	 LLH-1	0.0013696523561396038	0.0013696523561396038
380	 LLH-3	0.0015055177361075122	0.0015055177361075122
381	 LLH-5	0.0015065342442466309	0.0015065342442466309
382	 LLH-6	0.0015064126703435473	0.0015064126703435473
383	 LLH-6	0.001505630790310016	0.001505630790310016
384	 LLH-0	0.0015095675193866531	0.0015095675193866531
385	 LLH-5	0.0015093961864329148	0.0015093961864329148
386	 LLH-0	0.0015047193922959976	0.0015047193922959976
387	 LLH-5	0.0015056671831834144	0.0015056671831834144
388	 LLH-1	0.0015056671831834144	0.0015056671831834144
389	 LLH-4	0.0015012525879282666	0.0015012525879282666
392	 LLH-3	0.0013198835383386278	0.0013198835383386278
393	 LLH-2	0.0013170332704418026	0.0013170332704418026
394	 LLH-3	0.0012739961804919897	0.0012739961804919897
395	 LLH-3	0.0013411246703574245	0.0012739961804919897
396	 LLH-4	0.0012733049665354433	0.0012733049665354433
398	 LLH-2	0.0012740721803365987	0.0012740721803365987
399	 LLH-5	0.0012728984023329104	0.0012728984023329104
400	 LLH-0	0.0012717675084268332	0.0012717675084268332
401	 LLH-0	0.0012730404344714246	0.0012730404344714246
402	 LLH-5	0.001273085748710101	0.001273085748710101
403	 LLH-6	0.0012750841804095969	0.0012750841804095969
404	 LLH-5	0.0012753594301467214	0.0012753594301467214
405	 LLH-1	0.0012753594301467214	0.0012753594301467214
406	 LLH-1	0.0012755659081832155	0.0012755659081832155
407	 LLH-2	0.0012879954283994376	0.0012879954283994376
408	 LLH-2	0.0012882411505918691	0.0012882411505918691
409	 LLH-6	0.001288843090565495	0.001288843090565495
410	 LLH-4	0.0012876391331578378	0.0012876391331578378
412	 LLH-1	0.0012876391331578378	0.0012876391331578378
413	 LLH-2	0.0012880747274210218	0.0012880747274210218
414	 LLH-5	0.001287573614432655	0.001287573614432655
415	 LLH-1	0.0012871487174926242	0.0012871487174926242
416	 LLH-6	0.0012869297613298766	0.0012869297613298766
417	 LLH-1	0.0012868277933520919	0.0012868277933520919
418	 LLH-3	0.0012693995078980659	0.0012693995078980659
419	 LLH-0	0.0012702534552361223	0.0012702534552361223
420	 LLH-2	0.0012670386300121731	0.0012670386300121731
421	 LLH-2	0.0012736764877061702	0.0012736764877061702
422	 LLH-6	0.0012744836616137636	0.0012744836616137636
423	 LLH-3	0.0013524195816957613	0.0013524195816957613
424	 LLH-3	0.0012823270482702242	0.0012823270482702242
425	 LLH-0	0.0012814176530814628	0.0012814176530814628
426	 LLH-6	0.0012837621258217588	0.0012837621258217588
427	 LLH-2	0.001282906988055697	0.001282906988055697
428	 LLH-4	0.001282906988055697	0.001282906988055697
433	 LLH-4	0.0012818909721990747	0.0012818909721990747
435	 LLH-4	0.0012805412641605405	0.0012805412641605405
438	 LLH-5	0.0012803705235447827	0.0012803705235447827
439	 LLH-2	0.0012967043048966954	0.0012967043048966954
440	 LLH-2	0.0012885524542455016	0.0012885524542455016
441	 LLH-4	0.0012885524542455016	0.0012885524542455016
446	 LLH-3	0.0012637666350803218	0.0012637666350803218
447	 LLH-1	0.001263867728229465	0.001263867728229465
448	 LLH-3	0.0013117498723197946	0.0013117498723197946
449	 LLH-0	0.0013134103408187494	0.0013134103408187494
450	 LLH-3	0.0014160923911998701	0.0014160923911998701
451	 LLH-4	0.0014131214936461125	0.0014131214936461125
454	 LLH-0	0.001410408462849454	0.001410408462849454
455	 LLH-1	0.0014112555022807332	0.0014112555022807332
456	 LLH-5	0.0014108123082662502	0.0014108123082662502
457	 LLH-1	0.0014108123082662502	0.0014108123082662502
458	 LLH-4	0.0014078866435343858	0.0014078866435343858
463	 LLH-3	0.0013052289790195576	0.0013052289790195576
464	 LLH-2	0.0012992079426424798	0.0012992079426424798
465	 LLH-3	0.0014155566062360935	0.0014155566062360935
466	 LLH-1	0.0014156359846173667	0.0014156359846173667
467	 LLH-4	0.0014129675408320315	0.0014129675408320315
469	 LLH-4	0.001410692455572608	0.001410692455572608
473	 LLH-2	0.0013648922690035698	0.0013648922690035698
474	 LLH-1	0.0013648922690035698	0.0013648922690035698
475	 LLH-4	0.001362247605596288	0.001362247605596288
480	 LLH-5	0.0013629494075757	0.0013629494075757
481	 LLH-1	0.0013624669716668235	0.0013624669716668235
482	 LLH-3	0.0014758892020681094	0.0013624669716668235
483	 LLH-2	0.0013346933748477883	0.0013346933748477883
484	 LLH-5	0.001334789546011551	0.001334789546011551
485	 LLH-6	0.0013341871899345316	0.0013341871899345316
486	 LLH-3	0.001443432264265604	0.001443432264265604
487	 LLH-2	0.0014033081683741974	0.0014033081683741974
488	 LLH-3	0.001561505961987389	0.001561505961987389
489	 LLH-3	0.0013298953594718937	0.0013298953594718937
490	 LLH-6	0.0013281307331000618	0.0013281307331000618
491	 LLH-4	0.0013265423750587215	0.0013265423750587215
493	 LLH-1	0.001326518139695128	0.001326518139695128
494	 LLH-2	0.0013179173479197532	0.0013179173479197532
495	 LLH-0	0.0013162198748387954	0.0013162198748387954
496	 LLH-4	0.0013146646437174618	0.0013146646437174618
499	 LLH-5	0.0013141339179313881	0.0013141339179313881
500	 LLH-6	0.0013133244605452311	0.0013133244605452311
501	 LLH-3	0.001436245669391515	0.0013133244605452311
502	 LLH-2	0.0013092640446643743	0.0013092640446643743
503	 LLH-2	0.0012882002911824818	0.0012882002911824818
504	 LLH-3	0.0013849689131470617	0.0013849689131470617
505	 LLH-3	0.0015640373762718907	0.0013849689131470617
506	 LLH-6	0.0013853480395153838	0.0013853480395153838
507	 LLH-1	0.0013853480395153838	0.0013853480395153838
508	 LLH-4	0.0013831604315285304	0.0013831604315285304
510	 LLH-3	0.0015127294025034526	0.0013831604315285304
511	 LLH-2	0.001368894669422269	0.001368894669422269
512	 LLH-0	0.0013711039493351628	0.0013711039493351628
513	 LLH-4	0.00136931190286234	0.00136931190286234
515	 LLH-2	0.001352514597581375	0.001352514597581375
516	 LLH-0	0.0013505275318323384	0.0013505275318323384
517	 LLH-4	0.0013485643836476787	0.0013485643836476787
520	 LLH-0	0.0013464489236238728	0.0013464489236238728
521	 LLH-5	0.0013472156893279495	0.0013472156893279495
522	 LLH-1	0.0013472156893279495	0.0013472156893279495
523	 LLH-0	0.001349150316418776	0.001349150316418776
524	 LLH-2	0.001337855524057869	0.001337855524057869
525	 LLH-1	0.001337855524057869	0.001337855524057869
526	 LLH-4	0.001337855524057869	0.001337855524057869
531	 LLH-3	0.0014756191210478489	0.001337855524057869
532	 LLH-2	0.0013257533640923546	0.0013257533640923546
533	 LLH-1	0.0013257533640923546	0.0013257533640923546
534	 LLH-5	0.0013267056588085737	0.0013267056588085737
535	 LLH-6	0.001326818836512263	0.001326818836512263
536	 LLH-0	0.0013250987149320277	0.0013250987149320277
537	 LLH-3	0.0012708906111229736	0.0012708906111229736
538	 LLH-3	0.0012623516010630163	0.0012623516010630163
539	 LLH-2	0.0012564049536018204	0.0012564049536018204
540	 LLH-0	0.0012571389123847813	0.0012571389123847813
541	 LLH-3	0.0012520866454910375	0.0012520866454910375
542	 LLH-2	0.0012680294536476918	0.0012680294536476918
543	 LLH-3	0.0013177391462320257	0.0013177391462320257
544	 LLH-3	0.0012746192600613245	0.0012746192600613245
545	 LLH-6	0.0012726802065560687	0.0012726802065560687
546	 LLH-2	0.0012647597613759383	0.0012647597613759383
547	 LLH-6	0.0012661918687379417	0.0012661918687379417
548	 LLH-1	0.001266028802672954	0.001266028802672954
549	 LLH-2	0.001276893474782747	0.001276893474782747
550	 LLH-3	0.0013623335971584814	0.0013623335971584814
551	 LLH-6	0.0013598793971708251	0.0013598793971708251
552	 LLH-4	0.0013580924212380826	0.0013580924212380826
554	 LLH-3	0.0012789556101370785	0.0012789556101370785
555	 LLH-4	0.0012776420949379608	0.0012776420949379608
559	 LLH-1	0.0012775257010213651	0.0012775257010213651
560	 LLH-5	0.0012761217110344068	0.0012761217110344068
561	 LLH-1	0.0012761217110344068	0.0012761217110344068
562	 LLH-6	0.0012757813173040569	0.0012757813173040569
563	 LLH-3	0.0013514825364710132	0.0012757813173040569
564	 LLH-5	0.0012753468787321516	0.0012753468787321516
565	 LLH-5	0.001275730877694674	0.001275730877694674
566	 LLH-1	0.001275730877694674	0.001275730877694674
567	 LLH-5	0.0012751415739758968	0.0012751415739758968
568	 LLH-5	0.001274626869370869	0.001274626869370869
569	 LLH-3	0.001264210365110532	0.001264210365110532
570	 LLH-2	0.0012702527869421377	0.0012702527869421377
571	 LLH-0	0.0012694085638561478	0.0012694085638561478
572	 LLH-2	0.001274062906896196	0.001274062906896196
573	 LLH-6	0.0012742760598305758	0.0012742760598305758
574	 LLH-3	0.0012585838002719938	0.0012585838002719938
575	 LLH-6	0.001258839758487438	0.001258839758487438
576	 LLH-4	0.001258323816779842	0.001258323816779842
578	 LLH-3	0.0012846027675462043	0.0012846027675462043
579	 LLH-6	0.001283258147671234	0.001283258147671234
580	 LLH-2	0.0013013534105557336	0.0013013534105557336
581	 LLH-1	0.0013013689793534731	0.0013013689793534731
582	 LLH-1	0.001301858994619272	0.001301858994619272
583	 LLH-1	0.0013020230748072659	0.0013020230748072659
584	 LLH-1	0.0013020230748072659	0.0013020230748072659
585	 LLH-4	0.0013005484772253186	0.0013005484772253186
587	 LLH-6	0.0013009677818627537	0.0013009677818627537
588	 LLH-1	0.0013009677818627537	0.0013009677818627537
589	 LLH-3	0.0014352068662335281	0.0013009677818627537
590	 LLH-3	0.001420946880656703	0.0013009677818627537
591	 LLH-0	0.0012997405956253981	0.0012997405956253981
592	 LLH-6	0.0013019235553552045	0.0013019235553552045
593	 LLH-1	0.0013019235553552045	0.0013019235553552045
594	 LLH-6	0.0013009049998136788	0.0013009049998136788
595	 LLH-2	0.0012960018872672152	0.0012960018872672152
596	 LLH-4	0.0012947788739419285	0.0012947788739419285
599	 LLH-3	0.0012550422378272354	0.0012550422378272354
600	 LLH-1	0.0012550422378272354	0.0012550422378272354
601	 LLH-0	0.0012560142637238732	0.0012560142637238732
602	 LLH-6	0.001256093437552503	0.001256093437552503
603	 LLH-0	0.0012568672996989734	0.0012568672996989734
604	 LLH-3	0.001252003131755274	0.001252003131755274
605	 LLH-5	0.0012521589706303614	0.0012521589706303614
606	 LLH-0	0.0012527333033989368	0.0012527333033989368
607	 LLH-2	0.0012537557675422152	0.0012537557675422152
608	 LLH-6	0.0012544397203199038	0.0012544397203199038
609	 LLH-6	0.0012539253159814256	0.0012539253159814256
610	 LLH-1	0.0012539253159814256	0.0012539253159814256
611	 LLH-3	0.001305344204055796	0.0012539253159814256
612	 LLH-4	0.0012533179048358095	0.0012533179048358095
614	 LLH-5	0.0012529764836878812	0.0012529764836878812
615	 LLH-2	0.0012666903115134312	0.0012666903115134312
616	 LLH-2	0.0012658036070023106	0.0012658036070023106
617	 LLH-6	0.0012658666729547807	0.0012658666729547807
618	 LLH-1	0.0012658666729547807	0.0012658666729547807
619	 LLH-0	0.0012669275307270098	0.0012669275307270098
620	 LLH-2	0.0012718537102668999	0.0012718537102668999
621	 LLH-0	0.0012729406443903308	0.0012729406443903308
622	 LLH-4	0.0012719542001108735	0.0012719542001108735
624	 LLH-4	0.0012719542001108735	0.0012719542001108735
629	 LLH-5	0.0012719258244853373	0.0012719258244853373
630	 LLH-1	0.0012719258244853373	0.0012719258244853373
631	 LLH-3	0.0012632918944256149	0.0012632918944256149
632	 LLH-4	0.0012626748616876545	0.0012626748616876545
634	 LLH-4	0.0012626748616876545	0.0012626748616876545
639	 LLH-2	0.001262218408114547	0.001262218408114547
640	 LLH-2	0.0012659400524889397	0.0012659400524889397
641	 LLH-5	0.0012655098529389523	0.0012655098529389523
642	 LLH-5	0.0012654117983088478	0.0012654117983088478
643	 LLH-2	0.001274868871536367	0.0012654117983088478
644	 LLH-1	0.0012654117983088478	0.0012654117983088478
645	 LLH-2	0.0012780420295889167	0.0012654117983088478
646	 LLH-5	0.0012648544522445423	0.0012648544522445423
647	 LLH-6	0.001265483161760937	0.001265483161760937
648	 LLH-2	0.0012738136605182546	0.0012738136605182546
649	 LLH-6	0.001274371059846801	0.001274371059846801
650	 LLH-6	0.001274088061048408	0.001274088061048408
651	 LLH-5	0.0012747337991782638	0.0012747337991782638
652	 LLH-3	0.0013475292672034084	0.0012747337991782638
653	 LLH-5	0.0012744414954417446	0.0012744414954417446
654	 LLH-2	0.001274195967078005	0.001274195967078005
655	 LLH-0	0.0012751334413322849	0.0012751334413322849
656	 LLH-2	0.0012872246825679765	0.0012872246825679765
657	 LLH-4	0.0012862606432606433	0.0012862606432606433
662	 LLH-3	0.0012576432012705704	0.0012576432012705704
663	 LLH-5	0.0012569111816854057	0.0012569111816854057
664	 LLH-6	0.0012570339101463527	0.0012570339101463527
665	 LLH-5	0.0012569661453538676	0.0012569661453538676
666	 LLH-0	0.0012560774599597794	0.0012560774599597794
667	 LLH-3	0.0012601475140659587	0.0012601475140659587
668	 LLH-6	0.0012608532979031147	0.0012608532979031147
669	 LLH-2	0.0012554648710192292	0.0012554648710192292
670	 LLH-5	0.001255619618720776	0.001255619618720776
671	 LLH-3	0.0012556908322172396	0.0012556908322172396
672	 LLH-3	0.0012965526254256343	0.0012965526254256343
673	 LLH-6	0.0012968408811363087	0.0012968408811363087
674	 LLH-3	0.0013832827378171067	0.0012968408811363087
675	 LLH-6	0.0012975931820270671	0.0012975931820270671
676	 LLH-2	0.0013096845788019085	0.0013096845788019085
677	 LLH-6	0.001308396279480398	0.001308396279480398
678	 LLH-0	0.0012864104791745676	0.0012864104791745676
679	 LLH-0	0.0013084534912953473	0.0013084534912953473
680	 LLH-6	0.0013090542884641625	0.0013090542884641625
681	 LLH-0	0.001307852748352438	0.001307852748352438
682	 LLH-5	0.0013080103695312381	0.0013080103695312381
683	 LLH-6	0.0013064296992243392	0.0013064296992243392
684	 LLH-2	0.0012980071134716376	0.0012980071134716376
685	 LLH-5	0.0012986552501231098	0.0012986552501231098
686	 LLH-3	0.0012580321204541734	0.0012580321204541734
687	 LLH-3	0.0012518151598390754	0.0012518151598390754
688	 LLH-3	0.001307131543641951	0.001307131543641951
689	 LLH-5	0.001306417044111034	0.001306417044111034
690	 LLH-2	0.0013170471236260623	0.0013170471236260623
691	 LLH-2	0.0013055594272901121	0.0013055594272901121
692	 LLH-5	0.001304883396257838	0.001304883396257838
693	 LLH-5	0.0013050162870583862	0.0013050162870583862
694	 LLH-1	0.0013050162870583862	0.0013050162870583862
695	 LLH-1	0.00130463182708252	0.00130463182708252
696	 LLH-4	0.00130463182708252	0.00130463182708252
701	 LLH-2	0.0013090961816278066	0.0013090961816278066
702	 LLH-3	0.0012672874449892026	0.0012672874449892026
703	 LLH-4	0.0012672874449892026	0.0012672874449892026
708	 LLH-1	0.0012673200964384442	0.0012673200964384442
709	 LLH-0	0.0012683148550195842	0.0012683148550195842
710	 LLH-1	0.0012680843132013456	0.0012680843132013456
711	 LLH-1	0.001267988406262288	0.001267988406262288
712	 LLH-6	0.0012682990728196666	0.0012682990728196666
713	 LLH-6	0.0012684850226269086	0.0012684850226269086
714	 LLH-6	0.0012682837348860292	0.0012682837348860292
715	 LLH-5	0.0012691252228702534	0.0012691252228702534
716	 LLH-1	0.0012691252228702534	0.0012691252228702534
717	 LLH-4	0.0012691252228702534	0.0012691252228702534
722	 LLH-5	0.0012697334489324419	0.0012697334489324419
723	 LLH-4	0.0012686893398518163	0.0012686893398518163
726	 LLH-6	0.0012694023754272854	0.0012694023754272854
727	 LLH-5	0.0012701006778494304	0.0012701006778494304
728	 LLH-3	0.0013183159177441578	0.0013183159177441578
729	 LLH-4	0.0013166022702413465	0.0013166022702413465
731	 LLH-5	0.0013168709912053872	0.0013168709912053872
732	 LLH-3	0.0014327286325380119	0.0013168709912053872
733	 LLH-4	0.0013153753804068073	0.0013153753804068073
735	 LLH-6	0.0013151311633502792	0.0013151311633502792
736	 LLH-6	0.0013143772640001195	0.0013143772640001195
737	 LLH-0	0.0013160216593485472	0.0013160216593485472
738	 LLH-1	0.0013161080956791706	0.0013161080956791706
739	 LLH-4	0.001314628284791673	0.001314628284791673
741	 LLH-6	0.0013158769693689106	0.0013158769693689106
742	 LLH-5	0.0013167152824979322	0.0013167152824979322
743	 LLH-6	0.0013166542065547312	0.0013166542065547312
744	 LLH-0	0.001315069924291918	0.001315069924291918
745	 LLH-4	0.0013133241810367757	0.0013133241810367757
749	 LLH-5	0.0013127944175386017	0.0013127944175386017
750	 LLH-6	0.0013123453486380981	0.0013123453486380981
751	 LLH-1	0.0013123453486380981	0.0013123453486380981
752	 LLH-0	0.0013108541406321374	0.0013108541406321374
753	 LLH-0	0.001312936361019357	0.001312936361019357
754	 LLH-3	0.0012681406052508846	0.0012681406052508846
755	 LLH-2	0.001277404370750065	0.0012681406052508846
756	 LLH-5	0.0012687595642142373	0.0012687595642142373
757	 LLH-5	0.0012682883478683158	0.0012682883478683158
758	 LLH-4	0.001267402760507585	0.001267402760507585
761	 LLH-2	0.001270793043307179	0.001270793043307179
762	 LLH-6	0.0012701469778287479	0.0012701469778287479
763	 LLH-2	0.0012726624261837356	0.0012726624261837356
764	 LLH-3	0.0013585365514908426	0.0012726624261837356
765	 LLH-1	0.0012727053445162164	0.0012727053445162164
766	 LLH-6	0.0012734886446247404	0.0012734886446247404
767	 LLH-2	0.001287716858211059	0.001287716858211059
768	 LLH-6	0.0012898741552155844	0.0012898741552155844
769	 LLH-2	0.00128926599959884	0.00128926599959884
770	 LLH-4	0.0012880212609049754	0.0012880212609049754
773	 LLH-0	0.001289379560596859	0.001289379560596859
774	 LLH-5	0.001288160634900862	0.001288160634900862
775	 LLH-2	0.0012918115787425315	0.0012918115787425315
776	 LLH-0	0.0012903954986640293	0.0012903954986640293
777	 LLH-5	0.0012895243254942939	0.0012895243254942939
778	 LLH-2	0.001298092930382099	0.001298092930382099
779	 LLH-6	0.001296529166523618	0.001296529166523618
780	 LLH-2	0.0013001462089119915	0.0013001462089119915
781	 LLH-1	0.0013001462089119915	0.0013001462089119915
782	 LLH-5	0.0012999076790745096	0.0012999076790745096
783	 LLH-3	0.0013889824868201857	0.0012999076790745096
784	 LLH-2	0.0012999385494945742	0.0012999385494945742
785	 LLH-2	0.001305396799170422	0.001305396799170422
786	 LLH-2	0.0013207346426895653	0.001305396799170422
787	 LLH-1	0.0013049571143714336	0.0013049571143714336
788	 LLH-6	0.0013028833402564013	0.0013028833402564013
789	 LLH-3	0.0012671934697401415	0.0012671934697401415
790	 LLH-0	0.0012678597809855576	0.0012678597809855576
791	 LLH-5	0.001268225011099469	0.001268225011099469
792	 LLH-5	0.0012685597226483566	0.0012685597226483566
793	 LLH-4	0.0012685597226483566	0.0012685597226483566
798	 LLH-2	0.0012738093934015887	0.0012738093934015887
799	 LLH-4	0.0012728046519424573	0.0012728046519424573
801	 LLH-3	0.0013373301337354152	0.0012728046519424573
802	 LLH-5	0.0012725581976156019	0.0012725581976156019
803	 LLH-2	0.001275798476024049	0.001275798476024049
804	 LLH-0	0.001276647994503667	0.001276647994503667
805	 LLH-6	0.0012780306045731284	0.0012780306045731284
806	 LLH-3	0.0013286937643423547	0.0012780306045731284
807	 LLH-1	0.0012778432663335397	0.0012778432663335397
808	 LLH-1	0.0012780733146388321	0.0012780733146388321
809	 LLH-4	0.0012771065531516313	0.0012771065531516313
811	 LLH-6	0.001278400356343213	0.001278400356343213
812	 LLH-4	0.0012771818704505218	0.0012771818704505218
815	 LLH-4	0.001276191371575236	0.001276191371575236
817	 LLH-5	0.0012750862533098361	0.0012750862533098361
818	 LLH-1	0.0012752142056043445	0.0012752142056043445
819	 LLH-1	0.0012749444552032614	0.0012749444552032614
820	 LLH-2	0.0012800296591533632	0.0012800296591533632
821	 LLH-2	0.001282983820958174	0.0012800296591533632
822	 LLH-0	0.0012786881213729773	0.0012786881213729773
823	 LLH-0	0.0012777137311082752	0.0012777137311082752
824	 LLH-4	0.0012766895596542966	0.0012766895596542966
828	 LLH-5	0.0012764862917141197	0.0012764862917141197
829	 LLH-3	0.0012540097579836478	0.0012540097579836478
830	 LLH-1	0.0012540097579836478	0.0012540097579836478
831	 LLH-2	0.0012620829035017208	0.0012620829035017208
832	 LLH-6	0.001261928587936084	0.001261928587936084
833	 LLH-3	0.0013332962056856175	0.001261928587936084
834	 LLH-1	0.001261928587936084	0.001261928587936084
835	 LLH-1	0.001261928587936084	0.001261928587936084
836	 LLH-1	0.001261928587936084	0.001261928587936084
837	 LLH-6	0.0012631239196082013	0.0012631239196082013
838	 LLH-5	0.0012627220094787795	0.0012627220094787795
839	 LLH-1	0.0012627220094787795	0.0012627220094787795
840	 LLH-2	0.0012739164129916111	0.0012739164129916111
841	 LLH-0	0.0012730972506432626	0.0012730972506432626
842	 LLH-5	0.001272176935647263	0.001272176935647263
843	 LLH-4	0.001272176935647263	0.001272176935647263
848	 LLH-1	0.0012722312840556848	0.0012722312840556848
849	 LLH-3	0.0013224112225289119	0.0012722312840556848
850	 LLH-5	0.0012712344429991922	0.0012712344429991922
851	 LLH-5	0.0012709456111949231	0.0012709456111949231
852	 LLH-4	0.0012699804867373266	0.0012699804867373266
854	 LLH-2	0.001278582336755011	0.0012699804867373266
855	 LLH-6	0.001270617579766778	0.001270617579766778
856	 LLH-3	0.0013198428605084155	0.001270617579766778
857	 LLH-6	0.0012690947269092397	0.0012690947269092397
858	 LLH-6	0.0012680275753824616	0.0012680275753824616
859	 LLH-2	0.001269979404466145	0.001269979404466145
860	 LLH-6	0.0012711461617106743	0.0012711461617106743
861	 LLH-6	0.001271335363470669	0.001271335363470669
862	 LLH-5	0.0012711882551844412	0.0012711882551844412
863	 LLH-6	0.0012727218532078508	0.0012727218532078508
864	 LLH-6	0.001270288758845635	0.001270288758845635
865	 LLH-1	0.0012707785335712956	0.0012707785335712956
866	 LLH-4	0.0012696753433221115	0.0012696753433221115
868	 LLH-2	0.0012736738137927317	0.0012736738137927317
869	 LLH-6	0.0012738090368192632	0.0012738090368192632
870	 LLH-5	0.0012732799806100033	0.0012732799806100033
871	 LLH-1	0.0012732799806100033	0.0012732799806100033
872	 LLH-2	0.0012817761594929272	0.0012732799806100033
873	 LLH-5	0.0012766556486381111	0.0012732799806100033
874	 LLH-5	0.0012735372858148001	0.0012735372858148001
875	 LLH-0	0.001272590292054045	0.001272590292054045
876	 LLH-0	0.0012734332323873026	0.0012734332323873026
877	 LLH-0	0.0012747351542941232	0.0012734332323873026
878	 LLH-1	0.0012734332323873026	0.0012734332323873026
879	 LLH-0	0.0012745493966002579	0.0012745493966002579
880	 LLH-3	0.0012623382092110545	0.0012623382092110545
881	 LLH-0	0.0012615124696785077	0.0012615124696785077
882	 LLH-5	0.0012619635447166328	0.0012619635447166328
883	 LLH-0	0.0012611876899675093	0.0012611876899675093
884	 LLH-0	0.0012604293821579663	0.0012604293821579663
885	 LLH-1	0.0012604293821579663	0.0012604293821579663
886	 LLH-4	0.0012604293821579663	0.0012604293821579663
891	 LLH-4	0.0012597390725604014	0.0012597390725604014
893	 LLH-3	0.0012455791767545514	0.0012455791767545514
894	 LLH-4	0.0012455791767545514	0.0012455791767545514
899	 LLH-1	0.0012455791767545514	0.0012455791767545514
900	 LLH-2	0.001264243841690461	0.001264243841690461
901	 LLH-2	0.0012705976363850187	0.0012705976363850187
902	 LLH-2	0.0012670004113847144	0.0012670004113847144
903	 LLH-0	0.0012677084266545769	0.0012677084266545769
904	 LLH-2	0.0012826926164258238	0.0012826926164258238
905	 LLH-3	0.0012638613742788094	0.0012638613742788094
906	 LLH-1	0.0012638613742788094	0.0012638613742788094
907	 LLH-6	0.0012641034608444847	0.0012641034608444847
908	 LLH-2	0.0012617899904057805	0.0012617899904057805
909	 LLH-6	0.0012636664936111178	0.0012636664936111178
910	 LLH-6	0.0012642358178574955	0.0012642358178574955
911	 LLH-0	0.0012651824414293203	0.0012651824414293203
912	 LLH-3	0.0012593675624601906	0.0012593675624601906
913	 LLH-0	0.0012599762271625092	0.0012593675624601906
914	 LLH-5	0.0012594463317364604	0.0012594463317364604
915	 LLH-2	0.0012648434945830601	0.0012594463317364604
916	 LLH-1	0.0012594463317364604	0.0012594463317364604
917	 LLH-5	0.0012590338932984297	0.0012590338932984297
918	 LLH-2	0.0012620652354926945	0.0012620652354926945
919	 LLH-6	0.001261586861178797	0.001261586861178797
920	 LLH-3	0.0013207254290307018	0.001261586861178797
921	 LLH-1	0.001261586861178797	0.001261586861178797
922	 LLH-0	0.001262331506052995	0.001262331506052995
923	 LLH-1	0.001262331506052995	0.001262331506052995
924	 LLH-4	0.0012616791542993198	0.0012616791542993198
927	 LLH-2	0.0012578888995403753	0.0012578888995403753
928	 LLH-2	0.001268782267467533	0.0012578888995403753
929	 LLH-1	0.0012578888995403753	0.0012578888995403753
930	 LLH-6	0.0012581529531416275	0.0012581529531416275
931	 LLH-0	0.0012587819212019056	0.0012587819212019056
932	 LLH-6	0.0012579425166753732	0.0012579425166753732
933	 LLH-5	0.0012575928149224	0.0012575928149224
934	 LLH-2	0.001256844517387315	0.001256844517387315
935	 LLH-3	0.0012538493697812042	0.0012538493697812042
936	 LLH-6	0.0012533493661332456	0.0012533493661332456
937	 LLH-5	0.0012539669962464985	0.0012539669962464985
938	 LLH-2	0.0012643727191638712	0.0012539669962464985
939	 LLH-0	0.0012546714241192917	0.0012546714241192917
940	 LLH-5	0.001252957190874782	0.001252957190874782
941	 LLH-2	0.0012512165488347336	0.0012512165488347336
942	 LLH-2	0.0012691767929418796	0.0012512165488347336
943	 LLH-4	0.0012512165488347336	0.0012512165488347336
948	 LLH-5	0.0012511993681210867	0.0012511993681210867
949	 LLH-2	0.0012761221506178652	0.0012511993681210867
950	 LLH-2	0.0012686227107530964	0.0012511993681210867
951	 LLH-0	0.0012518997334288753	0.0012518997334288753
952	 LLH-3	0.0013090791756471916	0.0012518997334288753
953	 LLH-2	0.0012782474224566894	0.0012518997334288753
954	 LLH-6	0.001252324298186081	0.001252324298186081
955	 LLH-1	0.001252324298186081	0.001252324298186081
956	 LLH-4	0.0012514832286404268	0.0012514832286404268
960	 LLH-0	0.0012524532140138391	0.0012524532140138391
961	 LLH-2	0.001274102788288092	0.0012524532140138391
962	 LLH-0	0.0012533016022508035	0.0012533016022508035
963	 LLH-6	0.0012535101503870997	0.0012535101503870997
964	 LLH-2	0.0012625065259191178	0.0012625065259191178
965	 LLH-4	0.0012616968537830895	0.0012616968537830895
969	 LLH-0	0.0012627182339933019	0.0012627182339933019
970	 LLH-1	0.0012627182339933019	0.0012627182339933019
971	 LLH-4	0.0012618744494413746	0.0012618744494413746
973	 LLH-0	0.001261063722933879	0.001261063722933879
974	 LLH-6	0.0012629907694171052	0.0012629907694171052
975	 LLH-0	0.0012636352476772205	0.0012636352476772205
976	 LLH-3	0.0013323041674878956	0.0012636352476772205
977	 LLH-5	0.0012635733146104816	0.0012635733146104816
978	 LLH-6	0.0012630399973588456	0.0012630399973588456
979	 LLH-3	0.0013332650379194136	0.0012630399973588456
980	 LLH-2	0.0012699113564971344	0.0012630399973588456
981	 LLH-5	0.0012640344985905875	0.0012640344985905875
982	 LLH-0	0.0012631847615689673	0.0012631847615689673
983	 LLH-1	0.0012631847615689673	0.0012631847615689673
984	 LLH-3	0.0012532323527473274	0.0012532323527473274
985	 LLH-5	0.0012539543315123664	0.0012539543315123664
986	 LLH-2	0.0012639560502589503	0.0012539543315123664
987	 LLH-0	0.0012546646275609038	0.0012546646275609038
988	 LLH-5	0.001254224152575865	0.001254224152575865
989	 LLH-1	0.001254224152575865	0.001254224152575865
990	 LLH-5	0.0012542497201633966	0.0012542497201633966
991	 LLH-3	0.0012569275308582264	0.0012569275308582264
992	 LLH-6	0.0012577813384303366	0.0012577813384303366
993	 LLH-5	0.0012582274371161464	0.0012582274371161464
994	 LLH-0	0.0012592715770138989	0.0012592715770138989
995	 LLH-3	0.0012906206938990811	0.0012592715770138989
996	 LLH-3	0.0012486587489886308	0.0012486587489886308
997	 LLH-1	0.001248698891630567	0.001248698891630567
998	 LLH-6	0.0012477847319963804	0.0012477847319963804
999	 LLH-4	0.0012473437439401447	0.0012473437439401447
1003	 LLH-1	0.0012473437439401447	0.0012473437439401447
1004	 LLH-2	0.0012572643142537599	0.0012473437439401447
1005	 LLH-2	0.0012456060063569623	0.0012456060063569623
1006	 LLH-2	0.00124999259084898	0.00124999259084898
1007	 LLH-2	0.0012657309541731743	0.00124999259084898
1008	 LLH-1	0.0012499682456853765	0.0012499682456853765
1009	 LLH-3	0.0013132765660821373	0.0012499682456853765
1010	 LLH-1	0.0012499682456853765	0.0012499682456853765
1011	 LLH-2	0.0012578546503832794	0.0012578546503832794
1012	 LLH-1	0.0012576207997760575	0.0012576207997760575
1013	 LLH-5	0.0012578554430056465	0.0012578554430056465
1014	 LLH-0	0.0012569990590989622	0.0012569990590989622
1015	 LLH-1	0.0012569990590989622	0.0012569990590989622
1016	 LLH-5	0.0012578999068710637	0.0012569990590989622
1017	 LLH-0	0.0012577420566690974	0.0012577420566690974
1018	 LLH-4	0.0012577420566690974	0.0012577420566690974
1023	 LLH-5	0.0012588101176290152	0.0012588101176290152
1024	 LLH-3	0.0012494764154331697	0.0012494764154331697
1025	 LLH-4	0.0012485655225809634	0.0012485655225809634
1030	 LLH-0	0.0012490571364098416	0.0012490571364098416
1031	 LLH-0	0.0012497810699163966	0.0012497810699163966
1032	 LLH-1	0.0012497452133006202	0.0012497452133006202
1033	 LLH-4	0.0012491626356017482	0.0012491626356017482
1037	 LLH-5	0.0012493588912390135	0.0012493588912390135
1038	 LLH-3	0.0013008835074778849	0.0012493588912390135
1039	 LLH-4	0.0012487435271477218	0.0012487435271477218
1044	 LLH-4	0.0012487435271477218	0.0012487435271477218
1049	 LLH-6	0.001247659823272872	0.001247659823272872
1050	 LLH-5	0.0012480763370669055	0.0012480763370669055
1051	 LLH-6	0.0012487476354672371	0.0012487476354672371
1052	 LLH-5	0.0012481024888186796	0.0012481024888186796
1053	 LLH-5	0.0012486879395207373	0.0012486879395207373
1054	 LLH-3	0.0013077927292535077	0.0012486879395207373
1055	 LLH-1	0.0012486879395207373	0.0012486879395207373
1056	 LLH-4	0.0012480772139753134	0.0012480772139753134
1058	 LLH-5	0.0012477282478562256	0.0012477282478562256
1059	 LLH-5	0.0012479349509233804	0.0012479349509233804
1060	 LLH-3	0.0012438085841583125	0.0012438085841583125
1061	 LLH-2	0.0012462417925238362	0.0012462417925238362
1062	 LLH-6	0.0012467659150188853	0.0012467659150188853
1063	 LLH-1	0.0012468499411483179	0.0012468499411483179
1064	 LLH-6	0.0012471660387554718	0.0012471660387554718
1065	 LLH-1	0.0012471660387554718	0.0012471660387554718
1066	 LLH-2	0.0012562668489536474	0.0012471660387554718
1067	 LLH-3	0.001252621602816982	0.0012471660387554718
1068	 LLH-5	0.001246993539781193	0.001246993539781193
1069	 LLH-1	0.001246679947873042	0.001246679947873042
1070	 LLH-6	0.0012465834157191923	0.0012465834157191923
1071	 LLH-2	0.0012577684089691448	0.0012465834157191923
1072	 LLH-1	0.0012465834157191923	0.0012465834157191923
1073	 LLH-5	0.0012457672626397449	0.0012457672626397449
1074	 LLH-2	0.0012508606041654086	0.0012508606041654086
1075	 LLH-1	0.0012508606041654086	0.0012508606041654086
1076	 LLH-1	0.0012508606041654086	0.0012508606041654086
1077	 LLH-1	0.0012508606041654086	0.0012508606041654086
1078	 LLH-1	0.0012508606041654086	0.0012508606041654086
1079	 LLH-6	0.0012494560409014742	0.0012494560409014742
1080	 LLH-1	0.0012494560409014742	0.0012494560409014742
1081	 LLH-1	0.0012496875015995906	0.0012496875015995906
1082	 LLH-0	0.0012502607379012661	0.0012502607379012661
1083	 LLH-4	0.0012492198950233015	0.0012492198950233015
1085	 LLH-2	0.0012663826799413232	0.0012492198950233015
1086	 LLH-2	0.001265039831594896	0.0012492198950233015
1087	 LLH-0	0.0012498544579253779	0.0012498544579253779
1088	 LLH-5	0.0012504354315846617	0.0012504354315846617
1089	 LLH-3	0.0012962291625077831	0.0012504354315846617
1090	 LLH-1	0.0012510256005444033	0.0012510256005444033
1091	 LLH-0	0.0012518931663544292	0.0012510256005444033
1092	 LLH-0	0.0012519107923380929	0.0012510256005444033
1093	 LLH-0	0.0012501957194633834	0.0012501957194633834
1094	 LLH-4	0.0012496506955610293	0.0012496506955610293
1099	 LLH-3	0.0013103720483067286	0.0012496506955610293
1100	 LLH-5	0.001249950803236981	0.001249950803236981
1101	 LLH-1	0.001249950803236981	0.001249950803236981
1102	 LLH-6	0.0012497865997348962	0.0012497865997348962
1103	 LLH-0	0.0012505533709841969	0.0012505533709841969
1104	 LLH-5	0.0012505470461866277	0.0012505470461866277
1105	 LLH-5	0.001250041984237059	0.001250041984237059
1106	 LLH-2	0.0012653511650620533	0.001250041984237059
1107	 LLH-2	0.0012709473709691561	0.001250041984237059
1108	 LLH-0	0.0012506548169050379	0.0012506548169050379
1109	 LLH-0	0.001251322672960364	0.001251322672960364
1110	 LLH-3	0.0012552101482044544	0.0012552101482044544
1111	 LLH-2	0.001266777251832093	0.0012552101482044544
1112	 LLH-3	0.0012907365446467127	0.0012552101482044544
1113	 LLH-6	0.001255514557649308	0.001255514557649308
1114	 LLH-2	0.0012539594663667454	0.0012539594663667454
1115	 LLH-1	0.0012539594663667454	0.0012539594663667454
1116	 LLH-4	0.0012531594382223813	0.0012531594382223813
1121	 LLH-2	0.001263654608995557	0.0012531594382223813
1122	 LLH-5	0.001252820951762604	0.001252820951762604
1123	 LLH-2	0.001257074347219669	0.001257074347219669
1124	 LLH-2	0.0012560690770503072	0.0012560690770503072
1125	 LLH-6	0.0012552291172885266	0.0012552291172885266
1126	 LLH-4	0.0012544448378396036	0.0012544448378396036
1128	 LLH-0	0.0012552820078784116	0.0012552820078784116
1129	 LLH-3	0.0013338408721667262	0.0012552820078784116
1130	 LLH-1	0.0012552820078784116	0.0012552820078784116
1131	 LLH-6	0.0012552236325688998	0.0012552236325688998
1132	 LLH-1	0.0012552236325688998	0.0012552236325688998
1133	 LLH-5	0.0012559135450271185	0.0012559135450271185
1134	 LLH-0	0.0012568234273960682	0.0012568234273960682
1135	 LLH-3	0.0012476864026536817	0.0012476864026536817
1136	 LLH-4	0.001246945910440902	0.001246945910440902
1141	 LLH-6	0.0012482218366080173	0.0012482218366080173
1142	 LLH-2	0.0012505674927523705	0.0012505674927523705
1143	 LLH-3	0.0012888803792139877	0.0012505674927523705
1144	 LLH-1	0.0012508338036397342	0.0012508338036397342
1145	 LLH-0	0.0012513962752153738	0.0012513962752153738
1146	 LLH-5	0.0012514522408895933	0.0012514522408895933
1147	 LLH-5	0.0012528909022498742	0.0012528909022498742
1148	 LLH-0	0.0012538204589685733	0.0012538204589685733
1149	 LLH-1	0.0012538204589685733	0.0012538204589685733
1150	 LLH-6	0.0012533397895957256	0.0012533397895957256
1151	 LLH-6	0.0012534896506134132	0.0012534896506134132
1152	 LLH-2	0.0012598218670222103	0.0012534896506134132
1153	 LLH-2	0.0012707766942462488	0.0012534896506134132
1154	 LLH-2	0.0012695025071668771	0.0012534896506134132
1155	 LLH-3	0.0012549892017755877	0.0012549892017755877
1156	 LLH-1	0.0012549334258851953	0.0012549334258851953
1157	 LLH-0	0.0012543374489004922	0.0012543374489004922
1158	 LLH-2	0.0012496256992636492	0.0012496256992636492
1159	 LLH-5	0.0012489440503003903	0.0012489440503003903
1160	 LLH-3	0.0012947728122911202	0.0012489440503003903
1161	 LLH-3	0.0012519707956179743	0.0012519707956179743
1162	 LLH-4	0.001251439094075968	0.001251439094075968
1167	 LLH-6	0.0012518486849698671	0.0012518486849698671
1168	 LLH-6	0.0012523212449753265	0.0012523212449753265
1169	 LLH-6	0.0012538351943180198	0.0012538351943180198
1170	 LLH-4	0.0012532147709127669	0.0012532147709127669
1174	 LLH-2	0.001258645841353229	0.001258645841353229
1175	 LLH-6	0.001258955181393113	0.001258955181393113
1176	 LLH-4	0.001258955181393113	0.001258955181393113
1181	 LLH-2	0.0012533379865034486	0.0012533379865034486
1182	 LLH-2	0.0012616931642259529	0.0012533379865034486
1183	 LLH-1	0.0012533379865034486	0.0012533379865034486
1184	 LLH-6	0.001251856227907916	0.001251856227907916
1185	 LLH-3	0.0012484652632368026	0.0012484652632368026
1186	 LLH-4	0.0012477348118861452	0.0012477348118861452
1188	 LLH-4	0.0012477348118861452	0.0012477348118861452
1193	 LLH-3	0.0012804796937938576	0.0012477348118861452
1194	 LLH-6	0.0012493362652258974	0.0012477348118861452
1195	 LLH-0	0.00124855589643875	0.00124855589643875
1196	 LLH-1	0.0012487127900549914	0.0012487127900549914
1197	 LLH-2	0.001252381385088122	0.001252381385088122
1198	 LLH-5	0.0012527107384978694	0.0012527107384978694
1199	 LLH-5	0.0012525188209263794	0.0012525188209263794
1200	 LLH-0	0.001253042598182128	0.001253042598182128
1201	 LLH-6	0.001253339020897283	0.001253339020897283
1202	 LLH-5	0.0012535886546112655	0.0012535886546112655
1203	 LLH-4	0.0012535886546112655	0.0012535886546112655
1208	 LLH-0	0.0012542845543331903	0.0012542845543331903
1209	 LLH-2	0.0012559964246197616	0.0012559964246197616
1210	 LLH-1	0.0012559964246197616	0.0012559964246197616
1211	 LLH-0	0.0012567364070311129	0.0012567364070311129
1212	 LLH-4	0.0012559752678079135	0.0012559752678079135
1214	 LLH-6	0.0012566421361498252	0.0012566421361498252
1215	 LLH-1	0.0012566421361498252	0.0012566421361498252
1216	 LLH-1	0.0012565591913488846	0.0012565591913488846
1217	 LLH-0	0.0012572785114454764	0.0012572785114454764
1218	 LLH-3	0.0013098435206691822	0.0012572785114454764
1219	 LLH-5	0.0012567164305989087	0.0012567164305989087
1220	 LLH-4	0.0012560865513631986	0.0012560865513631986
1224	 LLH-4	0.0012560865513631986	0.0012560865513631986
1229	 LLH-6	0.001255520610300375	0.001255520610300375
1230	 LLH-4	0.00125474454351732	0.00125474454351732
1232	 LLH-5	0.0012551783166211516	0.0012551783166211516
1233	 LLH-6	0.0012551971265793837	0.0012551971265793837
1234	 LLH-0	0.0012558876281204942	0.0012558876281204942
1235	 LLH-0	0.0012565952521256711	0.0012565952521256711
1236	 LLH-1	0.0012565952521256711	0.0012565952521256711
1237	 LLH-4	0.0012558513792438493	0.0012558513792438493
1239	 LLH-4	0.0012551274042156431	0.0012551274042156431
1243	 LLH-6	0.0012551583718739903	0.0012551583718739903
1244	 LLH-2	0.0012763560553128344	0.0012551583718739903
1245	 LLH-5	0.0012557239577743631	0.0012557239577743631
1246	 LLH-4	0.0012557239577743631	0.0012557239577743631
1251	 LLH-4	0.0012557239577743631	0.0012557239577743631
1256	 LLH-6	0.0012527368981189516	0.0012527368981189516
1257	 LLH-1	0.0012529936307560093	0.0012529936307560093
1258	 LLH-3	0.0012494399913463806	0.0012494399913463806
1259	 LLH-3	0.0012969157035896844	0.0012494399913463806
1260	 LLH-5	0.0012485338894916301	0.0012485338894916301
1261	 LLH-5	0.00124922027364665	0.00124922027364665
1262	 LLH-6	0.001248481969144316	0.001248481969144316
1263	 LLH-0	0.0012494172011729928	0.0012494172011729928
1264	 LLH-4	0.0012487914144157404	0.0012487914144157404
1267	 LLH-1	0.0012487914144157404	0.0012487914144157404
1268	 LLH-5	0.0012495213496660131	0.0012495213496660131
1269	 LLH-5	0.0012495025281205312	0.0012495025281205312
1270	 LLH-4	0.00124895974393808	0.00124895974393808
1273	 LLH-3	0.0012556807252668222	0.00124895974393808
1274	 LLH-4	0.0012483099802830552	0.0012483099802830552
1276	 LLH-5	0.001248432086071171	0.001248432086071171
1277	 LLH-6	0.0012483493806353392	0.0012483493806353392
1278	 LLH-4	0.0012477799910178664	0.0012477799910178664
1281	 LLH-3	0.0012556995899771135	0.0012477799910178664
1282	 LLH-6	0.0012490397451672217	0.0012490397451672217
1283	 LLH-4	0.0012485304043517791	0.0012485304043517791
1285	 LLH-2	0.0012508046801715366	0.0012485304043517791
1286	 LLH-2	0.0012595333609721922	0.0012485304043517791
1287	 LLH-1	0.0012485304043517791	0.0012485304043517791
1288	 LLH-5	0.001248007997412182	0.001248007997412182
1289	 LLH-1	0.001248007997412182	0.001248007997412182
1290	 LLH-0	0.0012473794816927571	0.0012473794816927571
1291	 LLH-6	0.001246080401585355	0.001246080401585355
1292	 LLH-4	0.0012455928667377538	0.0012455928667377538
1296	 LLH-2	0.0012483429057457854	0.0012455928667377538
1297	 LLH-4	0.0012455928667377538	0.0012455928667377538
1302	 LLH-2	0.0012610426764650849	0.0012455928667377538
1303	 LLH-3	0.0012847864110302552	0.0012455928667377538
1304	 LLH-5	0.0012452578390211718	0.0012452578390211718
1305	 LLH-0	0.0012459059366998792	0.0012459059366998792
1306	 LLH-4	0.0012453284103176928	0.0012453284103176928
1310	 LLH-6	0.0012447580183536705	0.0012447580183536705
1311	 LLH-1	0.0012447580183536705	0.0012447580183536705
1312	 LLH-0	0.001245511199032446	0.001245511199032446
1313	 LLH-2	0.0012499455225238995	0.001245511199032446
1314	 LLH-2	0.0012581744684289568	0.001245511199032446
1315	 LLH-6	0.0012455923213904327	0.0012455923213904327
1316	 LLH-5	0.001245183067528074	0.001245183067528074
1317	 LLH-0	0.0012457585719701594	0.001245183067528074
1318	 LLH-0	0.0012459889900358423	0.0012459889900358423
1319	 LLH-0	0.0012466861166745375	0.0012466861166745375
1320	 LLH-5	0.001246938880300568	0.001246938880300568
1321	 LLH-6	0.0012468616851111303	0.0012468616851111303
1322	 LLH-2	0.0012547967558172906	0.0012547967558172906
1323	 LLH-1	0.0012548762924862328	0.0012548762924862328
1324	 LLH-6	0.0012541807406668119	0.0012541807406668119
1325	 LLH-3	0.0012557475866323818	0.0012557475866323818
1326	 LLH-4	0.0012557475866323818	0.0012557475866323818
1331	 LLH-2	0.0012615771502638901	0.0012557475866323818
1332	 LLH-4	0.0012557475866323818	0.0012557475866323818
1337	 LLH-3	0.0012491874302913882	0.0012491874302913882
1338	 LLH-0	0.001249926242246823	0.001249926242246823
1339	 LLH-3	0.0012508892100250488	0.0012508892100250488
1340	 LLH-2	0.0012513031075516478	0.0012513031075516478
1341	 LLH-4	0.0012506224031704064	0.0012506224031704064
1346	 LLH-4	0.0012506224031704064	0.0012506224031704064
1351	 LLH-1	0.0012506224031704064	0.0012506224031704064
1352	 LLH-0	0.0012500961431215363	0.0012500961431215363
1353	 LLH-6	0.0012490347561645158	0.0012490347561645158
1354	 LLH-4	0.0012484586067430259	0.0012484586067430259
1359	 LLH-6	0.0012486140223699437	0.0012486140223699437
1360	 LLH-6	0.0012492412613869571	0.0012486140223699437
1361	 LLH-4	0.0012486140223699437	0.0012486140223699437
1366	 LLH-5	0.0012486714754924185	0.0012486714754924185
1367	 LLH-3	0.001241590433368842	0.001241590433368842
1368	 LLH-2	0.001260007234284507	0.001241590433368842
1369	 LLH-4	0.001241590433368842	0.001241590433368842
1374	 LLH-1	0.001241590433368842	0.001241590433368842
1375	 LLH-3	0.0012557942287907025	0.001241590433368842
1376	 LLH-4	0.001241590433368842	0.001241590433368842
1381	 LLH-2	0.0012538536672549346	0.001241590433368842
1382	 LLH-4	0.001241590433368842	0.001241590433368842
1387	 LLH-2	0.0012517748538288	0.001241590433368842
1388	 LLH-5	0.001241590433368842	0.001241590433368842
1389	 LLH-0	0.0012421927793690702	0.0012421927793690702
1390	 LLH-5	0.0012422364019986545	0.0012422364019986545
1391	 LLH-6	0.001242431228462924	0.001242431228462924
1392	 LLH-5	0.001242448256622937	0.001242448256622937
1393	 LLH-4	0.001242448256622937	0.001242448256622937
1398	 LLH-3	0.001244935155276937	0.001242448256622937
1399	 LLH-0	0.0012429915761209861	0.0012429915761209861
1400	 LLH-4	0.001242569335337475	0.001242569335337475
1404	 LLH-0	0.0012430404251544847	0.0012430404251544847
1405	 LLH-6	0.0012433992680790044	0.0012433992680790044
1406	 LLH-0	0.001243831354990473	0.001243831354990473
1407	 LLH-3	0.0012840260660700678	0.001243831354990473
1408	 LLH-6	0.001243681684902514	0.001243681684902514
1409	 LLH-5	0.001243979425492314	0.001243681684902514
1410	 LLH-3	0.0012467562221772255	0.001243681684902514
1411	 LLH-6	0.0012441345030506736	0.0012441345030506736
1412	 LLH-1	0.0012441345030506736	0.0012441345030506736
1413	 LLH-4	0.0012433522601331599	0.0012433522601331599
1416	 LLH-0	0.0012437681697570198	0.0012437681697570198
1417	 LLH-0	0.0012445016897434957	0.0012445016897434957
1418	 LLH-5	0.0012445242333407943	0.0012445242333407943
1419	 LLH-3	0.0012477251285379946	0.0012445242333407943
1420	 LLH-3	0.0012666891132031297	0.0012445242333407943
1421	 LLH-1	0.001244619681668891	0.001244619681668891
1422	 LLH-4	0.001244619681668891	0.001244619681668891
1427	 LLH-1	0.001244619681668891	0.001244619681668891
1428	 LLH-5	0.0012441434471636746	0.0012441434471636746
1429	 LLH-1	0.0012441434471636746	0.0012441434471636746
1430	 LLH-4	0.0012441434471636746	0.0012441434471636746
1435	 LLH-3	0.0012839969329253862	0.0012441434471636746
1436	 LLH-3	0.001284212158550758	0.0012441434471636746
1437	 LLH-4	0.0012441434471636746	0.0012441434471636746
1442	 LLH-4	0.0012436668649347955	0.0012436668649347955
1445	 LLH-0	0.0012442655808361585	0.0012442655808361585
1446	 LLH-5	0.0012439469287718306	0.0012439469287718306
1447	 LLH-5	0.0012442005591899094	0.0012442005591899094
1448	 LLH-4	0.0012437314902839502	0.0012437314902839502
1451	 LLH-3	0.00128493062234804	0.0012437314902839502
1452	 LLH-6	0.00124260000797782	0.00124260000797782
1453	 LLH-2	0.0012542398344360182	0.00124260000797782
1454	 LLH-0	0.0012431921052986669	0.0012431921052986669
1455	 LLH-1	0.0012431921052986669	0.0012431921052986669
1456	 LLH-0	0.00124361766031426	0.0012431921052986669
1457	 LLH-3	0.0012781376189854989	0.0012431921052986669
1458	 LLH-1	0.001243282669890086	0.001243282669890086
1459	 LLH-6	0.0012429961698645728	0.0012429961698645728
1460	 LLH-0	0.001243494779259345	0.001243494779259345
1461	 LLH-1	0.001243494779259345	0.001243494779259345
1462	 LLH-5	0.001243193160731594	0.001243193160731594
1463	 LLH-5	0.0012431290384721605	0.0012431290384721605
1464	 LLH-0	0.0012436039857969083	0.0012431290384721605
1465	 LLH-1	0.0012431290384721605	0.0012431290384721605
1466	 LLH-5	0.0012431659332396102	0.0012431659332396102
1467	 LLH-6	0.0012424272581628487	0.0012424272581628487
1468	 LLH-2	0.0012471838737508974	0.0012424272581628487
1469	 LLH-4	0.0012418351171843368	0.0012418351171843368
1473	 LLH-4	0.0012418351171843368	0.0012418351171843368
1478	 LLH-5	0.0012418377489742968	0.0012418377489742968
1479	 LLH-1	0.0012418377489742968	0.0012418377489742968
1480	 LLH-2	0.0012558643673888992	0.0012418377489742968
1481	 LLH-4	0.0012418377489742968	0.0012418377489742968
1486	 LLH-2	0.0012558331206492172	0.0012418377489742968
1487	 LLH-4	0.0012414228634063424	0.0012414228634063424
1492	 LLH-6	0.0012430679306527366	0.0012414228634063424
1493	 LLH-4	0.0012409240114899674	0.0012409240114899674
1498	 LLH-4	0.0012409240114899674	0.0012409240114899674
1503	 LLH-6	0.001240697980701458	0.001240697980701458
1504	 LLH-1	0.001240697980701458	0.001240697980701458
1505	 LLH-5	0.0012408201153461266	0.0012408201153461266
1506	 LLH-4	0.001239986853953797	0.001239986853953797
1511	 LLH-0	0.001240789101920931	0.001240789101920931
1512	 LLH-1	0.001240789101920931	0.001240789101920931
1513	 LLH-0	0.0012414584574904513	0.0012414584574904513
1514	 LLH-3	0.0012781961045946048	0.0012414584574904513
1515	 LLH-0	0.001242248888560056	0.001242248888560056
1516	 LLH-3	0.001271899475283131	0.001242248888560056
1517	 LLH-6	0.0012425899208833222	0.001242248888560056
1518	 LLH-1	0.001242248888560056	0.001242248888560056
1519	 LLH-4	0.001242248888560056	0.001242248888560056
1524	 LLH-2	0.0012550542442981815	0.001242248888560056
1525	 LLH-4	0.001242248888560056	0.001242248888560056
1530	 LLH-6	0.0012425517247308699	0.0012425517247308699
1531	 LLH-5	0.0012430091166598664	0.0012430091166598664
1532	 LLH-4	0.0012430091166598664	0.0012430091166598664
1537	 LLH-0	0.0012435356278883416	0.0012430091166598664
1538	 LLH-3	0.0012439491345539982	0.0012430091166598664
1539	 LLH-5	0.0012434844871039236	0.0012434844871039236
1540	 LLH-6	0.0012423927129768515	0.0012423927129768515
1541	 LLH-2	0.0012512733313873377	0.0012423927129768515
1542	 LLH-4	0.001241740299217993	0.001241740299217993
1547	 LLH-3	0.0012763994013948467	0.001241740299217993
1548	 LLH-1	0.0012417450818781835	0.0012417450818781835
1549	 LLH-3	0.0012808433522144003	0.0012417450818781835
1550	 LLH-2	0.0012521329810813346	0.0012417450818781835
1551	 LLH-3	0.0012650666507847857	0.0012417450818781835
1552	 LLH-6	0.0012425837950670886	0.0012425837950670886
1553	 LLH-3	0.0012493623473620208	0.0012425837950670886
1554	 LLH-6	0.001242911436643173	0.001242911436643173
1555	 LLH-6	0.001243101281362149	0.001243101281362149
1556	 LLH-6	0.0012428246090546357	0.0012428246090546357
1557	 LLH-2	0.0012569685653565797	0.0012428246090546357
1558	 LLH-0	0.0012432535763500685	0.0012432535763500685
1559	 LLH-4	0.0012432535763500685	0.0012432535763500685
1564	 LLH-6	0.001243644451569551	0.001243644451569551
1565	 LLH-1	0.001243644451569551	0.001243644451569551
1566	 LLH-5	0.0012434834437001078	0.0012434834437001078
1567	 LLH-0	0.0012439516681937825	0.0012439516681937825
1568	 LLH-1	0.0012439516681937825	0.0012439516681937825
1569	 LLH-3	0.0012651856930499467	0.0012439516681937825
1570	 LLH-3	0.001247403183200074	0.0012439516681937825
1571	 LLH-3	0.0012755621395227888	0.0012439516681937825
1572	 LLH-6	0.001243174039964223	0.001243174039964223
1573	 LLH-6	0.0012431149225005265	0.0012431149225005265
1574	 LLH-2	0.0012529730541800334	0.0012431149225005265
1575	 LLH-5	0.0012431650505475992	0.0012431149225005265
1576	 LLH-2	0.0012522701566640305	0.0012431149225005265
1577	 LLH-6	0.001243216028984033	0.001243216028984033
1578	 LLH-3	0.0012768017810940433	0.001243216028984033
1579	 LLH-0	0.0012437655170521565	0.0012437655170521565
1580	 LLH-2	0.0012575424931777334	0.0012437655170521565
1581	 LLH-0	0.0012442557114868136	0.0012442557114868136
1582	 LLH-6	0.0012449288387985963	0.0012449288387985963
1583	 LLH-5	0.0012454471006767727	0.0012454471006767727
1584	 LLH-4	0.0012454471006767727	0.0012454471006767727
1589	 LLH-4	0.0012454471006767727	0.0012454471006767727
1594	 LLH-0	0.0012461607408905822	0.0012454471006767727
1595	 LLH-3	0.0012891035542983028	0.0012454471006767727
1596	 LLH-2	0.0012544045826239764	0.0012454471006767727
1597	 LLH-0	0.0012449358906085478	0.0012449358906085478
1598	 LLH-1	0.0012449358906085478	0.0012449358906085478
1599	 LLH-6	0.0012453077054938222	0.0012449358906085478
1600	 LLH-2	0.0012543647691038299	0.0012449358906085478
1601	 LLH-2	0.0012554817187223097	0.0012449358906085478
1602	 LLH-4	0.0012444356051002474	0.0012444356051002474
1607	 LLH-1	0.0012444356051002474	0.0012444356051002474
1608	 LLH-6	0.0012436012929021387	0.0012436012929021387
1609	 LLH-3	0.0012464792103595449	0.0012436012929021387
1610	 LLH-2	0.0012438917306997431	0.0012438917306997431
1611	 LLH-4	0.0012438917306997431	0.0012438917306997431
1616	 LLH-6	0.0012445779404338284	0.0012445779404338284
1617	 LLH-4	0.0012445779404338284	0.0012445779404338284
1622	 LLH-0	0.0012451276155658723	0.0012451276155658723
1623	 LLH-0	0.0012458791227536326	0.0012458791227536326
1624	 LLH-2	0.001257361058435231	0.0012458791227536326
1625	 LLH-5	0.001245821291068786	0.001245821291068786
1626	 LLH-6	0.001246490363976361	0.001245821291068786
1627	 LLH-4	0.001245821291068786	0.001245821291068786
1632	 LLH-2	0.001254922749794186	0.001245821291068786
1633	 LLH-2	0.0012516654564336993	0.001245821291068786
1634	 LLH-4	0.001245821291068786	0.001245821291068786
1639	 LLH-6	0.0012454973348555278	0.0012454973348555278
1640	 LLH-3	0.0012920514660481918	0.0012454973348555278
1641	 LLH-0	0.0012460818665744697	0.0012460818665744697
1642	 LLH-1	0.0012460818665744697	0.0012460818665744697
1643	 LLH-2	0.0012617645223325035	0.0012460818665744697
1644	 LLH-0	0.0012468080818615259	0.0012460818665744697
1645	 LLH-2	0.0012549413511566783	0.0012460818665744697
1646	 LLH-0	0.0012468006545018537	0.0012468006545018537
1647	 LLH-0	0.001246178082767494	0.001246178082767494
1648	 LLH-5	0.0012461607908429402	0.0012461607908429402
1649	 LLH-0	0.001246910242571562	0.0012461607908429402
1650	 LLH-1	0.0012461607908429402	0.0012461607908429402
1651	 LLH-6	0.0012466987521131128	0.0012466987521131128
1652	 LLH-3	0.0012427242007701502	0.0012427242007701502
1653	 LLH-0	0.00124319882850616	0.0012427242007701502
1654	 LLH-1	0.0012427242007701502	0.0012427242007701502
1655	 LLH-2	0.0012510646807281371	0.0012427242007701502
1656	 LLH-1	0.0012427242007701502	0.0012427242007701502
1657	 LLH-5	0.0012422223632235325	0.0012422223632235325
1658	 LLH-2	0.001246016418087612	0.0012422223632235325
1659	 LLH-2	0.0012509886843258427	0.0012422223632235325
1660	 LLH-1	0.0012422223632235325	0.0012422223632235325
1661	 LLH-4	0.0012422223632235325	0.0012422223632235325
1666	 LLH-2	0.0012507643803256613	0.0012422223632235325
1667	 LLH-5	0.0012424967254570571	0.0012424967254570571
1668	 LLH-5	0.0012423677731313377	0.0012423677731313377
1669	 LLH-3	0.001281113063220911	0.0012423677731313377
1670	 LLH-3	0.0012696844639656971	0.0012423677731313377
1671	 LLH-2	0.0012517547966333462	0.0012423677731313377
1672	 LLH-1	0.0012423122272562572	0.0012423122272562572
1673	 LLH-2	0.0012535183775777088	0.0012423122272562572
1674	 LLH-4	0.0012423122272562572	0.0012423122272562572
1679	 LLH-0	0.0012428709519072443	0.0012428709519072443
1680	 LLH-5	0.0012440125453168254	0.0012428709519072443
1681	 LLH-3	0.00125501726461476	0.0012428709519072443
1682	 LLH-4	0.0012428709519072443	0.0012428709519072443
1687	 LLH-5	0.0012428709519072443	0.0012428709519072443
1688	 LLH-6	0.0012427248759328974	0.0012427248759328974
1689	 LLH-0	0.0012433087629420178	0.0012433087629420178
1690	 LLH-6	0.001243744331867868	0.0012433087629420178
1691	 LLH-1	0.0012433087629420178	0.0012433087629420178
1692	 LLH-4	0.0012427494100015865	0.0012427494100015865
1694	 LLH-2	0.0012495376781857977	0.0012427494100015865
1695	 LLH-0	0.0012432894511561433	0.0012427494100015865
1696	 LLH-3	0.001296026436461061	0.0012427494100015865
1697	 LLH-3	0.001257603973893208	0.0012427494100015865
1698	 LLH-4	0.0012427494100015865	0.0012427494100015865
1703	 LLH-2	0.0012582009997015294	0.0012427494100015865
1704	 LLH-0	0.0012436071319048322	0.0012427494100015865
1705	 LLH-1	0.0012427494100015865	0.0012427494100015865
1706	 LLH-0	0.0012419222490542372	0.0012419222490542372
1707	 LLH-1	0.0012419222490542372	0.0012419222490542372
1708	 LLH-1	0.0012419222490542372	0.0012419222490542372
1709	 LLH-0	0.0012424950638493647	0.0012424950638493647
1710	 LLH-5	0.0012428796851270691	0.0012424950638493647
1711	 LLH-0	0.00124295769888863	0.00124295769888863
1712	 LLH-0	0.0012433905320126378	0.00124295769888863
1713	 LLH-0	0.001242336247108567	0.001242336247108567
1714	 LLH-1	0.00124254839040421	0.00124254839040421
1715	 LLH-1	0.0012425181772045472	0.0012425181772045472
1716	 LLH-1	0.0012425181772045472	0.0012425181772045472
1717	 LLH-3	0.0012915282492758457	0.0012425181772045472
1718	 LLH-2	0.0012568693034540547	0.0012425181772045472
1719	 LLH-3	0.0012541894341871146	0.0012425181772045472
1720	 LLH-0	0.0012432390428736804	0.0012432390428736804
1721	 LLH-4	0.001242722328626495	0.001242722328626495
1724	 LLH-2	0.0012526062435038459	0.001242722328626495
1725	 LLH-6	0.001242811584272967	0.001242811584272967
1726	 LLH-1	0.001242811584272967	0.001242811584272967
1727	 LLH-2	0.0012567982047602148	0.001242811584272967
1728	 LLH-4	0.001242811584272967	0.001242811584272967
1733	 LLH-3	0.0012905301595023523	0.001242811584272967
1734	 LLH-4	0.001242386846974799	0.001242386846974799
1737	 LLH-0	0.0012432009956187657	0.0012432009956187657
1738	 LLH-3	0.0012430031770600252	0.0012430031770600252
1739	 LLH-0	0.0012434906750890143	0.0012430031770600252
1740	 LLH-4	0.001242574040403874	0.001242574040403874
1744	 LLH-4	0.001242574040403874	0.001242574040403874
1749	 LLH-0	0.0012430118869581198	0.001242574040403874
1750	 LLH-6	0.0012424568161448428	0.0012424568161448428
1751	 LLH-4	0.0012424568161448428	0.0012424568161448428
1756	 LLH-5	0.0012424568161448428	0.0012424568161448428
1757	 LLH-6	0.0012433456029936484	0.0012424568161448428
1758	 LLH-4	0.0012424568161448428	0.0012424568161448428
1763	 LLH-5	0.001243392604382939	0.0012424568161448428
1764	 LLH-1	0.0012424568161448428	0.0012424568161448428
1765	 LLH-4	0.0012424568161448428	0.0012424568161448428
1770	 LLH-5	0.0012429449290624862	0.0012424568161448428
1771	 LLH-2	0.001256390843166564	0.0012424568161448428
1772	 LLH-3	0.0012442339052860104	0.0012424568161448428
1773	 LLH-6	0.0012424324139894167	0.0012424324139894167
1774	 LLH-5	0.001242871672610338	0.001242871672610338
1775	 LLH-6	0.0012427065669124264	0.0012427065669124264
1776	 LLH-2	0.0012455936969403372	0.0012427065669124264
1777	 LLH-5	0.0012420255346039717	0.0012420255346039717
1778	 LLH-5	0.0012420554370861955	0.0012420554370861955
1779	 LLH-5	0.0012423347891745678	0.0012423347891745678
1780	 LLH-6	0.0012423565362640488	0.0012423565362640488
1781	 LLH-5	0.0012421513980166582	0.0012421513980166582
1782	 LLH-3	0.00124952154976726	0.0012421513980166582
1783	 LLH-0	0.001242586289973541	0.001242586289973541
1784	 LLH-0	0.0012430373845824269	0.001242586289973541
1785	 LLH-0	0.0012429977999411901	0.0012429977999411901
1786	 LLH-3	0.001276812495455853	0.0012429977999411901
1787	 LLH-4	0.001242565618598314	0.001242565618598314
1791	 LLH-1	0.001242565618598314	0.001242565618598314
1792	 LLH-2	0.0012552912722384197	0.001242565618598314
1793	 LLH-2	0.0012448952208771048	0.001242565618598314
1794	 LLH-4	0.001242565618598314	0.001242565618598314
1799	 LLH-4	0.001242565618598314	0.001242565618598314
1804	 LLH-2	0.0012600967360220116	0.001242565618598314
1805	 LLH-1	0.001242565618598314	0.001242565618598314
1806	 LLH-4	0.001242565618598314	0.001242565618598314
1811	 LLH-4	0.001242565618598314	0.001242565618598314
1816	 LLH-5	0.001242203977393064	0.001242203977393064
1817	 LLH-6	0.0012423613206146388	0.0012423613206146388
1818	 LLH-1	0.0012423613206146388	0.0012423613206146388
1819	 LLH-2	0.0012534421485595308	0.0012423613206146388
1820	 LLH-6	0.0012423459634848591	0.0012423459634848591
1821	 LLH-3	0.0012793743224697907	0.0012423459634848591
1822	 LLH-3	0.001281558670556299	0.0012423459634848591
1823	 LLH-5	0.0012428016847446245	0.0012423459634848591
1824	 LLH-6	0.0012428779920286737	0.0012428779920286737
1825	 LLH-5	0.0012425014492583669	0.0012425014492583669
1826	 LLH-1	0.0012425014492583669	0.0012425014492583669
1827	 LLH-4	0.0012425014492583669	0.0012425014492583669
1832	 LLH-1	0.0012425014492583669	0.0012425014492583669
1833	 LLH-1	0.0012425014492583669	0.0012425014492583669
1834	 LLH-1	0.0012425014492583669	0.0012425014492583669
1835	 LLH-6	0.0012434898477575065	0.0012425014492583669
1836	 LLH-6	0.0012416049977774374	0.0012416049977774374
1837	 LLH-2	0.0012570049755151055	0.0012416049977774374
1838	 LLH-5	0.0012411887033317499	0.0012411887033317499
1839	 LLH-1	0.0012411887033317499	0.0012411887033317499
1840	 LLH-6	0.0012415607813288895	0.0012411887033317499
1841	 LLH-2	0.0012496354334704568	0.0012411887033317499
1842	 LLH-0	0.0012418541582544843	0.0012411887033317499
1843	 LLH-0	0.0012415677986597048	0.0012411887033317499
1844	 LLH-3	0.0012490701107638284	0.0012411887033317499
1845	 LLH-0	0.0012418155213733937	0.0012418155213733937
1846	 LLH-0	0.0012428651323988132	0.0012418155213733937
1847	 LLH-4	0.0012418155213733937	0.0012418155213733937
1852	 LLH-1	0.0012418155213733937	0.0012418155213733937
1853	 LLH-4	0.0012418155213733937	0.0012418155213733937
1858	 LLH-2	0.0012501631435416368	0.0012418155213733937
1859	 LLH-6	0.0012424762046001619	0.0012418155213733937
1860	 LLH-3	0.0012658275330998119	0.0012418155213733937
1861	 LLH-6	0.0012414580476680537	0.0012414580476680537
1862	 LLH-4	0.001240949731549216	0.001240949731549216
1864	 LLH-0	0.0012414429779496205	0.001240949731549216
1865	 LLH-4	0.001240949731549216	0.001240949731549216
1870	 LLH-3	0.0012434182754783826	0.001240949731549216
1871	 LLH-5	0.001241292407379972	0.001240949731549216
1872	 LLH-2	0.0012480803474534884	0.001240949731549216
1873	 LLH-1	0.001240949731549216	0.001240949731549216
1874	 LLH-6	0.0012420939837041788	0.001240949731549216
1875	 LLH-3	0.0012474016651969645	0.001240949731549216
1876	 LLH-6	0.0012412653214209056	0.0012412653214209056
1877	 LLH-4	0.0012407509205159205	0.0012407509205159205
1880	 LLH-3	0.0012756966148485408	0.0012407509205159205
1881	 LLH-3	0.0012598713228194032	0.0012407509205159205
1882	 LLH-6	0.001240962133026009	0.001240962133026009
1883	 LLH-0	0.0012414197643141932	0.001240962133026009
1884	 LLH-0	0.0012413500525381093	0.001240962133026009
1885	 LLH-2	0.0012598949672037974	0.001240962133026009
1886	 LLH-2	0.0012552379012125629	0.001240962133026009
1887	 LLH-3	0.0012852686443479435	0.001240962133026009
1888	 LLH-0	0.001241652304509417	0.001240962133026009
1889	 LLH-4	0.001240962133026009	0.001240962133026009
1894	 LLH-3	0.001243399481493696	0.001240962133026009
1895	 LLH-3	0.0012454128957621081	0.001240962133026009
1896	 LLH-6	0.00124123315682735	0.001240962133026009
1897	 LLH-2	0.001246710339626995	0.001240962133026009
1898	 LLH-0	0.0012414326606173792	0.001240962133026009
1899	 LLH-0	0.0012415054884747558	0.001240962133026009
1900	 LLH-1	0.001240962133026009	0.001240962133026009
1901	 LLH-0	0.001241491876687221	0.001240962133026009
1902	 LLH-3	0.0012469984473025403	0.001240962133026009
1903	 LLH-4	0.001240962133026009	0.001240962133026009
1908	 LLH-5	0.0012407380621028787	0.0012407380621028787
1909	 LLH-1	0.0012407380621028787	0.0012407380621028787
1910	 LLH-6	0.0012417298438103413	0.0012417298438103413
1911	 LLH-0	0.0012421964570615192	0.0012417298438103413
1912	 LLH-4	0.0012417298438103413	0.0012417298438103413
1917	 LLH-3	0.0012710147645043168	0.0012417298438103413
1918	 LLH-2	0.00125046039176255	0.0012417298438103413
1919	 LLH-5	0.0012416923158439213	0.0012416923158439213
1920	 LLH-5	0.0012416923158439213	0.0012416923158439213
1921	 LLH-2	0.0012558825326039866	0.0012416923158439213
1922	 LLH-2	0.0012549866112440385	0.0012416923158439213
1923	 LLH-0	0.001242179988124278	0.0012416923158439213
1924	 LLH-1	0.0012416923158439213	0.0012416923158439213
1925	 LLH-1	0.0012416985045594648	0.0012416985045594648
1926	 LLH-0	0.0012424112661743752	0.0012416985045594648
1927	 LLH-5	0.001241415248742049	0.001241415248742049
1928	 LLH-1	0.001241415248742049	0.001241415248742049
1929	 LLH-5	0.0012415870304786339	0.001241415248742049
1930	 LLH-3	0.001246337154188433	0.001241415248742049
1931	 LLH-1	0.001241415248742049	0.001241415248742049
1932	 LLH-0	0.0012418703387803364	0.0012418703387803364
1933	 LLH-4	0.0012418703387803364	0.0012418703387803364
1938	 LLH-1	0.0012418703387803364	0.0012418703387803364
1939	 LLH-4	0.0012418703387803364	0.0012418703387803364
1944	 LLH-2	0.001247868687683215	0.0012418703387803364
1945	 LLH-4	0.0012413974023387194	0.0012413974023387194
1947	 LLH-6	0.0012419102116919005	0.0012419102116919005
1948	 LLH-4	0.0012419102116919005	0.0012419102116919005
1953	 LLH-6	0.0012423213671935095	0.0012419102116919005
1954	 LLH-0	0.0012425827011995371	0.0012419102116919005
1955	 LLH-0	0.0012564277289868818	0.0012419102116919005
1956	 LLH-3	0.0012468923059086841	0.0012419102116919005
1957	 LLH-3	0.0012436642899442086	0.0012419102116919005
1958	 LLH-5	0.001242016648310474	0.001242016648310474
1959	 LLH-4	0.001242016648310474	0.001242016648310474
1964	 LLH-6	0.0012418370782195341	0.0012418370782195341
1965	 LLH-5	0.0012428523229665207	0.0012418370782195341
1966	 LLH-1	0.0012418370782195341	0.0012418370782195341
1967	 LLH-4	0.0012418370782195341	0.0012418370782195341
1972	 LLH-1	0.0012418060536936919	0.0012418060536936919
1973	 LLH-1	0.0012418060536936919	0.0012418060536936919
1974	 LLH-1	0.0012418060536936919	0.0012418060536936919
1975	 LLH-3	0.0012765477131303983	0.0012418060536936919
1976	 LLH-0	0.0012423505574878874	0.0012418060536936919
1977	 LLH-1	0.0012418060536936919	0.0012418060536936919
1978	 LLH-2	0.0012534879588851962	0.0012418060536936919
1979	 LLH-6	0.0012424320479752823	0.0012418060536936919
1980	 LLH-6	0.0012415448133187225	0.0012415448133187225
1981	 LLH-6	0.0012417486206169588	0.0012417486206169588
1982	 LLH-5	0.001241495686845171	0.001241495686845171
1983	 LLH-1	0.001241495686845171	0.001241495686845171
1984	 LLH-2	0.0012578125901832867	0.001241495686845171
1985	 LLH-1	0.001241495686845171	0.001241495686845171
1986	 LLH-1	0.0012414962123495927	0.0012414962123495927
1987	 LLH-3	0.0012714800062908788	0.0012414962123495927
1988	 LLH-0	0.0012419944939140357	0.0012414962123495927
1989	 LLH-2	0.0012534365990660862	0.0012414962123495927
1990	 LLH-2	0.0012463086698787764	0.0012414962123495927
1991	 LLH-5	0.0012420593190004049	0.0012420593190004049
1992	 LLH-1	0.0012419044007731166	0.0012419044007731166
1993	 LLH-4	0.0012419044007731166	0.0012419044007731166
1998	 LLH-4	0.0012419044007731166	0.0012419044007731166
GRID-Start
0.0	0.0
0.0	308.0385
0.0	616.077
0.0	924.1155
0.0	1232.154
0.0	1540.1925
0.0	1848.2310000000002
0.0	2156.2695000000003
0.0	2464.3080000000004
0.0	2772.3465000000006
0.0	3080.3850000000007
0.0	3388.423500000001
0.0	3696.462000000001
0.0	4004.500500000001
0.0	4312.539000000001
0.0	4620.5775
0.0	4928.616
0.0	5236.6545
0.0	5544.692999999999
0.0	5852.731499999999
0.0	6160.769999999999
0.0	6468.808499999998
308.0385	0.0
308.0385	308.0385
308.0385	616.077
308.0385	924.1155
308.0385	1232.154
308.0385	1540.1925
308.0385	1848.2310000000002
308.0385	2156.2695000000003
308.0385	2464.3080000000004
308.0385	2772.3465000000006
308.0385	3080.3850000000007
308.0385	3388.423500000001
308.0385	3696.462000000001
308.0385	4004.500500000001
308.0385	4312.539000000001
308.0385	4620.5775
308.0385	4928.616
308.0385	5236.6545
308.0385	5544.692999999999
308.0385	5852.731499999999
308.0385	6160.769999999999
308.0385	6468.808499999998
616.077	0.0
616.077	308.0385
616.077	616.077
616.077	924.1155
616.077	1232.154
616.077	1540.1925
616.077	1848.2310000000002
616.077	2156.2695000000003
616.077	2464.3080000000004
616.077	2772.3465000000006
616.077	3080.3850000000007
616.077	3388.423500000001
616.077	3696.462000000001
616.077	4004.500500000001
616.077	4312.539000000001
616.077	4620.5775
616.077	4928.616
616.077	5236.6545
616.077	5544.692999999999
616.077	5852.731499999999
616.077	6160.769999999999
616.077	6468.808499999998
924.1155	0.0
924.1155	308.0385
924.1155	616.077
924.1155	924.1155
924.1155	1232.154
924.1155	1540.1925
924.1155	1848.2310000000002
924.1155	2156.2695000000003
924.1155	2464.3080000000004
924.1155	2772.3465000000006
924.1155	3080.3850000000007
924.1155	3388.423500000001
924.1155	3696.462000000001
924.1155	4004.500500000001
924.1155	4312.539000000001
924.1155	4620.5775
924.1155	4928.616
924.1155	5236.6545
924.1155	5544.692999999999
924.1155	5852.731499999999
924.1155	6160.769999999999
924.1155	6468.808499999998
1232.154	0.0
1232.154	308.0385
1232.154	616.077
1232.154	924.1155
1232.154	1232.154
1232.154	1540.1925
1232.154	1848.2310000000002
1232.154	2156.2695000000003
1232.154	2464.3080000000004
1232.154	2772.3465000000006
1232.154	3080.3850000000007
1232.154	4620.5775
1232.154	4928.616
1232.154	5236.6545
1232.154	5544.692999999999
1232.154	5852.731499999999
1232.154	6160.769999999999
1232.154	6468.808499999998
1540.1925	0.0
1540.1925	308.0385
1540.1925	616.077
1540.1925	924.1155
1540.1925	1232.154
1540.1925	1540.1925
1540.1925	1848.2310000000002
1540.1925	2156.2695000000003
1540.1925	2464.3080000000004
1540.1925	2772.3465000000006
1540.1925	3080.3850000000007
1540.1925	4620.5775
1540.1925	4928.616
1540.1925	5236.6545
1540.1925	5544.692999999999
1540.1925	5852.731499999999
1540.1925	6160.769999999999
1540.1925	6468.808499999998
1848.2310000000002	0.0
1848.2310000000002	308.0385
1848.2310000000002	616.077
1848.2310000000002	924.1155
1848.2310000000002	1232.154
1848.2310000000002	1540.1925
1848.2310000000002	1848.2310000000002
1848.2310000000002	2156.2695000000003
1848.2310000000002	2464.3080000000004
1848.2310000000002	2772.3465000000006
1848.2310000000002	3080.3850000000007
1848.2310000000002	4620.5775
1848.2310000000002	4928.616
1848.2310000000002	5236.6545
1848.2310000000002	5544.692999999999
1848.2310000000002	5852.731499999999
1848.2310000000002	6160.769999999999
1848.2310000000002	6468.808499999998
2156.2695000000003	0.0
2156.2695000000003	308.0385
2156.2695000000003	616.077
2156.2695000000003	924.1155
2156.2695000000003	1232.154
2156.2695000000003	1540.1925
2156.2695000000003	1848.2310000000002
2156.2695000000003	2156.2695000000003
2156.2695000000003	2464.3080000000004
2156.2695000000003	2772.3465000000006
2156.2695000000003	3080.3850000000007
2156.2695000000003	4620.5775
2156.2695000000003	4928.616
2156.2695000000003	5236.6545
2156.2695000000003	5544.692999999999
2156.2695000000003	5852.731499999999
2156.2695000000003	6160.769999999999
2156.2695000000003	6468.808499999998
2464.3080000000004	0.0
2464.3080000000004	2464.3080000000004
2464.3080000000004	2772.3465000000006
2464.3080000000004	3080.3850000000007
2464.3080000000004	3388.423500000001
2464.3080000000004	3696.462000000001
2464.3080000000004	4004.500500000001
2464.3080000000004	4312.539000000001
2464.3080000000004	4620.5775
2464.3080000000004	4928.616
2464.3080000000004	5236.6545
2464.3080000000004	5544.692999999999
2464.3080000000004	5852.731499999999
2464.3080000000004	6160.769999999999
2464.3080000000004	6468.808499999998
2772.3465000000006	0.0
2772.3465000000006	2464.3080000000004
2772.3465000000006	2772.3465000000006
2772.3465000000006	3080.3850000000007
2772.3465000000006	3388.423500000001
2772.3465000000006	3696.462000000001
2772.3465000000006	4004.500500000001
2772.3465000000006	4312.539000000001
2772.3465000000006	4620.5775
2772.3465000000006	4928.616
2772.3465000000006	5236.6545
2772.3465000000006	5544.692999999999
2772.3465000000006	5852.731499999999
2772.3465000000006	6160.769999999999
2772.3465000000006	6468.808499999998
3080.3850000000007	0.0
3080.3850000000007	2464.3080000000004
3080.3850000000007	2772.3465000000006
3080.3850000000007	3080.3850000000007
3080.3850000000007	3388.423500000001
3080.3850000000007	3696.462000000001
3080.3850000000007	4004.500500000001
3080.3850000000007	4312.539000000001
3080.3850000000007	4620.5775
3080.3850000000007	4928.616
3080.3850000000007	5236.6545
3080.3850000000007	5544.692999999999
3080.3850000000007	5852.731499999999
3080.3850000000007	6160.769999999999
3080.3850000000007	6468.808499999998
3388.423500000001	0.0
3388.423500000001	2464.3080000000004
3388.423500000001	2772.3465000000006
3388.423500000001	3080.3850000000007
3388.423500000001	3388.423500000001
3388.423500000001	3696.462000000001
3388.423500000001	4004.500500000001
3388.423500000001	4312.539000000001
3388.423500000001	4620.5775
3388.423500000001	4928.616
3388.423500000001	5236.6545
3388.423500000001	5544.692999999999
3388.423500000001	5852.731499999999
3388.423500000001	6160.769999999999
3388.423500000001	6468.808499999998
3696.462000000001	0.0
3696.462000000001	308.0385
3696.462000000001	616.077
3696.462000000001	924.1155
3696.462000000001	1232.154
3696.462000000001	1540.1925
3696.462000000001	1848.2310000000002
3696.462000000001	2156.2695000000003
3696.462000000001	3388.423500000001
3696.462000000001	3696.462000000001
3696.462000000001	4004.500500000001
3696.462000000001	4312.539000000001
3696.462000000001	4620.5775
3696.462000000001	4928.616
3696.462000000001	5236.6545
3696.462000000001	5544.692999999999
3696.462000000001	5852.731499999999
3696.462000000001	6160.769999999999
3696.462000000001	6468.808499999998
4004.500500000001	0.0
4004.500500000001	308.0385
4004.500500000001	616.077
4004.500500000001	924.1155
4004.500500000001	1232.154
4004.500500000001	1540.1925
4004.500500000001	1848.2310000000002
4004.500500000001	2156.2695000000003
4004.500500000001	3388.423500000001
4004.500500000001	3696.462000000001
4004.500500000001	4004.500500000001
4004.500500000001	4312.539000000001
4004.500500000001	4620.5775
4004.500500000001	4928.616
4004.500500000001	5236.6545
4004.500500000001	5544.692999999999
4004.500500000001	5852.731499999999
4004.500500000001	6160.769999999999
4004.500500000001	6468.808499999998
4312.539000000001	0.0
4312.539000000001	308.0385
4312.539000000001	616.077
4312.539000000001	924.1155
4312.539000000001	1232.154
4312.539000000001	1540.1925
4312.539000000001	1848.2310000000002
4312.539000000001	2156.2695000000003
4312.539000000001	3388.423500000001
4312.539000000001	3696.462000000001
4312.539000000001	4004.500500000001
4312.539000000001	4312.539000000001
4312.539000000001	4620.5775
4312.539000000001	4928.616
4312.539000000001	5236.6545
4312.539000000001	5544.692999999999
4312.539000000001	5852.731499999999
4312.539000000001	6160.769999999999
4312.539000000001	6468.808499999998
4620.5775	0.0
4620.5775	308.0385
4620.5775	616.077
4620.5775	924.1155
4620.5775	1232.154
4620.5775	1540.1925
4620.5775	1848.2310000000002
4620.5775	2156.2695000000003
4620.5775	2464.3080000000004
4620.5775	2772.3465000000006
4620.5775	3080.3850000000007
4620.5775	3388.423500000001
4620.5775	3696.462000000001
4620.5775	4004.500500000001
4620.5775	4312.539000000001
4620.5775	4620.5775
4620.5775	4928.616
4620.5775	5236.6545
4620.5775	5544.692999999999
4620.5775	5852.731499999999
4620.5775	6160.769999999999
4620.5775	6468.808499999998
4928.616	0.0
4928.616	308.0385
4928.616	616.077
4928.616	924.1155
4928.616	1232.154
4928.616	1540.1925
4928.616	1848.2310000000002
4928.616	2156.2695000000003
4928.616	2464.3080000000004
4928.616	2772.3465000000006
4928.616	3080.3850000000007
4928.616	3388.423500000001
4928.616	3696.462000000001
4928.616	4004.500500000001
4928.616	4312.539000000001
4928.616	4620.5775
4928.616	4928.616
4928.616	5236.6545
4928.616	5544.692999999999
4928.616	5852.731499999999
4928.616	6160.769999999999
4928.616	6468.808499999998
5236.6545	0.0
5236.6545	308.0385
5236.6545	616.077
5236.6545	924.1155
5236.6545	1232.154
5236.6545	1540.1925
5236.6545	1848.2310000000002
5236.6545	2156.2695000000003
5236.6545	2464.3080000000004
5236.6545	2772.3465000000006
5236.6545	3080.3850000000007
5236.6545	3388.423500000001
5236.6545	3696.462000000001
5236.6545	4004.500500000001
5236.6545	4312.539000000001
5236.6545	4620.5775
5236.6545	4928.616
5236.6545	5236.6545
5236.6545	5544.692999999999
5236.6545	5852.731499999999
5236.6545	6160.769999999999
5236.6545	6468.808499999998
5544.692999999999	0.0
5544.692999999999	308.0385
5544.692999999999	616.077
5544.692999999999	924.1155
5544.692999999999	1232.154
5544.692999999999	1540.1925
5544.692999999999	1848.2310000000002
5544.692999999999	2156.2695000000003
5544.692999999999	2464.3080000000004
5544.692999999999	2772.3465000000006
5544.692999999999	3080.3850000000007
5544.692999999999	3388.423500000001
5544.692999999999	3696.462000000001
5544.692999999999	4004.500500000001
5544.692999999999	4312.539000000001
5544.692999999999	4620.5775
5544.692999999999	4928.616
5544.692999999999	5236.6545
5544.692999999999	5544.692999999999
5544.692999999999	5852.731499999999
5544.692999999999	6160.769999999999
5544.692999999999	6468.808499999998
5852.731499999999	0.0
5852.731499999999	308.0385
5852.731499999999	616.077
5852.731499999999	924.1155
5852.731499999999	1232.154
5852.731499999999	1540.1925
5852.731499999999	1848.2310000000002
5852.731499999999	2156.2695000000003
5852.731499999999	2464.3080000000004
5852.731499999999	2772.3465000000006
5852.731499999999	3080.3850000000007
5852.731499999999	3388.423500000001
5852.731499999999	3696.462000000001
5852.731499999999	4004.500500000001
5852.731499999999	4312.539000000001
5852.731499999999	4620.5775
5852.731499999999	4928.616
5852.731499999999	5236.6545
5852.731499999999	5544.692999999999
5852.731499999999	5852.731499999999
5852.731499999999	6160.769999999999
5852.731499999999	6468.808499999998
6160.769999999999	0.0
6160.769999999999	308.0385
6160.769999999999	616.077
6160.769999999999	924.1155
6160.769999999999	1232.154
6160.769999999999	1540.1925
6160.769999999999	1848.2310000000002
6160.769999999999	2156.2695000000003
6160.769999999999	2464.3080000000004
6160.769999999999	2772.3465000000006
6160.769999999999	3080.3850000000007
6160.769999999999	3388.423500000001
6160.769999999999	3696.462000000001
6160.769999999999	4004.500500000001
6160.769999999999	4312.539000000001
6160.769999999999	4620.5775
6160.769999999999	4928.616
6160.769999999999	5236.6545
6160.769999999999	5544.692999999999
6160.769999999999	5852.731499999999
6160.769999999999	6160.769999999999
6160.769999999999	6468.808499999998
6468.808499999998	0.0
6468.808499999998	308.0385
6468.808499999998	616.077
6468.808499999998	924.1155
6468.808499999998	1232.154
6468.808499999998	1540.1925
6468.808499999998	1848.2310000000002
6468.808499999998	2156.2695000000003
6468.808499999998	2464.3080000000004
6468.808499999998	2772.3465000000006
6468.808499999998	3080.3850000000007
6468.808499999998	3388.423500000001
6468.808499999998	3696.462000000001
6468.808499999998	4004.500500000001
6468.808499999998	4312.539000000001
6468.808499999998	4620.5775
6468.808499999998	4928.616
6468.808499999998	5236.6545
6468.808499999998	5544.692999999999
6468.808499999998	5852.731499999999
6468.808499999998	6160.769999999999
6468.808499999998	6468.808499999998
6776.846999999998	0.0
6776.846999999998	308.0385
6776.846999999998	616.077
6776.846999999998	924.1155
6776.846999999998	1232.154
6776.846999999998	1540.1925
6776.846999999998	1848.2310000000002
6776.846999999998	2156.2695000000003
6776.846999999998	2464.3080000000004
6776.846999999998	2772.3465000000006
6776.846999999998	3080.3850000000007
6776.846999999998	3388.423500000001
6776.846999999998	3696.462000000001
6776.846999999998	4004.500500000001
6776.846999999998	4312.539000000001
6776.846999999998	4620.5775
6776.846999999998	4928.616
6776.846999999998	5236.6545
6776.846999999998	5544.692999999999
6776.846999999998	5852.731499999999
6776.846999999998	6160.769999999999
6776.846999999998	6468.808499999998
7084.885499999998	0.0
7084.885499999998	308.0385
7084.885499999998	616.077
7084.885499999998	924.1155
7084.885499999998	1232.154
7084.885499999998	1540.1925
7084.885499999998	1848.2310000000002
7084.885499999998	2156.2695000000003
7084.885499999998	2464.3080000000004
7084.885499999998	2772.3465000000006
7084.885499999998	3080.3850000000007
7084.885499999998	3388.423500000001
7084.885499999998	3696.462000000001
7084.885499999998	4004.500500000001
7084.885499999998	4312.539000000001
7084.885499999998	4620.5775
7084.885499999998	4928.616
7084.885499999998	5236.6545
7084.885499999998	5544.692999999999
7084.885499999998	5852.731499999999
7084.885499999998	6160.769999999999
7084.885499999998	6468.808499999998
7392.923999999997	0.0
7392.923999999997	308.0385
7392.923999999997	616.077
7392.923999999997	924.1155
7392.923999999997	1232.154
7392.923999999997	1540.1925
7392.923999999997	1848.2310000000002
7392.923999999997	2156.2695000000003
7392.923999999997	2464.3080000000004
7392.923999999997	2772.3465000000006
7392.923999999997	3080.3850000000007
7392.923999999997	3388.423500000001
7392.923999999997	3696.462000000001
7392.923999999997	4004.500500000001
7392.923999999997	4312.539000000001
7392.923999999997	4620.5775
7392.923999999997	4928.616
7392.923999999997	5236.6545
7392.923999999997	5544.692999999999
7392.923999999997	5852.731499999999
7392.923999999997	6160.769999999999
7392.923999999997	6468.808499999998
7700.962499999997	0.0
7700.962499999997	308.0385
7700.962499999997	616.077
7700.962499999997	924.1155
7700.962499999997	1232.154
7700.962499999997	1540.1925
7700.962499999997	1848.2310000000002
7700.962499999997	2156.2695000000003
7700.962499999997	2464.3080000000004
7700.962499999997	2772.3465000000006
7700.962499999997	3080.3850000000007
7700.962499999997	3388.423500000001
7700.962499999997	3696.462000000001
7700.962499999997	4004.500500000001
7700.962499999997	4312.539000000001
7700.962499999997	4620.5775
7700.962499999997	4928.616
7700.962499999997	5236.6545
7700.962499999997	5544.692999999999
7700.962499999997	5852.731499999999
7700.962499999997	6160.769999999999
7700.962499999997	6468.808499999998
8009.000999999997	0.0
8009.000999999997	308.0385
8009.000999999997	616.077
8009.000999999997	924.1155
8009.000999999997	1232.154
8009.000999999997	1540.1925
8009.000999999997	1848.2310000000002
8009.000999999997	2156.2695000000003
8009.000999999997	2464.3080000000004
8009.000999999997	2772.3465000000006
8009.000999999997	3080.3850000000007
8009.000999999997	3388.423500000001
8009.000999999997	3696.462000000001
8009.000999999997	4004.500500000001
8009.000999999997	4312.539000000001
8009.000999999997	4620.5775
8009.000999999997	4928.616
8009.000999999997	5236.6545
8009.000999999997	5544.692999999999
8009.000999999997	5852.731499999999
8009.000999999997	6160.769999999999
8009.000999999997	6468.808499999998
8317.039499999997	0.0
8317.039499999997	308.0385
8317.039499999997	616.077
8317.039499999997	924.1155
8317.039499999997	1232.154
8317.039499999997	1540.1925
8317.039499999997	1848.2310000000002
8317.039499999997	2156.2695000000003
8317.039499999997	2464.3080000000004
8317.039499999997	2772.3465000000006
8317.039499999997	3080.3850000000007
8317.039499999997	3388.423500000001
8317.039499999997	3696.462000000001
8317.039499999997	4004.500500000001
8317.039499999997	4312.539000000001
8317.039499999997	4620.5775
8317.039499999997	4928.616
8317.039499999997	5236.6545
8317.039499999997	5544.692999999999
8317.039499999997	5852.731499999999
8317.039499999997	6160.769999999999
8317.039499999997	6468.808499999998
8625.077999999998	0.0
8625.077999999998	308.0385
8625.077999999998	616.077
8625.077999999998	924.1155
8625.077999999998	1232.154
8625.077999999998	1540.1925
8625.077999999998	1848.2310000000002
8625.077999999998	2156.2695000000003
8625.077999999998	2464.3080000000004
8625.077999999998	2772.3465000000006
8625.077999999998	3080.3850000000007
8625.077999999998	3388.423500000001
8625.077999999998	3696.462000000001
8625.077999999998	4004.500500000001
8625.077999999998	4312.539000000001
8625.077999999998	4620.5775
8625.077999999998	4928.616
8625.077999999998	5236.6545
8625.077999999998	5544.692999999999
8625.077999999998	5852.731499999999
8625.077999999998	6160.769999999999
8625.077999999998	6468.808499999998
8933.116499999998	0.0
8933.116499999998	308.0385
8933.116499999998	616.077
8933.116499999998	924.1155
8933.116499999998	1232.154
8933.116499999998	1540.1925
8933.116499999998	1848.2310000000002
8933.116499999998	2156.2695000000003
8933.116499999998	2464.3080000000004
8933.116499999998	2772.3465000000006
8933.116499999998	3080.3850000000007
8933.116499999998	3388.423500000001
8933.116499999998	3696.462000000001
8933.116499999998	4004.500500000001
8933.116499999998	4312.539000000001
8933.116499999998	4620.5775
8933.116499999998	4928.616
8933.116499999998	5236.6545
8933.116499999998	5544.692999999999
8933.116499999998	5852.731499999999
8933.116499999998	6160.769999999999
8933.116499999998	6468.808499999998
GRID-End
num_of_evaluations 2000
best obj 0.001239986853953797
LLH0	61
LLH1	30
LLH2	52
LLH3	54
LLH4	118
LLH5	96
LLH6	87