Initial objective 0.0013051490128821257	 Seed value 115271647
1	 LLH-0	0.0013036843255859556	0.0013036843255859556
2	 LLH-3	0.001433677976031767	0.001433677976031767
3	 LLH-3	0.0013119140454428478	0.0013119140454428478
4	 LLH-6	0.001312000432459485	0.001312000432459485
5	 LLH-5	0.0013120575602239056	0.0013120575602239056
6	 LLH-5	0.001309771946542019	0.001309771946542019
7	 LLH-4	0.0012877062345309285	0.0012877062345309285
9	 LLH-2	0.001300636158232047	0.001300636158232047
10	 LLH-6	0.0013020257225608122	0.0013020257225608122
11	 LLH-1	0.0013016470448225402	0.0013016470448225402
12	 LLH-1	0.001301828777366441	0.001301828777366441
13	 LLH-5	0.0013024284428108457	0.0013024284428108457
14	 LLH-3	0.0013933334314342946	0.0013933334314342946
15	 LLH-1	0.0013933334314342946	0.0013933334314342946
16	 LLH-0	0.001391241980854609	0.001391241980854609
17	 LLH-4	0.0013888283494397715	0.0013888283494397715
19	 LLH-3	0.00148891869008718	0.00148891869008718
20	 LLH-6	0.001486407000715366	0.001486407000715366
21	 LLH-4	0.0014824267945982373	0.0014824267945982373
23	 LLH-3	0.0016716767530571318	0.0016716767530571318
24	 LLH-2	0.0015259382409025446	0.0015259382409025446
25	 LLH-0	0.0015215321450487611	0.0015215321450487611
26	 LLH-2	0.0014278777400696125	0.0014278777400696125
27	 LLH-4	0.001424907994524658	0.001424907994524658
29	 LLH-4	0.0014217602626033594	0.0014217602626033594
34	 LLH-0	0.0014185780813977158	0.0014185780813977158
35	 LLH-2	0.0013751225980531796	0.0013751225980531796
36	 LLH-5	0.0013742622091716201	0.0013742622091716201
37	 LLH-0	0.0013722463015204865	0.0013722463015204865
38	 LLH-1	0.0013722463015204865	0.0013722463015204865
39	 LLH-1	0.0013722463015204865	0.0013722463015204865
40	 LLH-6	0.0013736124524123565	0.0013736124524123565
41	 LLH-1	0.0013736124524123565	0.0013736124524123565
42	 LLH-5	0.0013735485626262007	0.0013735485626262007
43	 LLH-3	0.0014933850437888066	0.0014933850437888066
44	 LLH-0	0.001497248439665808	0.001497248439665808
45	 LLH-5	0.0014966695872180589	0.0014966695872180589
46	 LLH-4	0.001492553877276022	0.001492553877276022
48	 LLH-4	0.0014883086774952743	0.0014883086774952743
51	 LLH-2	0.0014429806883094365	0.0014429806883094365
52	 LLH-6	0.0014421457550191437	0.0014421457550191437
53	 LLH-0	0.0014100104881640861	0.0014100104881640861
54	 LLH-5	0.0014121717391140964	0.0014121717391140964
55	 LLH-6	0.0014105116982653719	0.0014105116982653719
56	 LLH-4	0.0014105116982653719	0.0014105116982653719
61	 LLH-1	0.0014102034677187726	0.0014102034677187726
62	 LLH-6	0.0014102747926760413	0.0014102747926760413
63	 LLH-0	0.0014422921898414867	0.0014422921898414867
64	 LLH-5	0.0014422166796786273	0.0014422166796786273
65	 LLH-4	0.0014098042897045585	0.0014098042897045585
67	 LLH-6	0.0014102080633664753	0.0014102080633664753
68	 LLH-6	0.001410381806873447	0.001410381806873447
69	 LLH-3	0.0016009268379355004	0.001410381806873447
70	 LLH-2	0.0013737500758578358	0.0013737500758578358
71	 LLH-1	0.0013734791305138401	0.0013734791305138401
72	 LLH-0	0.0013710515180782163	0.0013710515180782163
73	 LLH-5	0.00137088413350935	0.00137088413350935
74	 LLH-6	0.0013702422292663913	0.0013702422292663913
75	 LLH-1	0.0013704821271392797	0.0013704821271392797
76	 LLH-2	0.0013759252076827326	0.0013759252076827326
77	 LLH-6	0.0013745469068797138	0.0013745469068797138
78	 LLH-6	0.0013744741691270933	0.0013744741691270933
79	 LLH-2	0.0013706026039973947	0.0013706026039973947
80	 LLH-0	0.0013686540042349227	0.0013686540042349227
81	 LLH-1	0.0013686505354977524	0.0013686505354977524
82	 LLH-0	0.0013660958665547823	0.0013660958665547823
83	 LLH-4	0.0013638920746390586	0.0013638920746390586
85	 LLH-1	0.0013641865653276342	0.0013641865653276342
86	 LLH-3	0.0012927076281197135	0.0012927076281197135
87	 LLH-6	0.0012933310585021892	0.0012933310585021892
88	 LLH-3	0.0012685826119661911	0.0012685826119661911
89	 LLH-5	0.0012679062349162868	0.0012679062349162868
90	 LLH-0	0.0012688371611223872	0.0012688371611223872
91	 LLH-2	0.0012701133628150532	0.0012701133628150532
92	 LLH-1	0.0012701133628150532	0.0012701133628150532
93	 LLH-2	0.001276440949245703	0.001276440949245703
94	 LLH-3	0.0013470073280950734	0.0013470073280950734
95	 LLH-3	0.001284430049933912	0.001284430049933912
96	 LLH-3	0.0013438250224255014	0.0013438250224255014
97	 LLH-5	0.0013438417236252879	0.0013438417236252879
98	 LLH-6	0.0013456669659509565	0.0013456669659509565
99	 LLH-2	0.0013494717225802878	0.0013494717225802878
100	 LLH-6	0.0013500459337281415	0.0013500459337281415
101	 LLH-4	0.0013480853665747835	0.0013480853665747835
103	 LLH-3	0.001488608132038955	0.001488608132038955
104	 LLH-1	0.0014885206354553469	0.0014885206354553469
105	 LLH-3	0.0013046216494685967	0.0013046216494685967
106	 LLH-6	0.0013059563156989926	0.0013059563156989926
107	 LLH-2	0.001323456252806863	0.001323456252806863
108	 LLH-3	0.0012759672088200466	0.0012759672088200466
109	 LLH-0	0.0012768939596895907	0.0012768939596895907
110	 LLH-4	0.0012757903122256442	0.0012757903122256442
112	 LLH-1	0.001275945394424005	0.001275945394424005
113	 LLH-4	0.0012748855476619639	0.0012748855476619639
116	 LLH-2	0.0012713291658123238	0.0012713291658123238
117	 LLH-5	0.0012719896423916727	0.0012719896423916727
118	 LLH-0	0.0012727890772039941	0.0012727890772039941
119	 LLH-4	0.0012717024237761951	0.0012717024237761951
121	 LLH-4	0.0012705556742102695	0.0012705556742102695
125	 LLH-2	0.0012918238050474166	0.0012918238050474166
126	 LLH-4	0.0012712550507530812	0.0012712550507530812
128	 LLH-4	0.0012712550507530812	0.0012712550507530812
133	 LLH-5	0.0012728945494859373	0.0012728945494859373
134	 LLH-5	0.0012732336495550587	0.0012732336495550587
135	 LLH-6	0.001271839585341396	0.001271839585341396
136	 LLH-3	0.0013682716548503462	0.001271839585341396
137	 LLH-6	0.0012704789755219412	0.0012704789755219412
138	 LLH-4	0.0012704789755219412	0.0012704789755219412
143	 LLH-4	0.0012704789755219412	0.0012704789755219412
148	 LLH-2	0.0012912323110439816	0.0012912323110439816
149	 LLH-6	0.001291636688746417	0.001291636688746417
150	 LLH-2	0.001274124637235646	0.001274124637235646
151	 LLH-1	0.001274124637235646	0.001274124637235646
152	 LLH-1	0.001274068829607857	0.001274068829607857
153	 LLH-5	0.0012734639617483373	0.0012734639617483373
154	 LLH-2	0.0012987018921933522	0.0012987018921933522
155	 LLH-3	0.0012687726337115195	0.0012687726337115195
156	 LLH-5	0.0012690800790651914	0.0012690800790651914
157	 LLH-6	0.001268472500244918	0.001268472500244918
158	 LLH-4	0.001267770786485343	0.001267770786485343
162	 LLH-4	0.001267770786485343	0.001267770786485343
167	 LLH-4	0.0012671302190295655	0.0012671302190295655
170	 LLH-6	0.001267931025482315	0.001267931025482315
171	 LLH-3	0.0012555455063624882	0.0012555455063624882
172	 LLH-0	0.0012548670693635256	0.0012548670693635256
173	 LLH-3	0.0012907535923452717	0.0012907535923452717
174	 LLH-4	0.001289416540816712	0.001289416540816712
178	 LLH-3	0.0012653629279418817	0.0012653629279418817
179	 LLH-1	0.0012653629279418817	0.0012653629279418817
180	 LLH-1	0.0012654461465780753	0.0012654461465780753
181	 LLH-4	0.0012654461465780753	0.0012654461465780753
186	 LLH-2	0.0012632905809441654	0.0012632905809441654
187	 LLH-2	0.0012610448084211788	0.0012610448084211788
188	 LLH-1	0.001261144334306817	0.001261144334306817
189	 LLH-4	0.0012600883234781903	0.0012600883234781903
192	 LLH-0	0.0012592197234389277	0.0012592197234389277
193	 LLH-4	0.0012592197234389277	0.0012592197234389277
198	 LLH-3	0.0013289512284682789	0.0013289512284682789
199	 LLH-2	0.001345142430426875	0.001345142430426875
200	 LLH-2	0.001324651403468706	0.001324651403468706
201	 LLH-4	0.001322975248223628	0.001322975248223628
203	 LLH-1	0.001322975248223628	0.001322975248223628
204	 LLH-1	0.001322975248223628	0.001322975248223628
205	 LLH-0	0.0013212661661894246	0.0013212661661894246
206	 LLH-3	0.0012738364005028013	0.0012738364005028013
207	 LLH-3	0.0012541248215531702	0.0012541248215531702
208	 LLH-2	0.0012731162510666782	0.0012731162510666782
209	 LLH-4	0.0012723218910491389	0.0012723218910491389
211	 LLH-3	0.00124800157576149	0.00124800157576149
212	 LLH-2	0.0012509089240761045	0.0012509089240761045
213	 LLH-6	0.0012502142047177993	0.0012502142047177993
214	 LLH-3	0.0013118068885845727	0.0013118068885845727
215	 LLH-0	0.0013135116798864094	0.0013135116798864094
216	 LLH-5	0.001313530570931679	0.001313530570931679
217	 LLH-1	0.001313530570931679	0.001313530570931679
218	 LLH-5	0.001313247090148131	0.001313247090148131
219	 LLH-2	0.0013040960906110831	0.0013040960906110831
220	 LLH-4	0.0013029804896603774	0.0013029804896603774
223	 LLH-6	0.001304077870893656	0.001304077870893656
224	 LLH-2	0.0013095337524626411	0.0013095337524626411
225	 LLH-5	0.0013101647705767829	0.0013101647705767829
226	 LLH-0	0.0013115043850842475	0.0013115043850842475
227	 LLH-2	0.0013041224812355317	0.0013041224812355317
228	 LLH-6	0.0013058801076286126	0.0013058801076286126
229	 LLH-6	0.0013076617917798239	0.0013076617917798239
230	 LLH-5	0.0013079350828420458	0.0013079350828420458
231	 LLH-3	0.001260367807242873	0.001260367807242873
232	 LLH-5	0.0012602431844778283	0.0012602431844778283
233	 LLH-3	0.0012541116197716154	0.0012541116197716154
234	 LLH-5	0.0012548682708744762	0.0012548682708744762
235	 LLH-1	0.0012548682708744762	0.0012548682708744762
236	 LLH-5	0.00125536124221876	0.00125536124221876
237	 LLH-6	0.0012554005030579324	0.0012554005030579324
238	 LLH-3	0.0013071762409476056	0.0013071762409476056
239	 LLH-6	0.0013076820341532676	0.0013076820341532676
240	 LLH-4	0.0012856135827780668	0.0012856135827780668
242	 LLH-1	0.0012856135827780668	0.0012856135827780668
243	 LLH-3	0.0012605394962030673	0.0012605394962030673
244	 LLH-3	0.0013249661507628192	0.0013249661507628192
245	 LLH-3	0.0012774514152736026	0.0012774514152736026
246	 LLH-2	0.0012741121961518506	0.0012741121961518506
247	 LLH-2	0.0012874481538448271	0.0012874481538448271
248	 LLH-0	0.0012864076870449741	0.0012864076870449741
249	 LLH-3	0.001348915120678855	0.001348915120678855
250	 LLH-4	0.0013468891782375037	0.0013468891782375037
252	 LLH-1	0.0013471225509271531	0.0013471225509271531
253	 LLH-3	0.0014987740011880744	0.0014987740011880744
254	 LLH-1	0.0014987740011880744	0.0014987740011880744
255	 LLH-6	0.0014971156990323644	0.0014971156990323644
256	 LLH-5	0.0014975677443524798	0.0014975677443524798
257	 LLH-5	0.0014986650106770959	0.0014986650106770959
258	 LLH-6	0.0014985369015405093	0.0014985369015405093
259	 LLH-3	0.001323040756263724	0.001323040756263724
260	 LLH-1	0.001323040756263724	0.001323040756263724
261	 LLH-5	0.0013233392582333945	0.0013233392582333945
262	 LLH-1	0.0013232294399256111	0.0013232294399256111
263	 LLH-6	0.001322846680816574	0.001322846680816574
264	 LLH-5	0.0013218650131046987	0.0013218650131046987
265	 LLH-6	0.0013239790104431748	0.0013239790104431748
266	 LLH-4	0.0013225898816300273	0.0013225898816300273
269	 LLH-2	0.0013146844093512476	0.0013146844093512476
270	 LLH-1	0.0013146844093512476	0.0013146844093512476
271	 LLH-5	0.0013140231929783326	0.0013140231929783326
272	 LLH-4	0.0013125686706754228	0.0013125686706754228
275	 LLH-4	0.0013111267085939744	0.0013111267085939744
277	 LLH-3	0.0013923152017864845	0.0013923152017864845
278	 LLH-0	0.001395289803239695	0.001395289803239695
279	 LLH-6	0.0013932691457040542	0.0013932691457040542
280	 LLH-0	0.0013909496835152494	0.0013909496835152494
281	 LLH-4	0.0013888780620609931	0.0013888780620609931
284	 LLH-5	0.0013890883166660414	0.0013890883166660414
285	 LLH-1	0.0013890883166660414	0.0013890883166660414
286	 LLH-6	0.001388028805096531	0.001388028805096531
287	 LLH-3	0.0015612631422142753	0.0015612631422142753
288	 LLH-3	0.001322457708306561	0.001322457708306561
289	 LLH-5	0.0013232771807698746	0.0013232771807698746
290	 LLH-5	0.0013247973993254746	0.0013247973993254746
291	 LLH-0	0.0013232539328220283	0.0013232539328220283
292	 LLH-4	0.0013218452071035568	0.0013218452071035568
294	 LLH-4	0.0013201666240841752	0.0013201666240841752
299	 LLH-0	0.0013217092258047656	0.0013217092258047656
300	 LLH-5	0.0013215275429186986	0.0013215275429186986
301	 LLH-1	0.001321798856850654	0.001321798856850654
302	 LLH-0	0.001319949458147845	0.001319949458147845
303	 LLH-1	0.0013196231431138472	0.0013196231431138472
304	 LLH-4	0.0013175828079810695	0.0013175828079810695
308	 LLH-4	0.001315869556680853	0.001315869556680853
310	 LLH-1	0.001315869556680853	0.001315869556680853
311	 LLH-2	0.0013100715042679491	0.0013100715042679491
312	 LLH-3	0.0012787834987878534	0.0012787834987878534
313	 LLH-1	0.0012789360611895088	0.0012789360611895088
314	 LLH-5	0.0012786876281678993	0.0012786876281678993
315	 LLH-4	0.0012777688604475273	0.0012777688604475273
318	 LLH-5	0.0012787435561894133	0.0012787435561894133
319	 LLH-1	0.0012787435561894133	0.0012787435561894133
320	 LLH-0	0.001279689700204788	0.001279689700204788
321	 LLH-2	0.001286917576521976	0.001286917576521976
322	 LLH-3	0.0013762872349118137	0.001286917576521976
323	 LLH-2	0.0012791411283970934	0.0012791411283970934
324	 LLH-0	0.001280322133401688	0.001280322133401688
325	 LLH-3	0.001251341163053	0.001251341163053
326	 LLH-4	0.0012507241394712223	0.0012507241394712223
330	 LLH-3	0.0012508108537229094	0.0012508108537229094
331	 LLH-3	0.0012847770445085934	0.0012847770445085934
332	 LLH-2	0.001298646051046526	0.001298646051046526
333	 LLH-4	0.0012977048786374649	0.0012977048786374649
336	 LLH-3	0.0012668384222836021	0.0012668384222836021
337	 LLH-6	0.0012682819327833625	0.0012682819327833625
338	 LLH-4	0.0012676203234801028	0.0012676203234801028
342	 LLH-5	0.0012689504774871078	0.0012689504774871078
343	 LLH-1	0.0012689504774871078	0.0012689504774871078
344	 LLH-0	0.0012697620694478746	0.0012697620694478746
345	 LLH-3	0.0013181407729120687	0.0013181407729120687
346	 LLH-0	0.0013195653633343405	0.0013195653633343405
347	 LLH-0	0.0013215491678222053	0.0013215491678222053
348	 LLH-0	0.0013234169052811272	0.0013234169052811272
349	 LLH-6	0.0013237354614464775	0.0013237354614464775
350	 LLH-1	0.0013237354614464775	0.0013237354614464775
351	 LLH-4	0.0013237354614464775	0.0013237354614464775
356	 LLH-0	0.0013221083579834623	0.0013221083579834623
357	 LLH-1	0.0013221083579834623	0.0013221083579834623
358	 LLH-1	0.0013216812757948758	0.0013216812757948758
359	 LLH-1	0.0013216812757948758	0.0013216812757948758
360	 LLH-2	0.0013128512560560248	0.0013128512560560248
361	 LLH-5	0.0013125404258567878	0.0013125404258567878
362	 LLH-4	0.0013109911356963928	0.0013109911356963928
366	 LLH-5	0.0013114412123828557	0.0013114412123828557
367	 LLH-0	0.001310076749655601	0.001310076749655601
368	 LLH-3	0.0014328622307990635	0.0014328622307990635
369	 LLH-5	0.001431783387599534	0.001431783387599534
370	 LLH-0	0.001434648990609238	0.001434648990609238
371	 LLH-2	0.00138963368814904	0.00138963368814904
372	 LLH-2	0.0013818452874423044	0.0013818452874423044
373	 LLH-1	0.0013818452874423044	0.0013818452874423044
374	 LLH-2	0.0013402539219608796	0.0013402539219608796
375	 LLH-4	0.0013381181021811935	0.0013381181021811935
378	 LLH-1	0.0013381181021811935	0.0013381181021811935
379	 LLH-3	0.0012931777721428583	0.0012931777721428583
380	 LLH-0	0.0012919944332433634	0.0012919944332433634
381	 LLH-5	0.0012916588804656754	0.0012916588804656754
382	 LLH-5	0.0012917825155309439	0.0012917825155309439
383	 LLH-2	0.001293041057121037	0.001293041057121037
384	 LLH-4	0.0012915453105214495	0.0012915453105214495
387	 LLH-6	0.0012897794525039174	0.0012897794525039174
388	 LLH-6	0.0012906924677192112	0.0012906924677192112
389	 LLH-4	0.0012895601000227532	0.0012895601000227532
392	 LLH-0	0.0012881445491555693	0.0012881445491555693
393	 LLH-1	0.0012879549887327793	0.0012879549887327793
394	 LLH-0	0.0012869312053008155	0.0012869312053008155
395	 LLH-6	0.0012866947868683956	0.0012866947868683956
396	 LLH-5	0.00128654590216981	0.00128654590216981
397	 LLH-5	0.0012867646156089446	0.0012867646156089446
398	 LLH-0	0.0012857669860118022	0.0012857669860118022
399	 LLH-3	0.0013774621039511915	0.0013774621039511915
400	 LLH-5	0.0013769952426426271	0.0013769952426426271
401	 LLH-0	0.0013793643565439707	0.0013793643565439707
402	 LLH-2	0.001370228107235196	0.001370228107235196
403	 LLH-3	0.0014880164225677473	0.0014880164225677473
404	 LLH-4	0.001483967862303785	0.001483967862303785
407	 LLH-4	0.0014796911100677667	0.0014796911100677667
409	 LLH-2	0.0014273822883174284	0.0014273822883174284
410	 LLH-1	0.0014271559912196002	0.0014271559912196002
411	 LLH-0	0.001424496756266069	0.001424496756266069
412	 LLH-6	0.0014227511706724218	0.0014227511706724218
413	 LLH-2	0.001396654611987124	0.001396654611987124
414	 LLH-1	0.001396654611987124	0.001396654611987124
415	 LLH-2	0.001373896905030431	0.001373896905030431
416	 LLH-5	0.0013745767607604615	0.0013745767607604615
417	 LLH-5	0.0013754171641560484	0.0013754171641560484
418	 LLH-0	0.001377539897665573	0.001377539897665573
419	 LLH-1	0.0013773073751143974	0.0013773073751143974
420	 LLH-3	0.0012708499814449502	0.0012708499814449502
421	 LLH-6	0.0012719239574479468	0.0012719239574479468
422	 LLH-5	0.0012724945895251374	0.0012724945895251374
423	 LLH-4	0.0012713801992946289	0.0012713801992946289
425	 LLH-5	0.0012707979648848293	0.0012707979648848293
426	 LLH-4	0.0012707979648848293	0.0012707979648848293
431	 LLH-5	0.001271623007755732	0.001271623007755732
432	 LLH-3	0.0013797388957615198	0.0013797388957615198
433	 LLH-3	0.0015145671334422918	0.0015145671334422918
434	 LLH-6	0.0015140527835798463	0.0015140527835798463
435	 LLH-3	0.0017436950224187316	0.0017436950224187316
436	 LLH-3	0.0019893182631440316	0.0017436950224187316
437	 LLH-3	0.0021734377520564434	0.0017436950224187316
438	 LLH-1	0.0017439595290060896	0.0017439595290060896
439	 LLH-3	0.001334106078431258	0.001334106078431258
440	 LLH-1	0.0013341060166488406	0.0013341060166488406
441	 LLH-0	0.0013325396563533065	0.0013325396563533065
442	 LLH-3	0.0012885710129405207	0.0012885710129405207
443	 LLH-3	0.0012581803420698126	0.0012581803420698126
444	 LLH-3	0.0012561087029194274	0.0012561087029194274
445	 LLH-2	0.0012580623887874405	0.0012580623887874405
446	 LLH-3	0.0013261008063051186	0.0012580623887874405
447	 LLH-0	0.0012587165421261072	0.0012587165421261072
448	 LLH-0	0.0012594023880947497	0.0012594023880947497
449	 LLH-2	0.0012540930486831749	0.0012540930486831749
450	 LLH-5	0.0012547884545250122	0.0012547884545250122
451	 LLH-6	0.0012548313781017568	0.0012548313781017568
452	 LLH-2	0.0012632978758785568	0.0012632978758785568
453	 LLH-5	0.0012636763065237452	0.0012636763065237452
454	 LLH-4	0.0012626045724820805	0.0012626045724820805
457	 LLH-5	0.0012619221007205271	0.0012619221007205271
458	 LLH-1	0.0012619296052081112	0.0012619296052081112
459	 LLH-1	0.001262132899223586	0.001262132899223586
460	 LLH-5	0.0012623754916453085	0.0012623754916453085
461	 LLH-3	0.0012541090282049202	0.0012541090282049202
462	 LLH-3	0.0013143065901629566	0.0013143065901629566
463	 LLH-0	0.001315641715706723	0.001315641715706723
464	 LLH-5	0.0013158023662286026	0.0013158023662286026
465	 LLH-1	0.0013158023662286026	0.0013158023662286026
466	 LLH-3	0.0012758050935507712	0.0012758050935507712
467	 LLH-3	0.0013486636258757774	0.0013486636258757774
468	 LLH-0	0.0013470640230327077	0.0013470640230327077
469	 LLH-6	0.0013470819252278902	0.0013470819252278902
470	 LLH-1	0.00134678368457044	0.00134678368457044
471	 LLH-4	0.0013449283578026651	0.0013449283578026651
473	 LLH-5	0.0013454152693769417	0.0013454152693769417
474	 LLH-3	0.0012759620255174014	0.0012759620255174014
475	 LLH-1	0.0012759620255174014	0.0012759620255174014
476	 LLH-3	0.00125982538621872	0.00125982538621872
477	 LLH-5	0.0012581750991719194	0.0012581750991719194
478	 LLH-4	0.0012571466049901042	0.0012571466049901042
481	 LLH-0	0.0012579329757411999	0.0012579329757411999
482	 LLH-2	0.001269546439475619	0.001269546439475619
483	 LLH-3	0.0012458763399138563	0.0012458763399138563
484	 LLH-4	0.0012458763399138563	0.0012458763399138563
489	 LLH-4	0.0012449717686730533	0.0012449717686730533
492	 LLH-1	0.0012449717686730533	0.0012449717686730533
493	 LLH-0	0.0012457319417972527	0.0012457319417972527
494	 LLH-0	0.0012465834865779911	0.0012465834865779911
495	 LLH-0	0.00124741363430486	0.00124741363430486
496	 LLH-0	0.001248085799683602	0.001248085799683602
497	 LLH-1	0.001248085799683602	0.001248085799683602
498	 LLH-2	0.001260743310366966	0.001260743310366966
499	 LLH-4	0.001260743310366966	0.001260743310366966
504	 LLH-6	0.001259754206131543	0.001259754206131543
505	 LLH-5	0.0012603906625113306	0.0012603906625113306
506	 LLH-0	0.0012595201745188068	0.0012595201745188068
507	 LLH-5	0.0012600751002218265	0.0012600751002218265
508	 LLH-5	0.0012586297971006522	0.0012586297971006522
509	 LLH-5	0.0012601495064063792	0.0012601495064063792
510	 LLH-6	0.0012605361813620654	0.0012605361813620654
511	 LLH-4	0.0012605361813620654	0.0012605361813620654
516	 LLH-2	0.0012603338303738979	0.0012603338303738979
517	 LLH-6	0.00125999547587305	0.00125999547587305
518	 LLH-3	0.0012501006995629862	0.0012501006995629862
519	 LLH-3	0.001255855948560953	0.001255855948560953
520	 LLH-4	0.0012553657539491876	0.0012553657539491876
525	 LLH-0	0.0012558703775222336	0.0012558703775222336
526	 LLH-2	0.0012494273554979154	0.0012494273554979154
527	 LLH-0	0.001250003899407253	0.001250003899407253
528	 LLH-4	0.001249310253523768	0.001249310253523768
531	 LLH-2	0.001256632492877171	0.001256632492877171
532	 LLH-1	0.0012563756475861233	0.0012563756475861233
533	 LLH-5	0.00125633299333979	0.00125633299333979
534	 LLH-6	0.0012565566480079158	0.0012565566480079158
535	 LLH-4	0.001255791939519437	0.001255791939519437
539	 LLH-0	0.0012550859224531973	0.0012550859224531973
540	 LLH-1	0.0012550859224531973	0.0012550859224531973
541	 LLH-0	0.0012557957484587586	0.0012557957484587586
542	 LLH-3	0.0012544108442589922	0.0012544108442589922
543	 LLH-5	0.0012541190968372432	0.0012541190968372432
544	 LLH-0	0.0012551026399832267	0.0012551026399832267
545	 LLH-3	0.001275011004123728	0.001275011004123728
546	 LLH-0	0.0012762484329483638	0.0012762484329483638
547	 LLH-4	0.001275248828237532	0.001275248828237532
549	 LLH-3	0.0012590147279751822	0.0012590147279751822
550	 LLH-2	0.0012627373139284636	0.0012627373139284636
551	 LLH-3	0.001260835262947644	0.001260835262947644
552	 LLH-0	0.001259801262624195	0.001259801262624195
553	 LLH-1	0.001259801262624195	0.001259801262624195
554	 LLH-3	0.0013242935691913022	0.001259801262624195
555	 LLH-1	0.0012598469917840483	0.0012598469917840483
556	 LLH-5	0.0012598258995616678	0.0012598258995616678
557	 LLH-3	0.0012533873179177424	0.0012533873179177424
558	 LLH-1	0.0012533873179177424	0.0012533873179177424
559	 LLH-1	0.0012529132214675663	0.0012529132214675663
560	 LLH-3	0.0012708126291565195	0.0012708126291565195
561	 LLH-4	0.0012708126291565195	0.0012708126291565195
566	 LLH-6	0.001271250777017302	0.001271250777017302
567	 LLH-1	0.0012709083147965318	0.0012709083147965318
568	 LLH-1	0.0012707655563377587	0.0012707655563377587
569	 LLH-2	0.0012854091982912404	0.0012854091982912404
570	 LLH-4	0.0012842604226327397	0.0012842604226327397
574	 LLH-2	0.0012882839681210665	0.0012882839681210665
575	 LLH-3	0.0013798852557993506	0.0012882839681210665
576	 LLH-2	0.001305749601265052	0.0012882839681210665
577	 LLH-0	0.0012896965067538033	0.0012896965067538033
578	 LLH-2	0.0012988742110053998	0.0012988742110053998
579	 LLH-4	0.0012975938313157047	0.0012975938313157047
584	 LLH-2	0.0013020337397007312	0.0013020337397007312
585	 LLH-4	0.001300886337120896	0.001300886337120896
587	 LLH-5	0.0013014800938532835	0.0013014800938532835
588	 LLH-5	0.001301243629460807	0.001301243629460807
589	 LLH-2	0.0013066592404429437	0.001301243629460807
590	 LLH-4	0.0012999536276452018	0.0012999536276452018
594	 LLH-3	0.0012700065167463943	0.0012700065167463943
595	 LLH-3	0.0013181780745091785	0.0013181780745091785
596	 LLH-6	0.0013180308194466362	0.0013180308194466362
597	 LLH-5	0.001319446799558402	0.001319446799558402
598	 LLH-5	0.0013197168642685843	0.0013197168642685843
599	 LLH-0	0.0013184227889879853	0.0013184227889879853
600	 LLH-6	0.001318537699166121	0.001318537699166121
601	 LLH-0	0.0013199821099294966	0.0013199821099294966
602	 LLH-4	0.0013183432487360786	0.0013183432487360786
604	 LLH-0	0.0013168805049446725	0.0013168805049446725
605	 LLH-1	0.0013168805049446725	0.0013168805049446725
606	 LLH-6	0.001315882845175634	0.001315882845175634
607	 LLH-6	0.001315429764540981	0.001315429764540981
608	 LLH-6	0.0013162056206428054	0.0013162056206428054
609	 LLH-1	0.0013162056206428054	0.0013162056206428054
610	 LLH-6	0.0013175903940712606	0.0013175903940712606
611	 LLH-0	0.0013156920347108417	0.0013156920347108417
612	 LLH-0	0.0013141120883268858	0.0013141120883268858
613	 LLH-3	0.001420554585673715	0.0013141120883268858
614	 LLH-1	0.001314418425336316	0.001314418425336316
615	 LLH-5	0.0013147186834418217	0.0013147186834418217
616	 LLH-5	0.0013147157643907652	0.0013147157643907652
617	 LLH-2	0.0013255200279119806	0.0013255200279119806
618	 LLH-4	0.0013238673690361303	0.0013238673690361303
621	 LLH-3	0.0013873754371375965	0.0013238673690361303
622	 LLH-3	0.0014213694054232696	0.0013238673690361303
623	 LLH-6	0.001324675191973055	0.001324675191973055
624	 LLH-3	0.0014348421899151305	0.001324675191973055
625	 LLH-2	0.0013098787426641134	0.0013098787426641134
626	 LLH-6	0.0013107101587318194	0.0013107101587318194
627	 LLH-2	0.001328636329587345	0.001328636329587345
628	 LLH-5	0.001328128242963932	0.001328128242963932
629	 LLH-3	0.0012741398808631384	0.0012741398808631384
630	 LLH-6	0.0012737001756631947	0.0012737001756631947
631	 LLH-3	0.0013468352764272249	0.0013468352764272249
632	 LLH-3	0.0014585732223897927	0.0013468352764272249
633	 LLH-4	0.0013448178270600998	0.0013448178270600998
635	 LLH-1	0.0013448178270600998	0.0013448178270600998
636	 LLH-3	0.001288178522295958	0.001288178522295958
637	 LLH-0	0.0012891845182588738	0.0012891845182588738
638	 LLH-4	0.00128788001098832	0.00128788001098832
640	 LLH-3	0.001354621128592489	0.00128788001098832
641	 LLH-1	0.001287666266639991	0.001287666266639991
642	 LLH-0	0.001286681123193184	0.001286681123193184
643	 LLH-0	0.0012876935462113304	0.0012876935462113304
644	 LLH-4	0.0012867777850529456	0.0012867777850529456
647	 LLH-5	0.0012868162016994836	0.0012868162016994836
648	 LLH-5	0.0012886861990775095	0.0012886861990775095
649	 LLH-5	0.0012886861990775095	0.0012886861990775095
650	 LLH-5	0.0012886501551542563	0.0012886501551542563
651	 LLH-2	0.0012867943957850722	0.0012867943957850722
652	 LLH-3	0.0012638480232269448	0.0012638480232269448
653	 LLH-6	0.001262225688324372	0.001262225688324372
654	 LLH-3	0.0012461972263825309	0.0012461972263825309
655	 LLH-3	0.0012892063389190397	0.0012892063389190397
656	 LLH-4	0.0012880582732405156	0.0012880582732405156
658	 LLH-2	0.0013094171579824043	0.0013094171579824043
659	 LLH-2	0.0013099925477441498	0.0013099925477441498
660	 LLH-0	0.0013111064754934853	0.0013111064754934853
661	 LLH-5	0.0013127426697430852	0.0013127426697430852
662	 LLH-1	0.0013127426697430852	0.0013127426697430852
663	 LLH-4	0.0013115811648890066	0.0013115811648890066
665	 LLH-0	0.0013126391637892632	0.0013126391637892632
666	 LLH-2	0.0013057961939514724	0.0013057961939514724
667	 LLH-1	0.001305785266754625	0.001305785266754625
668	 LLH-6	0.0013050912114714853	0.0013050912114714853
669	 LLH-0	0.0013038235919070544	0.0013038235919070544
670	 LLH-5	0.001303435669798584	0.001303435669798584
671	 LLH-4	0.0013022570791906317	0.0013022570791906317
674	 LLH-4	0.001301069978911283	0.001301069978911283
677	 LLH-1	0.0013009594479365784	0.0013009594479365784
678	 LLH-6	0.001298835901403802	0.001298835901403802
679	 LLH-4	0.0012972520627034807	0.0012972520627034807
683	 LLH-5	0.0012971910197290236	0.0012971910197290236
684	 LLH-4	0.0012960590458027314	0.0012960590458027314
686	 LLH-4	0.0012960590458027314	0.0012960590458027314
691	 LLH-1	0.0012960590458027314	0.0012960590458027314
692	 LLH-0	0.0012973779328034776	0.0012960590458027314
693	 LLH-0	0.0012973022938960188	0.0012973022938960188
694	 LLH-3	0.0012641587750461662	0.0012641587750461662
695	 LLH-1	0.0012641012161451904	0.0012641012161451904
696	 LLH-6	0.001263292198248537	0.001263292198248537
697	 LLH-3	0.0013341864606327245	0.001263292198248537
698	 LLH-1	0.0012634095363579624	0.0012634095363579624
699	 LLH-1	0.0012634095363579624	0.0012634095363579624
700	 LLH-3	0.0013194909499489196	0.0013194909499489196
701	 LLH-4	0.00131785031104657	0.00131785031104657
703	 LLH-3	0.0014239391203515288	0.00131785031104657
704	 LLH-3	0.0014286569426180818	0.00131785031104657
705	 LLH-6	0.001315520804161922	0.001315520804161922
706	 LLH-5	0.0013162551937798003	0.0013162551937798003
707	 LLH-6	0.0013167675408587642	0.0013167675408587642
708	 LLH-3	0.00140112366082672	0.0013167675408587642
709	 LLH-3	0.0012718618866738684	0.0012718618866738684
710	 LLH-1	0.0012717588709589196	0.0012717588709589196
711	 LLH-5	0.0012702130651311185	0.0012702130651311185
712	 LLH-3	0.0013704679666085746	0.0012702130651311185
713	 LLH-6	0.0012690332394780684	0.0012690332394780684
714	 LLH-3	0.0012476146002558975	0.0012476146002558975
715	 LLH-6	0.001249018891313498	0.001249018891313498
716	 LLH-3	0.0012539569150508494	0.0012539569150508494
717	 LLH-4	0.0012539569150508494	0.0012539569150508494
722	 LLH-0	0.0012546996171726766	0.0012546996171726766
723	 LLH-6	0.0012548214748585888	0.0012548214748585888
724	 LLH-2	0.001250775692528706	0.001250775692528706
725	 LLH-4	0.001250775692528706	0.001250775692528706
730	 LLH-3	0.001251868999815408	0.001251868999815408
731	 LLH-1	0.0012519085490987388	0.0012519085490987388
732	 LLH-4	0.001251288893510667	0.001251288893510667
736	 LLH-5	0.0012515452311275797	0.0012515452311275797
737	 LLH-2	0.0012646424637605097	0.0012646424637605097
738	 LLH-0	0.0012653586473030181	0.0012653586473030181
739	 LLH-3	0.0012504795494440268	0.0012504795494440268
740	 LLH-1	0.0012504795494440268	0.0012504795494440268
741	 LLH-6	0.0012494154958154987	0.0012494154958154987
742	 LLH-5	0.0012495898679339718	0.0012495898679339718
743	 LLH-6	0.0012495837955459447	0.0012495837955459447
744	 LLH-4	0.0012495837955459447	0.0012495837955459447
749	 LLH-4	0.0012495837955459447	0.0012495837955459447
754	 LLH-1	0.0012495837955459447	0.0012495837955459447
755	 LLH-5	0.0012496646524274492	0.0012496646524274492
756	 LLH-6	0.0012505161126723633	0.0012505161126723633
757	 LLH-0	0.0012511015375002038	0.0012511015375002038
758	 LLH-4	0.0012502229591891635	0.0012502229591891635
760	 LLH-4	0.0012495674606026578	0.0012495674606026578
764	 LLH-5	0.0012482099794848083	0.0012482099794848083
765	 LLH-3	0.0012491836565882298	0.0012491836565882298
766	 LLH-5	0.0012491688954911417	0.0012491688954911417
767	 LLH-6	0.001249870285231834	0.001249870285231834
768	 LLH-6	0.0012500544260796265	0.0012500544260796265
769	 LLH-6	0.001250265794282207	0.001250265794282207
770	 LLH-5	0.0012499920188429074	0.0012499920188429074
771	 LLH-6	0.0012493030115491533	0.0012493030115491533
772	 LLH-6	0.0012490053002282124	0.0012490053002282124
773	 LLH-6	0.0012498496132802117	0.0012498496132802117
774	 LLH-3	0.0012760006197292866	0.0012760006197292866
775	 LLH-1	0.0012762991021446266	0.0012762991021446266
776	 LLH-1	0.0012762991021446266	0.0012762991021446266
777	 LLH-5	0.0012764919359083248	0.0012764919359083248
778	 LLH-4	0.0012764919359083248	0.0012764919359083248
783	 LLH-0	0.0012775991936987414	0.0012775991936987414
784	 LLH-1	0.0012775991936987414	0.0012775991936987414
785	 LLH-6	0.001275759762468489	0.001275759762468489
786	 LLH-5	0.0012753216292398103	0.0012753216292398103
787	 LLH-3	0.0012654096742479033	0.0012654096742479033
788	 LLH-3	0.0012471788122907885	0.0012471788122907885
789	 LLH-6	0.001246749562774705	0.001246749562774705
790	 LLH-4	0.0012461481057050763	0.0012461481057050763
795	 LLH-3	0.0012525573291586392	0.0012525573291586392
796	 LLH-5	0.0012519127254597836	0.0012519127254597836
797	 LLH-1	0.0012519127254597836	0.0012519127254597836
798	 LLH-0	0.0012523317233906642	0.0012523317233906642
799	 LLH-2	0.001248856178568	0.001248856178568
800	 LLH-0	0.001249511805737701	0.001249511805737701
801	 LLH-6	0.0012485448520497197	0.0012485448520497197
802	 LLH-0	0.0012491137063564447	0.0012491137063564447
803	 LLH-0	0.0012484446933274914	0.0012484446933274914
804	 LLH-4	0.001247857330132047	0.001247857330132047
806	 LLH-2	0.0012545670611553887	0.0012545670611553887
807	 LLH-1	0.0012543729873134523	0.0012543729873134523
808	 LLH-6	0.0012545465145910944	0.0012545465145910944
809	 LLH-0	0.0012551567282354688	0.0012551567282354688
810	 LLH-5	0.001256124955262995	0.001256124955262995
811	 LLH-1	0.001256124955262995	0.001256124955262995
812	 LLH-2	0.0012577621360265975	0.0012577621360265975
813	 LLH-6	0.0012587761326922058	0.0012587761326922058
814	 LLH-0	0.0012579785699878064	0.0012579785699878064
815	 LLH-4	0.0012579785699878064	0.0012579785699878064
820	 LLH-4	0.0012579785699878064	0.0012579785699878064
825	 LLH-2	0.0012684966907322054	0.0012684966907322054
826	 LLH-4	0.0012676661382199767	0.0012676661382199767
829	 LLH-4	0.0012676661382199767	0.0012676661382199767
834	 LLH-2	0.0012677878892419859	0.0012677878892419859
835	 LLH-2	0.0012915515962053873	0.0012677878892419859
836	 LLH-2	0.0012790490132414951	0.0012790490132414951
837	 LLH-6	0.0012808078861738857	0.0012808078861738857
838	 LLH-4	0.0012792299961942037	0.0012792299961942037
840	 LLH-5	0.0012781849729878512	0.0012781849729878512
841	 LLH-4	0.0012771239006560105	0.0012771239006560105
843	 LLH-6	0.0012765506277157574	0.0012765506277157574
844	 LLH-1	0.0012766357410871907	0.0012766357410871907
845	 LLH-0	0.0012776029038130262	0.0012776029038130262
846	 LLH-3	0.0013369548543750974	0.0012776029038130262
847	 LLH-2	0.0012881651596494278	0.0012881651596494278
848	 LLH-2	0.001285636068194367	0.001285636068194367
849	 LLH-3	0.0013513940215267122	0.001285636068194367
850	 LLH-5	0.0012861318830478857	0.0012861318830478857
851	 LLH-4	0.001285167351076517	0.001285167351076517
853	 LLH-4	0.0012838574717177196	0.0012838574717177196
856	 LLH-6	0.0012846423269366734	0.0012846423269366734
857	 LLH-2	0.001278687961865041	0.001278687961865041
858	 LLH-0	0.0012777707980662376	0.0012777707980662376
859	 LLH-1	0.001277526493743976	0.001277526493743976
860	 LLH-1	0.001277526493743976	0.001277526493743976
861	 LLH-5	0.001277152953753435	0.001277152953753435
862	 LLH-6	0.0012786592328695224	0.0012786592328695224
863	 LLH-3	0.0013864051865867188	0.0012786592328695224
864	 LLH-3	0.0013648570755168477	0.0012786592328695224
865	 LLH-6	0.0012785751409152477	0.0012785751409152477
866	 LLH-6	0.0012772414409940908	0.0012772414409940908
867	 LLH-6	0.0012767797687356123	0.0012767797687356123
868	 LLH-0	0.0012753243215739717	0.0012753243215739717
869	 LLH-5	0.0012747784188261583	0.0012747784188261583
870	 LLH-5	0.0012734610673150507	0.0012734610673150507
871	 LLH-4	0.0012723345777570455	0.0012723345777570455
873	 LLH-5	0.0012723209155039961	0.0012723209155039961
874	 LLH-6	0.0012751458207296746	0.0012751458207296746
875	 LLH-1	0.0012751458207296746	0.0012751458207296746
876	 LLH-0	0.001274068281220521	0.001274068281220521
877	 LLH-2	0.0012882488652395123	0.0012882488652395123
878	 LLH-4	0.0012867881770736128	0.0012867881770736128
881	 LLH-3	0.0013618324983487619	0.0012867881770736128
882	 LLH-5	0.0012841976118617082	0.0012841976118617082
883	 LLH-4	0.0012830819834395843	0.0012830819834395843
885	 LLH-2	0.0012932756727365383	0.0012932756727365383
886	 LLH-0	0.0012727571640846873	0.0012727571640846873
887	 LLH-1	0.0012728318098632818	0.0012728318098632818
888	 LLH-1	0.0012728318098632818	0.0012728318098632818
889	 LLH-0	0.001274135534758714	0.001274135534758714
890	 LLH-2	0.0012846602354875613	0.001274135534758714
891	 LLH-5	0.0012738846045546827	0.0012738846045546827
892	 LLH-5	0.001272780934351481	0.001272780934351481
893	 LLH-4	0.0012718968410191053	0.0012718968410191053
896	 LLH-3	0.0012558581973777998	0.0012558581973777998
897	 LLH-5	0.0012564056934425511	0.0012564056934425511
898	 LLH-6	0.0012575546514887056	0.0012564056934425511
899	 LLH-4	0.0012564056934425511	0.0012564056934425511
904	 LLH-6	0.001256125339507181	0.001256125339507181
905	 LLH-3	0.0012500223530636126	0.0012500223530636126
906	 LLH-6	0.0012507621165824079	0.0012507621165824079
907	 LLH-0	0.0012517132264245588	0.0012507621165824079
908	 LLH-1	0.0012507621165824079	0.0012507621165824079
909	 LLH-0	0.0012513118391912408	0.0012513118391912408
910	 LLH-1	0.0012513118391912408	0.0012513118391912408
911	 LLH-4	0.0012506792384886069	0.0012506792384886069
914	 LLH-2	0.0012622001477754215	0.0012622001477754215
915	 LLH-4	0.0012622001477754215	0.0012622001477754215
920	 LLH-3	0.001297585495981536	0.0012622001477754215
921	 LLH-1	0.0012622001477754215	0.0012622001477754215
922	 LLH-0	0.0012629009815013994	0.0012629009815013994
923	 LLH-4	0.0012621580740812598	0.0012621580740812598
925	 LLH-0	0.0012627666042587834	0.0012627666042587834
926	 LLH-1	0.0012627666042587834	0.0012627666042587834
927	 LLH-2	0.0012671514676054082	0.0012671514676054082
928	 LLH-5	0.0012669447850335639	0.0012669447850335639
929	 LLH-1	0.0012665883845768844	0.0012665883845768844
930	 LLH-0	0.0012672129645770161	0.0012672129645770161
931	 LLH-6	0.0012681212031270261	0.0012681212031270261
932	 LLH-1	0.0012678423481924485	0.0012678423481924485
933	 LLH-3	0.0013276137106052088	0.0012678423481924485
934	 LLH-4	0.001266980961976164	0.001266980961976164
937	 LLH-1	0.0012668182138131508	0.0012668182138131508
938	 LLH-3	0.0013076355463507348	0.0012668182138131508
939	 LLH-5	0.001265922914190143	0.001265922914190143
940	 LLH-4	0.001264814745336332	0.001264814745336332
943	 LLH-3	0.0013253283898562245	0.001264814745336332
944	 LLH-2	0.0012612358355632465	0.0012612358355632465
945	 LLH-0	0.0012601425298413833	0.0012601425298413833
946	 LLH-0	0.001260871064173647	0.001260871064173647
947	 LLH-2	0.0012672320005348227	0.0012672320005348227
948	 LLH-5	0.0012678150863563913	0.0012678150863563913
949	 LLH-3	0.0012647680599091654	0.0012647680599091654
950	 LLH-1	0.0012647680599091654	0.0012647680599091654
951	 LLH-2	0.001264551277186531	0.001264551277186531
952	 LLH-1	0.001264551277186531	0.001264551277186531
953	 LLH-4	0.0012635615844051843	0.0012635615844051843
957	 LLH-6	0.0012636400657186925	0.0012636400657186925
958	 LLH-5	0.0012646796063105474	0.0012646796063105474
959	 LLH-1	0.0012646796063105474	0.0012646796063105474
960	 LLH-0	0.0012654286428326318	0.0012654286428326318
961	 LLH-4	0.0012646352217633712	0.0012646352217633712
963	 LLH-5	0.001264764585393395	0.001264764585393395
964	 LLH-5	0.0012649760818918862	0.0012649760818918862
965	 LLH-1	0.0012649760818918862	0.0012649760818918862
966	 LLH-1	0.0012649760818918862	0.0012649760818918862
967	 LLH-6	0.0012638775687505268	0.0012638775687505268
968	 LLH-5	0.0012638464796434915	0.0012638464796434915
969	 LLH-2	0.001264109743627295	0.001264109743627295
970	 LLH-0	0.0012651950463051463	0.0012651950463051463
971	 LLH-4	0.0012643733108766086	0.0012643733108766086
973	 LLH-0	0.0012651524726364697	0.0012651524726364697
974	 LLH-1	0.0012655041678274175	0.0012655041678274175
975	 LLH-3	0.0013153690959741553	0.0012655041678274175
976	 LLH-6	0.0012661732028325524	0.0012661732028325524
977	 LLH-2	0.001278922892001688	0.0012661732028325524
978	 LLH-5	0.001266430313775507	0.001266430313775507
979	 LLH-6	0.0012660613679797888	0.0012660613679797888
980	 LLH-4	0.0012651789122346368	0.0012651789122346368
982	 LLH-6	0.0012626960647382228	0.0012626960647382228
983	 LLH-6	0.0012639327518421044	0.0012639327518421044
984	 LLH-1	0.0012636830274990406	0.0012636830274990406
985	 LLH-1	0.001263634771974763	0.001263634771974763
986	 LLH-3	0.001331790632638806	0.001263634771974763
987	 LLH-6	0.001264108067507533	0.001264108067507533
988	 LLH-6	0.0012642113399480243	0.0012642113399480243
989	 LLH-1	0.0012642113399480243	0.0012642113399480243
990	 LLH-3	0.0012470132383198094	0.0012470132383198094
991	 LLH-3	0.0012430234232480787	0.0012430234232480787
992	 LLH-0	0.0012437560926133974	0.0012437560926133974
993	 LLH-5	0.0012442437768049198	0.0012442437768049198
994	 LLH-4	0.0012442437768049198	0.0012442437768049198
999	 LLH-5	0.0012445685140250334	0.0012445685140250334
1000	 LLH-0	0.001245181209683389	0.001245181209683389
1001	 LLH-0	0.001245847541971123	0.001245847541971123
1002	 LLH-1	0.001245847541971123	0.001245847541971123
1003	 LLH-5	0.0012456196887918893	0.0012456196887918893
1004	 LLH-1	0.0012456196887918893	0.0012456196887918893
1005	 LLH-0	0.0012461932178071103	0.0012461932178071103
1006	 LLH-6	0.0012465909467573439	0.0012465909467573439
1007	 LLH-6	0.0012472137011953395	0.0012472137011953395
1008	 LLH-6	0.0012476584791802096	0.0012476584791802096
1009	 LLH-6	0.001248787176151744	0.001248787176151744
1010	 LLH-1	0.001248787176151744	0.001248787176151744
1011	 LLH-6	0.0012488811045915042	0.0012488811045915042
1012	 LLH-0	0.0012497992422898939	0.0012497992422898939
1013	 LLH-6	0.0012485523899719976	0.0012485523899719976
1014	 LLH-6	0.0012487031498463164	0.0012487031498463164
1015	 LLH-5	0.0012493312176775893	0.0012493312176775893
1016	 LLH-5	0.001249088323509633	0.001249088323509633
1017	 LLH-0	0.001249754551693726	0.001249754551693726
1018	 LLH-5	0.0012500618810239348	0.0012500618810239348
1019	 LLH-2	0.0012542943988316574	0.0012542943988316574
1020	 LLH-2	0.0012631749252477935	0.0012542943988316574
1021	 LLH-4	0.001253563837670616	0.001253563837670616
1026	 LLH-5	0.0012538661864952413	0.0012538661864952413
1027	 LLH-4	0.0012538661864952413	0.0012538661864952413
1032	 LLH-1	0.0012538661864952413	0.0012538661864952413
1033	 LLH-2	0.0012623510792678311	0.0012538661864952413
1034	 LLH-0	0.0012544205514534207	0.0012544205514534207
1035	 LLH-5	0.0012543667913494701	0.0012543667913494701
1036	 LLH-3	0.0013123979427858382	0.0012543667913494701
1037	 LLH-6	0.0012543187841849313	0.0012543187841849313
1038	 LLH-6	0.0012536092686116673	0.0012536092686116673
1039	 LLH-1	0.0012536092686116673	0.0012536092686116673
1040	 LLH-5	0.0012538382517381349	0.0012538382517381349
1041	 LLH-1	0.0012538382517381349	0.0012538382517381349
1042	 LLH-6	0.0012552284041545583	0.0012552284041545583
1043	 LLH-3	0.0012573985620584036	0.0012573985620584036
1044	 LLH-6	0.0012574801362639741	0.0012574801362639741
1045	 LLH-4	0.0012569001679795149	0.0012569001679795149
1048	 LLH-4	0.0012569001679795149	0.0012569001679795149
1053	 LLH-6	0.0012568184469538889	0.0012568184469538889
1054	 LLH-1	0.0012568752506330414	0.0012568752506330414
1055	 LLH-6	0.001255494930068107	0.001255494930068107
1056	 LLH-6	0.001255146008023858	0.001255146008023858
1057	 LLH-1	0.001255146008023858	0.001255146008023858
1058	 LLH-1	0.0012555651055834046	0.0012555651055834046
1059	 LLH-6	0.0012557371674445687	0.0012557371674445687
1060	 LLH-3	0.001283532500820151	0.0012557371674445687
1061	 LLH-0	0.0012562706589674334	0.0012562706589674334
1062	 LLH-4	0.0012555070786634808	0.0012555070786634808
1067	 LLH-3	0.0012435762150597165	0.0012435762150597165
1068	 LLH-1	0.0012435762150597165	0.0012435762150597165
1069	 LLH-1	0.0012435762150597165	0.0012435762150597165
1070	 LLH-3	0.0012463791776086393	0.0012463791776086393
1071	 LLH-4	0.0012463791776086393	0.0012463791776086393
1076	 LLH-6	0.0012471082413540108	0.0012471082413540108
1077	 LLH-3	0.0012535845194695556	0.0012535845194695556
1078	 LLH-2	0.0012571352650611886	0.0012571352650611886
1079	 LLH-5	0.0012571352650611886	0.0012571352650611886
1080	 LLH-5	0.001256973855829596	0.001256973855829596
1081	 LLH-6	0.0012561573575620788	0.0012561573575620788
1082	 LLH-4	0.0012557135696271025	0.0012557135696271025
1087	 LLH-0	0.0012564171660737063	0.0012564171660737063
1088	 LLH-5	0.0012565255924812371	0.0012565255924812371
1089	 LLH-5	0.0012566586091178177	0.0012566586091178177
1090	 LLH-4	0.0012566586091178177	0.0012566586091178177
1095	 LLH-2	0.0012547348454511173	0.0012547348454511173
1096	 LLH-5	0.0012549910547002957	0.0012549910547002957
1097	 LLH-3	0.0013064359340562105	0.0012549910547002957
1098	 LLH-5	0.0012557332761770734	0.0012557332761770734
1099	 LLH-4	0.001255101307035424	0.001255101307035424
1101	 LLH-1	0.001255101307035424	0.001255101307035424
1102	 LLH-3	0.0012568384575320887	0.0012568384575320887
1103	 LLH-0	0.0012562538645746113	0.0012562538645746113
1104	 LLH-2	0.00125037653446337	0.00125037653446337
1105	 LLH-6	0.001250609313922681	0.001250609313922681
1106	 LLH-6	0.00124965759718058	0.00124965759718058
1107	 LLH-0	0.0012508400188385078	0.00124965759718058
1108	 LLH-0	0.001250278741006147	0.001250278741006147
1109	 LLH-0	0.0012508392087855979	0.0012508392087855979
1110	 LLH-2	0.0012637700169384944	0.0012637700169384944
1111	 LLH-3	0.0013118529464132816	0.0012637700169384944
1112	 LLH-1	0.0012637700169384944	0.0012637700169384944
1113	 LLH-0	0.001264542148677144	0.0012637700169384944
1114	 LLH-3	0.0012549621915370131	0.0012549621915370131
1115	 LLH-0	0.0012556862486022347	0.0012556862486022347
1116	 LLH-0	0.0012564748097947391	0.0012564748097947391
1117	 LLH-1	0.0012564748097947391	0.0012564748097947391
1118	 LLH-1	0.0012564748097947391	0.0012564748097947391
1119	 LLH-4	0.0012558823513534201	0.0012558823513534201
1122	 LLH-5	0.0012567952652025032	0.0012567952652025032
1123	 LLH-1	0.0012567952652025032	0.0012567952652025032
1124	 LLH-6	0.0012556233037158424	0.0012556233037158424
1125	 LLH-0	0.001256430799266989	0.001256430799266989
1126	 LLH-0	0.001257052103736468	0.001257052103736468
1127	 LLH-4	0.0012564949272952462	0.0012564949272952462
1131	 LLH-0	0.0012572204600253456	0.0012572204600253456
1132	 LLH-4	0.001256691524715969	0.001256691524715969
1135	 LLH-2	0.001263850147310292	0.001256691524715969
1136	 LLH-3	0.001294207081905893	0.001256691524715969
1137	 LLH-3	0.0012501409885231007	0.0012501409885231007
1138	 LLH-2	0.0012558885603000491	0.0012501409885231007
1139	 LLH-4	0.0012497037010947825	0.0012497037010947825
1142	 LLH-3	0.0012532344256966225	0.0012497037010947825
1143	 LLH-1	0.0012497037010947825	0.0012497037010947825
1144	 LLH-4	0.0012489689784886291	0.0012489689784886291
1146	 LLH-1	0.0012489689784886291	0.0012489689784886291
1147	 LLH-6	0.0012488127566838752	0.0012488127566838752
1148	 LLH-1	0.0012488127566838752	0.0012488127566838752
1149	 LLH-6	0.0012496101598363887	0.0012496101598363887
1150	 LLH-1	0.0012496101598363887	0.0012496101598363887
1151	 LLH-5	0.0012502396851293946	0.0012496101598363887
1152	 LLH-2	0.0012597086399163014	0.0012496101598363887
1153	 LLH-1	0.0012495781746468839	0.0012495781746468839
1154	 LLH-1	0.0012495983620105806	0.0012495781746468839
1155	 LLH-3	0.0012533236237262447	0.0012533236237262447
1156	 LLH-1	0.0012533236237262447	0.0012533236237262447
1157	 LLH-4	0.0012533236237262447	0.0012533236237262447
1162	 LLH-1	0.0012533236237262447	0.0012533236237262447
1163	 LLH-5	0.0012535704106430112	0.0012535704106430112
1164	 LLH-1	0.0012535704106430112	0.0012535704106430112
1165	 LLH-5	0.0012535704106430112	0.0012535704106430112
1166	 LLH-5	0.0012536739352959128	0.0012536739352959128
1167	 LLH-5	0.0012540332934271496	0.0012540332934271496
1168	 LLH-1	0.0012540332934271496	0.0012540332934271496
1169	 LLH-0	0.0012545696852650895	0.0012545696852650895
1170	 LLH-3	0.0012449209391832148	0.0012449209391832148
1171	 LLH-6	0.0012449932038684872	0.0012449932038684872
1172	 LLH-5	0.001244756362483776	0.001244756362483776
1173	 LLH-1	0.001244756362483776	0.001244756362483776
1174	 LLH-6	0.0012442342856257376	0.0012442342856257376
1175	 LLH-6	0.0012437150767401848	0.0012437150767401848
1176	 LLH-0	0.0012441510348666102	0.0012441510348666102
1177	 LLH-1	0.0012441510348666102	0.0012441510348666102
1178	 LLH-6	0.0012445016724610257	0.0012445016724610257
1179	 LLH-3	0.001276793725631295	0.0012445016724610257
1180	 LLH-2	0.0012450425732148409	0.0012445016724610257
1181	 LLH-5	0.0012444760586331623	0.0012444760586331623
1182	 LLH-3	0.0012542004597016717	0.0012542004597016717
1183	 LLH-0	0.0012722140636783489	0.0012542004597016717
1184	 LLH-0	0.0012550891397973471	0.0012550891397973471
1185	 LLH-1	0.0012550751183026735	0.0012550751183026735
1186	 LLH-6	0.0012544296940773742	0.0012544296940773742
1187	 LLH-1	0.0012544296940773742	0.0012544296940773742
1188	 LLH-6	0.0012546382244371314	0.0012546382244371314
1189	 LLH-6	0.0012535103897157107	0.0012535103897157107
1190	 LLH-3	0.0012489689548078752	0.0012489689548078752
1191	 LLH-0	0.0012496018812400125	0.0012496018812400125
1192	 LLH-1	0.0012496018812400125	0.0012496018812400125
1193	 LLH-2	0.001256495671045611	0.0012496018812400125
1194	 LLH-6	0.001250135168376797	0.001250135168376797
1195	 LLH-6	0.0012504714368544428	0.0012504714368544428
1196	 LLH-5	0.001250301539348305	0.001250301539348305
1197	 LLH-1	0.001250301539348305	0.001250301539348305
1198	 LLH-3	0.0012589604329378027	0.001250301539348305
1199	 LLH-0	0.0012508982676711806	0.001250301539348305
1200	 LLH-3	0.0012524820999052083	0.0012524820999052083
1201	 LLH-4	0.0012524820999052083	0.0012524820999052083
1206	 LLH-4	0.0012524820999052083	0.0012524820999052083
1211	 LLH-2	0.0012589142478621348	0.0012524820999052083
1212	 LLH-2	0.0012485209088162305	0.0012485209088162305
1213	 LLH-0	0.0012479732877694175	0.0012479732877694175
1214	 LLH-1	0.0012479732877694175	0.0012479732877694175
1215	 LLH-0	0.0012485562371674275	0.0012485562371674275
1216	 LLH-4	0.0012478594846876065	0.0012478594846876065
1219	 LLH-4	0.0012472375029459722	0.0012472375029459722
1224	 LLH-2	0.001257730663602017	0.0012472375029459722
1225	 LLH-1	0.001247317032644248	0.001247317032644248
1226	 LLH-2	0.0012574598970667944	0.001247317032644248
1227	 LLH-3	0.0012917283713042038	0.001247317032644248
1228	 LLH-5	0.001247616889011432	0.001247616889011432
1229	 LLH-5	0.001247761518756506	0.001247761518756506
1230	 LLH-2	0.00125095072227441	0.00125095072227441
1231	 LLH-5	0.0012508414572932314	0.0012508414572932314
1232	 LLH-3	0.0013141541759219286	0.0012508414572932314
1233	 LLH-0	0.0012514314809538194	0.0012514314809538194
1234	 LLH-4	0.0012507854680857682	0.0012507854680857682
1239	 LLH-6	0.0012517932369777937	0.0012507854680857682
1240	 LLH-1	0.0012507854680857682	0.0012507854680857682
1241	 LLH-3	0.0013158405690988232	0.0012507854680857682
1242	 LLH-5	0.0012515076584401943	0.0012515076584401943
1243	 LLH-6	0.0012515159420559445	0.0012515159420559445
1244	 LLH-4	0.0012507521697788166	0.0012507521697788166
1247	 LLH-1	0.0012507521697788166	0.0012507521697788166
1248	 LLH-3	0.0012974636700735756	0.0012507521697788166
1249	 LLH-3	0.0012548871052811572	0.0012507521697788166
1250	 LLH-3	0.0013141678553616096	0.0012507521697788166
1251	 LLH-1	0.0012507521697788166	0.0012507521697788166
1252	 LLH-1	0.0012507521697788166	0.0012507521697788166
1253	 LLH-4	0.0012501444950825716	0.0012501444950825716
1258	 LLH-1	0.0012501444950825716	0.0012501444950825716
1259	 LLH-4	0.0012501444950825716	0.0012501444950825716
1264	 LLH-4	0.0012501444950825716	0.0012501444950825716
1269	 LLH-6	0.0012482891542509571	0.0012482891542509571
1270	 LLH-5	0.0012481856645388052	0.0012481856645388052
1271	 LLH-0	0.0012471901621202894	0.0012471901621202894
1272	 LLH-6	0.001248298937008484	0.0012471901621202894
1273	 LLH-3	0.0013049217201038022	0.0012471901621202894
1274	 LLH-1	0.0012471901621202894	0.0012471901621202894
1275	 LLH-2	0.0012524910161800565	0.0012471901621202894
1276	 LLH-0	0.0012478479980015228	0.0012478479980015228
1277	 LLH-1	0.0012478479980015228	0.0012478479980015228
1278	 LLH-2	0.001270093174299408	0.0012478479980015228
1279	 LLH-5	0.0012472027882809234	0.0012472027882809234
1280	 LLH-5	0.001247099975309207	0.001247099975309207
1281	 LLH-2	0.0012543815391335166	0.0012543815391335166
1282	 LLH-0	0.0012536533766290996	0.0012536533766290996
1283	 LLH-2	0.001271719971212926	0.0012536533766290996
1284	 LLH-0	0.0012547712459442975	0.0012536533766290996
1285	 LLH-3	0.0012480775485588234	0.0012480775485588234
1286	 LLH-4	0.0012475154313784506	0.0012475154313784506
1288	 LLH-2	0.0012633108378036903	0.0012475154313784506
1289	 LLH-0	0.001248182314356389	0.001248182314356389
1290	 LLH-2	0.0012512382122988434	0.001248182314356389
1291	 LLH-6	0.0012492004618242976	0.0012492004618242976
1292	 LLH-6	0.0012494312001401315	0.0012494312001401315
1293	 LLH-1	0.0012494312001401315	0.0012494312001401315
1294	 LLH-3	0.0012522269207161406	0.0012522269207161406
1295	 LLH-0	0.0012528680336872575	0.0012528680336872575
1296	 LLH-3	0.001256022063982134	0.001256022063982134
1297	 LLH-0	0.001256535451174358	0.001256535451174358
1298	 LLH-4	0.001256535451174358	0.001256535451174358
1303	 LLH-1	0.001256535451174358	0.001256535451174358
1304	 LLH-3	0.0012490598220127904	0.0012490598220127904
1305	 LLH-1	0.0012490598220127904	0.0012490598220127904
1306	 LLH-4	0.0012490598220127904	0.0012490598220127904
1311	 LLH-4	0.0012486543975469121	0.0012486543975469121
1316	 LLH-5	0.001248672947338449	0.001248672947338449
1317	 LLH-0	0.0012491847238548309	0.0012491847238548309
1318	 LLH-5	0.001249775106568584	0.001249775106568584
1319	 LLH-4	0.0012493955428941864	0.0012493955428941864
1322	 LLH-2	0.0012524643695004903	0.0012493955428941864
1323	 LLH-5	0.0012493955428941864	0.0012493955428941864
1324	 LLH-6	0.0012480572888263362	0.0012480572888263362
1325	 LLH-3	0.0012629911170012216	0.0012480572888263362
1326	 LLH-5	0.0012481452038622862	0.0012481452038622862
1327	 LLH-3	0.0012545072013074518	0.0012481452038622862
1328	 LLH-6	0.0012478138186614279	0.0012478138186614279
1329	 LLH-3	0.001254430115551637	0.0012478138186614279
1330	 LLH-3	0.0012560008334079288	0.0012478138186614279
1331	 LLH-1	0.0012478138186614279	0.0012478138186614279
1332	 LLH-2	0.0012535316362139491	0.0012478138186614279
1333	 LLH-4	0.001247443940908094	0.001247443940908094
1336	 LLH-3	0.001277865438341416	0.001247443940908094
1337	 LLH-5	0.001247443940908094	0.001247443940908094
1338	 LLH-4	0.001247443940908094	0.001247443940908094
1343	 LLH-1	0.001247443940908094	0.001247443940908094
1344	 LLH-5	0.0012474588719286858	0.0012474588719286858
1345	 LLH-4	0.0012470434915147841	0.0012470434915147841
1348	 LLH-0	0.0012478670724714387	0.0012478670724714387
1349	 LLH-4	0.0012471556339842952	0.0012471556339842952
1351	 LLH-6	0.0012468006271069117	0.0012468006271069117
1352	 LLH-1	0.0012467907663300563	0.0012467907663300563
1353	 LLH-1	0.0012467907663300563	0.0012467907663300563
1354	 LLH-0	0.0012471791253407826	0.0012471791253407826
1355	 LLH-0	0.0012475675662477034	0.0012475675662477034
1356	 LLH-4	0.0012475675662477034	0.0012475675662477034
1361	 LLH-2	0.0012538656790919563	0.0012475675662477034
1362	 LLH-6	0.0012477300526046345	0.0012477300526046345
1363	 LLH-2	0.0012479028330015338	0.0012477300526046345
1364	 LLH-0	0.0012473605985830897	0.0012473605985830897
1365	 LLH-6	0.0012475967318126384	0.0012473605985830897
1366	 LLH-0	0.0012478116150228123	0.0012478116150228123
1367	 LLH-2	0.0012449042578772465	0.0012449042578772465
1368	 LLH-4	0.0012443912098890322	0.0012443912098890322
1370	 LLH-4	0.0012443912098890322	0.0012443912098890322
1375	 LLH-6	0.0012450633905577903	0.0012443912098890322
1376	 LLH-3	0.0012438056727383207	0.0012438056727383207
1377	 LLH-5	0.0012438670884565353	0.0012438670884565353
1378	 LLH-2	0.0012542130118676595	0.0012438670884565353
1379	 LLH-3	0.0012466856624218897	0.0012466856624218897
1380	 LLH-4	0.0012466856624218897	0.0012466856624218897
1385	 LLH-2	0.0012449741636014725	0.0012449741636014725
1386	 LLH-1	0.0012449122285951204	0.0012449122285951204
1387	 LLH-2	0.0012487188812312418	0.0012487188812312418
1388	 LLH-0	0.0012495273727678806	0.0012495273727678806
1389	 LLH-5	0.0012489873578275506	0.0012489873578275506
1390	 LLH-1	0.0012492121115724557	0.0012492121115724557
1391	 LLH-2	0.001270207400451868	0.0012492121115724557
1392	 LLH-2	0.0012583598030169194	0.0012492121115724557
1393	 LLH-5	0.0012488052214097835	0.0012488052214097835
1394	 LLH-5	0.0012488400267544593	0.0012488400267544593
1395	 LLH-6	0.0012504066322433535	0.0012504066322433535
1396	 LLH-2	0.0012573765713957297	0.0012504066322433535
1397	 LLH-0	0.001251192409336124	0.001251192409336124
1398	 LLH-5	0.0012505099643095752	0.0012505099643095752
1399	 LLH-3	0.0013056562231838938	0.0012505099643095752
1400	 LLH-5	0.0012496913263561637	0.0012496913263561637
1401	 LLH-5	0.001249598850455637	0.001249598850455637
1402	 LLH-0	0.0012501628455342205	0.001249598850455637
1403	 LLH-3	0.0012444085224915403	0.0012444085224915403
1404	 LLH-3	0.001293999442866481	0.0012444085224915403
1405	 LLH-4	0.0012437490930900046	0.0012437490930900046
1408	 LLH-6	0.001244408080271054	0.001244408080271054
1409	 LLH-1	0.001244408080271054	0.001244408080271054
1410	 LLH-2	0.001254960211000423	0.001244408080271054
1411	 LLH-2	0.0012478844241859165	0.001244408080271054
1412	 LLH-5	0.0012442688753934762	0.0012442688753934762
1413	 LLH-4	0.0012442688753934762	0.0012442688753934762
1418	 LLH-3	0.0013069507966420918	0.0012442688753934762
1419	 LLH-6	0.001244220242456987	0.001244220242456987
1420	 LLH-6	0.00124410293747322	0.00124410293747322
1421	 LLH-3	0.0012878039787517096	0.00124410293747322
1422	 LLH-3	0.0012567862396127604	0.00124410293747322
1423	 LLH-6	0.0012439667116113766	0.0012439667116113766
1424	 LLH-1	0.0012439667116113766	0.0012439667116113766
1425	 LLH-0	0.0012444262236467735	0.0012444262236467735
1426	 LLH-0	0.0012448779563815381	0.0012448779563815381
1427	 LLH-0	0.001245441763501683	0.0012448779563815381
1428	 LLH-2	0.0012634733721061731	0.0012448779563815381
1429	 LLH-6	0.0012451271102275393	0.0012451271102275393
1430	 LLH-6	0.0012442432991348112	0.0012442432991348112
1431	 LLH-5	0.0012446000989037352	0.0012446000989037352
1432	 LLH-0	0.0012450495602467236	0.0012450495602467236
1433	 LLH-2	0.0012517994837167017	0.0012450495602467236
1434	 LLH-3	0.0012828635384300158	0.0012450495602467236
1435	 LLH-4	0.0012450495602467236	0.0012450495602467236
1440	 LLH-5	0.0012449130892892419	0.0012449130892892419
1441	 LLH-5	0.0012447797887052442	0.0012447797887052442
1442	 LLH-0	0.0012453547509193778	0.0012453547509193778
1443	 LLH-5	0.0012454311833598475	0.0012454311833598475
1444	 LLH-6	0.0012450089618283211	0.0012450089618283211
1445	 LLH-1	0.0012450089618283211	0.0012450089618283211
1446	 LLH-4	0.0012444570948564832	0.0012444570948564832
1451	 LLH-4	0.001243834352745909	0.001243834352745909
1454	 LLH-0	0.0012443229701360574	0.0012443229701360574
1455	 LLH-2	0.0012607955929184388	0.0012443229701360574
1456	 LLH-5	0.0012445685269286254	0.0012445685269286254
1457	 LLH-3	0.0012735027263889142	0.0012445685269286254
1458	 LLH-4	0.0012439658099730132	0.0012439658099730132
1462	 LLH-2	0.0012569879889451523	0.0012439658099730132
1463	 LLH-6	0.0012444572486214154	0.0012444572486214154
1464	 LLH-5	0.0012452300403940483	0.0012452300403940483
1465	 LLH-1	0.0012450193393843411	0.0012450193393843411
1466	 LLH-3	0.0012477462019919309	0.0012450193393843411
1467	 LLH-2	0.0012541290866938122	0.0012450193393843411
1468	 LLH-0	0.0012455042326824032	0.0012450193393843411
1469	 LLH-5	0.0012447852880119298	0.0012447852880119298
1470	 LLH-6	0.0012447032472899472	0.0012447032472899472
1471	 LLH-0	0.0012452593375687853	0.0012452593375687853
1472	 LLH-0	0.0012458181871816418	0.0012452593375687853
1473	 LLH-3	0.0012883901712980642	0.0012452593375687853
1474	 LLH-5	0.001245249944207793	0.001245249944207793
1475	 LLH-4	0.001245249944207793	0.001245249944207793
1480	 LLH-2	0.0012570910650345618	0.001245249944207793
1481	 LLH-2	0.0012482319445680362	0.001245249944207793
1482	 LLH-3	0.0012666191076807017	0.001245249944207793
1483	 LLH-5	0.0012460832431539684	0.001245249944207793
1484	 LLH-3	0.0012428697543628011	0.0012428697543628011
1485	 LLH-4	0.0012428697543628011	0.0012428697543628011
1490	 LLH-3	0.0012561404867224139	0.0012428697543628011
1491	 LLH-3	0.001248988740263806	0.0012428697543628011
1492	 LLH-2	0.0012531750632050259	0.0012428697543628011
1493	 LLH-2	0.0012510918277617608	0.0012428697543628011
1494	 LLH-1	0.0012428697543628011	0.0012428697543628011
1495	 LLH-6	0.0012427539223932157	0.0012427539223932157
1496	 LLH-3	0.0012711941649113988	0.0012427539223932157
1497	 LLH-6	0.0012425114904086978	0.0012425114904086978
1498	 LLH-6	0.0012427822142318861	0.0012427822142318861
1499	 LLH-0	0.001242345447152743	0.001242345447152743
1500	 LLH-1	0.0012420967529817297	0.0012420967529817297
1501	 LLH-1	0.0012420967529817297	0.0012420967529817297
1502	 LLH-4	0.0012416888070342629	0.0012416888070342629
1505	 LLH-2	0.0012472490151112711	0.0012416888070342629
1506	 LLH-6	0.0012416599176445296	0.0012416599176445296
1507	 LLH-2	0.0012487530078277274	0.0012487530078277274
1508	 LLH-4	0.0012480916279177389	0.0012480916279177389
1510	 LLH-6	0.0012489533675936393	0.0012480916279177389
1511	 LLH-2	0.0012679473491048951	0.0012480916279177389
1512	 LLH-0	0.001248750336007483	0.001248750336007483
1513	 LLH-5	0.0012488067991259233	0.0012488067991259233
1514	 LLH-4	0.0012488067991259233	0.0012488067991259233
1519	 LLH-1	0.0012488067991259233	0.0012488067991259233
1520	 LLH-6	0.0012481436384923453	0.0012481436384923453
1521	 LLH-6	0.0012482141004926833	0.0012482141004926833
1522	 LLH-4	0.0012476817422210924	0.0012476817422210924
1524	 LLH-5	0.0012485353463399912	0.0012485353463399912
1525	 LLH-6	0.001248362661869078	0.001248362661869078
1526	 LLH-1	0.001248362661869078	0.001248362661869078
1527	 LLH-6	0.0012481250590814126	0.0012481250590814126
1528	 LLH-6	0.001248168028553663	0.001248168028553663
1529	 LLH-3	0.001307606322522431	0.001248168028553663
1530	 LLH-1	0.0012483829398436306	0.0012483829398436306
1531	 LLH-2	0.0012625224816780595	0.0012483829398436306
1532	 LLH-6	0.0012481354514101198	0.0012481354514101198
1533	 LLH-3	0.001306253363556341	0.0012481354514101198
1534	 LLH-6	0.0012489237380858866	0.0012489237380858866
1535	 LLH-1	0.0012491869617998691	0.0012491869617998691
1536	 LLH-2	0.0012526022934556153	0.0012491869617998691
1537	 LLH-5	0.001249324569570932	0.0012491869617998691
1538	 LLH-5	0.0012491165954802053	0.0012491165954802053
1539	 LLH-4	0.001248541554863001	0.001248541554863001
1542	 LLH-2	0.001261153413279542	0.001248541554863001
1543	 LLH-2	0.0012644266177279896	0.001248541554863001
1544	 LLH-5	0.0012488670893897383	0.0012488670893897383
1545	 LLH-2	0.001251334537194305	0.001251334537194305
1546	 LLH-5	0.001252233411699359	0.001252233411699359
1547	 LLH-5	0.00125245194206331	0.001252233411699359
1548	 LLH-0	0.001252909349087668	0.001252909349087668
1549	 LLH-0	0.001253757276043227	0.001252909349087668
1550	 LLH-4	0.0012519959215254175	0.0012519959215254175
1552	 LLH-3	0.0013063227214433234	0.0012519959215254175
1553	 LLH-6	0.0012518314958909812	0.0012518314958909812
1554	 LLH-2	0.0012566934688126113	0.0012518314958909812
1555	 LLH-4	0.00125118065992923	0.00125118065992923
1559	 LLH-6	0.001250420364620821	0.001250420364620821
1560	 LLH-5	0.0012510574512994304	0.0012510574512994304
1561	 LLH-5	0.0012512132444644783	0.0012512132444644783
1562	 LLH-1	0.0012512132444644783	0.0012512132444644783
1563	 LLH-4	0.0012506231788989765	0.0012506231788989765
1567	 LLH-6	0.0012484864274290178	0.0012484864274290178
1568	 LLH-2	0.0012646748382025342	0.0012484864274290178
1569	 LLH-0	0.001265489273035751	0.0012484864274290178
1570	 LLH-6	0.0012478640096318322	0.0012478640096318322
1571	 LLH-5	0.0012475416908573707	0.0012475416908573707
1572	 LLH-1	0.0012475416908573707	0.0012475416908573707
1573	 LLH-1	0.0012475416908573707	0.0012475416908573707
1574	 LLH-4	0.0012475416908573707	0.0012475416908573707
1579	 LLH-6	0.0012475636208431867	0.0012475636208431867
1580	 LLH-1	0.0012478771271224945	0.0012478771271224945
1581	 LLH-3	0.0013016857485017273	0.0012478771271224945
1582	 LLH-2	0.0012645178574160398	0.0012478771271224945
1583	 LLH-4	0.0012478771271224945	0.0012478771271224945
1588	 LLH-2	0.0012551155235211418	0.0012478771271224945
1589	 LLH-1	0.0012478771271224945	0.0012478771271224945
1590	 LLH-3	0.0012509923394261077	0.0012478771271224945
1591	 LLH-6	0.0012486025750862335	0.0012486025750862335
1592	 LLH-0	0.0012494967551026379	0.0012486025750862335
1593	 LLH-2	0.0012553043549186093	0.0012486025750862335
1594	 LLH-0	0.0012491878724471533	0.0012491878724471533
1595	 LLH-5	0.0012489853947788097	0.0012489853947788097
1596	 LLH-0	0.0012481205892240534	0.0012481205892240534
1597	 LLH-6	0.001249456090257165	0.001249456090257165
1598	 LLH-5	0.0012499014611728194	0.0012499014611728194
1599	 LLH-1	0.0012499014611728194	0.0012499014611728194
1600	 LLH-0	0.0012670107502529306	0.0012499014611728194
1601	 LLH-1	0.0012499014611728194	0.0012499014611728194
1602	 LLH-5	0.001249397927143888	0.001249397927143888
1603	 LLH-5	0.0012495157368491363	0.0012495157368491363
1604	 LLH-2	0.001274439778334837	0.0012495157368491363
1605	 LLH-1	0.0012495157368491363	0.0012495157368491363
1606	 LLH-5	0.0012490942573211814	0.0012490942573211814
1607	 LLH-4	0.0012490942573211814	0.0012490942573211814
1612	 LLH-2	0.0012610302434071209	0.0012490942573211814
1613	 LLH-4	0.0012490942573211814	0.0012490942573211814
1618	 LLH-0	0.0012497249655310917	0.0012490942573211814
1619	 LLH-6	0.0012498509631768248	0.0012498509631768248
1620	 LLH-4	0.0012498509631768248	0.0012498509631768248
1625	 LLH-6	0.001249055743213449	0.001249055743213449
1626	 LLH-5	0.001249881298519925	0.001249881298519925
1627	 LLH-4	0.001249881298519925	0.001249881298519925
1632	 LLH-3	0.001253257787396299	0.001249881298519925
1633	 LLH-5	0.001250160820070998	0.001250160820070998
1634	 LLH-1	0.001250160820070998	0.001250160820070998
1635	 LLH-2	0.0012700818382665158	0.001250160820070998
1636	 LLH-1	0.001250160820070998	0.001250160820070998
1637	 LLH-4	0.001250160820070998	0.001250160820070998
1642	 LLH-0	0.0012507982548755762	0.001250160820070998
1643	 LLH-5	0.0012488851017907784	0.0012488851017907784
1644	 LLH-1	0.0012485757545994188	0.0012485757545994188
1645	 LLH-2	0.0012580061517329102	0.0012485757545994188
1646	 LLH-1	0.0012485757545994188	0.0012485757545994188
1647	 LLH-2	0.001270666213962487	0.0012485757545994188
1648	 LLH-0	0.0012498200113805046	0.0012498200113805046
1649	 LLH-0	0.0012491991119861527	0.0012491991119861527
1650	 LLH-2	0.0012699520506370453	0.0012491991119861527
1651	 LLH-1	0.0012492448713670899	0.0012492448713670899
1652	 LLH-6	0.0012488613806320799	0.0012488613806320799
1653	 LLH-1	0.0012488613806320799	0.0012488613806320799
1654	 LLH-1	0.001249114577910628	0.001249114577910628
1655	 LLH-1	0.001249114577910628	0.001249114577910628
1656	 LLH-5	0.0012486788135603925	0.0012486788135603925
1657	 LLH-4	0.0012486788135603925	0.0012486788135603925
1662	 LLH-3	0.0012561384925715068	0.0012486788135603925
1663	 LLH-6	0.0012496553204351293	0.0012496553204351293
1664	 LLH-4	0.0012496553204351293	0.0012496553204351293
1669	 LLH-2	0.0012540627675304522	0.0012496553204351293
1670	 LLH-6	0.0012492479586253794	0.0012492479586253794
1671	 LLH-3	0.0012533107263601878	0.0012492479586253794
1672	 LLH-5	0.0012487817008553052	0.0012487817008553052
1673	 LLH-2	0.0012574418878013869	0.0012487817008553052
1674	 LLH-6	0.0012477271913174267	0.0012477271913174267
1675	 LLH-0	0.001248357824353726	0.0012477271913174267
1676	 LLH-3	0.0012469794424035659	0.0012469794424035659
1677	 LLH-3	0.0012497568186218833	0.0012469794424035659
1678	 LLH-2	0.001256897601110838	0.0012469794424035659
1679	 LLH-4	0.0012469794424035659	0.0012469794424035659
1684	 LLH-4	0.0012469794424035659	0.0012469794424035659
1689	 LLH-0	0.001247504068355964	0.0012469794424035659
1690	 LLH-3	0.0012845367169345852	0.0012469794424035659
1691	 LLH-2	0.0012470835870191238	0.0012470835870191238
1692	 LLH-5	0.0012471206727743761	0.0012470835870191238
1693	 LLH-4	0.0012470835870191238	0.0012470835870191238
1698	 LLH-1	0.0012470835870191238	0.0012470835870191238
1699	 LLH-2	0.0012524046306927853	0.0012470835870191238
1700	 LLH-6	0.0012496089083226	0.0012470835870191238
1701	 LLH-4	0.0012464829342989261	0.0012464829342989261
1705	 LLH-0	0.001246975560137309	0.0012464829342989261
1706	 LLH-4	0.0012459202039507961	0.0012459202039507961
1710	 LLH-2	0.0012522659106070822	0.0012459202039507961
1711	 LLH-3	0.0012925136497005051	0.0012459202039507961
1712	 LLH-6	0.0012471109298279265	0.0012459202039507961
1713	 LLH-6	0.001247240064678638	0.0012459202039507961
1714	 LLH-0	0.0012465946398259663	0.0012459202039507961
1715	 LLH-6	0.0012466959094217696	0.0012466959094217696
1716	 LLH-1	0.0012466959094217696	0.0012466959094217696
1717	 LLH-4	0.0012461723489006172	0.0012461723489006172
1721	 LLH-3	0.001284842514195508	0.0012461723489006172
1722	 LLH-5	0.0012457519329422374	0.0012457519329422374
1723	 LLH-4	0.0012448189589350806	0.0012448189589350806
1727	 LLH-3	0.0012543617029816517	0.0012448189589350806
1728	 LLH-1	0.00124456470433832	0.00124456470433832
1729	 LLH-0	0.0012450565518227989	0.00124456470433832
1730	 LLH-0	0.0012451106283286216	0.00124456470433832
1731	 LLH-6	0.001244256975993756	0.001244256975993756
1732	 LLH-3	0.0012791507625681407	0.001244256975993756
1733	 LLH-1	0.001244256975993756	0.001244256975993756
1734	 LLH-0	0.0012448668973286706	0.0012448668973286706
1735	 LLH-4	0.001244269843037598	0.001244269843037598
1740	 LLH-6	0.0012452632715501289	0.001244269843037598
1741	 LLH-4	0.0012436626534069366	0.0012436626534069366
1745	 LLH-5	0.0012439033245554595	0.0012439033245554595
1746	 LLH-4	0.0012439033245554595	0.0012439033245554595
1751	 LLH-5	0.0012433252564819776	0.0012433252564819776
1752	 LLH-5	0.0012427568756895656	0.0012427568756895656
1753	 LLH-6	0.0012446468792785999	0.0012427568756895656
1754	 LLH-0	0.0012586799161181403	0.0012427568756895656
1755	 LLH-0	0.001258576310152424	0.0012427568756895656
1756	 LLH-0	0.0012435213798710845	0.0012427568756895656
1757	 LLH-0	0.0012433009285626904	0.0012433009285626904
1758	 LLH-4	0.0012427988688303363	0.0012427988688303363
1763	 LLH-3	0.0012887919289178598	0.0012427988688303363
1764	 LLH-3	0.0012897869112729408	0.0012427988688303363
1765	 LLH-5	0.0012426976353725342	0.0012426976353725342
1766	 LLH-3	0.0012888409421357829	0.0012426976353725342
1767	 LLH-3	0.001281878429046974	0.0012426976353725342
1768	 LLH-5	0.0012446308841222657	0.0012426976353725342
1769	 LLH-4	0.0012426976353725342	0.0012426976353725342
1774	 LLH-4	0.0012426976353725342	0.0012426976353725342
1779	 LLH-3	0.001252533122078851	0.0012426976353725342
1780	 LLH-6	0.0012443804072933605	0.0012426976353725342
1781	 LLH-4	0.0012426976353725342	0.0012426976353725342
1786	 LLH-0	0.0012435674512013281	0.0012426976353725342
1787	 LLH-6	0.001243936720975425	0.0012426976353725342
1788	 LLH-0	0.0012584702732161422	0.0012426976353725342
1789	 LLH-0	0.0012434605014065717	0.0012426976353725342
1790	 LLH-6	0.0012447807444488448	0.0012447807444488448
1791	 LLH-4	0.0012447807444488448	0.0012447807444488448
1796	 LLH-5	0.0012453194523198913	0.0012447807444488448
1797	 LLH-6	0.0012452587042142518	0.0012452587042142518
1798	 LLH-2	0.001252875896976386	0.0012452587042142518
1799	 LLH-5	0.0012454756904162806	0.0012454756904162806
1800	 LLH-6	0.0012458178497625869	0.0012454756904162806
1801	 LLH-5	0.0012461086910057356	0.0012461086910057356
1802	 LLH-4	0.0012461086910057356	0.0012461086910057356
1807	 LLH-2	0.0012519883793640069	0.0012461086910057356
1808	 LLH-1	0.0012460482533248431	0.0012460482533248431
1809	 LLH-6	0.0012460781441522512	0.0012460482533248431
1810	 LLH-0	0.0012619725280954945	0.0012460482533248431
1811	 LLH-5	0.0012453065129898282	0.0012453065129898282
1812	 LLH-5	0.0012457369461014078	0.0012457369461014078
1813	 LLH-4	0.0012457369461014078	0.0012457369461014078
1818	 LLH-3	0.0012536561901712836	0.0012457369461014078
1819	 LLH-3	0.0012443166000231523	0.0012443166000231523
1820	 LLH-2	0.0012539796011929376	0.0012443166000231523
1821	 LLH-1	0.0012441725203185961	0.0012441725203185961
1822	 LLH-1	0.0012441141929414863	0.0012441141929414863
1823	 LLH-4	0.0012441141929414863	0.0012441141929414863
1828	 LLH-5	0.0012441736549564117	0.0012441736549564117
1829	 LLH-1	0.0012441736549564117	0.0012441736549564117
1830	 LLH-5	0.0012436839858604141	0.0012436839858604141
1831	 LLH-6	0.0012430818084830523	0.0012430818084830523
1832	 LLH-3	0.0012748680028527696	0.0012430818084830523
1833	 LLH-2	0.0012521017009107147	0.0012430818084830523
1834	 LLH-0	0.001243838558687496	0.0012430818084830523
1835	 LLH-1	0.0012430818084830523	0.0012430818084830523
1836	 LLH-6	0.0012441192281206694	0.0012430818084830523
1837	 LLH-2	0.001251917841754284	0.0012430818084830523
1838	 LLH-1	0.0012430818084830523	0.0012430818084830523
1839	 LLH-0	0.0012435885532473922	0.0012430818084830523
1840	 LLH-5	0.0012438814513820236	0.0012430818084830523
1841	 LLH-0	0.0012436493610496115	0.0012436493610496115
1842	 LLH-2	0.0012650711960183632	0.0012436493610496115
1843	 LLH-3	0.0012815500581069787	0.0012436493610496115
1844	 LLH-1	0.0012434783681861726	0.0012434783681861726
1845	 LLH-2	0.0012553584884793048	0.0012434783681861726
1846	 LLH-1	0.0012432308168722388	0.0012432308168722388
1847	 LLH-6	0.001244365428365569	0.0012432308168722388
1848	 LLH-3	0.0012431901107718716	0.0012431901107718716
1849	 LLH-6	0.0012433647940857733	0.0012431901107718716
1850	 LLH-5	0.0012435982096861001	0.0012435982096861001
1851	 LLH-4	0.001242940013436338	0.001242940013436338
1856	 LLH-5	0.0012426753455373788	0.0012426753455373788
1857	 LLH-1	0.0012426466304733639	0.0012426466304733639
1858	 LLH-4	0.0012421855941689292	0.0012421855941689292
1860	 LLH-2	0.0012542957588238506	0.0012421855941689292
1861	 LLH-4	0.0012421855941689292	0.0012421855941689292
1866	 LLH-0	0.001241666205369265	0.001241666205369265
1867	 LLH-0	0.0012424239377250264	0.001241666205369265
1868	 LLH-3	0.0012603613080113833	0.001241666205369265
1869	 LLH-4	0.0012412276014942046	0.0012412276014942046
1872	 LLH-0	0.00124167496559978	0.00124167496559978
1873	 LLH-0	0.0012424589724742067	0.00124167496559978
1874	 LLH-1	0.00124167496559978	0.00124167496559978
1875	 LLH-4	0.00124167496559978	0.00124167496559978
1880	 LLH-3	0.0012470274416305847	0.00124167496559978
1881	 LLH-1	0.001241742705314436	0.001241742705314436
1882	 LLH-5	0.0012406561313368213	0.0012406561313368213
1883	 LLH-6	0.0012420682816784232	0.0012406561313368213
1884	 LLH-4	0.0012406561313368213	0.0012406561313368213
1889	 LLH-5	0.0012406953762470257	0.0012406953762470257
1890	 LLH-0	0.0012414822174184384	0.0012406953762470257
1891	 LLH-2	0.0012493631745630642	0.0012406953762470257
1892	 LLH-0	0.001241073916365731	0.0012406953762470257
1893	 LLH-6	0.0012404678694100057	0.0012404678694100057
1894	 LLH-1	0.0012404678694100057	0.0012404678694100057
1895	 LLH-1	0.0012404516551592561	0.0012404516551592561
1896	 LLH-2	0.0012459976076105966	0.0012404516551592561
1897	 LLH-0	0.0012408392489459674	0.0012408392489459674
1898	 LLH-6	0.0012413426681669513	0.0012408392489459674
1899	 LLH-3	0.001243234591686278	0.0012408392489459674
1900	 LLH-2	0.001252413542450816	0.0012408392489459674
1901	 LLH-3	0.0012648507486186504	0.0012408392489459674
1902	 LLH-6	0.0012413228910317928	0.0012408392489459674
1903	 LLH-2	0.001252111800295055	0.0012408392489459674
1904	 LLH-2	0.0012485371489152045	0.0012408392489459674
1905	 LLH-2	0.001253138020893511	0.0012408392489459674
1906	 LLH-3	0.0012455501656971734	0.0012408392489459674
1907	 LLH-0	0.0012415074622745559	0.0012408392489459674
1908	 LLH-4	0.0012403290199976065	0.0012403290199976065
1912	 LLH-0	0.0012410082069220603	0.0012410082069220603
1913	 LLH-2	0.0012423967413019714	0.0012410082069220603
1914	 LLH-2	0.001258167382143799	0.0012410082069220603
1915	 LLH-5	0.0012412365692427028	0.0012410082069220603
1916	 LLH-5	0.001241336844401016	0.001241336844401016
1917	 LLH-0	0.0012409437544958176	0.0012409437544958176
1918	 LLH-4	0.001240555099931017	0.001240555099931017
1921	 LLH-4	0.001240555099931017	0.001240555099931017
1926	 LLH-4	0.001240555099931017	0.001240555099931017
1931	 LLH-2	0.0012521129902113672	0.001240555099931017
1932	 LLH-1	0.001240555099931017	0.001240555099931017
1933	 LLH-1	0.001240555099931017	0.001240555099931017
1934	 LLH-3	0.00127058004003936	0.001240555099931017
1935	 LLH-5	0.0012418253506135681	0.001240555099931017
1936	 LLH-0	0.001241039166425755	0.001240555099931017
1937	 LLH-5	0.0012405489008487747	0.0012405489008487747
1938	 LLH-5	0.0012408516365012034	0.0012405489008487747
1939	 LLH-6	0.001241443410999352	0.0012405489008487747
1940	 LLH-1	0.0012405489008487747	0.0012405489008487747
1941	 LLH-6	0.0012411073150140537	0.0012411073150140537
1942	 LLH-5	0.0012412264617289752	0.0012411073150140537
1943	 LLH-2	0.0012601259728377144	0.0012411073150140537
1944	 LLH-3	0.0012455336322864292	0.0012411073150140537
1945	 LLH-0	0.00124181933075966	0.0012411073150140537
1946	 LLH-3	0.0012894306381491813	0.0012411073150140537
1947	 LLH-1	0.0012411073150140537	0.0012411073150140537
1948	 LLH-0	0.0012414978667551273	0.0012411073150140537
1949	 LLH-6	0.0012419582157263548	0.0012411073150140537
1950	 LLH-3	0.001250963428389794	0.0012411073150140537
1951	 LLH-5	0.0012410799223277554	0.0012410799223277554
1952	 LLH-4	0.0012410799223277554	0.0012410799223277554
1957	 LLH-4	0.0012410799223277554	0.0012410799223277554
1962	 LLH-6	0.0012407420003280967	0.0012407420003280967
1963	 LLH-3	0.0012625737546417754	0.0012407420003280967
1964	 LLH-5	0.0012410033582073631	0.0012410033582073631
1965	 LLH-0	0.0012413915491093388	0.0012410033582073631
1966	 LLH-6	0.0012412787010325382	0.0012410033582073631
1967	 LLH-0	0.0012417969242451616	0.0012410033582073631
1968	 LLH-6	0.0012405062934036128	0.0012405062934036128
1969	 LLH-3	0.0012492476664583807	0.0012405062934036128
1970	 LLH-1	0.0012405062934036128	0.0012405062934036128
1971	 LLH-3	0.0012752786179985125	0.0012405062934036128
1972	 LLH-1	0.0012405062934036128	0.0012405062934036128
1973	 LLH-6	0.001240914785632569	0.0012405062934036128
1974	 LLH-3	0.0012702701160093586	0.0012405062934036128
1975	 LLH-5	0.0012398092458120523	0.0012398092458120523
1976	 LLH-1	0.0012398092458120523	0.0012398092458120523
1977	 LLH-0	0.001254410144748068	0.0012398092458120523
1978	 LLH-6	0.0012408829087581042	0.0012398092458120523
1979	 LLH-2	0.0012457910886925464	0.0012398092458120523
1980	 LLH-5	0.0012398789257673688	0.0012398092458120523
1981	 LLH-4	0.0012398092458120523	0.0012398092458120523
1986	 LLH-4	0.0012398092458120523	0.0012398092458120523
1991	 LLH-5	0.0012397856032397004	0.0012397856032397004
1992	 LLH-0	0.0012402843999117185	0.0012397856032397004
1993	 LLH-0	0.001240234434055183	0.0012397856032397004
1994	 LLH-1	0.0012398050827849094	0.0012398050827849094
1995	 LLH-3	0.0012473983166967008	0.0012398050827849094
1996	 LLH-2	0.001252175486363777	0.0012398050827849094
1997	 LLH-1	0.001239929111754096	0.001239929111754096
1998	 LLH-0	0.0012406458218665213	0.001239929111754096
1999	 LLH-1	0.0012401977217197852	0.001239929111754096
GRID-Start
0.0	0.0
0.0	308.0385
0.0	616.077
0.0	924.1155
0.0	1232.154
0.0	1540.1925
0.0	1848.2310000000002
0.0	2156.2695000000003
0.0	2464.3080000000004
0.0	2772.3465000000006
0.0	3080.3850000000007
0.0	3388.423500000001
0.0	3696.462000000001
0.0	4004.500500000001
0.0	4312.539000000001
0.0	4620.5775
0.0	4928.616
0.0	5236.6545
0.0	5544.692999999999
0.0	5852.731499999999
0.0	6160.769999999999
0.0	6468.808499999998
308.0385	0.0
308.0385	308.0385
308.0385	616.077
308.0385	924.1155
308.0385	1232.154
308.0385	1540.1925
308.0385	1848.2310000000002
308.0385	2156.2695000000003
308.0385	2464.3080000000004
308.0385	2772.3465000000006
308.0385	3080.3850000000007
308.0385	3388.423500000001
308.0385	3696.462000000001
308.0385	4004.500500000001
308.0385	4312.539000000001
308.0385	4620.5775
308.0385	4928.616
308.0385	5236.6545
308.0385	5544.692999999999
308.0385	5852.731499999999
308.0385	6160.769999999999
308.0385	6468.808499999998
616.077	0.0
616.077	308.0385
616.077	616.077
616.077	924.1155
616.077	1232.154
616.077	1540.1925
616.077	1848.2310000000002
616.077	2156.2695000000003
616.077	2464.3080000000004
616.077	2772.3465000000006
616.077	3080.3850000000007
616.077	3388.423500000001
616.077	3696.462000000001
616.077	4004.500500000001
616.077	4312.539000000001
616.077	4620.5775
616.077	4928.616
616.077	5236.6545
616.077	5544.692999999999
616.077	5852.731499999999
616.077	6160.769999999999
616.077	6468.808499999998
924.1155	0.0
924.1155	308.0385
924.1155	616.077
924.1155	924.1155
924.1155	1232.154
924.1155	1540.1925
924.1155	1848.2310000000002
924.1155	2156.2695000000003
924.1155	2464.3080000000004
924.1155	2772.3465000000006
924.1155	3080.3850000000007
924.1155	3388.423500000001
924.1155	3696.462000000001
924.1155	4004.500500000001
924.1155	4312.539000000001
924.1155	4620.5775
924.1155	4928.616
924.1155	5236.6545
924.1155	5544.692999999999
924.1155	5852.731499999999
924.1155	6160.769999999999
924.1155	6468.808499999998
1232.154	0.0
1232.154	308.0385
1232.154	616.077
1232.154	924.1155
1232.154	1232.154
1232.154	1540.1925
1232.154	1848.2310000000002
1232.154	2156.2695000000003
1232.154	2464.3080000000004
1232.154	2772.3465000000006
1232.154	3080.3850000000007
1232.154	4620.5775
1232.154	4928.616
1232.154	5236.6545
1232.154	5544.692999999999
1232.154	5852.731499999999
1232.154	6160.769999999999
1232.154	6468.808499999998
1540.1925	0.0
1540.1925	308.0385
1540.1925	616.077
1540.1925	924.1155
1540.1925	1232.154
1540.1925	1540.1925
1540.1925	1848.2310000000002
1540.1925	2156.2695000000003
1540.1925	2464.3080000000004
1540.1925	2772.3465000000006
1540.1925	3080.3850000000007
1540.1925	4620.5775
1540.1925	4928.616
1540.1925	5236.6545
1540.1925	5544.692999999999
1540.1925	5852.731499999999
1540.1925	6160.769999999999
1540.1925	6468.808499999998
1848.2310000000002	0.0
1848.2310000000002	308.0385
1848.2310000000002	616.077
1848.2310000000002	924.1155
1848.2310000000002	1232.154
1848.2310000000002	1540.1925
1848.2310000000002	1848.2310000000002
1848.2310000000002	2156.2695000000003
1848.2310000000002	2464.3080000000004
1848.2310000000002	2772.3465000000006
1848.2310000000002	3080.3850000000007
1848.2310000000002	4620.5775
1848.2310000000002	4928.616
1848.2310000000002	5236.6545
1848.2310000000002	5544.692999999999
1848.2310000000002	5852.731499999999
1848.2310000000002	6160.769999999999
1848.2310000000002	6468.808499999998
2156.2695000000003	0.0
2156.2695000000003	308.0385
2156.2695000000003	616.077
2156.2695000000003	924.1155
2156.2695000000003	1232.154
2156.2695000000003	1540.1925
2156.2695000000003	1848.2310000000002
2156.2695000000003	2156.2695000000003
2156.2695000000003	2464.3080000000004
2156.2695000000003	2772.3465000000006
2156.2695000000003	3080.3850000000007
2156.2695000000003	4620.5775
2156.2695000000003	4928.616
2156.2695000000003	5236.6545
2156.2695000000003	5544.692999999999
2156.2695000000003	5852.731499999999
2156.2695000000003	6160.769999999999
2156.2695000000003	6468.808499999998
2464.3080000000004	0.0
2464.3080000000004	2464.3080000000004
2464.3080000000004	2772.3465000000006
2464.3080000000004	3080.3850000000007
2464.3080000000004	3388.423500000001
2464.3080000000004	3696.462000000001
2464.3080000000004	4004.500500000001
2464.3080000000004	4312.539000000001
2464.3080000000004	4620.5775
2464.3080000000004	4928.616
2464.3080000000004	5236.6545
2464.3080000000004	5544.692999999999
2464.3080000000004	5852.731499999999
2464.3080000000004	6160.769999999999
2464.3080000000004	6468.808499999998
2772.3465000000006	0.0
2772.3465000000006	2464.3080000000004
2772.3465000000006	2772.3465000000006
2772.3465000000006	3080.3850000000007
2772.3465000000006	3388.423500000001
2772.3465000000006	3696.462000000001
2772.3465000000006	4004.500500000001
2772.3465000000006	4312.539000000001
2772.3465000000006	4620.5775
2772.3465000000006	4928.616
2772.3465000000006	5236.6545
2772.3465000000006	5544.692999999999
2772.3465000000006	5852.731499999999
2772.3465000000006	6160.769999999999
2772.3465000000006	6468.808499999998
3080.3850000000007	0.0
3080.3850000000007	2464.3080000000004
3080.3850000000007	2772.3465000000006
3080.3850000000007	3080.3850000000007
3080.3850000000007	3388.423500000001
3080.3850000000007	3696.462000000001
3080.3850000000007	4004.500500000001
3080.3850000000007	4312.539000000001
3080.3850000000007	4620.5775
3080.3850000000007	4928.616
3080.3850000000007	5236.6545
3080.3850000000007	5544.692999999999
3080.3850000000007	5852.731499999999
3080.3850000000007	6160.769999999999
3080.3850000000007	6468.808499999998
3388.423500000001	0.0
3388.423500000001	2464.3080000000004
3388.423500000001	2772.3465000000006
3388.423500000001	3080.3850000000007
3388.423500000001	3388.423500000001
3388.423500000001	3696.462000000001
3388.423500000001	4004.500500000001
3388.423500000001	4312.539000000001
3388.423500000001	4620.5775
3388.423500000001	4928.616
3388.423500000001	5236.6545
3388.423500000001	5544.692999999999
3388.423500000001	5852.731499999999
3388.423500000001	6160.769999999999
3388.423500000001	6468.808499999998
3696.462000000001	0.0
3696.462000000001	308.0385
3696.462000000001	616.077
3696.462000000001	924.1155
3696.462000000001	1232.154
3696.462000000001	1540.1925
3696.462000000001	1848.2310000000002
3696.462000000001	2156.2695000000003
3696.462000000001	3388.423500000001
3696.462000000001	3696.462000000001
3696.462000000001	4004.500500000001
3696.462000000001	4312.539000000001
3696.462000000001	4620.5775
3696.462000000001	4928.616
3696.462000000001	5236.6545
3696.462000000001	5544.692999999999
3696.462000000001	5852.731499999999
3696.462000000001	6160.769999999999
3696.462000000001	6468.808499999998
4004.500500000001	0.0
4004.500500000001	308.0385
4004.500500000001	616.077
4004.500500000001	924.1155
4004.500500000001	1232.154
4004.500500000001	1540.1925
4004.500500000001	1848.2310000000002
4004.500500000001	2156.2695000000003
4004.500500000001	3388.423500000001
4004.500500000001	3696.462000000001
4004.500500000001	4004.500500000001
4004.500500000001	4312.539000000001
4004.500500000001	4620.5775
4004.500500000001	4928.616
4004.500500000001	5236.6545
4004.500500000001	5544.692999999999
4004.500500000001	5852.731499999999
4004.500500000001	6160.769999999999
4004.500500000001	6468.808499999998
4312.539000000001	0.0
4312.539000000001	308.0385
4312.539000000001	616.077
4312.539000000001	924.1155
4312.539000000001	1232.154
4312.539000000001	1540.1925
4312.539000000001	1848.2310000000002
4312.539000000001	2156.2695000000003
4312.539000000001	3388.423500000001
4312.539000000001	3696.462000000001
4312.539000000001	4004.500500000001
4312.539000000001	4312.539000000001
4312.539000000001	4620.5775
4312.539000000001	4928.616
4312.539000000001	5236.6545
4312.539000000001	5544.692999999999
4312.539000000001	5852.731499999999
4312.539000000001	6160.769999999999
4312.539000000001	6468.808499999998
4620.5775	0.0
4620.5775	308.0385
4620.5775	616.077
4620.5775	924.1155
4620.5775	1232.154
4620.5775	1540.1925
4620.5775	1848.2310000000002
4620.5775	2156.2695000000003
4620.5775	2464.3080000000004
4620.5775	2772.3465000000006
4620.5775	3080.3850000000007
4620.5775	3388.423500000001
4620.5775	3696.462000000001
4620.5775	4004.500500000001
4620.5775	4312.539000000001
4620.5775	4620.5775
4620.5775	4928.616
4620.5775	5236.6545
4620.5775	5544.692999999999
4620.5775	5852.731499999999
4620.5775	6160.769999999999
4620.5775	6468.808499999998
4928.616	0.0
4928.616	308.0385
4928.616	616.077
4928.616	924.1155
4928.616	1232.154
4928.616	1540.1925
4928.616	1848.2310000000002
4928.616	2156.2695000000003
4928.616	2464.3080000000004
4928.616	2772.3465000000006
4928.616	3080.3850000000007
4928.616	3388.423500000001
4928.616	3696.462000000001
4928.616	4004.500500000001
4928.616	4312.539000000001
4928.616	4620.5775
4928.616	4928.616
4928.616	5236.6545
4928.616	5544.692999999999
4928.616	5852.731499999999
4928.616	6160.769999999999
4928.616	6468.808499999998
5236.6545	0.0
5236.6545	308.0385
5236.6545	616.077
5236.6545	924.1155
5236.6545	1232.154
5236.6545	1540.1925
5236.6545	1848.2310000000002
5236.6545	2156.2695000000003
5236.6545	2464.3080000000004
5236.6545	2772.3465000000006
5236.6545	3080.3850000000007
5236.6545	3388.423500000001
5236.6545	3696.462000000001
5236.6545	4004.500500000001
5236.6545	4312.539000000001
5236.6545	4620.5775
5236.6545	4928.616
5236.6545	5236.6545
5236.6545	5544.692999999999
5236.6545	5852.731499999999
5236.6545	6160.769999999999
5236.6545	6468.808499999998
5544.692999999999	0.0
5544.692999999999	308.0385
5544.692999999999	616.077
5544.692999999999	924.1155
5544.692999999999	1232.154
5544.692999999999	1540.1925
5544.692999999999	1848.2310000000002
5544.692999999999	2156.2695000000003
5544.692999999999	2464.3080000000004
5544.692999999999	2772.3465000000006
5544.692999999999	3080.3850000000007
5544.692999999999	3388.423500000001
5544.692999999999	3696.462000000001
5544.692999999999	4004.500500000001
5544.692999999999	4312.539000000001
5544.692999999999	4620.5775
5544.692999999999	4928.616
5544.692999999999	5236.6545
5544.692999999999	5544.692999999999
5544.692999999999	5852.731499999999
5544.692999999999	6160.769999999999
5544.692999999999	6468.808499999998
5852.731499999999	0.0
5852.731499999999	308.0385
5852.731499999999	616.077
5852.731499999999	924.1155
5852.731499999999	1232.154
5852.731499999999	1540.1925
5852.731499999999	1848.2310000000002
5852.731499999999	2156.2695000000003
5852.731499999999	2464.3080000000004
5852.731499999999	2772.3465000000006
5852.731499999999	3080.3850000000007
5852.731499999999	3388.423500000001
5852.731499999999	3696.462000000001
5852.731499999999	4004.500500000001
5852.731499999999	4312.539000000001
5852.731499999999	4620.5775
5852.731499999999	4928.616
5852.731499999999	5236.6545
5852.731499999999	5544.692999999999
5852.731499999999	5852.731499999999
5852.731499999999	6160.769999999999
5852.731499999999	6468.808499999998
6160.769999999999	0.0
6160.769999999999	308.0385
6160.769999999999	616.077
6160.769999999999	924.1155
6160.769999999999	1232.154
6160.769999999999	1540.1925
6160.769999999999	1848.2310000000002
6160.769999999999	2156.2695000000003
6160.769999999999	2464.3080000000004
6160.769999999999	2772.3465000000006
6160.769999999999	3080.3850000000007
6160.769999999999	3388.423500000001
6160.769999999999	3696.462000000001
6160.769999999999	4004.500500000001
6160.769999999999	4312.539000000001
6160.769999999999	4620.5775
6160.769999999999	4928.616
6160.769999999999	5236.6545
6160.769999999999	5544.692999999999
6160.769999999999	5852.731499999999
6160.769999999999	6160.769999999999
6160.769999999999	6468.808499999998
6468.808499999998	0.0
6468.808499999998	308.0385
6468.808499999998	616.077
6468.808499999998	924.1155
6468.808499999998	1232.154
6468.808499999998	1540.1925
6468.808499999998	1848.2310000000002
6468.808499999998	2156.2695000000003
6468.808499999998	2464.3080000000004
6468.808499999998	2772.3465000000006
6468.808499999998	3080.3850000000007
6468.808499999998	3388.423500000001
6468.808499999998	3696.462000000001
6468.808499999998	4004.500500000001
6468.808499999998	4312.539000000001
6468.808499999998	4620.5775
6468.808499999998	4928.616
6468.808499999998	5236.6545
6468.808499999998	5544.692999999999
6468.808499999998	5852.731499999999
6468.808499999998	6160.769999999999
6468.808499999998	6468.808499999998
6776.846999999998	0.0
6776.846999999998	308.0385
6776.846999999998	616.077
6776.846999999998	924.1155
6776.846999999998	1232.154
6776.846999999998	1540.1925
6776.846999999998	1848.2310000000002
6776.846999999998	2156.2695000000003
6776.846999999998	2464.3080000000004
6776.846999999998	2772.3465000000006
6776.846999999998	3080.3850000000007
6776.846999999998	3388.423500000001
6776.846999999998	3696.462000000001
6776.846999999998	4004.500500000001
6776.846999999998	4312.539000000001
6776.846999999998	4620.5775
6776.846999999998	4928.616
6776.846999999998	5236.6545
6776.846999999998	5544.692999999999
6776.846999999998	5852.731499999999
6776.846999999998	6160.769999999999
6776.846999999998	6468.808499999998
7084.885499999998	0.0
7084.885499999998	308.0385
7084.885499999998	616.077
7084.885499999998	924.1155
7084.885499999998	1232.154
7084.885499999998	1540.1925
7084.885499999998	1848.2310000000002
7084.885499999998	2156.2695000000003
7084.885499999998	2464.3080000000004
7084.885499999998	2772.3465000000006
7084.885499999998	3080.3850000000007
7084.885499999998	3388.423500000001
7084.885499999998	3696.462000000001
7084.885499999998	4004.500500000001
7084.885499999998	4312.539000000001
7084.885499999998	4620.5775
7084.885499999998	4928.616
7084.885499999998	5236.6545
7084.885499999998	5544.692999999999
7084.885499999998	5852.731499999999
7084.885499999998	6160.769999999999
7084.885499999998	6468.808499999998
7392.923999999997	0.0
7392.923999999997	308.0385
7392.923999999997	616.077
7392.923999999997	924.1155
7392.923999999997	1232.154
7392.923999999997	1540.1925
7392.923999999997	1848.2310000000002
7392.923999999997	2156.2695000000003
7392.923999999997	2464.3080000000004
7392.923999999997	2772.3465000000006
7392.923999999997	3080.3850000000007
7392.923999999997	3388.423500000001
7392.923999999997	3696.462000000001
7392.923999999997	4004.500500000001
7392.923999999997	4312.539000000001
7392.923999999997	4620.5775
7392.923999999997	4928.616
7392.923999999997	5236.6545
7392.923999999997	5544.692999999999
7392.923999999997	5852.731499999999
7392.923999999997	6160.769999999999
7392.923999999997	6468.808499999998
7700.962499999997	0.0
7700.962499999997	308.0385
7700.962499999997	616.077
7700.962499999997	924.1155
7700.962499999997	1232.154
7700.962499999997	1540.1925
7700.962499999997	1848.2310000000002
7700.962499999997	2156.2695000000003
7700.962499999997	2464.3080000000004
7700.962499999997	2772.3465000000006
7700.962499999997	3080.3850000000007
7700.962499999997	3388.423500000001
7700.962499999997	3696.462000000001
7700.962499999997	4004.500500000001
7700.962499999997	4312.539000000001
7700.962499999997	4620.5775
7700.962499999997	4928.616
7700.962499999997	5236.6545
7700.962499999997	5544.692999999999
7700.962499999997	5852.731499999999
7700.962499999997	6160.769999999999
7700.962499999997	6468.808499999998
8009.000999999997	0.0
8009.000999999997	308.0385
8009.000999999997	616.077
8009.000999999997	924.1155
8009.000999999997	1232.154
8009.000999999997	1540.1925
8009.000999999997	1848.2310000000002
8009.000999999997	2156.2695000000003
8009.000999999997	2464.3080000000004
8009.000999999997	2772.3465000000006
8009.000999999997	3080.3850000000007
8009.000999999997	3388.423500000001
8009.000999999997	3696.462000000001
8009.000999999997	4004.500500000001
8009.000999999997	4312.539000000001
8009.000999999997	4620.5775
8009.000999999997	4928.616
8009.000999999997	5236.6545
8009.000999999997	5544.692999999999
8009.000999999997	5852.731499999999
8009.000999999997	6160.769999999999
8009.000999999997	6468.808499999998
8317.039499999997	0.0
8317.039499999997	308.0385
8317.039499999997	616.077
8317.039499999997	924.1155
8317.039499999997	1232.154
8317.039499999997	1540.1925
8317.039499999997	1848.2310000000002
8317.039499999997	2156.2695000000003
8317.039499999997	2464.3080000000004
8317.039499999997	2772.3465000000006
8317.039499999997	3080.3850000000007
8317.039499999997	3388.423500000001
8317.039499999997	3696.462000000001
8317.039499999997	4004.500500000001
8317.039499999997	4312.539000000001
8317.039499999997	4620.5775
8317.039499999997	4928.616
8317.039499999997	5236.6545
8317.039499999997	5544.692999999999
8317.039499999997	5852.731499999999
8317.039499999997	6160.769999999999
8317.039499999997	6468.808499999998
8625.077999999998	0.0
8625.077999999998	308.0385
8625.077999999998	616.077
8625.077999999998	924.1155
8625.077999999998	1232.154
8625.077999999998	1540.1925
8625.077999999998	1848.2310000000002
8625.077999999998	2156.2695000000003
8625.077999999998	2464.3080000000004
8625.077999999998	2772.3465000000006
8625.077999999998	3080.3850000000007
8625.077999999998	3388.423500000001
8625.077999999998	3696.462000000001
8625.077999999998	4004.500500000001
8625.077999999998	4312.539000000001
8625.077999999998	4620.5775
8625.077999999998	4928.616
8625.077999999998	5236.6545
8625.077999999998	5544.692999999999
8625.077999999998	5852.731499999999
8625.077999999998	6160.769999999999
8625.077999999998	6468.808499999998
8933.116499999998	0.0
8933.116499999998	308.0385
8933.116499999998	616.077
8933.116499999998	924.1155
8933.116499999998	1232.154
8933.116499999998	1540.1925
8933.116499999998	1848.2310000000002
8933.116499999998	2156.2695000000003
8933.116499999998	2464.3080000000004
8933.116499999998	2772.3465000000006
8933.116499999998	3080.3850000000007
8933.116499999998	3388.423500000001
8933.116499999998	3696.462000000001
8933.116499999998	4004.500500000001
8933.116499999998	4312.539000000001
8933.116499999998	4620.5775
8933.116499999998	4928.616
8933.116499999998	5236.6545
8933.116499999998	5544.692999999999
8933.116499999998	5852.731499999999
8933.116499999998	6160.769999999999
8933.116499999998	6468.808499999998
GRID-End
num_of_evaluations 2000
best obj 0.0012397856032397004
LLH0	51
LLH1	45
LLH2	42
LLH3	66
LLH4	134
LLH5	90
LLH6	90