Initial objective 0.0013297093523730883	 Seed value 225263382
1	 LLH-0	0.001328211496286456	0.001328211496286456
2	 LLH-3	0.0014147346883376171	0.0014147346883376171
3	 LLH-6	0.0014152953814952443	0.0014152953814952443
4	 LLH-0	0.0014124322650894442	0.0014124322650894442
5	 LLH-0	0.0014094148604278346	0.0014094148604278346
6	 LLH-3	0.0015857638684012311	0.0015857638684012311
7	 LLH-5	0.001587035454499793	0.001587035454499793
8	 LLH-1	0.0015868759315874142	0.0015868759315874142
9	 LLH-6	0.0015863359285179551	0.0015863359285179551
10	 LLH-3	0.0013265121809945767	0.0013265121809945767
11	 LLH-3	0.0014123222089379344	0.0014123222089379344
12	 LLH-4	0.0014094847259634184	0.0014094847259634184
15	 LLH-4	0.0014069297462228308	0.0014069297462228308
17	 LLH-1	0.0014069297462228308	0.0014069297462228308
18	 LLH-2	0.00137529699422752	0.00137529699422752
19	 LLH-6	0.001377583478024006	0.001377583478024006
20	 LLH-5	0.0013768546758407057	0.0013768546758407057
21	 LLH-1	0.0013769771888787277	0.0013769771888787277
22	 LLH-4	0.001374745004583307	0.001374745004583307
24	 LLH-5	0.001375727515593561	0.001375727515593561
25	 LLH-0	0.0013779965668572903	0.0013779965668572903
26	 LLH-1	0.0013779965668572903	0.0013779965668572903
27	 LLH-5	0.0013772807940566983	0.0013772807940566983
28	 LLH-6	0.0013772313139004543	0.0013772313139004543
29	 LLH-2	0.001353147605775302	0.001353147605775302
30	 LLH-2	0.0013421095217677006	0.0013421095217677006
31	 LLH-6	0.001340760888416095	0.001340760888416095
32	 LLH-0	0.0013387269617567918	0.0013387269617567918
33	 LLH-4	0.0013367475851352268	0.0013367475851352268
35	 LLH-2	0.0013463123020956494	0.0013463123020956494
36	 LLH-6	0.0013472673754979024	0.0013472673754979024
37	 LLH-3	0.0015071924062090584	0.0015071924062090584
38	 LLH-1	0.0015078582461591494	0.0015078582461591494
39	 LLH-6	0.0015053960797335453	0.0015053960797335453
40	 LLH-1	0.0015055450965913207	0.0015055450965913207
41	 LLH-3	0.0016859949413979079	0.0016859949413979079
42	 LLH-5	0.0016872387694124157	0.0016872387694124157
43	 LLH-3	0.0013521113593359263	0.0013521113593359263
44	 LLH-1	0.0013521113593359263	0.0013521113593359263
45	 LLH-4	0.0013502750497679018	0.0013502750497679018
48	 LLH-4	0.0013480730439802686	0.0013480730439802686
50	 LLH-1	0.0013479219514873292	0.0013479219514873292
51	 LLH-0	0.0013496823873856978	0.0013496823873856978
52	 LLH-2	0.0013377576070478176	0.0013377576070478176
53	 LLH-1	0.0013377576070478176	0.0013377576070478176
54	 LLH-4	0.0013361945624709825	0.0013361945624709825
59	 LLH-3	0.0012670280400566662	0.0012670280400566662
60	 LLH-1	0.0012670280400566662	0.0012670280400566662
61	 LLH-2	0.0012740594502512591	0.0012740594502512591
62	 LLH-2	0.0012895526429538059	0.0012895526429538059
63	 LLH-1	0.0012895408583690378	0.0012895408583690378
64	 LLH-6	0.0012898069262440607	0.0012898069262440607
65	 LLH-2	0.001278006024486237	0.001278006024486237
66	 LLH-5	0.0012771034397536796	0.0012771034397536796
67	 LLH-2	0.0012874393499541928	0.0012874393499541928
68	 LLH-3	0.0012545879302855746	0.0012545879302855746
69	 LLH-3	0.0012520851248974912	0.0012520851248974912
70	 LLH-6	0.0012534349799952992	0.0012534349799952992
71	 LLH-4	0.0012534349799952992	0.0012534349799952992
76	 LLH-0	0.0012540116574593842	0.0012540116574593842
77	 LLH-6	0.0012535905063690773	0.0012535905063690773
78	 LLH-2	0.0012546354683671981	0.0012546354683671981
79	 LLH-0	0.0012539629580056327	0.0012539629580056327
80	 LLH-3	0.0012529154295638704	0.0012529154295638704
81	 LLH-3	0.001249868996059055	0.001249868996059055
82	 LLH-0	0.0012504332644059709	0.0012504332644059709
83	 LLH-4	0.001249938241488679	0.001249938241488679
86	 LLH-2	0.0012587063018846217	0.0012587063018846217
87	 LLH-5	0.0012591500787144411	0.0012591500787144411
88	 LLH-2	0.0012638897793795447	0.0012638897793795447
89	 LLH-6	0.0012646589758420503	0.0012646589758420503
90	 LLH-0	0.0012652558661990054	0.0012652558661990054
91	 LLH-6	0.0012665124476029695	0.0012665124476029695
92	 LLH-5	0.0012661747659037375	0.0012661747659037375
93	 LLH-5	0.0012659088468466961	0.0012659088468466961
94	 LLH-3	0.001293336499589555	0.001293336499589555
95	 LLH-5	0.0012923923294390531	0.0012923923294390531
96	 LLH-4	0.0012908889216348965	0.0012908889216348965
98	 LLH-1	0.0012907034030416062	0.0012907034030416062
99	 LLH-5	0.0012913301316948103	0.0012913301316948103
100	 LLH-6	0.0012908894705266057	0.0012908894705266057
101	 LLH-4	0.0012908894705266057	0.0012908894705266057
106	 LLH-0	0.0012923349183595213	0.0012923349183595213
107	 LLH-1	0.0012922252504975144	0.0012922252504975144
108	 LLH-1	0.0012922252504975144	0.0012922252504975144
109	 LLH-5	0.0012912113860017622	0.0012912113860017622
110	 LLH-1	0.0012912113860017622	0.0012912113860017622
111	 LLH-0	0.0012899090861190668	0.0012899090861190668
112	 LLH-1	0.0012899090861190668	0.0012899090861190668
113	 LLH-1	0.0012899090861190668	0.0012899090861190668
114	 LLH-2	0.0013077070710428313	0.0013077070710428313
115	 LLH-1	0.0013077572409350095	0.0013077572409350095
116	 LLH-4	0.001306564108432418	0.001306564108432418
118	 LLH-6	0.0013068835268692488	0.0013068835268692488
119	 LLH-5	0.001306726436375174	0.001306726436375174
120	 LLH-4	0.001305321593209468	0.001305321593209468
122	 LLH-5	0.0013060329059569132	0.0013060329059569132
123	 LLH-1	0.0013062165192986711	0.0013062165192986711
124	 LLH-4	0.0013047406262504705	0.0013047406262504705
127	 LLH-0	0.0013064603284296452	0.0013064603284296452
128	 LLH-0	0.001308180900760398	0.001308180900760398
129	 LLH-2	0.0013164673941928268	0.0013164673941928268
130	 LLH-1	0.0013163629762077563	0.0013163629762077563
131	 LLH-6	0.0013169265293992848	0.0013169265293992848
132	 LLH-0	0.0013154597369924588	0.0013154597369924588
133	 LLH-2	0.0013209625423046736	0.0013209625423046736
134	 LLH-5	0.0013207570857072693	0.0013207570857072693
135	 LLH-6	0.0013181901808751433	0.0013181901808751433
136	 LLH-2	0.0013006866170045173	0.0013006866170045173
137	 LLH-5	0.0013006591232021135	0.0013006591232021135
138	 LLH-1	0.0013006591232021135	0.0013006591232021135
139	 LLH-0	0.0012991895983147533	0.0012991895983147533
140	 LLH-5	0.0012983230139852792	0.0012983230139852792
141	 LLH-1	0.0012983230139852792	0.0012983230139852792
142	 LLH-5	0.0012984935182272094	0.0012984935182272094
143	 LLH-6	0.0012991540891579261	0.0012991540891579261
144	 LLH-5	0.0012988775838425042	0.0012988775838425042
145	 LLH-1	0.0012988775838425042	0.0012988775838425042
146	 LLH-4	0.001297667425709299	0.001297667425709299
149	 LLH-3	0.001400203361595279	0.001400203361595279
150	 LLH-0	0.0014028065102147692	0.0014028065102147692
151	 LLH-1	0.0014028065102147692	0.0014028065102147692
152	 LLH-4	0.0014005645508513276	0.0014005645508513276
154	 LLH-3	0.0015828076491452426	0.0015828076491452426
155	 LLH-0	0.0015777090482860226	0.0015777090482860226
156	 LLH-6	0.0015791305744851988	0.0015791305744851988
157	 LLH-6	0.0015780210086242127	0.0015780210086242127
158	 LLH-0	0.0015730795393306884	0.0015730795393306884
159	 LLH-5	0.0015733621531618237	0.0015733621531618237
160	 LLH-6	0.0015735608007604353	0.0015735608007604353
161	 LLH-4	0.001568148678865579	0.001568148678865579
163	 LLH-6	0.0015686085518841976	0.0015686085518841976
164	 LLH-4	0.0015633617677088354	0.0015633617677088354
167	 LLH-1	0.0015635170336047246	0.0015635170336047246
168	 LLH-6	0.0015669752241482737	0.0015669752241482737
169	 LLH-4	0.0015618279733601147	0.0015618279733601147
171	 LLH-5	0.0015633278890777862	0.0015633278890777862
172	 LLH-0	0.001558250881034917	0.001558250881034917
173	 LLH-6	0.0015544740586261748	0.0015544740586261748
174	 LLH-3	0.001801479631055669	0.0015544740586261748
175	 LLH-5	0.0015541646774527844	0.0015541646774527844
176	 LLH-4	0.0015490060648078018	0.0015490060648078018
178	 LLH-2	0.0014574746479754574	0.0014574746479754574
179	 LLH-5	0.0014578413534780197	0.0014578413534780197
180	 LLH-2	0.00141316853746309	0.00141316853746309
181	 LLH-0	0.0014161344728075697	0.0014161344728075697
182	 LLH-1	0.0014163442056759675	0.0014163442056759675
183	 LLH-0	0.0014130424881502147	0.0014130424881502147
184	 LLH-0	0.0014101106599349587	0.0014101106599349587
185	 LLH-5	0.001409822841723432	0.001409822841723432
186	 LLH-4	0.0014068224116609471	0.0014068224116609471
188	 LLH-1	0.0014068224116609471	0.0014068224116609471
189	 LLH-1	0.0014068224116609471	0.0014068224116609471
190	 LLH-0	0.0014037462063459236	0.0014037462063459236
191	 LLH-5	0.0014034323888064072	0.0014034323888064072
192	 LLH-3	0.0012989339004851046	0.0012989339004851046
193	 LLH-2	0.0013071970089149124	0.0013071970089149124
194	 LLH-6	0.0013096553709011332	0.0013096553709011332
195	 LLH-2	0.0013029424805592522	0.0013029424805592522
196	 LLH-1	0.0013027767128162733	0.0013027767128162733
197	 LLH-5	0.0013022187291857868	0.0013022187291857868
198	 LLH-2	0.0013113478558420396	0.0013113478558420396
199	 LLH-1	0.0013109901749559264	0.0013109901749559264
200	 LLH-3	0.0014150482349910723	0.0014150482349910723
201	 LLH-5	0.001416193786697331	0.001416193786697331
202	 LLH-3	0.0015899254285206233	0.0015899254285206233
203	 LLH-0	0.001584507924861369	0.001584507924861369
204	 LLH-2	0.0014567201575151026	0.0014567201575151026
205	 LLH-5	0.0014587678608267546	0.0014587678608267546
206	 LLH-0	0.0014556478224760916	0.0014556478224760916
207	 LLH-5	0.0014579359935279978	0.0014579359935279978
208	 LLH-5	0.0014582209632339816	0.0014582209632339816
209	 LLH-6	0.0014556446452731945	0.0014556446452731945
210	 LLH-4	0.0014515716464949015	0.0014515716464949015
212	 LLH-3	0.001305237775077737	0.001305237775077737
213	 LLH-2	0.0012918019212117449	0.0012918019212117449
214	 LLH-1	0.0012919295871661666	0.0012919295871661666
215	 LLH-1	0.0012923239233387832	0.0012923239233387832
216	 LLH-5	0.0012940277053265813	0.0012940277053265813
217	 LLH-0	0.0012951879059375714	0.0012951879059375714
218	 LLH-3	0.0013781545237943897	0.0013781545237943897
219	 LLH-3	0.001529089216600376	0.001529089216600376
220	 LLH-5	0.0015296661823361688	0.0015296661823361688
221	 LLH-4	0.0015251656581219118	0.0015251656581219118
223	 LLH-3	0.0017796418700805564	0.0017796418700805564
224	 LLH-4	0.0017710437471271851	0.0017710437471271851
227	 LLH-3	0.0013617482305376858	0.0013617482305376858
228	 LLH-0	0.0013640651141202105	0.0013640651141202105
229	 LLH-0	0.0013618552911202064	0.0013618552911202064
230	 LLH-1	0.0013618552911202064	0.0013618552911202064
231	 LLH-4	0.0013596144056743256	0.0013596144056743256
233	 LLH-5	0.0013603728425025555	0.0013603728425025555
234	 LLH-6	0.0013600433660192193	0.0013600433660192193
235	 LLH-2	0.001344264285738082	0.001344264285738082
236	 LLH-0	0.0013463333483893893	0.0013463333483893893
237	 LLH-1	0.0013463333483893893	0.0013463333483893893
238	 LLH-5	0.0013472054161406896	0.0013472054161406896
239	 LLH-6	0.0013458186604941704	0.0013458186604941704
240	 LLH-5	0.0013452551466144036	0.0013452551466144036
241	 LLH-4	0.001343259738771536	0.001343259738771536
243	 LLH-6	0.0013456212375542818	0.0013456212375542818
244	 LLH-3	0.0015033770076226176	0.0015033770076226176
245	 LLH-3	0.0017128343163762098	0.0017128343163762098
246	 LLH-4	0.0017050412845788887	0.0017050412845788887
248	 LLH-0	0.0016974398562367053	0.0016974398562367053
249	 LLH-4	0.0016898024622979818	0.0016898024622979818
252	 LLH-5	0.001691340253218963	0.001691340253218963
253	 LLH-4	0.0016841961508350727	0.0016841961508350727
256	 LLH-1	0.0016841961508350727	0.0016841961508350727
257	 LLH-0	0.0016768205873321249	0.0016768205873321249
258	 LLH-4	0.0016697918406462303	0.0016697918406462303
260	 LLH-6	0.0016717408447728102	0.0016717408447728102
261	 LLH-1	0.0016725967279129306	0.0016725967279129306
262	 LLH-3	0.0018662593218265885	0.0016725967279129306
263	 LLH-1	0.0016725967279129306	0.0016725967279129306
264	 LLH-5	0.0016738286076143339	0.0016738286076143339
265	 LLH-5	0.0016716050109877164	0.0016716050109877164
266	 LLH-2	0.0015355032796989289	0.0015355032796989289
267	 LLH-5	0.001534017667157292	0.001534017667157292
268	 LLH-5	0.0015319916018257532	0.0015319916018257532
269	 LLH-3	0.0017852164484189405	0.0015319916018257532
270	 LLH-0	0.0015272241945677072	0.0015272241945677072
271	 LLH-4	0.0015229059740073884	0.0015229059740073884
274	 LLH-3	0.0016983841140553963	0.0016983841140553963
275	 LLH-1	0.0016983841140553963	0.0016983841140553963
276	 LLH-0	0.0016909592406469912	0.0016909592406469912
277	 LLH-4	0.001684024340647103	0.001684024340647103
279	 LLH-0	0.0016915148056049843	0.0016915148056049843
280	 LLH-1	0.0016917760397946058	0.0016917760397946058
281	 LLH-5	0.0016940259844180523	0.0016940259844180523
282	 LLH-5	0.001695134767977517	0.001695134767977517
283	 LLH-1	0.001695134767977517	0.001695134767977517
284	 LLH-6	0.0016932813989890818	0.0016932813989890818
285	 LLH-2	0.001562948879454163	0.001562948879454163
286	 LLH-6	0.0015619077474173118	0.0015619077474173118
287	 LLH-2	0.001487644219241001	0.001487644219241001
288	 LLH-0	0.0014841044740721808	0.0014841044740721808
289	 LLH-0	0.0014803037074697825	0.0014803037074697825
290	 LLH-3	0.0013154799110869381	0.0013154799110869381
291	 LLH-0	0.0013168798377606766	0.0013168798377606766
292	 LLH-3	0.0012617680001686968	0.0012617680001686968
293	 LLH-0	0.0012625323181448276	0.0012625323181448276
294	 LLH-4	0.0012625323181448276	0.0012625323181448276
299	 LLH-4	0.0012617499266769012	0.0012617499266769012
301	 LLH-0	0.0012610752940788237	0.0012610752940788237
302	 LLH-2	0.0012747351373451877	0.0012747351373451877
303	 LLH-4	0.0012734526679929541	0.0012734526679929541
305	 LLH-3	0.0012655003328048938	0.0012655003328048938
306	 LLH-3	0.0013200057080886504	0.0013200057080886504
307	 LLH-5	0.0013204612828450568	0.0013204612828450568
308	 LLH-1	0.0013203568325164247	0.0013203568325164247
309	 LLH-1	0.0013203568325164247	0.0013203568325164247
310	 LLH-5	0.001320234676371065	0.001320234676371065
311	 LLH-2	0.001316413267027465	0.001316413267027465
312	 LLH-0	0.001314960893990815	0.001314960893990815
313	 LLH-4	0.001313675818864394	0.001313675818864394
316	 LLH-4	0.0013121510522143716	0.0013121510522143716
320	 LLH-4	0.001310875002721693	0.001310875002721693
324	 LLH-3	0.0014055205407989102	0.0014055205407989102
325	 LLH-2	0.0013871258163420895	0.0013871258163420895
326	 LLH-4	0.0013846683532173164	0.0013846683532173164
328	 LLH-6	0.0013839619384226301	0.0013839619384226301
329	 LLH-5	0.0013819206505386182	0.0013819206505386182
330	 LLH-4	0.0013796865403032932	0.0013796865403032932
332	 LLH-3	0.0012857670963054544	0.0012857670963054544
333	 LLH-6	0.0012857897973618517	0.0012857897973618517
334	 LLH-1	0.0012859151388703112	0.0012859151388703112
335	 LLH-2	0.0012972569017102417	0.0012972569017102417
336	 LLH-0	0.0012984192401440863	0.0012984192401440863
337	 LLH-0	0.0012972366360328872	0.0012972366360328872
338	 LLH-0	0.0012985623117740697	0.0012985623117740697
339	 LLH-0	0.0012998113084315922	0.0012998113084315922
340	 LLH-0	0.001300986693733649	0.001300986693733649
341	 LLH-5	0.001301168877302881	0.001301168877302881
342	 LLH-3	0.0012664349000816135	0.0012664349000816135
343	 LLH-4	0.0012654245134019178	0.0012654245134019178
348	 LLH-5	0.001265458230623053	0.001265458230623053
349	 LLH-1	0.001265642161605654	0.001265642161605654
350	 LLH-5	0.0012660181959839765	0.0012660181959839765
351	 LLH-0	0.0012651483065249892	0.0012651483065249892
352	 LLH-2	0.0012738810011560524	0.0012738810011560524
353	 LLH-5	0.0012753359235831761	0.0012753359235831761
354	 LLH-5	0.0012750271256813724	0.0012750271256813724
355	 LLH-0	0.0012737196146272638	0.0012737196146272638
356	 LLH-2	0.0012722207470774367	0.0012722207470774367
357	 LLH-1	0.0012722207470774367	0.0012722207470774367
358	 LLH-5	0.0012721120937824648	0.0012721120937824648
359	 LLH-2	0.0012895851165910684	0.0012895851165910684
360	 LLH-4	0.001288168147547702	0.001288168147547702
362	 LLH-2	0.0012888363905591978	0.0012888363905591978
363	 LLH-6	0.0012885868910249361	0.0012885868910249361
364	 LLH-1	0.0012885868910249361	0.0012885868910249361
365	 LLH-4	0.0012874540028436096	0.0012874540028436096
368	 LLH-4	0.0012863637354226182	0.0012863637354226182
372	 LLH-0	0.001287707639032293	0.001287707639032293
373	 LLH-0	0.0012889454749448518	0.0012889454749448518
374	 LLH-1	0.0012886429610878454	0.0012886429610878454
375	 LLH-1	0.0012886429610878454	0.0012886429610878454
376	 LLH-6	0.00128907471647358	0.00128907471647358
377	 LLH-4	0.0012879696155250772	0.0012879696155250772
380	 LLH-0	0.0012870308763875172	0.0012870308763875172
381	 LLH-0	0.001288332041337241	0.001288332041337241
382	 LLH-4	0.0012871389656675634	0.0012871389656675634
386	 LLH-3	0.001257683174175509	0.001257683174175509
387	 LLH-5	0.00125879437139426	0.00125879437139426
388	 LLH-6	0.0012578940355603063	0.0012578940355603063
389	 LLH-6	0.0012582009181860226	0.0012582009181860226
390	 LLH-0	0.001258934310285389	0.001258934310285389
391	 LLH-6	0.001259048285926646	0.001259048285926646
392	 LLH-4	0.001259048285926646	0.001259048285926646
397	 LLH-6	0.0012596566509872006	0.0012596566509872006
398	 LLH-3	0.001336817463997109	0.001336817463997109
399	 LLH-1	0.001336817463997109	0.001336817463997109
400	 LLH-3	0.0014764619882837362	0.001336817463997109
401	 LLH-0	0.0013386782122768643	0.0013386782122768643
402	 LLH-1	0.0013386782122768643	0.0013386782122768643
403	 LLH-2	0.0013111716252558496	0.0013111716252558496
404	 LLH-3	0.0014265620713914647	0.0013111716252558496
405	 LLH-2	0.0013149188808337833	0.0013149188808337833
406	 LLH-2	0.0013317011397071445	0.0013317011397071445
407	 LLH-1	0.001332262919100552	0.001332262919100552
408	 LLH-2	0.0013343526160572198	0.0013343526160572198
409	 LLH-6	0.0013326960127565473	0.0013326960127565473
410	 LLH-5	0.0013327942525857995	0.0013327942525857995
411	 LLH-1	0.0013323482723762456	0.0013323482723762456
412	 LLH-1	0.0013323482723762456	0.0013323482723762456
413	 LLH-2	0.0013239009295213486	0.0013239009295213486
414	 LLH-1	0.0013236654404924812	0.0013236654404924812
415	 LLH-2	0.0013263809593819715	0.0013263809593819715
416	 LLH-6	0.001326849240308103	0.001326849240308103
417	 LLH-6	0.0013260635666677565	0.0013260635666677565
418	 LLH-4	0.0013244954903513845	0.0013244954903513845
420	 LLH-5	0.001325466043764006	0.001325466043764006
421	 LLH-5	0.0013247101697114922	0.0013247101697114922
422	 LLH-2	0.0013127288804933345	0.0013127288804933345
423	 LLH-6	0.0013122380278878486	0.0013122380278878486
424	 LLH-1	0.0013124757809132737	0.0013124757809132737
425	 LLH-1	0.0013124757809132737	0.0013124757809132737
426	 LLH-0	0.001314184743585362	0.001314184743585362
427	 LLH-6	0.001313563505140364	0.001313563505140364
428	 LLH-6	0.0013155224861476566	0.0013155224861476566
429	 LLH-0	0.0013141022229307365	0.0013141022229307365
430	 LLH-3	0.001412750896734948	0.001412750896734948
431	 LLH-2	0.0013677751459161033	0.0013677751459161033
432	 LLH-5	0.001368510928104498	0.001368510928104498
433	 LLH-4	0.0013666875069959675	0.0013666875069959675
435	 LLH-4	0.0013643374452464332	0.0013643374452464332
438	 LLH-2	0.0013524887852901966	0.0013524887852901966
439	 LLH-6	0.0013543049444427048	0.0013543049444427048
440	 LLH-2	0.001337605774077325	0.001337605774077325
441	 LLH-3	0.0015060046978747235	0.001337605774077325
442	 LLH-3	0.0014767301437600402	0.001337605774077325
443	 LLH-5	0.0013367162549166901	0.0013367162549166901
444	 LLH-5	0.0013354641405337333	0.0013354641405337333
445	 LLH-4	0.0013334862135685765	0.0013334862135685765
447	 LLH-1	0.0013334862135685765	0.0013334862135685765
448	 LLH-4	0.0013312179255492375	0.0013312179255492375
451	 LLH-2	0.001336473080012962	0.001336473080012962
452	 LLH-6	0.0013374491264073756	0.0013374491264073756
453	 LLH-4	0.001335616698017482	0.001335616698017482
457	 LLH-6	0.0013372398906595024	0.0013372398906595024
458	 LLH-1	0.001337453634750256	0.001337453634750256
459	 LLH-1	0.001337453634750256	0.001337453634750256
460	 LLH-0	0.0013354578263708305	0.0013354578263708305
461	 LLH-2	0.0013399151791521236	0.0013399151791521236
462	 LLH-5	0.00133902289437997	0.00133902289437997
463	 LLH-1	0.0013391088918838171	0.0013391088918838171
464	 LLH-6	0.0013400557095841544	0.0013400557095841544
465	 LLH-1	0.0013400557101209637	0.0013400557101209637
466	 LLH-6	0.001340248893244434	0.001340248893244434
467	 LLH-0	0.001341815455099511	0.001341815455099511
468	 LLH-3	0.0014567945435076364	0.001341815455099511
469	 LLH-0	0.00134390522069704	0.00134390522069704
470	 LLH-3	0.001488279420910735	0.00134390522069704
471	 LLH-6	0.001346891571474303	0.001346891571474303
472	 LLH-0	0.0013450401075613314	0.0013450401075613314
473	 LLH-3	0.0014394193832798115	0.0014394193832798115
474	 LLH-0	0.0014362883665105309	0.0014362883665105309
475	 LLH-1	0.0014367900843228246	0.0014367900843228246
476	 LLH-4	0.0014336954145882286	0.0014336954145882286
478	 LLH-2	0.0013734705897541903	0.0013734705897541903
479	 LLH-0	0.0013712157149412454	0.0013712157149412454
480	 LLH-3	0.0015366720714244278	0.0015366720714244278
481	 LLH-4	0.0015326615587216387	0.0015326615587216387
483	 LLH-2	0.0014637599443895494	0.0014637599443895494
484	 LLH-3	0.0012947781556257336	0.0012947781556257336
485	 LLH-6	0.00129391757661139	0.00129391757661139
486	 LLH-1	0.00129391757661139	0.00129391757661139
487	 LLH-0	0.001295183156625255	0.001295183156625255
488	 LLH-6	0.0012943249316490395	0.0012943249316490395
489	 LLH-5	0.0012943807929571391	0.0012943807929571391
490	 LLH-4	0.0012928877291352385	0.0012928877291352385
493	 LLH-0	0.0012913340039316004	0.0012913340039316004
494	 LLH-4	0.0012897211684702607	0.0012897211684702607
497	 LLH-2	0.001309165635623884	0.001309165635623884
498	 LLH-1	0.0013091888972608895	0.0013091888972608895
499	 LLH-3	0.0013811600548740291	0.0013811600548740291
500	 LLH-2	0.0013843141569806988	0.0013843141569806988
501	 LLH-4	0.0013821233286634613	0.0013821233286634613
503	 LLH-4	0.0013799736353584478	0.0013799736353584478
505	 LLH-5	0.0013800376404526974	0.0013800376404526974
506	 LLH-6	0.0013795479121932529	0.0013795479121932529
507	 LLH-0	0.0013766579576788244	0.0013766579576788244
508	 LLH-1	0.0013766579576788244	0.0013766579576788244
509	 LLH-3	0.001523265492066054	0.0013766579576788244
510	 LLH-6	0.001377620966127595	0.001377620966127595
511	 LLH-3	0.001278026949395943	0.001278026949395943
512	 LLH-2	0.001290578685472354	0.001290578685472354
513	 LLH-4	0.0012894008964984167	0.0012894008964984167
515	 LLH-1	0.0012892876693207107	0.0012892876693207107
516	 LLH-5	0.0012903675931906595	0.0012903675931906595
517	 LLH-2	0.0012775449479434627	0.0012775449479434627
518	 LLH-6	0.001278190543116708	0.001278190543116708
519	 LLH-1	0.001278190543116708	0.001278190543116708
520	 LLH-6	0.001278213832993689	0.001278213832993689
521	 LLH-1	0.001278213832993689	0.001278213832993689
522	 LLH-5	0.0012779931551151695	0.0012779931551151695
523	 LLH-3	0.0013767986397370678	0.0012779931551151695
524	 LLH-0	0.001276711328956561	0.001276711328956561
525	 LLH-1	0.0012769825997375837	0.0012769825997375837
526	 LLH-1	0.0012769825997375837	0.0012769825997375837
527	 LLH-0	0.001278176339717012	0.001278176339717012
528	 LLH-4	0.0012770190271866946	0.0012770190271866946
531	 LLH-0	0.0012757460305391417	0.0012757460305391417
532	 LLH-3	0.001261649863797447	0.001261649863797447
533	 LLH-3	0.0013110175550088503	0.0013110175550088503
534	 LLH-3	0.0012714188469617473	0.0012714188469617473
535	 LLH-0	0.0012705492277325643	0.0012705492277325643
536	 LLH-4	0.0012695823868545686	0.0012695823868545686
539	 LLH-6	0.001269389253725229	0.001269389253725229
540	 LLH-2	0.001271934777104296	0.001271934777104296
541	 LLH-6	0.0012701496586366454	0.0012701496586366454
542	 LLH-2	0.0012710588476477292	0.0012710588476477292
543	 LLH-5	0.0012728716700831318	0.0012728716700831318
544	 LLH-1	0.0012729121288417	0.0012729121288417
545	 LLH-1	0.0012726949652551102	0.0012726949652551102
546	 LLH-3	0.0012571558993253339	0.0012571558993253339
547	 LLH-0	0.0012564375460366538	0.0012564375460366538
548	 LLH-0	0.0012558789771102868	0.0012558789771102868
549	 LLH-4	0.00125481294925759	0.00125481294925759
553	 LLH-1	0.0012549769805210611	0.0012549769805210611
554	 LLH-6	0.0012555153094136013	0.0012555153094136013
555	 LLH-0	0.001254902122574115	0.001254902122574115
556	 LLH-0	0.0012542244103551595	0.0012542244103551595
557	 LLH-2	0.0012607371775826826	0.0012607371775826826
558	 LLH-3	0.0013172757735806795	0.0013172757735806795
559	 LLH-3	0.0012717679688561833	0.0012717679688561833
560	 LLH-4	0.0012705299731738536	0.0012705299731738536
562	 LLH-2	0.0012702433881165657	0.0012702433881165657
563	 LLH-6	0.0012696712389255239	0.0012696712389255239
564	 LLH-6	0.0012695360205744017	0.0012695360205744017
565	 LLH-4	0.001268619207042275	0.001268619207042275
568	 LLH-4	0.0012676886333826635	0.0012676886333826635
571	 LLH-6	0.0012682613339759755	0.0012682613339759755
572	 LLH-0	0.0012693008339939183	0.0012693008339939183
573	 LLH-6	0.0012679733629213875	0.0012679733629213875
574	 LLH-2	0.0012730135202072182	0.0012730135202072182
575	 LLH-1	0.0012730135202072182	0.0012730135202072182
576	 LLH-4	0.0012715964428570835	0.0012715964428570835
579	 LLH-0	0.0012725661396273604	0.0012725661396273604
580	 LLH-6	0.0012734233398682005	0.0012734233398682005
581	 LLH-2	0.0012866391414392748	0.0012866391414392748
582	 LLH-0	0.0012878464518131564	0.0012878464518131564
583	 LLH-3	0.001261742235320275	0.001261742235320275
584	 LLH-4	0.001261102151051663	0.001261102151051663
587	 LLH-6	0.0012610153547778602	0.0012610153547778602
588	 LLH-2	0.0012581490634117742	0.0012581490634117742
589	 LLH-3	0.0012550933179760787	0.0012550933179760787
590	 LLH-6	0.0012545139946048595	0.0012545139946048595
591	 LLH-5	0.0012543102798390766	0.0012543102798390766
592	 LLH-5	0.0012542918831933794	0.0012542918831933794
593	 LLH-5	0.0012549637020518247	0.0012549637020518247
594	 LLH-2	0.001255843482961412	0.001255843482961412
595	 LLH-2	0.001280604788592698	0.001255843482961412
596	 LLH-6	0.0012561730195106565	0.0012561730195106565
597	 LLH-1	0.0012561730195106565	0.0012561730195106565
598	 LLH-0	0.001255133633028093	0.001255133633028093
599	 LLH-4	0.001255133633028093	0.001255133633028093
604	 LLH-6	0.001255203963798809	0.001255203963798809
605	 LLH-6	0.0012551950084172426	0.0012551950084172426
606	 LLH-6	0.00125492425086844	0.00125492425086844
607	 LLH-5	0.0012563325412685766	0.0012563325412685766
608	 LLH-1	0.0012563325412685766	0.0012563325412685766
609	 LLH-1	0.0012560789876867474	0.0012560789876867474
610	 LLH-0	0.0012570574916133483	0.0012570574916133483
611	 LLH-2	0.001272190908979606	0.0012570574916133483
612	 LLH-3	0.0013259982641070653	0.0013259982641070653
613	 LLH-6	0.0013272034409015899	0.0013272034409015899
614	 LLH-3	0.001264453331742962	0.001264453331742962
615	 LLH-1	0.001264453331742962	0.001264453331742962
616	 LLH-5	0.0012642597476210655	0.0012642597476210655
617	 LLH-4	0.0012635303091225372	0.0012635303091225372
619	 LLH-0	0.0012625813742972508	0.0012625813742972508
620	 LLH-5	0.001262302813654237	0.001262302813654237
621	 LLH-6	0.0012627479776354178	0.0012627479776354178
622	 LLH-4	0.0012619976203735617	0.0012619976203735617
624	 LLH-4	0.0012613933534458143	0.0012613933534458143
627	 LLH-2	0.0012722898833190776	0.0012722898833190776
628	 LLH-4	0.0012722898833190776	0.0012722898833190776
633	 LLH-1	0.0012723172116854246	0.0012723172116854246
634	 LLH-4	0.0012723172116854246	0.0012723172116854246
639	 LLH-4	0.0012713284882127493	0.0012713284882127493
643	 LLH-5	0.0012711076565722888	0.0012711076565722888
644	 LLH-3	0.0012549895315618884	0.0012549895315618884
645	 LLH-5	0.0012554872185491961	0.0012554872185491961
646	 LLH-5	0.0012547227274239165	0.0012547227274239165
647	 LLH-2	0.0012563307500854904	0.0012563307500854904
648	 LLH-6	0.0012565736021570956	0.0012565736021570956
649	 LLH-6	0.0012547742227686082	0.0012547742227686082
650	 LLH-4	0.0012547742227686082	0.0012547742227686082
655	 LLH-5	0.0012548734196644736	0.0012548734196644736
656	 LLH-2	0.0012575885022975048	0.0012575885022975048
657	 LLH-3	0.0013147272517196427	0.0012575885022975048
658	 LLH-5	0.0012584346210727244	0.0012575885022975048
659	 LLH-2	0.0012710196528224584	0.0012575885022975048
660	 LLH-5	0.0012587553336466488	0.0012587553336466488
661	 LLH-6	0.0012591531267095635	0.0012591531267095635
662	 LLH-6	0.0012576641386677922	0.0012576641386677922
663	 LLH-3	0.0012508783886528005	0.0012508783886528005
664	 LLH-1	0.0012508329329470043	0.0012508329329470043
665	 LLH-1	0.0012508329329470043	0.0012508329329470043
666	 LLH-4	0.0012502384890251813	0.0012502384890251813
668	 LLH-6	0.0012499683094775893	0.0012499683094775893
669	 LLH-0	0.0012506595138133832	0.0012506595138133832
670	 LLH-1	0.0012506595138133832	0.0012506595138133832
671	 LLH-0	0.0012498908758893717	0.0012498908758893717
672	 LLH-5	0.0012500917601598572	0.0012500917601598572
673	 LLH-3	0.0012996487498846388	0.0012996487498846388
674	 LLH-5	0.0012979256061928202	0.0012979256061928202
675	 LLH-3	0.0012648469837138702	0.0012648469837138702
676	 LLH-3	0.0013309589272233963	0.0013309589272233963
677	 LLH-1	0.0013309830132437134	0.0013309830132437134
678	 LLH-5	0.0013313175498423607	0.0013313175498423607
679	 LLH-6	0.001332384416287694	0.001332384416287694
680	 LLH-4	0.0013304108678493217	0.0013304108678493217
682	 LLH-3	0.001273885802845209	0.001273885802845209
683	 LLH-0	0.0012748132219134	0.0012748132219134
684	 LLH-0	0.00127595086082414	0.00127595086082414
685	 LLH-1	0.0012763640965279583	0.0012763640965279583
686	 LLH-0	0.0012775770693415067	0.0012775770693415067
687	 LLH-3	0.0012486207075107032	0.0012486207075107032
688	 LLH-0	0.001249232796870324	0.001249232796870324
689	 LLH-3	0.0013082328295177122	0.0013082328295177122
690	 LLH-6	0.0013083502449146873	0.0013083502449146873
691	 LLH-0	0.0013069828566605595	0.0013069828566605595
692	 LLH-5	0.0013064054567695892	0.0013064054567695892
693	 LLH-3	0.0013871712940910668	0.0013064054567695892
694	 LLH-6	0.0013059008332651665	0.0013059008332651665
695	 LLH-4	0.0013047072728231096	0.0013047072728231096
698	 LLH-1	0.0013045844160461827	0.0013045844160461827
699	 LLH-4	0.0013034910516481347	0.0013034910516481347
703	 LLH-0	0.001304901637159509	0.001304901637159509
704	 LLH-2	0.001301271751049552	0.001301271751049552
705	 LLH-6	0.0013004402562037378	0.0013004402562037378
706	 LLH-5	0.0012997782145318486	0.0012997782145318486
707	 LLH-0	0.0012984216676457886	0.0012984216676457886
708	 LLH-6	0.0012980618626883158	0.0012980618626883158
709	 LLH-1	0.0012980618626883158	0.0012980618626883158
710	 LLH-5	0.0012979640731307965	0.0012979640731307965
711	 LLH-2	0.001298367360972239	0.001298367360972239
712	 LLH-0	0.0012970915836161574	0.0012970915836161574
713	 LLH-1	0.001297220780017887	0.001297220780017887
714	 LLH-2	0.0013135736302302562	0.001297220780017887
715	 LLH-3	0.001261060857354179	0.001261060857354179
716	 LLH-4	0.001261060857354179	0.001261060857354179
721	 LLH-6	0.0012627010085220004	0.0012627010085220004
722	 LLH-3	0.0013341472425007514	0.0013341472425007514
723	 LLH-5	0.0013336452346155055	0.0013336452346155055
724	 LLH-6	0.0013319302094636544	0.0013319302094636544
725	 LLH-3	0.0012740393203780189	0.0012740393203780189
726	 LLH-4	0.0012740393203780189	0.0012740393203780189
731	 LLH-6	0.0012728935574427788	0.0012728935574427788
732	 LLH-2	0.0012709654689997925	0.0012709654689997925
733	 LLH-4	0.0012698363527932181	0.0012698363527932181
738	 LLH-3	0.0013605832391392152	0.0012698363527932181
739	 LLH-5	0.001269227299094551	0.001269227299094551
740	 LLH-5	0.0012686806130505828	0.0012686806130505828
741	 LLH-5	0.0012678202547991633	0.0012678202547991633
742	 LLH-5	0.001268064330445767	0.001268064330445767
743	 LLH-5	0.0012675594480584574	0.0012675594480584574
744	 LLH-2	0.0012867742336138076	0.0012867742336138076
745	 LLH-2	0.0012758976118230716	0.0012758976118230716
746	 LLH-4	0.0012758976118230716	0.0012758976118230716
751	 LLH-6	0.001275486355511506	0.001275486355511506
752	 LLH-4	0.0012743866123541966	0.0012743866123541966
756	 LLH-1	0.0012743866123541966	0.0012743866123541966
757	 LLH-3	0.001364362629856002	0.0012743866123541966
758	 LLH-1	0.0012742743564358296	0.0012742743564358296
759	 LLH-0	0.0012731217024086767	0.0012731217024086767
760	 LLH-6	0.0012713013745911765	0.0012713013745911765
761	 LLH-4	0.0012704314155114313	0.0012704314155114313
763	 LLH-5	0.0012692956420185778	0.0012692956420185778
764	 LLH-3	0.001379214229665786	0.0012692956420185778
765	 LLH-4	0.0012692956420185778	0.0012692956420185778
770	 LLH-2	0.0012755231111773574	0.0012755231111773574
771	 LLH-6	0.0012762070564886238	0.0012762070564886238
772	 LLH-6	0.001277303996155952	0.001277303996155952
773	 LLH-6	0.0012760831218309415	0.0012760831218309415
774	 LLH-5	0.0012774147335327208	0.0012774147335327208
775	 LLH-5	0.0012769185549941068	0.0012769185549941068
776	 LLH-3	0.0012660672246568047	0.0012660672246568047
777	 LLH-5	0.0012671569202107756	0.0012671569202107756
778	 LLH-1	0.0012671569202107756	0.0012671569202107756
779	 LLH-4	0.0012663792879125091	0.0012663792879125091
783	 LLH-6	0.0012660753214785278	0.0012660753214785278
784	 LLH-0	0.0012668947848652288	0.0012668947848652288
785	 LLH-6	0.001266801825903211	0.001266801825903211
786	 LLH-4	0.001266801825903211	0.001266801825903211
791	 LLH-2	0.001262190246162772	0.001262190246162772
792	 LLH-5	0.0012617471303584934	0.0012617471303584934
793	 LLH-0	0.0012628648284157887	0.0012628648284157887
794	 LLH-2	0.0012788707311470317	0.0012788707311470317
795	 LLH-1	0.0012789632738664856	0.0012789632738664856
796	 LLH-1	0.001278968683608576	0.001278968683608576
797	 LLH-2	0.0012697235031138183	0.0012697235031138183
798	 LLH-1	0.0012697235031138183	0.0012697235031138183
799	 LLH-2	0.001283949280518663	0.0012697235031138183
800	 LLH-3	0.0012612812281154733	0.0012612812281154733
801	 LLH-3	0.001286599106301381	0.001286599106301381
802	 LLH-1	0.001286712955668313	0.001286712955668313
803	 LLH-6	0.0012870643057166504	0.0012870643057166504
804	 LLH-2	0.001300453360793468	0.0012870643057166504
805	 LLH-1	0.0012870643057166504	0.0012870643057166504
806	 LLH-3	0.0013727018377201596	0.0012870643057166504
807	 LLH-2	0.0013016298859744346	0.0012870643057166504
808	 LLH-3	0.0013955507044879694	0.0012870643057166504
809	 LLH-3	0.0013868968351541523	0.0012870643057166504
810	 LLH-5	0.0012869620262624486	0.0012869620262624486
811	 LLH-3	0.0014135024151880641	0.0012869620262624486
812	 LLH-6	0.0012863525556783967	0.0012863525556783967
813	 LLH-5	0.0012869043773607073	0.0012869043773607073
814	 LLH-4	0.001285697261420749	0.001285697261420749
817	 LLH-1	0.001285697261420749	0.001285697261420749
818	 LLH-0	0.0012871963332662406	0.0012871963332662406
819	 LLH-2	0.001303449450790327	0.0012871963332662406
820	 LLH-1	0.0012870592577252245	0.0012870592577252245
821	 LLH-6	0.0012874155080281988	0.0012874155080281988
822	 LLH-1	0.0012874155080281988	0.0012874155080281988
823	 LLH-4	0.001286146006639152	0.001286146006639152
827	 LLH-6	0.001286329789143067	0.001286329789143067
828	 LLH-4	0.0012852574838940374	0.0012852574838940374
830	 LLH-5	0.001285235271951195	0.001285235271951195
831	 LLH-1	0.001285235271951195	0.001285235271951195
832	 LLH-1	0.0012851364077622594	0.0012851364077622594
833	 LLH-5	0.0012846366030337167	0.0012846366030337167
834	 LLH-2	0.0012888623926164487	0.0012888623926164487
835	 LLH-2	0.0012879519237027194	0.0012879519237027194
836	 LLH-1	0.001288461101014026	0.001288461101014026
837	 LLH-1	0.001288370138174377	0.001288370138174377
838	 LLH-2	0.0013020584810009618	0.001288370138174377
839	 LLH-6	0.0012886348457102736	0.0012886348457102736
840	 LLH-2	0.0012845645587137764	0.0012845645587137764
841	 LLH-6	0.0012841743730858065	0.0012841743730858065
842	 LLH-4	0.0012841743730858065	0.0012841743730858065
847	 LLH-0	0.0013056639499449197	0.0012841743730858065
848	 LLH-5	0.00128441554255353	0.00128441554255353
849	 LLH-0	0.0012856126003508764	0.0012856126003508764
850	 LLH-4	0.001284160186948324	0.001284160186948324
854	 LLH-0	0.0013063864681267686	0.001284160186948324
855	 LLH-2	0.0012874788233793633	0.0012874788233793633
856	 LLH-0	0.0012888024527489429	0.0012888024527489429
857	 LLH-2	0.001287312769769793	0.001287312769769793
858	 LLH-5	0.001288319901144845	0.001288319901144845
859	 LLH-3	0.001264224457850683	0.001264224457850683
860	 LLH-0	0.0012634169242861488	0.0012634169242861488
861	 LLH-2	0.001267072377048779	0.001267072377048779
862	 LLH-4	0.0012663436790409047	0.0012663436790409047
864	 LLH-6	0.0012660320090087437	0.0012660320090087437
865	 LLH-4	0.0012660320090087437	0.0012660320090087437
870	 LLH-2	0.001278608027973456	0.0012660320090087437
871	 LLH-4	0.0012648054312403099	0.0012648054312403099
875	 LLH-6	0.001265434588581725	0.001265434588581725
876	 LLH-0	0.001266387419653622	0.001266387419653622
877	 LLH-6	0.0012665843561714034	0.0012665843561714034
878	 LLH-4	0.0012657144214248631	0.0012657144214248631
881	 LLH-0	0.0012848741572824627	0.0012657144214248631
882	 LLH-2	0.0012795597952945299	0.0012657144214248631
883	 LLH-3	0.001354849002786295	0.0012657144214248631
884	 LLH-4	0.0012657144214248631	0.0012657144214248631
889	 LLH-4	0.0012657144214248631	0.0012657144214248631
894	 LLH-5	0.0012667575293235527	0.0012667575293235527
895	 LLH-5	0.0012658758185065768	0.0012658758185065768
896	 LLH-1	0.0012651939402705081	0.0012651939402705081
897	 LLH-3	0.0012619799138508748	0.0012619799138508748
898	 LLH-3	0.0012453869820842312	0.0012453869820842312
899	 LLH-1	0.0012449823436089236	0.0012449823436089236
900	 LLH-0	0.0012455440092082682	0.0012455440092082682
901	 LLH-3	0.0012555362446948688	0.0012555362446948688
902	 LLH-4	0.0012550423429151373	0.0012550423429151373
904	 LLH-6	0.001254724123187861	0.001254724123187861
905	 LLH-1	0.001254724123187861	0.001254724123187861
906	 LLH-5	0.0012554964460760741	0.0012554964460760741
907	 LLH-5	0.0012553186227616004	0.0012553186227616004
908	 LLH-1	0.0012553186227616004	0.0012553186227616004
909	 LLH-4	0.0012553186227616004	0.0012553186227616004
914	 LLH-1	0.0012553186227616004	0.0012553186227616004
915	 LLH-0	0.0012558971365963754	0.0012558971365963754
916	 LLH-6	0.0012562454418829998	0.0012562454418829998
917	 LLH-1	0.0012562454418829998	0.0012562454418829998
918	 LLH-6	0.0012561733027904446	0.0012561733027904446
919	 LLH-1	0.0012558670213986354	0.0012558670213986354
920	 LLH-1	0.0012558670213986354	0.0012558670213986354
921	 LLH-1	0.0012558670213986354	0.0012558670213986354
922	 LLH-6	0.0012557365478175445	0.0012557365478175445
923	 LLH-5	0.0012553439997246272	0.0012553439997246272
924	 LLH-1	0.0012553439997246272	0.0012553439997246272
925	 LLH-1	0.0012553439997246272	0.0012553439997246272
926	 LLH-3	0.0012452764703881258	0.0012452764703881258
927	 LLH-5	0.001245187984688034	0.001245187984688034
928	 LLH-2	0.0012425578238349267	0.0012425578238349267
929	 LLH-0	0.0012430833494177413	0.0012430833494177413
930	 LLH-5	0.0012431640840435327	0.0012431640840435327
931	 LLH-3	0.0012693337808898887	0.0012693337808898887
932	 LLH-0	0.0012701939984895497	0.0012701939984895497
933	 LLH-3	0.0013377429724719227	0.0012701939984895497
934	 LLH-5	0.0012704919711146836	0.0012704919711146836
935	 LLH-6	0.0012712570797975083	0.0012712570797975083
936	 LLH-4	0.001269931599813109	0.001269931599813109
938	 LLH-1	0.0012700457274460112	0.0012700457274460112
939	 LLH-6	0.0012698410237789622	0.0012698410237789622
940	 LLH-6	0.0012699370747335976	0.0012699370747335976
941	 LLH-4	0.0012689015355437303	0.0012689015355437303
943	 LLH-3	0.0013542870939719388	0.0012689015355437303
944	 LLH-5	0.001269010367558276	0.001269010367558276
945	 LLH-5	0.0012690904289928394	0.0012690904289928394
946	 LLH-5	0.0012697406171458378	0.0012697406171458378
947	 LLH-6	0.0012696923115370156	0.0012696923115370156
948	 LLH-1	0.0012696923115370156	0.0012696923115370156
949	 LLH-4	0.0012688236620531641	0.0012688236620531641
951	 LLH-4	0.0012679316294932205	0.0012679316294932205
953	 LLH-6	0.0012662939904445373	0.0012662939904445373
954	 LLH-0	0.0012672506457105607	0.0012672506457105607
955	 LLH-1	0.0012671175877870045	0.0012671175877870045
956	 LLH-2	0.0012771288913067278	0.0012671175877870045
957	 LLH-1	0.0012671175877870045	0.0012671175877870045
958	 LLH-3	0.0012665347652358373	0.0012665347652358373
959	 LLH-0	0.0012495512984330606	0.0012495512984330606
960	 LLH-3	0.0013077385165249282	0.0012495512984330606
961	 LLH-4	0.0012495512984330606	0.0012495512984330606
966	 LLH-1	0.0012495512984330606	0.0012495512984330606
967	 LLH-3	0.0012507074999979116	0.0012507074999979116
968	 LLH-2	0.0012538979190518718	0.0012538979190518718
969	 LLH-3	0.001255687112743832	0.001255687112743832
970	 LLH-6	0.0012556765374925625	0.0012556765374925625
971	 LLH-1	0.0012556765374925625	0.0012556765374925625
972	 LLH-5	0.0012552556063183296	0.0012552556063183296
973	 LLH-5	0.0012564888593203942	0.0012564888593203942
974	 LLH-0	0.001257211087135988	0.001257211087135988
975	 LLH-2	0.0012639034651404527	0.001257211087135988
976	 LLH-0	0.0012576417236941076	0.0012576417236941076
977	 LLH-1	0.0012579162989219729	0.0012579162989219729
978	 LLH-6	0.0012570489418142741	0.0012570489418142741
979	 LLH-5	0.001256735677301082	0.001256735677301082
980	 LLH-0	0.001257336439498647	0.001257336439498647
981	 LLH-5	0.0012574249647336745	0.0012574249647336745
982	 LLH-0	0.0012566547715225868	0.0012566547715225868
983	 LLH-6	0.0012580869851837651	0.0012580869851837651
984	 LLH-5	0.0012570392700237511	0.0012570392700237511
985	 LLH-3	0.0012538361489799732	0.0012538361489799732
986	 LLH-4	0.0012538361489799732	0.0012538361489799732
991	 LLH-4	0.0012532157783041653	0.0012532157783041653
994	 LLH-2	0.0012469800869938255	0.0012469800869938255
995	 LLH-5	0.001246353743329705	0.001246353743329705
996	 LLH-4	0.0012458856408826854	0.0012458856408826854
1000	 LLH-0	0.0012453698287197847	0.0012453698287197847
1001	 LLH-1	0.0012453698287197847	0.0012453698287197847
1002	 LLH-3	0.0012448259919648947	0.0012448259919648947
1003	 LLH-1	0.0012448259919648947	0.0012448259919648947
1004	 LLH-6	0.0012439164072745124	0.0012439164072745124
1005	 LLH-3	0.0012856415944990701	0.0012439164072745124
1006	 LLH-1	0.0012439164072745124	0.0012439164072745124
1007	 LLH-6	0.0012442276994069784	0.0012442276994069784
1008	 LLH-4	0.0012442276994069784	0.0012442276994069784
1013	 LLH-4	0.0012442276994069784	0.0012442276994069784
1018	 LLH-1	0.0012442957133228306	0.0012442957133228306
1019	 LLH-5	0.0012442386734898539	0.0012442386734898539
1020	 LLH-1	0.0012442386734898539	0.0012442386734898539
1021	 LLH-6	0.001244007372115567	0.001244007372115567
1022	 LLH-3	0.0012490028577965303	0.001244007372115567
1023	 LLH-3	0.0012826095829978016	0.001244007372115567
1024	 LLH-3	0.001248846231065934	0.001248846231065934
1025	 LLH-1	0.001248846231065934	0.001248846231065934
1026	 LLH-3	0.0012729157813036649	0.001248846231065934
1027	 LLH-2	0.001245624869347355	0.001245624869347355
1028	 LLH-6	0.001245208273882796	0.001245208273882796
1029	 LLH-5	0.00124585281497319	0.00124585281497319
1030	 LLH-5	0.001246095205163167	0.001246095205163167
1031	 LLH-3	0.0012893156195771228	0.001246095205163167
1032	 LLH-1	0.001246095205163167	0.001246095205163167
1033	 LLH-1	0.001246095205163167	0.001246095205163167
1034	 LLH-4	0.0012453195733433226	0.0012453195733433226
1037	 LLH-5	0.0012449270373332511	0.0012449270373332511
1038	 LLH-1	0.0012449775755515675	0.0012449775755515675
1039	 LLH-6	0.0012447928771935261	0.0012447928771935261
1040	 LLH-2	0.0012609377146308469	0.0012447928771935261
1041	 LLH-3	0.001242615583123323	0.001242615583123323
1042	 LLH-0	0.001243030781332927	0.001243030781332927
1043	 LLH-4	0.001243030781332927	0.001243030781332927
1048	 LLH-2	0.0012553477143062073	0.001243030781332927
1049	 LLH-2	0.001254102445312244	0.001243030781332927
1050	 LLH-0	0.0012434417333643652	0.0012434417333643652
1051	 LLH-1	0.0012434417333643652	0.0012434417333643652
1052	 LLH-1	0.0012434417333643652	0.0012434417333643652
1053	 LLH-6	0.001243964305528887	0.001243964305528887
1054	 LLH-5	0.0012443693335899742	0.0012443693335899742
1055	 LLH-2	0.001257316069092862	0.0012443693335899742
1056	 LLH-6	0.0012442207164559812	0.0012442207164559812
1057	 LLH-0	0.0012449185045998205	0.0012449185045998205
1058	 LLH-6	0.0012446496259737277	0.0012446496259737277
1059	 LLH-5	0.0012447883538865036	0.0012447883538865036
1060	 LLH-5	0.0012446031268912713	0.0012446031268912713
1061	 LLH-5	0.0012444946270191173	0.0012444946270191173
1062	 LLH-3	0.0012459891535997187	0.0012459891535997187
1063	 LLH-3	0.0012759863884445554	0.0012459891535997187
1064	 LLH-2	0.001247272293386473	0.001247272293386473
1065	 LLH-1	0.001247272293386473	0.001247272293386473
1066	 LLH-4	0.001246622725362379	0.001246622725362379
1068	 LLH-5	0.0012470429290374124	0.0012470429290374124
1069	 LLH-5	0.0012471815533638749	0.0012471815533638749
1070	 LLH-2	0.001250072895861004	0.001250072895861004
1071	 LLH-6	0.0012513859200794215	0.0012513859200794215
1072	 LLH-4	0.0012513859200794215	0.0012513859200794215
1077	 LLH-5	0.001251526815742313	0.001251526815742313
1078	 LLH-2	0.0012613094615459553	0.001251526815742313
1079	 LLH-6	0.0012508402585668056	0.0012508402585668056
1080	 LLH-4	0.0012508402585668056	0.0012508402585668056
1085	 LLH-0	0.001251360802722124	0.001251360802722124
1086	 LLH-0	0.0012523547328279476	0.001251360802722124
1087	 LLH-1	0.0012514277311189183	0.0012514277311189183
1088	 LLH-2	0.0012546396967124923	0.0012514277311189183
1089	 LLH-6	0.0012518531360943444	0.0012518531360943444
1090	 LLH-2	0.0012559441428169	0.0012559441428169
1091	 LLH-2	0.0012712574175475447	0.0012712574175475447
1092	 LLH-5	0.0012715617381006512	0.0012715617381006512
1093	 LLH-4	0.00127028608673647	0.00127028608673647
1096	 LLH-4	0.001269500529371057	0.001269500529371057
1098	 LLH-0	0.0012703270590160556	0.0012703270590160556
1099	 LLH-0	0.0012712690890180308	0.0012712690890180308
1100	 LLH-4	0.0012702700546470154	0.0012702700546470154
1103	 LLH-6	0.0012704122593414358	0.0012704122593414358
1104	 LLH-1	0.0012704265049789155	0.0012704265049789155
1105	 LLH-5	0.0012709719064192841	0.0012709719064192841
1106	 LLH-3	0.0012523957700323926	0.0012523957700323926
1107	 LLH-4	0.0012523957700323926	0.0012523957700323926
1112	 LLH-1	0.0012525679196197074	0.0012525679196197074
1113	 LLH-5	0.0012523520325628873	0.0012523520325628873
1114	 LLH-6	0.0012508486735085063	0.0012508486735085063
1115	 LLH-4	0.00125023234789895	0.00125023234789895
1117	 LLH-3	0.0012969749455272346	0.00125023234789895
1118	 LLH-6	0.0012498648962622786	0.0012498648962622786
1119	 LLH-6	0.0012488410938870462	0.0012488410938870462
1120	 LLH-4	0.0012479551909829897	0.0012479551909829897
1124	 LLH-3	0.0012565527302071467	0.0012479551909829897
1125	 LLH-5	0.001249113751007525	0.001249113751007525
1126	 LLH-5	0.0012487771640218293	0.0012487771640218293
1127	 LLH-4	0.0012479538131438513	0.0012479538131438513
1129	 LLH-1	0.0012478638957434387	0.0012478638957434387
1130	 LLH-2	0.001258212014617526	0.0012478638957434387
1131	 LLH-0	0.0012486423095843632	0.0012486423095843632
1132	 LLH-4	0.0012486423095843632	0.0012486423095843632
1137	 LLH-3	0.0012570231961290777	0.0012570231961290777
1138	 LLH-1	0.0012570231961290777	0.0012570231961290777
1139	 LLH-6	0.0012565664599187493	0.0012565664599187493
1140	 LLH-3	0.0012881417799571672	0.0012565664599187493
1141	 LLH-5	0.0012563638235366878	0.0012563638235366878
1142	 LLH-6	0.001255985142062023	0.001255985142062023
1143	 LLH-2	0.0012485537397944938	0.0012485537397944938
1144	 LLH-6	0.001249558135572646	0.001249558135572646
1145	 LLH-1	0.0012495524022348467	0.0012495524022348467
1146	 LLH-4	0.0012485800772111273	0.0012485800772111273
1151	 LLH-4	0.0012480172111397456	0.0012480172111397456
1156	 LLH-1	0.0012480172111397456	0.0012480172111397456
1157	 LLH-3	0.0012902292631067516	0.0012480172111397456
1158	 LLH-4	0.0012470816299900802	0.0012470816299900802
1161	 LLH-5	0.0012475630387825316	0.0012475630387825316
1162	 LLH-4	0.001246726046068628	0.001246726046068628
1167	 LLH-5	0.0012459172224168122	0.0012459172224168122
1168	 LLH-1	0.0012459172224168122	0.0012459172224168122
1169	 LLH-2	0.0012571423955053994	0.0012459172224168122
1170	 LLH-5	0.001245988449204487	0.001245988449204487
1171	 LLH-5	0.0012457580313406406	0.0012457580313406406
1172	 LLH-0	0.0012450990598875805	0.0012450990598875805
1173	 LLH-3	0.0013013501609412746	0.0012450990598875805
1174	 LLH-0	0.0012460358800130413	0.0012460358800130413
1175	 LLH-6	0.0012463077506647726	0.0012463077506647726
1176	 LLH-3	0.0013038151152299322	0.0012463077506647726
1177	 LLH-4	0.0012463077506647726	0.0012463077506647726
1182	 LLH-0	0.0012472353323016955	0.0012472353323016955
1183	 LLH-3	0.0012937275821716242	0.0012472353323016955
1184	 LLH-5	0.0012468366472541013	0.0012468366472541013
1185	 LLH-5	0.001247550389665252	0.001247550389665252
1186	 LLH-2	0.0012573696454013256	0.001247550389665252
1187	 LLH-5	0.0012488372431049962	0.0012488372431049962
1188	 LLH-4	0.0012488372431049962	0.0012488372431049962
1193	 LLH-3	0.0012848230606949795	0.0012488372431049962
1194	 LLH-6	0.0012486465194927717	0.0012486465194927717
1195	 LLH-3	0.0013051331964877887	0.0012486465194927717
1196	 LLH-0	0.0012491635340610345	0.0012491635340610345
1197	 LLH-0	0.0012497300972656158	0.0012497300972656158
1198	 LLH-2	0.001249519722223057	0.001249519722223057
1199	 LLH-4	0.001248870888238237	0.001248870888238237
1203	 LLH-4	0.0012481118380126366	0.0012481118380126366
1206	 LLH-2	0.0012650987434681773	0.0012481118380126366
1207	 LLH-3	0.0013061707056052792	0.0012481118380126366
1208	 LLH-5	0.0012485525781795828	0.0012485525781795828
1209	 LLH-3	0.0012453113704922396	0.0012453113704922396
1210	 LLH-1	0.0012453825610941368	0.0012453825610941368
1211	 LLH-1	0.0012453825610941368	0.0012453825610941368
1212	 LLH-5	0.00124523709392673	0.00124523709392673
1213	 LLH-5	0.00124523709392673	0.00124523709392673
1214	 LLH-4	0.001244546569298198	0.001244546569298198
1218	 LLH-1	0.001244546569298198	0.001244546569298198
1219	 LLH-3	0.0012437113427619362	0.0012437113427619362
1220	 LLH-4	0.0012429548570672062	0.0012429548570672062
1225	 LLH-0	0.0012434165747985686	0.0012434165747985686
1226	 LLH-0	0.0012437971238358006	0.0012437971238358006
1227	 LLH-3	0.0012495281963342685	0.0012437971238358006
1228	 LLH-3	0.0012437326862740775	0.0012437326862740775
1229	 LLH-0	0.0012441453530110476	0.0012441453530110476
1230	 LLH-0	0.0012445597995108452	0.0012445597995108452
1231	 LLH-0	0.00124507221325699	0.00124507221325699
1232	 LLH-2	0.001250282457783674	0.00124507221325699
1233	 LLH-2	0.0012574840545032267	0.00124507221325699
1234	 LLH-6	0.0012448261261239707	0.0012448261261239707
1235	 LLH-2	0.0012555394123006424	0.0012448261261239707
1236	 LLH-6	0.0012458458376674799	0.0012448261261239707
1237	 LLH-5	0.0012451306976238776	0.0012451306976238776
1238	 LLH-6	0.001245039202945246	0.001245039202945246
1239	 LLH-3	0.0012645242544592305	0.001245039202945246
1240	 LLH-0	0.0012454231248820937	0.0012454231248820937
1241	 LLH-4	0.0012450624144721071	0.0012450624144721071
1246	 LLH-6	0.0012458853539796186	0.0012458853539796186
1247	 LLH-1	0.0012458853539796186	0.0012458853539796186
1248	 LLH-4	0.0012458853539796186	0.0012458853539796186
1253	 LLH-5	0.0012460783001782584	0.0012460783001782584
1254	 LLH-6	0.0012458652311275174	0.0012458652311275174
1255	 LLH-4	0.0012458652311275174	0.0012458652311275174
1260	 LLH-5	0.001245549646158457	0.001245549646158457
1261	 LLH-2	0.0012575100435952	0.001245549646158457
1262	 LLH-4	0.001245549646158457	0.001245549646158457
1267	 LLH-0	0.001246068072506695	0.001246068072506695
1268	 LLH-3	0.0012536643900648817	0.001246068072506695
1269	 LLH-4	0.001246068072506695	0.001246068072506695
1274	 LLH-0	0.001246468568517565	0.001246468568517565
1275	 LLH-4	0.0012457750873704964	0.0012457750873704964
1280	 LLH-2	0.0012453201063859192	0.0012453201063859192
1281	 LLH-4	0.0012447777938498859	0.0012447777938498859
1285	 LLH-6	0.0012453782881507336	0.0012453782881507336
1286	 LLH-5	0.0012458311792322924	0.0012458311792322924
1287	 LLH-2	0.001255781421539706	0.0012458311792322924
1288	 LLH-6	0.0012455231397691358	0.0012455231397691358
1289	 LLH-6	0.0012461699600739195	0.0012461699600739195
1290	 LLH-2	0.0012618029663230847	0.0012461699600739195
1291	 LLH-2	0.0012632733235166719	0.0012461699600739195
1292	 LLH-0	0.001246934092583987	0.0012461699600739195
1293	 LLH-6	0.001245241881989502	0.001245241881989502
1294	 LLH-3	0.0012457425888818966	0.0012457425888818966
1295	 LLH-6	0.001245211202599965	0.001245211202599965
1296	 LLH-4	0.001245211202599965	0.001245211202599965
1301	 LLH-4	0.001244814359075247	0.001244814359075247
1304	 LLH-1	0.001244814359075247	0.001244814359075247
1305	 LLH-2	0.0012529995027284985	0.001244814359075247
1306	 LLH-1	0.001244814359075247	0.001244814359075247
1307	 LLH-1	0.001244814359075247	0.001244814359075247
1308	 LLH-0	0.0012452850538321146	0.0012452850538321146
1309	 LLH-1	0.001245391196592819	0.001245391196592819
1310	 LLH-4	0.001245391196592819	0.001245391196592819
1315	 LLH-3	0.0012798205872257562	0.001245391196592819
1316	 LLH-4	0.0012448806976102064	0.0012448806976102064
1321	 LLH-0	0.001245384473297399	0.001245384473297399
1322	 LLH-5	0.0012453310865231902	0.0012453310865231902
1323	 LLH-2	0.001251074322046769	0.001251074322046769
1324	 LLH-5	0.001251688335604304	0.001251688335604304
1325	 LLH-2	0.001257787085824572	0.001257787085824572
1326	 LLH-1	0.001257787085824572	0.001257787085824572
1327	 LLH-4	0.001257787085824572	0.001257787085824572
1332	 LLH-0	0.0012567385533784837	0.0012567385533784837
1333	 LLH-0	0.0012573417811521717	0.0012573417811521717
1334	 LLH-2	0.0012733035316847574	0.0012573417811521717
1335	 LLH-1	0.0012573417811521717	0.0012573417811521717
1336	 LLH-2	0.0012733149124881428	0.0012573417811521717
1337	 LLH-1	0.0012578714484594417	0.0012578714484594417
1338	 LLH-3	0.0012573542879701929	0.0012573542879701929
1339	 LLH-0	0.0012582116136817042	0.0012582116136817042
1340	 LLH-3	0.0012476090654637726	0.0012476090654637726
1341	 LLH-0	0.0012481420566486396	0.0012481420566486396
1342	 LLH-6	0.0012486317879234828	0.0012486317879234828
1343	 LLH-5	0.0012489646997490258	0.0012489646997490258
1344	 LLH-3	0.0012712008594581207	0.0012489646997490258
1345	 LLH-0	0.001249425530936285	0.001249425530936285
1346	 LLH-6	0.0012499689805701537	0.0012499689805701537
1347	 LLH-3	0.0012537795623023909	0.0012499689805701537
1348	 LLH-2	0.0012614776193570986	0.0012499689805701537
1349	 LLH-3	0.0012497497250806673	0.0012497497250806673
1350	 LLH-4	0.0012497497250806673	0.0012497497250806673
1355	 LLH-1	0.0012497497250806673	0.0012497497250806673
1356	 LLH-4	0.0012497497250806673	0.0012497497250806673
1361	 LLH-1	0.0012497497250806673	0.0012497497250806673
1362	 LLH-1	0.0012497497250806673	0.0012497497250806673
1363	 LLH-1	0.0012494673378149704	0.0012494673378149704
1364	 LLH-6	0.0012495695884658967	0.0012495695884658967
1365	 LLH-3	0.001243379775352905	0.001243379775352905
1366	 LLH-0	0.0012438366028180738	0.0012438366028180738
1367	 LLH-3	0.001252405513744925	0.0012438366028180738
1368	 LLH-2	0.001243626148781062	0.001243626148781062
1369	 LLH-2	0.0012517355453731272	0.001243626148781062
1370	 LLH-1	0.0012433038034950752	0.0012433038034950752
1371	 LLH-2	0.0012503491807209313	0.0012433038034950752
1372	 LLH-3	0.0012938933626949242	0.0012433038034950752
1373	 LLH-5	0.001243450586673508	0.001243450586673508
1374	 LLH-2	0.001253480821816102	0.001243450586673508
1375	 LLH-5	0.001243411528401074	0.001243411528401074
1376	 LLH-3	0.0012543313565374547	0.001243411528401074
1377	 LLH-0	0.0012441292151242655	0.0012441292151242655
1378	 LLH-2	0.0012582761757703544	0.0012441292151242655
1379	 LLH-0	0.0012446549486611778	0.0012441292151242655
1380	 LLH-5	0.0012449137870145337	0.0012449137870145337
1381	 LLH-2	0.0012551554508585057	0.0012449137870145337
1382	 LLH-5	0.0012448897841058945	0.0012448897841058945
1383	 LLH-6	0.0012455064332675106	0.0012455064332675106
1384	 LLH-0	0.001246304685473069	0.001246304685473069
1385	 LLH-0	0.0012471283925576655	0.0012471283925576655
1386	 LLH-0	0.0012477437327472367	0.0012477437327472367
1387	 LLH-3	0.0012533692216948897	0.0012533692216948897
1388	 LLH-2	0.0012620462550395008	0.0012533692216948897
1389	 LLH-2	0.0012463759236878292	0.0012463759236878292
1390	 LLH-5	0.0012471783112428772	0.0012471783112428772
1391	 LLH-3	0.001257042186479646	0.0012471783112428772
1392	 LLH-6	0.0012469884327287004	0.0012469884327287004
1393	 LLH-5	0.0012475664900935134	0.0012475664900935134
1394	 LLH-2	0.0012540848236052865	0.0012475664900935134
1395	 LLH-3	0.0013059573803006397	0.0012475664900935134
1396	 LLH-0	0.0012467995176094115	0.0012467995176094115
1397	 LLH-0	0.0012472920089707147	0.0012467995176094115
1398	 LLH-2	0.0012667305339345391	0.0012467995176094115
1399	 LLH-6	0.001246598151635691	0.001246598151635691
1400	 LLH-4	0.001246598151635691	0.001246598151635691
1405	 LLH-5	0.0012464910941189682	0.0012464910941189682
1406	 LLH-2	0.0012583856364914903	0.0012464910941189682
1407	 LLH-0	0.0012474074764464722	0.0012474074764464722
1408	 LLH-1	0.0012469019772424327	0.0012469019772424327
1409	 LLH-0	0.0012461520375658737	0.0012461520375658737
1410	 LLH-2	0.001253313558936457	0.0012461520375658737
1411	 LLH-1	0.0012461520375658737	0.0012461520375658737
1412	 LLH-6	0.0012473088990999504	0.0012473088990999504
1413	 LLH-6	0.001245794448566463	0.001245794448566463
1414	 LLH-0	0.0012462818657812346	0.0012462818657812346
1415	 LLH-2	0.001252159932397385	0.0012462818657812346
1416	 LLH-1	0.0012462818657812346	0.0012462818657812346
1417	 LLH-1	0.0012464372469317587	0.0012464372469317587
1418	 LLH-4	0.0012464372469317587	0.0012464372469317587
1423	 LLH-4	0.00124583172011798	0.00124583172011798
1425	 LLH-3	0.0013091552117456984	0.00124583172011798
1426	 LLH-1	0.0012454845414192075	0.0012454845414192075
1427	 LLH-2	0.0012645940880791954	0.0012454845414192075
1428	 LLH-3	0.0012905570968523704	0.0012454845414192075
1429	 LLH-3	0.0012890287384131336	0.0012454845414192075
1430	 LLH-4	0.0012448219210918537	0.0012448219210918537
1435	 LLH-2	0.0012549886369979085	0.0012448219210918537
1436	 LLH-0	0.0012454104057723543	0.0012448219210918537
1437	 LLH-2	0.0012627860960098506	0.0012448219210918537
1438	 LLH-1	0.0012448219210918537	0.0012448219210918537
1439	 LLH-1	0.0012448639943330978	0.0012448639943330978
1440	 LLH-6	0.001244384682558293	0.001244384682558293
1441	 LLH-3	0.0012836760828813288	0.001244384682558293
1442	 LLH-0	0.0012451198150964615	0.0012451198150964615
1443	 LLH-0	0.0012456286643178142	0.0012456286643178142
1444	 LLH-5	0.0012462315785649665	0.0012462315785649665
1445	 LLH-4	0.0012462315785649665	0.0012462315785649665
1450	 LLH-2	0.0012580172604311063	0.0012462315785649665
1451	 LLH-0	0.0012453373751614857	0.0012453373751614857
1452	 LLH-0	0.0012459372132716912	0.0012459372132716912
1453	 LLH-6	0.0012453816084543612	0.0012453816084543612
1454	 LLH-4	0.0012453816084543612	0.0012453816084543612
1459	 LLH-2	0.0012694557356784553	0.0012453816084543612
1460	 LLH-5	0.0012462904649982404	0.0012453816084543612
1461	 LLH-5	0.0012462762251773723	0.0012462762251773723
1462	 LLH-6	0.0012459927183073143	0.0012459927183073143
1463	 LLH-4	0.0012453182330373824	0.0012453182330373824
1466	 LLH-3	0.0012928106990578196	0.0012453182330373824
1467	 LLH-1	0.0012453182330373824	0.0012453182330373824
1468	 LLH-4	0.0012447659873752728	0.0012447659873752728
1472	 LLH-2	0.0012499655698489898	0.0012499655698489898
1473	 LLH-2	0.001262120551443423	0.0012499655698489898
1474	 LLH-3	0.001250459103789479	0.001250459103789479
1475	 LLH-2	0.001253098239163351	0.001253098239163351
1476	 LLH-3	0.0012433773202387348	0.0012433773202387348
1477	 LLH-2	0.0012602327604095724	0.0012433773202387348
1478	 LLH-6	0.0012434679289316248	0.0012434679289316248
1479	 LLH-4	0.0012434679289316248	0.0012434679289316248
1484	 LLH-0	0.0012428880867615265	0.0012428880867615265
1485	 LLH-5	0.0012428268604739844	0.0012428268604739844
1486	 LLH-1	0.001242563446676841	0.001242563446676841
1487	 LLH-2	0.0012551169128900452	0.001242563446676841
1488	 LLH-2	0.0012538309987476391	0.001242563446676841
1489	 LLH-6	0.00124222747748703	0.00124222747748703
1490	 LLH-5	0.0012421936283149298	0.0012421936283149298
1491	 LLH-5	0.0012423306878373774	0.0012421936283149298
1492	 LLH-3	0.0012827988785751312	0.0012421936283149298
1493	 LLH-0	0.0012427394111394568	0.0012427394111394568
1494	 LLH-1	0.0012427394111394568	0.0012427394111394568
1495	 LLH-4	0.0012427394111394568	0.0012427394111394568
1500	 LLH-1	0.0012427394111394568	0.0012427394111394568
1501	 LLH-6	0.0012434554059101372	0.0012427394111394568
1502	 LLH-5	0.0012426952359994492	0.0012426952359994492
1503	 LLH-6	0.0012433453724386883	0.0012426952359994492
1504	 LLH-3	0.0012443468825732319	0.0012443468825732319
1505	 LLH-4	0.0012443468825732319	0.0012443468825732319
1510	 LLH-5	0.0012443654069783816	0.0012443654069783816
1511	 LLH-4	0.0012438002317792535	0.0012438002317792535
1516	 LLH-2	0.0012502293951334197	0.0012438002317792535
1517	 LLH-6	0.0012439010020752572	0.0012439010020752572
1518	 LLH-2	0.0012470390593871956	0.0012439010020752572
1519	 LLH-2	0.0012538922120789156	0.0012439010020752572
1520	 LLH-0	0.001244435153786638	0.001244435153786638
1521	 LLH-5	0.0012449503858156525	0.0012449503858156525
1522	 LLH-2	0.0012573903633812504	0.0012449503858156525
1523	 LLH-2	0.0012621888152182278	0.0012449503858156525
1524	 LLH-1	0.0012449503858156525	0.0012449503858156525
1525	 LLH-6	0.0012448747405304464	0.0012448747405304464
1526	 LLH-1	0.0012448747405304464	0.0012448747405304464
1527	 LLH-0	0.001245302841858098	0.001245302841858098
1528	 LLH-6	0.00124630933727249	0.001245302841858098
1529	 LLH-2	0.0012542926783596386	0.001245302841858098
1530	 LLH-3	0.001268937277357532	0.001245302841858098
1531	 LLH-2	0.0012488799259658106	0.0012488799259658106
1532	 LLH-3	0.001244672174662216	0.001244672174662216
1533	 LLH-6	0.0012455159430298463	0.0012455159430298463
1534	 LLH-2	0.0012519243670108535	0.0012455159430298463
1535	 LLH-4	0.0012455159430298463	0.0012455159430298463
1540	 LLH-0	0.0012459938315057468	0.0012459938315057468
1541	 LLH-5	0.0012460660666452502	0.0012460660666452502
1542	 LLH-2	0.0012581423044648737	0.0012460660666452502
1543	 LLH-1	0.0012460660666452502	0.0012460660666452502
1544	 LLH-5	0.0012462346842781816	0.0012462346842781816
1545	 LLH-3	0.0012926752062165027	0.0012462346842781816
1546	 LLH-5	0.0012463059668724513	0.0012463059668724513
1547	 LLH-4	0.0012458601665007799	0.0012458601665007799
1550	 LLH-1	0.0012458601665007799	0.0012458601665007799
1551	 LLH-2	0.0012597032121682557	0.0012458601665007799
1552	 LLH-4	0.0012452910744957923	0.0012452910744957923
1557	 LLH-5	0.0012454472126845176	0.0012454472126845176
1558	 LLH-1	0.0012454472126845176	0.0012454472126845176
1559	 LLH-1	0.0012454472126845176	0.0012454472126845176
1560	 LLH-5	0.0012458015596523236	0.0012454472126845176
1561	 LLH-6	0.0012453891526300503	0.0012453891526300503
1562	 LLH-3	0.0012465942701190922	0.0012453891526300503
1563	 LLH-4	0.0012453891526300503	0.0012453891526300503
1568	 LLH-1	0.0012453891526300503	0.0012453891526300503
1569	 LLH-6	0.001244984129789899	0.001244984129789899
1570	 LLH-4	0.001244984129789899	0.001244984129789899
1575	 LLH-1	0.001244984129789899	0.001244984129789899
1576	 LLH-4	0.001244984129789899	0.001244984129789899
1581	 LLH-1	0.001244984129789899	0.001244984129789899
1582	 LLH-5	0.0012449849074899796	0.0012449849074899796
1583	 LLH-5	0.0012454270148545407	0.0012449849074899796
1584	 LLH-4	0.0012449849074899796	0.0012449849074899796
1589	 LLH-1	0.0012449849074899796	0.0012449849074899796
1590	 LLH-5	0.001245766463923446	0.0012449849074899796
1591	 LLH-2	0.0012606853309425705	0.0012449849074899796
1592	 LLH-2	0.001260687798584822	0.0012449849074899796
1593	 LLH-1	0.0012449849074899796	0.0012449849074899796
1594	 LLH-4	0.0012449849074899796	0.0012449849074899796
1599	 LLH-2	0.0012596124234866854	0.0012449849074899796
1600	 LLH-1	0.0012449849074899796	0.0012449849074899796
1601	 LLH-2	0.0012537636335270765	0.0012449849074899796
1602	 LLH-2	0.0012635115664938188	0.0012449849074899796
1603	 LLH-0	0.0012456821997019246	0.0012456821997019246
1604	 LLH-0	0.001244979321464133	0.001244979321464133
1605	 LLH-0	0.0012603640439648807	0.001244979321464133
1606	 LLH-4	0.001244979321464133	0.001244979321464133
1611	 LLH-2	0.0012514816403310014	0.001244979321464133
1612	 LLH-1	0.001244979321464133	0.001244979321464133
1613	 LLH-3	0.0012464100976582841	0.001244979321464133
1614	 LLH-2	0.0012580506149058417	0.001244979321464133
1615	 LLH-2	0.001249018816221659	0.001244979321464133
1616	 LLH-6	0.0012457585437756387	0.0012457585437756387
1617	 LLH-6	0.0012456195976794742	0.0012456195976794742
1618	 LLH-5	0.0012441910721937225	0.0012441910721937225
1619	 LLH-2	0.0012538495017876718	0.0012441910721937225
1620	 LLH-4	0.0012441910721937225	0.0012441910721937225
1625	 LLH-1	0.0012441910721937225	0.0012441910721937225
1626	 LLH-1	0.0012439566341709064	0.0012439566341709064
1627	 LLH-2	0.001253684509493571	0.0012439566341709064
1628	 LLH-5	0.0012432694538496583	0.0012432694538496583
1629	 LLH-0	0.001243823751094362	0.001243823751094362
1630	 LLH-0	0.0012443512338954775	0.001243823751094362
1631	 LLH-5	0.001244165734008643	0.001244165734008643
1632	 LLH-2	0.0012526252014130536	0.001244165734008643
1633	 LLH-6	0.0012450465076855174	0.0012450465076855174
1634	 LLH-6	0.0012450909543419654	0.0012450909543419654
1635	 LLH-0	0.0012458652377988556	0.0012458652377988556
1636	 LLH-2	0.001255529875167842	0.0012458652377988556
1637	 LLH-0	0.0012450806968863537	0.0012450806968863537
1638	 LLH-6	0.0012447692655346532	0.0012447692655346532
1639	 LLH-6	0.0012456016766073399	0.0012456016766073399
1640	 LLH-5	0.0012455835073056486	0.0012455835073056486
1641	 LLH-3	0.001257724986270093	0.0012455835073056486
1642	 LLH-0	0.0012460782400997837	0.0012460782400997837
1643	 LLH-2	0.0012621984538338403	0.0012460782400997837
1644	 LLH-5	0.0012466184477515484	0.0012466184477515484
1645	 LLH-6	0.001246288813637578	0.001246288813637578
1646	 LLH-0	0.001245752507030431	0.001245752507030431
1647	 LLH-2	0.0012618925778254712	0.001245752507030431
1648	 LLH-1	0.001245752507030431	0.001245752507030431
1649	 LLH-4	0.001245752507030431	0.001245752507030431
1654	 LLH-6	0.001244870683595495	0.001244870683595495
1655	 LLH-5	0.0012454027495941468	0.0012454027495941468
1656	 LLH-6	0.001245831702995868	0.0012454027495941468
1657	 LLH-3	0.0012469007653262013	0.0012454027495941468
1658	 LLH-6	0.001244308792066264	0.001244308792066264
1659	 LLH-2	0.001256107954319808	0.001244308792066264
1660	 LLH-5	0.0012444798973232879	0.001244308792066264
1661	 LLH-4	0.0012437662676230185	0.0012437662676230185
1665	 LLH-5	0.0012428541566484395	0.0012428541566484395
1666	 LLH-0	0.0012582447085397195	0.0012428541566484395
1667	 LLH-2	0.0012452028469494946	0.0012428541566484395
1668	 LLH-2	0.0012546649146047942	0.0012428541566484395
1669	 LLH-3	0.00126929245491604	0.0012428541566484395
1670	 LLH-3	0.0012419936375299156	0.0012419936375299156
1671	 LLH-2	0.0012607354631190971	0.0012419936375299156
1672	 LLH-5	0.0012419668040068732	0.0012419668040068732
1673	 LLH-6	0.0012415943484113245	0.0012415943484113245
1674	 LLH-2	0.0012493956541781987	0.0012415943484113245
1675	 LLH-1	0.0012415943484113245	0.0012415943484113245
1676	 LLH-0	0.0012420669140788285	0.0012420669140788285
1677	 LLH-6	0.0012417906775461227	0.0012417906775461227
1678	 LLH-0	0.0012422124458576482	0.0012422124458576482
1679	 LLH-3	0.0012838429387103552	0.0012422124458576482
1680	 LLH-1	0.0012422124458576482	0.0012422124458576482
1681	 LLH-5	0.0012420272307830178	0.0012420272307830178
1682	 LLH-3	0.0012446482147848925	0.0012420272307830178
1683	 LLH-2	0.0012563307919551518	0.0012420272307830178
1684	 LLH-0	0.001242598839881572	0.001242598839881572
1685	 LLH-2	0.0012541457209033005	0.001242598839881572
1686	 LLH-0	0.001243044110483232	0.001243044110483232
1687	 LLH-2	0.0012434808942642693	0.0012434808942642693
1688	 LLH-2	0.0012637445348490013	0.0012434808942642693
1689	 LLH-0	0.0012440859628179337	0.0012440859628179337
1690	 LLH-0	0.0012445853802506269	0.0012440859628179337
1691	 LLH-3	0.001310854368906961	0.0012440859628179337
1692	 LLH-3	0.0012763244425868406	0.0012440859628179337
1693	 LLH-1	0.0012440859628179337	0.0012440859628179337
1694	 LLH-2	0.0012631637035531598	0.0012440859628179337
1695	 LLH-2	0.0012521394714393556	0.0012440859628179337
1696	 LLH-5	0.0012448918287334587	0.0012448918287334587
1697	 LLH-6	0.0012447531748729962	0.0012447531748729962
1698	 LLH-4	0.001244111618773399	0.001244111618773399
1702	 LLH-5	0.001244496791155192	0.001244496791155192
1703	 LLH-6	0.001244334704909253	0.001244334704909253
1704	 LLH-5	0.0012445700947904144	0.0012445700947904144
1705	 LLH-0	0.0012450871712712968	0.0012450871712712968
1706	 LLH-2	0.0012531370397069128	0.0012450871712712968
1707	 LLH-0	0.0012456866528981298	0.0012450871712712968
1708	 LLH-4	0.0012450871712712968	0.0012450871712712968
1713	 LLH-0	0.0012457444449432578	0.0012457444449432578
1714	 LLH-1	0.001245707456527074	0.001245707456527074
1715	 LLH-0	0.0012465958602808531	0.001245707456527074
1716	 LLH-2	0.0012664968331659412	0.001245707456527074
1717	 LLH-0	0.001246311078609283	0.001245707456527074
1718	 LLH-3	0.0012539955955966492	0.001245707456527074
1719	 LLH-6	0.0012466708326821356	0.001245707456527074
1720	 LLH-1	0.001245707456527074	0.001245707456527074
1721	 LLH-2	0.0012545089755792234	0.001245707456527074
1722	 LLH-5	0.0012458057866368186	0.0012458057866368186
1723	 LLH-6	0.0012455508035032535	0.0012455508035032535
1724	 LLH-2	0.001252214596629842	0.0012455508035032535
1725	 LLH-6	0.001245383188189376	0.001245383188189376
1726	 LLH-2	0.0012503356803923523	0.001245383188189376
1727	 LLH-4	0.0012447436177752838	0.0012447436177752838
1729	 LLH-2	0.0012507683752896433	0.0012447436177752838
1730	 LLH-5	0.001244487355067444	0.001244487355067444
1731	 LLH-3	0.001251507623180569	0.001244487355067444
1732	 LLH-3	0.0012984481414785817	0.001244487355067444
1733	 LLH-4	0.001244487355067444	0.001244487355067444
1738	 LLH-0	0.0012451370830038476	0.001244487355067444
1739	 LLH-1	0.0012444881723490662	0.0012444881723490662
1740	 LLH-3	0.0012529431365204608	0.0012444881723490662
1741	 LLH-6	0.0012451905321544862	0.0012444881723490662
1742	 LLH-3	0.0012435953703222287	0.0012435953703222287
1743	 LLH-2	0.001252239524927886	0.0012435953703222287
1744	 LLH-0	0.0012440847784311703	0.0012440847784311703
1745	 LLH-0	0.0012445709042226915	0.0012445709042226915
1746	 LLH-5	0.001244345562986344	0.001244345562986344
1747	 LLH-4	0.0012438009390826775	0.0012438009390826775
1751	 LLH-0	0.0012443943595448082	0.0012438009390826775
1752	 LLH-2	0.0012488756553969342	0.0012438009390826775
1753	 LLH-1	0.0012438009390826775	0.0012438009390826775
1754	 LLH-4	0.0012438009390826775	0.0012438009390826775
1759	 LLH-2	0.0012557839919590675	0.0012438009390826775
1760	 LLH-1	0.0012438009390826775	0.0012438009390826775
1761	 LLH-1	0.001243785261653856	0.001243785261653856
1762	 LLH-2	0.0012475288570585692	0.001243785261653856
1763	 LLH-4	0.0012433169792668056	0.0012433169792668056
1765	 LLH-4	0.001242855224388308	0.001242855224388308
1769	 LLH-2	0.0012613561525309847	0.001242855224388308
1770	 LLH-6	0.001243465300632811	0.001242855224388308
1771	 LLH-0	0.0012433175987005996	0.001242855224388308
1772	 LLH-2	0.0012529962295709223	0.001242855224388308
1773	 LLH-0	0.0012433217818424353	0.001242855224388308
1774	 LLH-1	0.001242855224388308	0.001242855224388308
1775	 LLH-4	0.001242360375946894	0.001242360375946894
1778	 LLH-6	0.0012428739371148987	0.001242360375946894
1779	 LLH-3	0.0012563741632593598	0.001242360375946894
1780	 LLH-1	0.001242360375946894	0.001242360375946894
1781	 LLH-5	0.0012432246266440906	0.001242360375946894
1782	 LLH-4	0.0012416398066458936	0.0012416398066458936
1786	 LLH-4	0.0012416398066458936	0.0012416398066458936
1791	 LLH-0	0.0012424137939111555	0.0012416398066458936
1792	 LLH-2	0.001245813150335233	0.0012416398066458936
1793	 LLH-1	0.0012416712321915194	0.0012416398066458936
1794	 LLH-2	0.001256729799241965	0.0012416398066458936
1795	 LLH-2	0.0012515089270809612	0.0012416398066458936
1796	 LLH-5	0.0012425175858233216	0.0012416398066458936
1797	 LLH-0	0.0012421216722920177	0.0012416398066458936
1798	 LLH-0	0.0012423445948319066	0.0012416398066458936
1799	 LLH-6	0.001242301300441276	0.0012416398066458936
1800	 LLH-1	0.0012416398066458936	0.0012416398066458936
1801	 LLH-5	0.0012416398066458936	0.0012416398066458936
1802	 LLH-0	0.0012420902978359228	0.0012420902978359228
1803	 LLH-6	0.0012433912760321144	0.0012420902978359228
1804	 LLH-3	0.0012919117022152091	0.0012420902978359228
1805	 LLH-6	0.0012424770146671124	0.0012420902978359228
1806	 LLH-1	0.0012421834495173851	0.0012421834495173851
1807	 LLH-2	0.0012549258397559775	0.0012421834495173851
1808	 LLH-1	0.001242266183080714	0.0012421834495173851
1809	 LLH-2	0.0012602480249572987	0.0012421834495173851
1810	 LLH-6	0.001242635894883207	0.0012421834495173851
1811	 LLH-6	0.0012424733705759699	0.0012421834495173851
1812	 LLH-6	0.0012431230880979806	0.0012421834495173851
1813	 LLH-3	0.0012426027666177033	0.0012421834495173851
1814	 LLH-1	0.0012421834495173851	0.0012421834495173851
1815	 LLH-0	0.001242606644601456	0.001242606644601456
1816	 LLH-5	0.0012421590415595065	0.0012421590415595065
1817	 LLH-6	0.001241302048663631	0.001241302048663631
1818	 LLH-1	0.001241342663240382	0.001241342663240382
1819	 LLH-5	0.0012426111055087044	0.001241342663240382
1820	 LLH-5	0.001241679144808228	0.001241342663240382
1821	 LLH-6	0.0012427740045049009	0.001241342663240382
1822	 LLH-5	0.0012412989860222403	0.0012412989860222403
1823	 LLH-6	0.0012410962736207694	0.0012410962736207694
1824	 LLH-3	0.0012424142327493446	0.0012410962736207694
1825	 LLH-5	0.0012428963521301727	0.0012410962736207694
1826	 LLH-6	0.0012420609190433667	0.0012410962736207694
1827	 LLH-3	0.0012536027221089377	0.0012410962736207694
1828	 LLH-2	0.0012523600233701772	0.0012410962736207694
1829	 LLH-3	0.0012817069277301916	0.0012410962736207694
1830	 LLH-1	0.0012410954332681364	0.0012410954332681364
1831	 LLH-6	0.0012426761025842907	0.0012410954332681364
1832	 LLH-2	0.0012524698283178522	0.0012410954332681364
1833	 LLH-4	0.0012410954332681364	0.0012410954332681364
1838	 LLH-5	0.0012418019868218088	0.0012410954332681364
1839	 LLH-4	0.0012410954332681364	0.0012410954332681364
1844	 LLH-5	0.00124115979128877	0.00124115979128877
1845	 LLH-0	0.0012417890540294615	0.00124115979128877
1846	 LLH-0	0.0012415746360418404	0.0012415746360418404
1847	 LLH-6	0.001241973983724496	0.001241973983724496
1848	 LLH-6	0.0012426232659732543	0.001241973983724496
1849	 LLH-5	0.0012418974292890046	0.0012418974292890046
1850	 LLH-2	0.001257227759327811	0.0012418974292890046
1851	 LLH-4	0.0012418974292890046	0.0012418974292890046
1856	 LLH-5	0.0012423289478559682	0.0012418974292890046
1857	 LLH-6	0.0012420439478135945	0.0012420439478135945
1858	 LLH-6	0.0012433403568461064	0.0012420439478135945
1859	 LLH-5	0.0012416539210969948	0.0012416539210969948
1860	 LLH-0	0.0012412225354557138	0.0012412225354557138
1861	 LLH-6	0.001241332993606086	0.001241332993606086
1862	 LLH-6	0.0012412102293629097	0.0012412102293629097
1863	 LLH-5	0.0012419517620025037	0.0012412102293629097
1864	 LLH-3	0.0012407556771761757	0.0012407556771761757
1865	 LLH-3	0.0012761363878848883	0.0012407556771761757
1866	 LLH-4	0.0012402389173507744	0.0012402389173507744
1868	 LLH-2	0.001249951689763191	0.0012402389173507744
1869	 LLH-5	0.0012408210987973935	0.0012402389173507744
1870	 LLH-5	0.0012404582791674696	0.0012402389173507744
1871	 LLH-6	0.0012401620807520489	0.0012401620807520489
1872	 LLH-1	0.0012400691643042066	0.0012400691643042066
1873	 LLH-1	0.0012400691643042066	0.0012400691643042066
1874	 LLH-4	0.0012400691643042066	0.0012400691643042066
1879	 LLH-3	0.0012726246402001834	0.0012400691643042066
1880	 LLH-2	0.0012506139204795652	0.0012400691643042066
1881	 LLH-5	0.0012403452693369908	0.0012403452693369908
1882	 LLH-4	0.0012403452693369908	0.0012403452693369908
1887	 LLH-2	0.0012601341020902217	0.0012403452693369908
1888	 LLH-4	0.0012403452693369908	0.0012403452693369908
1893	 LLH-5	0.001240094535670299	0.001240094535670299
1894	 LLH-2	0.0012493771900907494	0.001240094535670299
1895	 LLH-5	0.0012398149612477731	0.0012398149612477731
1896	 LLH-5	0.0012396109912201038	0.0012396109912201038
1897	 LLH-1	0.0012396109912201038	0.0012396109912201038
1898	 LLH-1	0.0012396109912201038	0.0012396109912201038
1899	 LLH-3	0.001245767383518311	0.0012396109912201038
1900	 LLH-6	0.0012398893355425548	0.0012398893355425548
1901	 LLH-6	0.0012418251233608038	0.0012398893355425548
1902	 LLH-2	0.0012449694892138741	0.0012398893355425548
1903	 LLH-6	0.0012394947384235533	0.0012394947384235533
1904	 LLH-5	0.0012396062907285845	0.0012396062907285845
1905	 LLH-0	0.0012400641852828576	0.0012396062907285845
1906	 LLH-3	0.001244366460876447	0.0012396062907285845
1907	 LLH-4	0.0012396062907285845	0.0012396062907285845
1912	 LLH-4	0.0012396062907285845	0.0012396062907285845
1917	 LLH-5	0.0012396637290794205	0.0012396062907285845
1918	 LLH-1	0.0012396062907285845	0.0012396062907285845
1919	 LLH-0	0.001240294882326083	0.001240294882326083
1920	 LLH-5	0.0012401542922908413	0.0012401542922908413
1921	 LLH-6	0.0012411962252342245	0.0012401542922908413
1922	 LLH-1	0.0012401542922908413	0.0012401542922908413
1923	 LLH-3	0.0012760391367593214	0.0012401542922908413
1924	 LLH-2	0.0012459304225244383	0.0012401542922908413
1925	 LLH-6	0.0012404603032666669	0.0012401542922908413
1926	 LLH-1	0.0012401542922908413	0.0012401542922908413
1927	 LLH-0	0.001240880351116992	0.0012401542922908413
1928	 LLH-5	0.0012406068239137777	0.0012401542922908413
1929	 LLH-0	0.0012405501001784517	0.0012405501001784517
1930	 LLH-0	0.0012410818422691201	0.0012405501001784517
1931	 LLH-5	0.0012404909285436934	0.0012404909285436934
1932	 LLH-5	0.0012405178010061989	0.0012405178010061989
1933	 LLH-6	0.0012415345909860946	0.0012405178010061989
1934	 LLH-2	0.0012516397109621296	0.0012405178010061989
1935	 LLH-2	0.0012497695014778638	0.0012405178010061989
1936	 LLH-2	0.0012470668966753445	0.0012405178010061989
1937	 LLH-4	0.0012405178010061989	0.0012405178010061989
1942	 LLH-1	0.00124065598969289	0.00124065598969289
1943	 LLH-3	0.0012666565122154186	0.00124065598969289
1944	 LLH-0	0.0012410712145686932	0.00124065598969289
1945	 LLH-4	0.00124020948817105	0.00124020948817105
1949	 LLH-4	0.00124020948817105	0.00124020948817105
1954	 LLH-2	0.0012530250423454343	0.00124020948817105
1955	 LLH-4	0.00124020948817105	0.00124020948817105
1960	 LLH-3	0.0012452167200431585	0.00124020948817105
1961	 LLH-6	0.0012415443930584684	0.00124020948817105
1962	 LLH-2	0.0012478040671878555	0.00124020948817105
1963	 LLH-0	0.001240696471185628	0.00124020948817105
1964	 LLH-1	0.00124020948817105	0.00124020948817105
1965	 LLH-1	0.00124020948817105	0.00124020948817105
1966	 LLH-6	0.0012412390962166658	0.00124020948817105
1967	 LLH-2	0.0012592622125883225	0.00124020948817105
1968	 LLH-5	0.0012404977273714874	0.0012404977273714874
1969	 LLH-3	0.0012433838985062898	0.0012404977273714874
1970	 LLH-3	0.001272339534807411	0.0012404977273714874
1971	 LLH-6	0.0012414586983887771	0.0012404977273714874
1972	 LLH-2	0.001250822327512973	0.0012404977273714874
1973	 LLH-3	0.0012760065050523295	0.0012404977273714874
1974	 LLH-3	0.0012885681546811664	0.0012404977273714874
1975	 LLH-1	0.0012404977273714874	0.0012404977273714874
1976	 LLH-5	0.0012408189910267904	0.0012404977273714874
1977	 LLH-5	0.0012404237380744967	0.0012404237380744967
1978	 LLH-0	0.0012409140699131914	0.0012404237380744967
1979	 LLH-4	0.0012404237380744967	0.0012404237380744967
1984	 LLH-6	0.0012404482549231864	0.0012404482549231864
1985	 LLH-5	0.0012405297612365473	0.0012405297612365473
1986	 LLH-4	0.0012400569065693732	0.0012400569065693732
1988	 LLH-4	0.0012400569065693732	0.0012400569065693732
1993	 LLH-5	0.0012398611300242105	0.0012398611300242105
1994	 LLH-3	0.0012747228107960634	0.0012398611300242105
1995	 LLH-2	0.0012485483818673398	0.0012398611300242105
1996	 LLH-6	0.001240687581529164	0.0012398611300242105
1997	 LLH-4	0.0012398611300242105	0.0012398611300242105
GRID-Start
0.0	0.0
0.0	308.0385
0.0	616.077
0.0	924.1155
0.0	1232.154
0.0	1540.1925
0.0	1848.2310000000002
0.0	2156.2695000000003
0.0	2464.3080000000004
0.0	2772.3465000000006
0.0	3080.3850000000007
0.0	3388.423500000001
0.0	3696.462000000001
0.0	4004.500500000001
0.0	4312.539000000001
0.0	4620.5775
0.0	4928.616
0.0	5236.6545
0.0	5544.692999999999
0.0	5852.731499999999
0.0	6160.769999999999
0.0	6468.808499999998
308.0385	0.0
308.0385	308.0385
308.0385	616.077
308.0385	924.1155
308.0385	1232.154
308.0385	1540.1925
308.0385	1848.2310000000002
308.0385	2156.2695000000003
308.0385	2464.3080000000004
308.0385	2772.3465000000006
308.0385	3080.3850000000007
308.0385	3388.423500000001
308.0385	3696.462000000001
308.0385	4004.500500000001
308.0385	4312.539000000001
308.0385	4620.5775
308.0385	4928.616
308.0385	5236.6545
308.0385	5544.692999999999
308.0385	5852.731499999999
308.0385	6160.769999999999
308.0385	6468.808499999998
616.077	0.0
616.077	308.0385
616.077	616.077
616.077	924.1155
616.077	1232.154
616.077	1540.1925
616.077	1848.2310000000002
616.077	2156.2695000000003
616.077	2464.3080000000004
616.077	2772.3465000000006
616.077	3080.3850000000007
616.077	3388.423500000001
616.077	3696.462000000001
616.077	4004.500500000001
616.077	4312.539000000001
616.077	4620.5775
616.077	4928.616
616.077	5236.6545
616.077	5544.692999999999
616.077	5852.731499999999
616.077	6160.769999999999
616.077	6468.808499999998
924.1155	0.0
924.1155	308.0385
924.1155	616.077
924.1155	924.1155
924.1155	1232.154
924.1155	1540.1925
924.1155	1848.2310000000002
924.1155	2156.2695000000003
924.1155	2464.3080000000004
924.1155	2772.3465000000006
924.1155	3080.3850000000007
924.1155	3388.423500000001
924.1155	3696.462000000001
924.1155	4004.500500000001
924.1155	4312.539000000001
924.1155	4620.5775
924.1155	4928.616
924.1155	5236.6545
924.1155	5544.692999999999
924.1155	5852.731499999999
924.1155	6160.769999999999
924.1155	6468.808499999998
1232.154	0.0
1232.154	308.0385
1232.154	616.077
1232.154	924.1155
1232.154	1232.154
1232.154	1540.1925
1232.154	1848.2310000000002
1232.154	2156.2695000000003
1232.154	2464.3080000000004
1232.154	2772.3465000000006
1232.154	3080.3850000000007
1232.154	4620.5775
1232.154	4928.616
1232.154	5236.6545
1232.154	5544.692999999999
1232.154	5852.731499999999
1232.154	6160.769999999999
1232.154	6468.808499999998
1540.1925	0.0
1540.1925	308.0385
1540.1925	616.077
1540.1925	924.1155
1540.1925	1232.154
1540.1925	1540.1925
1540.1925	1848.2310000000002
1540.1925	2156.2695000000003
1540.1925	2464.3080000000004
1540.1925	2772.3465000000006
1540.1925	3080.3850000000007
1540.1925	4620.5775
1540.1925	4928.616
1540.1925	5236.6545
1540.1925	5544.692999999999
1540.1925	5852.731499999999
1540.1925	6160.769999999999
1540.1925	6468.808499999998
1848.2310000000002	0.0
1848.2310000000002	308.0385
1848.2310000000002	616.077
1848.2310000000002	924.1155
1848.2310000000002	1232.154
1848.2310000000002	1540.1925
1848.2310000000002	1848.2310000000002
1848.2310000000002	2156.2695000000003
1848.2310000000002	2464.3080000000004
1848.2310000000002	2772.3465000000006
1848.2310000000002	3080.3850000000007
1848.2310000000002	4620.5775
1848.2310000000002	4928.616
1848.2310000000002	5236.6545
1848.2310000000002	5544.692999999999
1848.2310000000002	5852.731499999999
1848.2310000000002	6160.769999999999
1848.2310000000002	6468.808499999998
2156.2695000000003	0.0
2156.2695000000003	308.0385
2156.2695000000003	616.077
2156.2695000000003	924.1155
2156.2695000000003	1232.154
2156.2695000000003	1540.1925
2156.2695000000003	1848.2310000000002
2156.2695000000003	2156.2695000000003
2156.2695000000003	2464.3080000000004
2156.2695000000003	2772.3465000000006
2156.2695000000003	3080.3850000000007
2156.2695000000003	4620.5775
2156.2695000000003	4928.616
2156.2695000000003	5236.6545
2156.2695000000003	5544.692999999999
2156.2695000000003	5852.731499999999
2156.2695000000003	6160.769999999999
2156.2695000000003	6468.808499999998
2464.3080000000004	0.0
2464.3080000000004	2464.3080000000004
2464.3080000000004	2772.3465000000006
2464.3080000000004	3080.3850000000007
2464.3080000000004	3388.423500000001
2464.3080000000004	3696.462000000001
2464.3080000000004	4004.500500000001
2464.3080000000004	4312.539000000001
2464.3080000000004	4620.5775
2464.3080000000004	4928.616
2464.3080000000004	5236.6545
2464.3080000000004	5544.692999999999
2464.3080000000004	5852.731499999999
2464.3080000000004	6160.769999999999
2464.3080000000004	6468.808499999998
2772.3465000000006	0.0
2772.3465000000006	2464.3080000000004
2772.3465000000006	2772.3465000000006
2772.3465000000006	3080.3850000000007
2772.3465000000006	3388.423500000001
2772.3465000000006	3696.462000000001
2772.3465000000006	4004.500500000001
2772.3465000000006	4312.539000000001
2772.3465000000006	4620.5775
2772.3465000000006	4928.616
2772.3465000000006	5236.6545
2772.3465000000006	5544.692999999999
2772.3465000000006	5852.731499999999
2772.3465000000006	6160.769999999999
2772.3465000000006	6468.808499999998
3080.3850000000007	0.0
3080.3850000000007	2464.3080000000004
3080.3850000000007	2772.3465000000006
3080.3850000000007	3080.3850000000007
3080.3850000000007	3388.423500000001
3080.3850000000007	3696.462000000001
3080.3850000000007	4004.500500000001
3080.3850000000007	4312.539000000001
3080.3850000000007	4620.5775
3080.3850000000007	4928.616
3080.3850000000007	5236.6545
3080.3850000000007	5544.692999999999
3080.3850000000007	5852.731499999999
3080.3850000000007	6160.769999999999
3080.3850000000007	6468.808499999998
3388.423500000001	0.0
3388.423500000001	2464.3080000000004
3388.423500000001	2772.3465000000006
3388.423500000001	3080.3850000000007
3388.423500000001	3388.423500000001
3388.423500000001	3696.462000000001
3388.423500000001	4004.500500000001
3388.423500000001	4312.539000000001
3388.423500000001	4620.5775
3388.423500000001	4928.616
3388.423500000001	5236.6545
3388.423500000001	5544.692999999999
3388.423500000001	5852.731499999999
3388.423500000001	6160.769999999999
3388.423500000001	6468.808499999998
3696.462000000001	0.0
3696.462000000001	308.0385
3696.462000000001	616.077
3696.462000000001	924.1155
3696.462000000001	1232.154
3696.462000000001	1540.1925
3696.462000000001	1848.2310000000002
3696.462000000001	2156.2695000000003
3696.462000000001	3388.423500000001
3696.462000000001	3696.462000000001
3696.462000000001	4004.500500000001
3696.462000000001	4312.539000000001
3696.462000000001	4620.5775
3696.462000000001	4928.616
3696.462000000001	5236.6545
3696.462000000001	5544.692999999999
3696.462000000001	5852.731499999999
3696.462000000001	6160.769999999999
3696.462000000001	6468.808499999998
4004.500500000001	0.0
4004.500500000001	308.0385
4004.500500000001	616.077
4004.500500000001	924.1155
4004.500500000001	1232.154
4004.500500000001	1540.1925
4004.500500000001	1848.2310000000002
4004.500500000001	2156.2695000000003
4004.500500000001	3388.423500000001
4004.500500000001	3696.462000000001
4004.500500000001	4004.500500000001
4004.500500000001	4312.539000000001
4004.500500000001	4620.5775
4004.500500000001	4928.616
4004.500500000001	5236.6545
4004.500500000001	5544.692999999999
4004.500500000001	5852.731499999999
4004.500500000001	6160.769999999999
4004.500500000001	6468.808499999998
4312.539000000001	0.0
4312.539000000001	308.0385
4312.539000000001	616.077
4312.539000000001	924.1155
4312.539000000001	1232.154
4312.539000000001	1540.1925
4312.539000000001	1848.2310000000002
4312.539000000001	2156.2695000000003
4312.539000000001	3388.423500000001
4312.539000000001	3696.462000000001
4312.539000000001	4004.500500000001
4312.539000000001	4312.539000000001
4312.539000000001	4620.5775
4312.539000000001	4928.616
4312.539000000001	5236.6545
4312.539000000001	5544.692999999999
4312.539000000001	5852.731499999999
4312.539000000001	6160.769999999999
4312.539000000001	6468.808499999998
4620.5775	0.0
4620.5775	308.0385
4620.5775	616.077
4620.5775	924.1155
4620.5775	1232.154
4620.5775	1540.1925
4620.5775	1848.2310000000002
4620.5775	2156.2695000000003
4620.5775	2464.3080000000004
4620.5775	2772.3465000000006
4620.5775	3080.3850000000007
4620.5775	3388.423500000001
4620.5775	3696.462000000001
4620.5775	4004.500500000001
4620.5775	4312.539000000001
4620.5775	4620.5775
4620.5775	4928.616
4620.5775	5236.6545
4620.5775	5544.692999999999
4620.5775	5852.731499999999
4620.5775	6160.769999999999
4620.5775	6468.808499999998
4928.616	0.0
4928.616	308.0385
4928.616	616.077
4928.616	924.1155
4928.616	1232.154
4928.616	1540.1925
4928.616	1848.2310000000002
4928.616	2156.2695000000003
4928.616	2464.3080000000004
4928.616	2772.3465000000006
4928.616	3080.3850000000007
4928.616	3388.423500000001
4928.616	3696.462000000001
4928.616	4004.500500000001
4928.616	4312.539000000001
4928.616	4620.5775
4928.616	4928.616
4928.616	5236.6545
4928.616	5544.692999999999
4928.616	5852.731499999999
4928.616	6160.769999999999
4928.616	6468.808499999998
5236.6545	0.0
5236.6545	308.0385
5236.6545	616.077
5236.6545	924.1155
5236.6545	1232.154
5236.6545	1540.1925
5236.6545	1848.2310000000002
5236.6545	2156.2695000000003
5236.6545	2464.3080000000004
5236.6545	2772.3465000000006
5236.6545	3080.3850000000007
5236.6545	3388.423500000001
5236.6545	3696.462000000001
5236.6545	4004.500500000001
5236.6545	4312.539000000001
5236.6545	4620.5775
5236.6545	4928.616
5236.6545	5236.6545
5236.6545	5544.692999999999
5236.6545	5852.731499999999
5236.6545	6160.769999999999
5236.6545	6468.808499999998
5544.692999999999	0.0
5544.692999999999	308.0385
5544.692999999999	616.077
5544.692999999999	924.1155
5544.692999999999	1232.154
5544.692999999999	1540.1925
5544.692999999999	1848.2310000000002
5544.692999999999	2156.2695000000003
5544.692999999999	2464.3080000000004
5544.692999999999	2772.3465000000006
5544.692999999999	3080.3850000000007
5544.692999999999	3388.423500000001
5544.692999999999	3696.462000000001
5544.692999999999	4004.500500000001
5544.692999999999	4312.539000000001
5544.692999999999	4620.5775
5544.692999999999	4928.616
5544.692999999999	5236.6545
5544.692999999999	5544.692999999999
5544.692999999999	5852.731499999999
5544.692999999999	6160.769999999999
5544.692999999999	6468.808499999998
5852.731499999999	0.0
5852.731499999999	308.0385
5852.731499999999	616.077
5852.731499999999	924.1155
5852.731499999999	1232.154
5852.731499999999	1540.1925
5852.731499999999	1848.2310000000002
5852.731499999999	2156.2695000000003
5852.731499999999	2464.3080000000004
5852.731499999999	2772.3465000000006
5852.731499999999	3080.3850000000007
5852.731499999999	3388.423500000001
5852.731499999999	3696.462000000001
5852.731499999999	4004.500500000001
5852.731499999999	4312.539000000001
5852.731499999999	4620.5775
5852.731499999999	4928.616
5852.731499999999	5236.6545
5852.731499999999	5544.692999999999
5852.731499999999	5852.731499999999
5852.731499999999	6160.769999999999
5852.731499999999	6468.808499999998
6160.769999999999	0.0
6160.769999999999	308.0385
6160.769999999999	616.077
6160.769999999999	924.1155
6160.769999999999	1232.154
6160.769999999999	1540.1925
6160.769999999999	1848.2310000000002
6160.769999999999	2156.2695000000003
6160.769999999999	2464.3080000000004
6160.769999999999	2772.3465000000006
6160.769999999999	3080.3850000000007
6160.769999999999	3388.423500000001
6160.769999999999	3696.462000000001
6160.769999999999	4004.500500000001
6160.769999999999	4312.539000000001
6160.769999999999	4620.5775
6160.769999999999	4928.616
6160.769999999999	5236.6545
6160.769999999999	5544.692999999999
6160.769999999999	5852.731499999999
6160.769999999999	6160.769999999999
6160.769999999999	6468.808499999998
6468.808499999998	0.0
6468.808499999998	308.0385
6468.808499999998	616.077
6468.808499999998	924.1155
6468.808499999998	1232.154
6468.808499999998	1540.1925
6468.808499999998	1848.2310000000002
6468.808499999998	2156.2695000000003
6468.808499999998	2464.3080000000004
6468.808499999998	2772.3465000000006
6468.808499999998	3080.3850000000007
6468.808499999998	3388.423500000001
6468.808499999998	3696.462000000001
6468.808499999998	4004.500500000001
6468.808499999998	4312.539000000001
6468.808499999998	4620.5775
6468.808499999998	4928.616
6468.808499999998	5236.6545
6468.808499999998	5544.692999999999
6468.808499999998	5852.731499999999
6468.808499999998	6160.769999999999
6468.808499999998	6468.808499999998
6776.846999999998	0.0
6776.846999999998	308.0385
6776.846999999998	616.077
6776.846999999998	924.1155
6776.846999999998	1232.154
6776.846999999998	1540.1925
6776.846999999998	1848.2310000000002
6776.846999999998	2156.2695000000003
6776.846999999998	2464.3080000000004
6776.846999999998	2772.3465000000006
6776.846999999998	3080.3850000000007
6776.846999999998	3388.423500000001
6776.846999999998	3696.462000000001
6776.846999999998	4004.500500000001
6776.846999999998	4312.539000000001
6776.846999999998	4620.5775
6776.846999999998	4928.616
6776.846999999998	5236.6545
6776.846999999998	5544.692999999999
6776.846999999998	5852.731499999999
6776.846999999998	6160.769999999999
6776.846999999998	6468.808499999998
7084.885499999998	0.0
7084.885499999998	308.0385
7084.885499999998	616.077
7084.885499999998	924.1155
7084.885499999998	1232.154
7084.885499999998	1540.1925
7084.885499999998	1848.2310000000002
7084.885499999998	2156.2695000000003
7084.885499999998	2464.3080000000004
7084.885499999998	2772.3465000000006
7084.885499999998	3080.3850000000007
7084.885499999998	3388.423500000001
7084.885499999998	3696.462000000001
7084.885499999998	4004.500500000001
7084.885499999998	4312.539000000001
7084.885499999998	4620.5775
7084.885499999998	4928.616
7084.885499999998	5236.6545
7084.885499999998	5544.692999999999
7084.885499999998	5852.731499999999
7084.885499999998	6160.769999999999
7084.885499999998	6468.808499999998
7392.923999999997	0.0
7392.923999999997	308.0385
7392.923999999997	616.077
7392.923999999997	924.1155
7392.923999999997	1232.154
7392.923999999997	1540.1925
7392.923999999997	1848.2310000000002
7392.923999999997	2156.2695000000003
7392.923999999997	2464.3080000000004
7392.923999999997	2772.3465000000006
7392.923999999997	3080.3850000000007
7392.923999999997	3388.423500000001
7392.923999999997	3696.462000000001
7392.923999999997	4004.500500000001
7392.923999999997	4312.539000000001
7392.923999999997	4620.5775
7392.923999999997	4928.616
7392.923999999997	5236.6545
7392.923999999997	5544.692999999999
7392.923999999997	5852.731499999999
7392.923999999997	6160.769999999999
7392.923999999997	6468.808499999998
7700.962499999997	0.0
7700.962499999997	308.0385
7700.962499999997	616.077
7700.962499999997	924.1155
7700.962499999997	1232.154
7700.962499999997	1540.1925
7700.962499999997	1848.2310000000002
7700.962499999997	2156.2695000000003
7700.962499999997	2464.3080000000004
7700.962499999997	2772.3465000000006
7700.962499999997	3080.3850000000007
7700.962499999997	3388.423500000001
7700.962499999997	3696.462000000001
7700.962499999997	4004.500500000001
7700.962499999997	4312.539000000001
7700.962499999997	4620.5775
7700.962499999997	4928.616
7700.962499999997	5236.6545
7700.962499999997	5544.692999999999
7700.962499999997	5852.731499999999
7700.962499999997	6160.769999999999
7700.962499999997	6468.808499999998
8009.000999999997	0.0
8009.000999999997	308.0385
8009.000999999997	616.077
8009.000999999997	924.1155
8009.000999999997	1232.154
8009.000999999997	1540.1925
8009.000999999997	1848.2310000000002
8009.000999999997	2156.2695000000003
8009.000999999997	2464.3080000000004
8009.000999999997	2772.3465000000006
8009.000999999997	3080.3850000000007
8009.000999999997	3388.423500000001
8009.000999999997	3696.462000000001
8009.000999999997	4004.500500000001
8009.000999999997	4312.539000000001
8009.000999999997	4620.5775
8009.000999999997	4928.616
8009.000999999997	5236.6545
8009.000999999997	5544.692999999999
8009.000999999997	5852.731499999999
8009.000999999997	6160.769999999999
8009.000999999997	6468.808499999998
8317.039499999997	0.0
8317.039499999997	308.0385
8317.039499999997	616.077
8317.039499999997	924.1155
8317.039499999997	1232.154
8317.039499999997	1540.1925
8317.039499999997	1848.2310000000002
8317.039499999997	2156.2695000000003
8317.039499999997	2464.3080000000004
8317.039499999997	2772.3465000000006
8317.039499999997	3080.3850000000007
8317.039499999997	3388.423500000001
8317.039499999997	3696.462000000001
8317.039499999997	4004.500500000001
8317.039499999997	4312.539000000001
8317.039499999997	4620.5775
8317.039499999997	4928.616
8317.039499999997	5236.6545
8317.039499999997	5544.692999999999
8317.039499999997	5852.731499999999
8317.039499999997	6160.769999999999
8317.039499999997	6468.808499999998
8625.077999999998	0.0
8625.077999999998	308.0385
8625.077999999998	616.077
8625.077999999998	924.1155
8625.077999999998	1232.154
8625.077999999998	1540.1925
8625.077999999998	1848.2310000000002
8625.077999999998	2156.2695000000003
8625.077999999998	2464.3080000000004
8625.077999999998	2772.3465000000006
8625.077999999998	3080.3850000000007
8625.077999999998	3388.423500000001
8625.077999999998	3696.462000000001
8625.077999999998	4004.500500000001
8625.077999999998	4312.539000000001
8625.077999999998	4620.5775
8625.077999999998	4928.616
8625.077999999998	5236.6545
8625.077999999998	5544.692999999999
8625.077999999998	5852.731499999999
8625.077999999998	6160.769999999999
8625.077999999998	6468.808499999998
8933.116499999998	0.0
8933.116499999998	308.0385
8933.116499999998	616.077
8933.116499999998	924.1155
8933.116499999998	1232.154
8933.116499999998	1540.1925
8933.116499999998	1848.2310000000002
8933.116499999998	2156.2695000000003
8933.116499999998	2464.3080000000004
8933.116499999998	2772.3465000000006
8933.116499999998	3080.3850000000007
8933.116499999998	3388.423500000001
8933.116499999998	3696.462000000001
8933.116499999998	4004.500500000001
8933.116499999998	4312.539000000001
8933.116499999998	4620.5775
8933.116499999998	4928.616
8933.116499999998	5236.6545
8933.116499999998	5544.692999999999
8933.116499999998	5852.731499999999
8933.116499999998	6160.769999999999
8933.116499999998	6468.808499999998
GRID-End
num_of_evaluations 2000
best obj 0.0012394947384235533
LLH0	64
LLH1	37
LLH2	45
LLH3	55
LLH4	129
LLH5	96
LLH6	102