Initial objective 0.001346834981641803	 Seed value 240458404
1	 LLH-0	0.0013486290590125505	0.0013486290590125505
2	 LLH-3	0.001476386317702604	0.001476386317702604
3	 LLH-5	0.0014766397079530608	0.0014766397079530608
4	 LLH-1	0.0014759430687175795	0.0014759430687175795
5	 LLH-4	0.0014717021105550595	0.0014717021105550595
7	 LLH-4	0.0014680156058125503	0.0014680156058125503
9	 LLH-2	0.0014170587858130526	0.0014170587858130526
10	 LLH-0	0.0014201171022601281	0.0014201171022601281
11	 LLH-3	0.0015626150143336869	0.0015626150143336869
12	 LLH-1	0.0015622825805753906	0.0015622825805753906
13	 LLH-4	0.0015570971299484735	0.0015570971299484735
15	 LLH-6	0.0015582873847876937	0.0015582873847876937
16	 LLH-2	0.0014660574348658213	0.0014660574348658213
17	 LLH-5	0.0014667973790223918	0.0014667973790223918
18	 LLH-6	0.0014674254863846227	0.0014674254863846227
19	 LLH-0	0.0014639112852883273	0.0014639112852883273
20	 LLH-5	0.0014619946752077958	0.0014619946752077958
21	 LLH-5	0.0014612537480088784	0.0014612537480088784
22	 LLH-2	0.0014299175283469193	0.0014299175283469193
23	 LLH-0	0.0014267698945388493	0.0014267698945388493
24	 LLH-0	0.001423427922635181	0.001423427922635181
25	 LLH-1	0.001423427922635181	0.001423427922635181
26	 LLH-6	0.001422749374094312	0.001422749374094312
27	 LLH-2	0.001403956798678874	0.001403956798678874
28	 LLH-1	0.001403956798678874	0.001403956798678874
29	 LLH-2	0.0013745199940528054	0.0013745199940528054
30	 LLH-0	0.0013771400559711888	0.0013771400559711888
31	 LLH-5	0.0013746447682745724	0.0013746447682745724
32	 LLH-0	0.0013721393638925564	0.0013721393638925564
33	 LLH-6	0.0013737765019346	0.0013737765019346
34	 LLH-5	0.0013751003844197493	0.0013751003844197493
35	 LLH-5	0.0013748440387428553	0.0013748440387428553
36	 LLH-3	0.001286630986584228	0.001286630986584228
37	 LLH-4	0.001286630986584228	0.001286630986584228
42	 LLH-2	0.0013037658943078393	0.0013037658943078393
43	 LLH-5	0.0013045632715327426	0.0013045632715327426
44	 LLH-3	0.0012609762277688437	0.0012609762277688437
45	 LLH-3	0.001247128340910263	0.001247128340910263
46	 LLH-3	0.0012998505461887	0.0012998505461887
47	 LLH-2	0.0012955289357401386	0.0012955289357401386
48	 LLH-6	0.0012936644252318488	0.0012936644252318488
49	 LLH-3	0.0012652912491498466	0.0012652912491498466
50	 LLH-0	0.0012662053621059928	0.0012662053621059928
51	 LLH-3	0.0012586611639093398	0.0012586611639093398
52	 LLH-4	0.0012580766581284364	0.0012580766581284364
54	 LLH-0	0.0012586755317938348	0.0012586755317938348
55	 LLH-1	0.0012582468697407616	0.0012582468697407616
56	 LLH-0	0.0012588503367780357	0.0012588503367780357
57	 LLH-1	0.0012588533909502623	0.0012588533909502623
58	 LLH-4	0.0012582524507552268	0.0012582524507552268
60	 LLH-0	0.001258885497007221	0.001258885497007221
61	 LLH-1	0.001258885497007221	0.001258885497007221
62	 LLH-2	0.0012665150532954982	0.0012665150532954982
63	 LLH-1	0.0012664405790882988	0.0012664405790882988
64	 LLH-3	0.0013230090784775454	0.0013230090784775454
65	 LLH-0	0.001321320431716954	0.001321320431716954
66	 LLH-3	0.0012688231562537654	0.0012688231562537654
67	 LLH-6	0.0012689852655971307	0.0012689852655971307
68	 LLH-1	0.0012689942166883563	0.0012689942166883563
69	 LLH-6	0.00126924055465085	0.00126924055465085
70	 LLH-2	0.0012869095750914403	0.0012869095750914403
71	 LLH-0	0.0012884097372588504	0.0012884097372588504
72	 LLH-4	0.0012875382097156337	0.0012875382097156337
74	 LLH-2	0.0012799774930746621	0.0012799774930746621
75	 LLH-4	0.001278945436819516	0.001278945436819516
79	 LLH-5	0.0012790483910771542	0.0012790483910771542
80	 LLH-6	0.0012786552067284795	0.0012786552067284795
81	 LLH-2	0.0012849566745625459	0.0012849566745625459
82	 LLH-3	0.0013915382051422314	0.0013915382051422314
83	 LLH-5	0.0013915232974652644	0.0013915232974652644
84	 LLH-4	0.0013894938780424282	0.0013894938780424282
86	 LLH-5	0.0013909477197048346	0.0013909477197048346
87	 LLH-4	0.0013886218305704241	0.0013886218305704241
92	 LLH-3	0.0012898022203893236	0.0012898022203893236
93	 LLH-0	0.0012911456918654717	0.0012911456918654717
94	 LLH-0	0.0012921359164609295	0.0012921359164609295
95	 LLH-2	0.0012816463888642412	0.0012816463888642412
96	 LLH-6	0.0012807686712228666	0.0012807686712228666
97	 LLH-5	0.001281471254054434	0.001281471254054434
98	 LLH-6	0.0012801528331162055	0.0012801528331162055
99	 LLH-4	0.0012791394808204983	0.0012791394808204983
102	 LLH-3	0.0012600174276719799	0.0012600174276719799
103	 LLH-1	0.0012600174276719799	0.0012600174276719799
104	 LLH-6	0.0012600789865984052	0.0012600789865984052
105	 LLH-5	0.0012599290837578916	0.0012599290837578916
106	 LLH-4	0.0012588447254134364	0.0012588447254134364
110	 LLH-0	0.0012576372301997295	0.0012576372301997295
111	 LLH-5	0.001257199607659386	0.001257199607659386
112	 LLH-2	0.001274545809707832	0.001274545809707832
113	 LLH-5	0.001273974649942923	0.001273974649942923
114	 LLH-5	0.0012743292993342658	0.0012743292993342658
115	 LLH-1	0.0012743292993342658	0.0012743292993342658
116	 LLH-2	0.001270901257672683	0.001270901257672683
117	 LLH-3	0.0012540588303685445	0.0012540588303685445
118	 LLH-4	0.001253311061057714	0.001253311061057714
121	 LLH-0	0.0012522574966806544	0.0012522574966806544
122	 LLH-6	0.0012522894592744904	0.0012522894592744904
123	 LLH-6	0.0012534650568883437	0.0012534650568883437
124	 LLH-0	0.001254238951375935	0.001254238951375935
125	 LLH-0	0.0012535192977984853	0.0012535192977984853
126	 LLH-2	0.0012543108917788082	0.0012543108917788082
127	 LLH-6	0.0012553515170328172	0.0012553515170328172
128	 LLH-6	0.001255878706741621	0.001255878706741621
129	 LLH-6	0.0012564989749984001	0.0012564989749984001
130	 LLH-3	0.0013060972911539603	0.0013060972911539603
131	 LLH-0	0.0013074340221211182	0.0013074340221211182
132	 LLH-6	0.0013078108151826579	0.0013078108151826579
133	 LLH-0	0.0013063278584901595	0.0013063278584901595
134	 LLH-5	0.0013058704228791022	0.0013058704228791022
135	 LLH-6	0.0013058298497119363	0.0013058298497119363
136	 LLH-4	0.0013041697305624057	0.0013041697305624057
138	 LLH-0	0.0013280139538588702	0.0013280139538588702
139	 LLH-0	0.001304184705664348	0.001304184705664348
140	 LLH-4	0.001304184705664348	0.001304184705664348
145	 LLH-2	0.0013075751229601738	0.0013075751229601738
146	 LLH-2	0.0013124444863495156	0.0013124444863495156
147	 LLH-2	0.0013152368303192138	0.0013124444863495156
148	 LLH-4	0.0013110757899771296	0.0013110757899771296
151	 LLH-1	0.0013109400684872497	0.0013109400684872497
152	 LLH-5	0.0013110008184883625	0.0013110008184883625
153	 LLH-5	0.0013102209244379996	0.0013102209244379996
154	 LLH-3	0.0012608723649329809	0.0012608723649329809
155	 LLH-6	0.0012600545682294217	0.0012600545682294217
156	 LLH-5	0.0012599049876786024	0.0012599049876786024
157	 LLH-6	0.0012579098949134706	0.0012579098949134706
158	 LLH-3	0.001250417899725121	0.001250417899725121
159	 LLH-5	0.0012510497665397147	0.0012510497665397147
160	 LLH-4	0.0012510497665397147	0.0012510497665397147
165	 LLH-2	0.0012525975352799567	0.0012525975352799567
166	 LLH-1	0.0012525975352799567	0.0012525975352799567
167	 LLH-5	0.0012533529476654276	0.0012533529476654276
168	 LLH-0	0.001254136003566446	0.001254136003566446
169	 LLH-4	0.001254136003566446	0.001254136003566446
174	 LLH-4	0.0012530911074390702	0.0012530911074390702
176	 LLH-2	0.001271749434702371	0.001271749434702371
177	 LLH-5	0.0012719490420582838	0.0012719490420582838
178	 LLH-6	0.0012721855935942093	0.0012721855935942093
179	 LLH-1	0.0012721855935942093	0.0012721855935942093
180	 LLH-6	0.0012719391099225593	0.0012719391099225593
181	 LLH-3	0.0013428035219263017	0.0013428035219263017
182	 LLH-2	0.00132373115554168	0.00132373115554168
183	 LLH-4	0.001321769261851742	0.001321769261851742
186	 LLH-0	0.0013233992322835915	0.0013233992322835915
187	 LLH-1	0.0013236223678115004	0.0013236223678115004
188	 LLH-5	0.001322286738247635	0.001322286738247635
189	 LLH-2	0.0013409917979224951	0.0013409917979224951
190	 LLH-2	0.0013090255848801841	0.0013090255848801841
191	 LLH-0	0.0013107443883952654	0.0013107443883952654
192	 LLH-4	0.0013091475967608398	0.0013091475967608398
196	 LLH-3	0.0014244722496648521	0.0014244722496648521
197	 LLH-2	0.001373658946060331	0.001373658946060331
198	 LLH-1	0.001373658946060331	0.001373658946060331
199	 LLH-5	0.0013743110442295983	0.0013743110442295983
200	 LLH-6	0.0013729278581037134	0.0013729278581037134
201	 LLH-0	0.0013706595292029672	0.0013706595292029672
202	 LLH-5	0.0013690082119399627	0.0013690082119399627
203	 LLH-2	0.001345747955619705	0.001345747955619705
204	 LLH-5	0.0013461298146438423	0.0013461298146438423
205	 LLH-6	0.0013457233279728742	0.0013457233279728742
206	 LLH-5	0.0013455204087766425	0.0013455204087766425
207	 LLH-5	0.0013458324205938902	0.0013458324205938902
208	 LLH-6	0.0013464578897447344	0.0013464578897447344
209	 LLH-0	0.0013441513151077693	0.0013441513151077693
210	 LLH-0	0.001342118838700914	0.001342118838700914
211	 LLH-5	0.0013419894677481573	0.0013419894677481573
212	 LLH-3	0.0014879154455166347	0.0014879154455166347
213	 LLH-4	0.001484091260360797	0.001484091260360797
215	 LLH-3	0.0017181091259371277	0.001484091260360797
216	 LLH-1	0.0014836839127754047	0.0014836839127754047
217	 LLH-5	0.001484652978063362	0.001484652978063362
218	 LLH-2	0.001437182885496988	0.001437182885496988
219	 LLH-0	0.001433818696529858	0.001433818696529858
220	 LLH-3	0.001631080261065598	0.001631080261065598
221	 LLH-4	0.0016244334312603003	0.0016244334312603003
223	 LLH-2	0.0015149210430594469	0.0015149210430594469
224	 LLH-5	0.0015150165038146355	0.0015150165038146355
225	 LLH-6	0.0015125364770859839	0.0015125364770859839
226	 LLH-5	0.0015125045017296583	0.0015125045017296583
227	 LLH-4	0.001507704786923956	0.001507704786923956
229	 LLH-0	0.0015030830656081015	0.0015030830656081015
230	 LLH-2	0.0014647986570464375	0.0014647986570464375
231	 LLH-3	0.001306686036787736	0.001306686036787736
232	 LLH-0	0.0013052709216445438	0.0013052709216445438
233	 LLH-6	0.0013047250319605918	0.0013047250319605918
234	 LLH-1	0.0013047250319605918	0.0013047250319605918
235	 LLH-2	0.001323533935697726	0.001323533935697726
236	 LLH-6	0.0013241043870950747	0.0013241043870950747
237	 LLH-0	0.001322839440621869	0.001322839440621869
238	 LLH-0	0.0013246560425125562	0.0013246560425125562
239	 LLH-2	0.0013172418224911297	0.0013172418224911297
240	 LLH-2	0.0013036461543477738	0.0013036461543477738
241	 LLH-2	0.0013168505948950389	0.0013168505948950389
242	 LLH-5	0.0013170692596400947	0.0013170692596400947
243	 LLH-2	0.0013122500515380198	0.0013122500515380198
244	 LLH-2	0.0013257979065928224	0.0013257979065928224
245	 LLH-4	0.0013245036414320796	0.0013245036414320796
248	 LLH-1	0.0013240993565076127	0.0013240993565076127
249	 LLH-6	0.0013220772906249027	0.0013220772906249027
250	 LLH-2	0.0013198897856291632	0.0013198897856291632
251	 LLH-1	0.0013198897856291632	0.0013198897856291632
252	 LLH-5	0.0013193593680078325	0.0013193593680078325
253	 LLH-5	0.0013202403075973635	0.0013202403075973635
254	 LLH-0	0.0013216544853191007	0.0013216544853191007
255	 LLH-0	0.0013232380035992663	0.0013232380035992663
256	 LLH-0	0.0013215636847964734	0.0013215636847964734
257	 LLH-5	0.001322078735384248	0.001322078735384248
258	 LLH-4	0.0013202475194162059	0.0013202475194162059
261	 LLH-5	0.0013200703713808655	0.0013200703713808655
262	 LLH-5	0.0013192274983091165	0.0013192274983091165
263	 LLH-4	0.0013178853166102415	0.0013178853166102415
267	 LLH-3	0.0012777508919152786	0.0012777508919152786
268	 LLH-5	0.0012785650609105183	0.0012785650609105183
269	 LLH-1	0.0012785650609105183	0.0012785650609105183
270	 LLH-3	0.0012573618880728874	0.0012573618880728874
271	 LLH-2	0.0012619983170952943	0.0012619983170952943
272	 LLH-3	0.0013213952260329109	0.0013213952260329109
273	 LLH-4	0.0013200676619584818	0.0013200676619584818
276	 LLH-2	0.001317484692946637	0.001317484692946637
277	 LLH-5	0.001317171354924517	0.001317171354924517
278	 LLH-5	0.0013166136558297498	0.0013166136558297498
279	 LLH-5	0.0013152012083610335	0.0013152012083610335
280	 LLH-4	0.0013152012083610335	0.0013152012083610335
285	 LLH-0	0.0013170457330947466	0.0013170457330947466
286	 LLH-4	0.0013156550782663702	0.0013156550782663702
288	 LLH-0	0.0013177020286156288	0.0013177020286156288
289	 LLH-1	0.001317737429095182	0.001317737429095182
290	 LLH-6	0.0013180609184727315	0.0013180609184727315
291	 LLH-5	0.0013177529299333538	0.0013177529299333538
292	 LLH-2	0.0013034251094323406	0.0013034251094323406
293	 LLH-2	0.0013222859824039825	0.0013222859824039825
294	 LLH-5	0.0013219154689395407	0.0013219154689395407
295	 LLH-1	0.0013219681681124627	0.0013219681681124627
296	 LLH-3	0.0014308856868671407	0.0014308856868671407
297	 LLH-2	0.0014138979126524227	0.0014138979126524227
298	 LLH-6	0.001414333180556309	0.001414333180556309
299	 LLH-0	0.0014113589143773704	0.0014113589143773704
300	 LLH-1	0.0014113589143773704	0.0014113589143773704
301	 LLH-3	0.0012981264391977252	0.0012981264391977252
302	 LLH-4	0.0012968116171937672	0.0012968116171937672
304	 LLH-5	0.0012962665496339361	0.0012962665496339361
305	 LLH-6	0.0012962778617785539	0.0012962778617785539
306	 LLH-6	0.0012969465041296215	0.0012969465041296215
307	 LLH-3	0.0012736680264685478	0.0012736680264685478
308	 LLH-5	0.0012738973705200894	0.0012738973705200894
309	 LLH-6	0.0012744601700888391	0.0012744601700888391
310	 LLH-2	0.0012793246939518264	0.0012793246939518264
311	 LLH-2	0.0012736232757117134	0.0012736232757117134
312	 LLH-4	0.0012736232757117134	0.0012736232757117134
317	 LLH-2	0.0012884158568030107	0.0012884158568030107
318	 LLH-6	0.0012878552322895995	0.0012878552322895995
319	 LLH-3	0.0012604959391847319	0.0012604959391847319
320	 LLH-6	0.0012594862074915584	0.0012594862074915584
321	 LLH-2	0.0012556699898908794	0.0012556699898908794
322	 LLH-1	0.0012556699898908794	0.0012556699898908794
323	 LLH-1	0.0012556699898908794	0.0012556699898908794
324	 LLH-6	0.001257498404871528	0.001257498404871528
325	 LLH-5	0.0012569978071893823	0.0012569978071893823
326	 LLH-3	0.0013220691483232737	0.0013220691483232737
327	 LLH-3	0.0014245438289535964	0.0014245438289535964
328	 LLH-6	0.0014218871443358392	0.0014218871443358392
329	 LLH-6	0.0014204241837469066	0.0014204241837469066
330	 LLH-0	0.0014173477919369537	0.0014173477919369537
331	 LLH-3	0.0016024276606590507	0.0014173477919369537
332	 LLH-4	0.0014143447171318197	0.0014143447171318197
335	 LLH-6	0.0014139322259875597	0.0014139322259875597
336	 LLH-6	0.0014130378402236097	0.0014130378402236097
337	 LLH-0	0.0014098732359810445	0.0014098732359810445
338	 LLH-4	0.0014067661943401562	0.0014067661943401562
340	 LLH-0	0.0014098883520031343	0.0014098883520031343
341	 LLH-3	0.0015704087483890768	0.0015704087483890768
342	 LLH-4	0.0015648300630964744	0.0015648300630964744
344	 LLH-2	0.0014690210514921192	0.0014690210514921192
345	 LLH-1	0.001469368422591245	0.001469368422591245
346	 LLH-0	0.0015055289141943694	0.0015055289141943694
347	 LLH-2	0.0014351051741399918	0.0014351051741399918
348	 LLH-1	0.0014351051741399918	0.0014351051741399918
349	 LLH-0	0.0014321201711287614	0.0014321201711287614
350	 LLH-0	0.0014346057352042653	0.0014346057352042653
351	 LLH-1	0.0014348023941656725	0.0014348023941656725
352	 LLH-1	0.0014348023941656725	0.0014348023941656725
353	 LLH-4	0.0014313891409524087	0.0014313891409524087
357	 LLH-2	0.0013653014189612762	0.0013653014189612762
358	 LLH-0	0.0013677525168467122	0.0013677525168467122
359	 LLH-0	0.0013699622665222773	0.0013699622665222773
360	 LLH-2	0.0013578540664535366	0.0013578540664535366
361	 LLH-0	0.0013596890849099964	0.0013596890849099964
362	 LLH-1	0.0013592063080696635	0.0013592063080696635
363	 LLH-5	0.0013598084696772868	0.0013598084696772868
364	 LLH-4	0.0013576670119744743	0.0013576670119744743
367	 LLH-1	0.0013576670119744743	0.0013576670119744743
368	 LLH-1	0.0013576670119744743	0.0013576670119744743
369	 LLH-3	0.0012749173948985054	0.0012749173948985054
370	 LLH-0	0.0012953696295500703	0.0012953696295500703
371	 LLH-2	0.0012889407087104102	0.0012889407087104102
372	 LLH-4	0.0012876396353104864	0.0012876396353104864
374	 LLH-1	0.0012876396353104864	0.0012876396353104864
375	 LLH-6	0.001287530273554384	0.001287530273554384
376	 LLH-4	0.0012865257591058265	0.0012865257591058265
379	 LLH-0	0.0012876711110669573	0.0012876711110669573
380	 LLH-0	0.001288746181493417	0.001288746181493417
381	 LLH-2	0.0012876356238857602	0.0012876356238857602
382	 LLH-6	0.0012870294587862302	0.0012870294587862302
383	 LLH-6	0.0012890616286049782	0.0012890616286049782
384	 LLH-4	0.0012879125947758425	0.0012879125947758425
386	 LLH-1	0.0012879125947758425	0.0012879125947758425
387	 LLH-4	0.0012865511024823136	0.0012865511024823136
389	 LLH-1	0.0012865791650877618	0.0012865791650877618
390	 LLH-5	0.001286702095581491	0.001286702095581491
391	 LLH-3	0.0012688028591160176	0.0012688028591160176
392	 LLH-0	0.00126983905995387	0.00126983905995387
393	 LLH-2	0.001258763374198636	0.001258763374198636
394	 LLH-3	0.0012542508235874907	0.0012542508235874907
395	 LLH-0	0.0012537512853268529	0.0012537512853268529
396	 LLH-3	0.0012564988623274768	0.0012564988623274768
397	 LLH-6	0.0012571924001960274	0.0012571924001960274
398	 LLH-1	0.0012571924001960274	0.0012571924001960274
399	 LLH-6	0.0012565668965424583	0.0012565668965424583
400	 LLH-0	0.001257005606691548	0.001257005606691548
401	 LLH-5	0.0012574437149274686	0.0012574437149274686
402	 LLH-4	0.0012567599127034383	0.0012567599127034383
405	 LLH-6	0.001256405399000277	0.001256405399000277
406	 LLH-2	0.0012579074255490692	0.0012579074255490692
407	 LLH-2	0.001267506307129022	0.001267506307129022
408	 LLH-6	0.001266026338959951	0.001266026338959951
409	 LLH-3	0.0012544557059127638	0.0012544557059127638
410	 LLH-6	0.00125515494435143	0.00125515494435143
411	 LLH-0	0.0012545923105850795	0.0012545923105850795
412	 LLH-3	0.0012433777075783199	0.0012433777075783199
413	 LLH-2	0.0012544922517571337	0.0012544922517571337
414	 LLH-3	0.0012520256682816986	0.0012520256682816986
415	 LLH-3	0.0012757334061403512	0.0012757334061403512
416	 LLH-6	0.0012728487783924907	0.0012728487783924907
417	 LLH-1	0.0012728384687646025	0.0012728384687646025
418	 LLH-6	0.0012731817767180056	0.0012731817767180056
419	 LLH-4	0.0012722181717516666	0.0012722181717516666
421	 LLH-4	0.0012710176882193944	0.0012710176882193944
425	 LLH-4	0.0012699889219213952	0.0012699889219213952
427	 LLH-0	0.0012711836031304934	0.0012711836031304934
428	 LLH-4	0.0012702738826605136	0.0012702738826605136
431	 LLH-0	0.0012712855787369846	0.0012712855787369846
432	 LLH-0	0.0012703114857187232	0.0012703114857187232
433	 LLH-3	0.0013382105766078292	0.0013382105766078292
434	 LLH-2	0.0013482834135536718	0.0013482834135536718
435	 LLH-6	0.0013477504057701462	0.0013477504057701462
436	 LLH-2	0.0013507354899830884	0.0013507354899830884
437	 LLH-4	0.0013487445290671874	0.0013487445290671874
439	 LLH-2	0.0013363042497155416	0.0013363042497155416
440	 LLH-3	0.0012746526506147529	0.0012746526506147529
441	 LLH-5	0.0012738038393548664	0.0012738038393548664
442	 LLH-1	0.00127378417243035	0.00127378417243035
443	 LLH-5	0.0012737855372482705	0.0012737855372482705
444	 LLH-5	0.0012736106409035218	0.0012736106409035218
445	 LLH-2	0.001277932762175756	0.001277932762175756
446	 LLH-0	0.0012766571069647247	0.0012766571069647247
447	 LLH-6	0.0012757508832017582	0.0012757508832017582
448	 LLH-0	0.0012766142203403394	0.0012766142203403394
449	 LLH-5	0.0012781836645173802	0.0012781836645173802
450	 LLH-5	0.0012770975998888075	0.0012770975998888075
451	 LLH-6	0.0012766058155320131	0.0012766058155320131
452	 LLH-1	0.0012768048375525034	0.0012768048375525034
453	 LLH-4	0.001275234688313337	0.001275234688313337
455	 LLH-5	0.0012753679982246454	0.0012753679982246454
456	 LLH-5	0.0012757712018121466	0.0012757712018121466
457	 LLH-3	0.0012549399288445868	0.0012549399288445868
458	 LLH-2	0.0012698704990880146	0.0012698704990880146
459	 LLH-5	0.001270511320969589	0.001270511320969589
460	 LLH-1	0.001270511320969589	0.001270511320969589
461	 LLH-5	0.0012699870331106847	0.0012699870331106847
462	 LLH-5	0.0012700644024260142	0.0012700644024260142
463	 LLH-0	0.0012709246187025142	0.0012709246187025142
464	 LLH-3	0.001340036568703588	0.0012709246187025142
465	 LLH-4	0.0012701117766163905	0.0012701117766163905
467	 LLH-3	0.0013256351247297442	0.0012701117766163905
468	 LLH-6	0.0012693822833043707	0.0012693822833043707
469	 LLH-1	0.001269524348803805	0.001269524348803805
470	 LLH-1	0.001269524348803805	0.001269524348803805
471	 LLH-6	0.0012695823665894194	0.0012695823665894194
472	 LLH-0	0.0012687769601758905	0.0012687769601758905
473	 LLH-1	0.0012687769601758905	0.0012687769601758905
474	 LLH-0	0.0012696453666470324	0.0012696453666470324
475	 LLH-6	0.0012688673314895833	0.0012688673314895833
476	 LLH-5	0.0012688454295126613	0.0012688454295126613
477	 LLH-6	0.0012684636709146542	0.0012684636709146542
478	 LLH-6	0.0012686120162252045	0.0012686120162252045
479	 LLH-1	0.0012686120162252045	0.0012686120162252045
480	 LLH-6	0.0012680134004697796	0.0012680134004697796
481	 LLH-0	0.0012691791318117135	0.0012691791318117135
482	 LLH-3	0.0013456936158399713	0.0012691791318117135
483	 LLH-2	0.0012610900227642526	0.0012610900227642526
484	 LLH-4	0.0012610900227642526	0.0012610900227642526
489	 LLH-2	0.0012745851810918823	0.0012745851810918823
490	 LLH-0	0.0012757223892545045	0.0012757223892545045
491	 LLH-0	0.001274695657114759	0.001274695657114759
492	 LLH-6	0.0012755596425882442	0.0012755596425882442
493	 LLH-0	0.0012766787561167767	0.0012766787561167767
494	 LLH-1	0.0012766787561167767	0.0012766787561167767
495	 LLH-3	0.0013441969260691395	0.0012766787561167767
496	 LLH-0	0.0012779028351811187	0.0012779028351811187
497	 LLH-4	0.0012769389637541928	0.0012769389637541928
499	 LLH-6	0.0012782867879601863	0.0012782867879601863
500	 LLH-1	0.0012782867879601863	0.0012782867879601863
501	 LLH-2	0.0012830289875191267	0.0012830289875191267
502	 LLH-3	0.0013661651143171837	0.0012830289875191267
503	 LLH-4	0.0012822395602303071	0.0012822395602303071
507	 LLH-6	0.0012809511582542352	0.0012809511582542352
508	 LLH-6	0.0012819120400269612	0.0012819120400269612
509	 LLH-6	0.00128190142255403	0.00128190142255403
510	 LLH-2	0.0012958936454452053	0.0012958936454452053
511	 LLH-2	0.0013031814395631695	0.0013031814395631695
512	 LLH-1	0.0013031814395631695	0.0013031814395631695
513	 LLH-0	0.0013046651665054227	0.0013046651665054227
514	 LLH-6	0.0013030157941473558	0.0013030157941473558
515	 LLH-5	0.0013014473549817426	0.0013014473549817426
516	 LLH-5	0.0013023868337469582	0.0013023868337469582
517	 LLH-6	0.0013015497601163257	0.0013015497601163257
518	 LLH-4	0.0013001752687769586	0.0013001752687769586
522	 LLH-1	0.0013003486563777434	0.0013003486563777434
523	 LLH-1	0.0013003486563777434	0.0013003486563777434
524	 LLH-6	0.001300479340577466	0.001300479340577466
525	 LLH-1	0.0013006915653589733	0.0013006915653589733
526	 LLH-2	0.001297248534457176	0.001297248534457176
527	 LLH-0	0.0012989057633112017	0.0012989057633112017
528	 LLH-4	0.0012972960079580438	0.0012972960079580438
531	 LLH-4	0.0012957562411158412	0.0012957562411158412
534	 LLH-4	0.0012941131009304525	0.0012941131009304525
536	 LLH-2	0.0013027799223377888	0.0013027799223377888
537	 LLH-0	0.0013045415101172319	0.0013045415101172319
538	 LLH-1	0.0013045415101172319	0.0013045415101172319
539	 LLH-3	0.0014247892426599228	0.0013045415101172319
540	 LLH-2	0.0013109951464381714	0.0013109951464381714
541	 LLH-3	0.0012678781876618043	0.0012678781876618043
542	 LLH-3	0.0013371845113198722	0.0013371845113198722
543	 LLH-4	0.0013356031278210655	0.0013356031278210655
547	 LLH-0	0.0013338459541047756	0.0013338459541047756
548	 LLH-4	0.001331929815100647	0.001331929815100647
553	 LLH-0	0.0013298735203917844	0.0013298735203917844
554	 LLH-1	0.0013297327379777815	0.0013297327379777815
555	 LLH-6	0.0013310420188053132	0.0013310420188053132
556	 LLH-6	0.001332786929885581	0.001332786929885581
557	 LLH-3	0.0012628137662840048	0.0012628137662840048
558	 LLH-1	0.001263019663053967	0.001263019663053967
559	 LLH-4	0.0012621048697511136	0.0012621048697511136
561	 LLH-1	0.0012622671685117272	0.0012622671685117272
562	 LLH-4	0.0012622671685117272	0.0012622671685117272
567	 LLH-0	0.001263117957245515	0.001263117957245515
568	 LLH-4	0.0012622599957656942	0.0012622599957656942
570	 LLH-4	0.0012622599957656942	0.0012622599957656942
575	 LLH-1	0.0012622599957656942	0.0012622599957656942
576	 LLH-1	0.0012620164287794155	0.0012620164287794155
577	 LLH-3	0.001260801718600062	0.001260801718600062
578	 LLH-6	0.0012601983983968896	0.0012601983983968896
579	 LLH-4	0.0012593061838831585	0.0012593061838831585
581	 LLH-2	0.0012699474004802917	0.0012699474004802917
582	 LLH-2	0.0012759818581859722	0.0012759818581859722
583	 LLH-5	0.0012768668653096585	0.0012768668653096585
584	 LLH-0	0.001276146065393771	0.001276146065393771
585	 LLH-2	0.0012673240723735516	0.0012673240723735516
586	 LLH-2	0.0012734502083914974	0.0012734502083914974
587	 LLH-4	0.001272307731780126	0.001272307731780126
589	 LLH-2	0.0012819298295019864	0.0012819298295019864
590	 LLH-1	0.0012819298295019864	0.0012819298295019864
591	 LLH-6	0.0012827053840660401	0.0012827053840660401
592	 LLH-1	0.0012827053840660401	0.0012827053840660401
593	 LLH-6	0.0012827829850360468	0.0012827829850360468
594	 LLH-0	0.001281743130427422	0.001281743130427422
595	 LLH-0	0.001280713750814588	0.001280713750814588
596	 LLH-6	0.001280358668154592	0.001280358668154592
597	 LLH-0	0.0012814617982270667	0.0012814617982270667
598	 LLH-6	0.0012813936666497983	0.0012813936666497983
599	 LLH-6	0.001281403204630674	0.001281403204630674
600	 LLH-3	0.001270177117378488	0.001270177117378488
601	 LLH-0	0.001270913772211332	0.001270913772211332
602	 LLH-3	0.0012596907136950785	0.0012596907136950785
603	 LLH-2	0.0012529176238659232	0.0012529176238659232
604	 LLH-4	0.0012529176238659232	0.0012529176238659232
609	 LLH-3	0.0013060345621798528	0.0013060345621798528
610	 LLH-2	0.001290768609987725	0.001290768609987725
611	 LLH-5	0.0012917892996412962	0.0012917892996412962
612	 LLH-4	0.0012906858924681892	0.0012906858924681892
614	 LLH-3	0.0013887810793969222	0.0012906858924681892
615	 LLH-0	0.0012919802443429377	0.0012919802443429377
616	 LLH-3	0.0012579487395757633	0.0012579487395757633
617	 LLH-3	0.001335431220515915	0.0012579487395757633
618	 LLH-4	0.0012579487395757633	0.0012579487395757633
623	 LLH-2	0.0012802497584075148	0.0012802497584075148
624	 LLH-3	0.0013278169111347873	0.0012802497584075148
625	 LLH-6	0.0012808177940604251	0.0012808177940604251
626	 LLH-2	0.0012756634391385396	0.0012756634391385396
627	 LLH-1	0.0012758412158436487	0.0012758412158436487
628	 LLH-4	0.0012748558470509197	0.0012748558470509197
631	 LLH-6	0.001274746594094595	0.001274746594094595
632	 LLH-6	0.001274519469583075	0.001274519469583075
633	 LLH-1	0.001274519469583075	0.001274519469583075
634	 LLH-1	0.001274592239349947	0.001274592239349947
635	 LLH-4	0.0012736455254034511	0.0012736455254034511
637	 LLH-5	0.0012734594208109581	0.0012734594208109581
638	 LLH-2	0.001287059087925343	0.001287059087925343
639	 LLH-5	0.0012861543689153712	0.0012861543689153712
640	 LLH-2	0.001281949419691219	0.001281949419691219
641	 LLH-0	0.001280728276188583	0.001280728276188583
642	 LLH-0	0.0012793714762913328	0.0012793714762913328
643	 LLH-0	0.0012804517866444763	0.0012804517866444763
644	 LLH-5	0.0012803530413428017	0.0012803530413428017
645	 LLH-0	0.0012793098303863885	0.0012793098303863885
646	 LLH-1	0.0012793098303863885	0.0012793098303863885
647	 LLH-1	0.0012793098303863885	0.0012793098303863885
648	 LLH-2	0.0012793662961055443	0.0012793662961055443
649	 LLH-6	0.0012805022631183702	0.0012805022631183702
650	 LLH-4	0.0012794560202896085	0.0012794560202896085
652	 LLH-1	0.0012795952973045322	0.0012795952973045322
653	 LLH-0	0.001280920852779325	0.001280920852779325
654	 LLH-0	0.0012796862250415305	0.0012796862250415305
655	 LLH-4	0.0012786027320782366	0.0012786027320782366
658	 LLH-0	0.0012798064576857726	0.0012798064576857726
659	 LLH-4	0.0012789067412980258	0.0012789067412980258
662	 LLH-2	0.0012840966952147022	0.0012840966952147022
663	 LLH-1	0.0012839925691688285	0.0012839925691688285
664	 LLH-2	0.0012862793561545405	0.0012862793561545405
665	 LLH-4	0.001285097525528389	0.001285097525528389
667	 LLH-5	0.0012849879514794528	0.0012849879514794528
668	 LLH-4	0.0012839824716389479	0.0012839824716389479
670	 LLH-6	0.001283636385424647	0.001283636385424647
671	 LLH-1	0.001283636385424647	0.001283636385424647
672	 LLH-6	0.0012838442991443396	0.0012838442991443396
673	 LLH-2	0.001297778139798977	0.001297778139798977
674	 LLH-6	0.0012986879461338945	0.0012986879461338945
675	 LLH-1	0.0012986879461338945	0.0012986879461338945
676	 LLH-0	0.0012975295607910468	0.0012975295607910468
677	 LLH-1	0.0012971661226747646	0.0012971661226747646
678	 LLH-2	0.0013114129863284062	0.0013114129863284062
679	 LLH-5	0.0013114438272150066	0.0013114438272150066
680	 LLH-4	0.001310281920439323	0.001310281920439323
682	 LLH-2	0.0013049336873935614	0.0013049336873935614
683	 LLH-5	0.0013047768627613076	0.0013047768627613076
684	 LLH-3	0.0012725442471390278	0.0012725442471390278
685	 LLH-3	0.0012561380954677999	0.0012561380954677999
686	 LLH-1	0.0012560153659113289	0.0012560153659113289
687	 LLH-0	0.001256570514764164	0.001256570514764164
688	 LLH-1	0.001256570514764164	0.001256570514764164
689	 LLH-6	0.0012571925805029542	0.0012571925805029542
690	 LLH-2	0.0012594644652807845	0.0012594644652807845
691	 LLH-6	0.0012589508768438907	0.0012589508768438907
692	 LLH-3	0.0012583911544788965	0.0012583911544788965
693	 LLH-3	0.001243602017948372	0.001243602017948372
694	 LLH-1	0.001243602017948372	0.001243602017948372
695	 LLH-0	0.0012440959387428382	0.0012440959387428382
696	 LLH-6	0.0012450874350874081	0.0012450874350874081
697	 LLH-2	0.0012467904220664872	0.0012467904220664872
698	 LLH-3	0.00127762287438078	0.00127762287438078
699	 LLH-6	0.001278061841861629	0.001278061841861629
700	 LLH-4	0.0012768909944216316	0.0012768909944216316
702	 LLH-0	0.0012781623760865508	0.0012781623760865508
703	 LLH-0	0.0012769619093771956	0.0012769619093771956
704	 LLH-3	0.0013730688649169053	0.0012769619093771956
705	 LLH-2	0.001277131958639535	0.001277131958639535
706	 LLH-5	0.0012773798794266313	0.0012773798794266313
707	 LLH-1	0.0012775395686115197	0.0012775395686115197
708	 LLH-1	0.0012774601925830216	0.0012774601925830216
709	 LLH-5	0.0012780150710372461	0.0012780150710372461
710	 LLH-2	0.0012876521182489757	0.0012876521182489757
711	 LLH-3	0.0013695654628283122	0.0012876521182489757
712	 LLH-6	0.0012873909073536076	0.0012873909073536076
713	 LLH-3	0.0013910974630953843	0.0012873909073536076
714	 LLH-0	0.0012886844130155502	0.0012886844130155502
715	 LLH-0	0.0012874288502305136	0.0012874288502305136
716	 LLH-6	0.0012871048386027188	0.0012871048386027188
717	 LLH-3	0.0013883345998199218	0.0012871048386027188
718	 LLH-5	0.0012865344505208457	0.0012865344505208457
719	 LLH-3	0.0012650505942646915	0.0012650505942646915
720	 LLH-5	0.0012654836035661408	0.0012654836035661408
721	 LLH-3	0.0012479179152261447	0.0012479179152261447
722	 LLH-4	0.0012479179152261447	0.0012479179152261447
727	 LLH-5	0.0012478492100845124	0.0012478492100845124
728	 LLH-2	0.0012579700241669208	0.0012579700241669208
729	 LLH-5	0.0012578746772504337	0.0012578746772504337
730	 LLH-1	0.0012578746772504337	0.0012578746772504337
731	 LLH-4	0.0012578746772504337	0.0012578746772504337
736	 LLH-6	0.0012576714149430093	0.0012576714149430093
737	 LLH-6	0.0012557546389916	0.0012557546389916
738	 LLH-0	0.0012565027681137573	0.0012565027681137573
739	 LLH-3	0.0013135199709314676	0.0013135199709314676
740	 LLH-4	0.001312303321809126	0.001312303321809126
742	 LLH-3	0.0014081350732826924	0.0014081350732826924
743	 LLH-0	0.0014053889523797432	0.0014053889523797432
744	 LLH-3	0.0013025441966333811	0.0013025441966333811
745	 LLH-2	0.001304402718099364	0.0013025441966333811
746	 LLH-5	0.0013022843864001505	0.0013022843864001505
747	 LLH-5	0.0013023494675256473	0.0013023494675256473
748	 LLH-3	0.001265345834457888	0.001265345834457888
749	 LLH-1	0.001265345834457888	0.001265345834457888
750	 LLH-5	0.0012646223000491866	0.0012646223000491866
751	 LLH-1	0.0012647917154163693	0.0012647917154163693
752	 LLH-2	0.0012699341636963268	0.0012699341636963268
753	 LLH-2	0.0012735705798798877	0.0012735705798798877
754	 LLH-6	0.0012732521291404463	0.0012732521291404463
755	 LLH-2	0.001278671983766103	0.001278671983766103
756	 LLH-1	0.001278671983766103	0.001278671983766103
757	 LLH-5	0.0012791294046710752	0.0012791294046710752
758	 LLH-4	0.0012780696293412663	0.0012780696293412663
762	 LLH-5	0.001277971267213832	0.001277971267213832
763	 LLH-6	0.0012784752984774063	0.0012784752984774063
764	 LLH-1	0.0012784752984774063	0.0012784752984774063
765	 LLH-3	0.0013697753575606401	0.0012784752984774063
766	 LLH-3	0.0013897490106033051	0.0012784752984774063
767	 LLH-2	0.001291021611367578	0.0012784752984774063
768	 LLH-1	0.0012786080585892642	0.0012786080585892642
769	 LLH-5	0.0012786784413334018	0.0012786784413334018
770	 LLH-1	0.0012783684711592108	0.0012783684711592108
771	 LLH-0	0.0012772158535692647	0.0012772158535692647
772	 LLH-4	0.0012760344115461165	0.0012760344115461165
774	 LLH-2	0.0013028962891925185	0.0012760344115461165
775	 LLH-2	0.0012918832780214353	0.0012918832780214353
776	 LLH-5	0.0012918632840398319	0.0012918632840398319
777	 LLH-1	0.0012915707394064592	0.0012915707394064592
778	 LLH-6	0.001291946754980042	0.001291946754980042
779	 LLH-1	0.0012917957898177662	0.0012917957898177662
780	 LLH-0	0.0012904827451865487	0.0012904827451865487
781	 LLH-6	0.0012876297524489248	0.0012876297524489248
782	 LLH-2	0.0012982033892838909	0.0012876297524489248
783	 LLH-4	0.0012863222924424786	0.0012863222924424786
785	 LLH-1	0.0012863222924424786	0.0012863222924424786
786	 LLH-4	0.0012852530284412182	0.0012852530284412182
789	 LLH-4	0.0012839427621630121	0.0012839427621630121
793	 LLH-6	0.001284161942144351	0.001284161942144351
794	 LLH-4	0.001282893637930635	0.001282893637930635
796	 LLH-4	0.001281682949077652	0.001281682949077652
798	 LLH-2	0.0012857502988003503	0.0012857502988003503
799	 LLH-5	0.001285844079741005	0.001285844079741005
800	 LLH-0	0.0012873298850950704	0.0012873298850950704
801	 LLH-0	0.0012886173429997921	0.0012886173429997921
802	 LLH-2	0.0012865201757119766	0.0012865201757119766
803	 LLH-4	0.0012849702126470437	0.0012849702126470437
806	 LLH-6	0.0012837464794134923	0.0012837464794134923
807	 LLH-3	0.0012603020707876353	0.0012603020707876353
808	 LLH-1	0.0012602266173273612	0.0012602266173273612
809	 LLH-4	0.0012593413169717242	0.0012593413169717242
811	 LLH-4	0.0012585907344529054	0.0012585907344529054
816	 LLH-5	0.0012591175489605224	0.0012591175489605224
817	 LLH-1	0.0012591175489605224	0.0012591175489605224
818	 LLH-0	0.001259745490785231	0.001259745490785231
819	 LLH-0	0.0012608810801273645	0.0012608810801273645
820	 LLH-6	0.0012614045775728873	0.0012614045775728873
821	 LLH-1	0.0012616604266254784	0.0012616604266254784
822	 LLH-6	0.0012608549049079863	0.0012608549049079863
823	 LLH-0	0.0012615947856907993	0.0012615947856907993
824	 LLH-0	0.001260733198784324	0.001260733198784324
825	 LLH-5	0.0012613629283733845	0.0012613629283733845
826	 LLH-5	0.0012611649471023054	0.0012611649471023054
827	 LLH-0	0.0012600785283709	0.0012600785283709
828	 LLH-5	0.001260123531303017	0.001260123531303017
829	 LLH-6	0.0012609281448143419	0.0012609281448143419
830	 LLH-0	0.0012615473224167955	0.0012615473224167955
831	 LLH-0	0.0012622922910769017	0.0012622922910769017
832	 LLH-0	0.0012630448176097686	0.0012630448176097686
833	 LLH-3	0.0012549477696195336	0.0012549477696195336
834	 LLH-3	0.0012502200500223474	0.0012502200500223474
835	 LLH-6	0.001250844583108062	0.001250844583108062
836	 LLH-0	0.0012515148215452695	0.0012515148215452695
837	 LLH-6	0.0012516725324262824	0.0012516725324262824
838	 LLH-2	0.001248268450605812	0.001248268450605812
839	 LLH-3	0.0012973411865366575	0.001248268450605812
840	 LLH-0	0.001248843073745694	0.001248268450605812
841	 LLH-3	0.0012881099596371225	0.001248268450605812
842	 LLH-3	0.0012558030929589324	0.0012558030929589324
843	 LLH-4	0.0012551900527265603	0.0012551900527265603
847	 LLH-2	0.0012598254073509845	0.0012598254073509845
848	 LLH-2	0.0012614432081544814	0.0012614432081544814
849	 LLH-6	0.0012615294845858714	0.0012615294845858714
850	 LLH-1	0.0012615232020828423	0.0012615232020828423
851	 LLH-6	0.0012625400668454618	0.0012625400668454618
852	 LLH-6	0.001263648709491891	0.0012625400668454618
853	 LLH-2	0.001261374132725985	0.001261374132725985
854	 LLH-5	0.0012612793639938606	0.0012612793639938606
855	 LLH-1	0.0012612793639938606	0.0012612793639938606
856	 LLH-3	0.0013177226534659763	0.0012612793639938606
857	 LLH-5	0.0012613121722087855	0.0012613121722087855
858	 LLH-0	0.0012620237239504392	0.0012620237239504392
859	 LLH-0	0.0012627357624192845	0.0012627357624192845
860	 LLH-0	0.0012634447227801513	0.0012634447227801513
861	 LLH-3	0.0013280479356583802	0.0012634447227801513
862	 LLH-1	0.0012634447227801513	0.0012634447227801513
863	 LLH-6	0.0012626773282607103	0.0012626773282607103
864	 LLH-1	0.0012626773282607103	0.0012626773282607103
865	 LLH-5	0.0012617121810326723	0.0012617121810326723
866	 LLH-1	0.0012617121810326723	0.0012617121810326723
867	 LLH-4	0.0012610480517588727	0.0012610480517588727
870	 LLH-4	0.0012610480517588727	0.0012610480517588727
875	 LLH-0	0.001261735703069654	0.001261735703069654
876	 LLH-2	0.0012603601453747546	0.0012603601453747546
877	 LLH-3	0.0013196486121188969	0.0012603601453747546
878	 LLH-3	0.0012471834932778947	0.0012471834932778947
879	 LLH-1	0.0012471834932778947	0.0012471834932778947
880	 LLH-0	0.0012480296961068162	0.0012480296961068162
881	 LLH-0	0.0012488400847791498	0.0012488400847791498
882	 LLH-2	0.001256737030159361	0.001256737030159361
883	 LLH-1	0.0012565733522138457	0.0012565733522138457
884	 LLH-6	0.001256492822272109	0.001256492822272109
885	 LLH-2	0.0012720617477017027	0.0012720617477017027
886	 LLH-3	0.001316349088619771	0.0012720617477017027
887	 LLH-0	0.0012728198937721033	0.0012728198937721033
888	 LLH-1	0.0012728198937721033	0.0012728198937721033
889	 LLH-6	0.0012730348387359524	0.0012730348387359524
890	 LLH-2	0.001277267097246274	0.001277267097246274
891	 LLH-6	0.0012781688890499917	0.0012781688890499917
892	 LLH-1	0.0012782962923717856	0.0012782962923717856
893	 LLH-6	0.0012800745201310508	0.0012800745201310508
894	 LLH-0	0.0012789471415260874	0.0012789471415260874
895	 LLH-5	0.001280919903887096	0.0012789471415260874
896	 LLH-5	0.0012792608817796037	0.0012792608817796037
897	 LLH-0	0.001278247270211383	0.001278247270211383
898	 LLH-4	0.0012773839690798506	0.0012773839690798506
903	 LLH-4	0.001276325473676919	0.001276325473676919
907	 LLH-0	0.0012776101594611134	0.0012776101594611134
908	 LLH-2	0.0012838040847537454	0.0012838040847537454
909	 LLH-0	0.0012827207747355474	0.0012827207747355474
910	 LLH-1	0.0012827908748161165	0.0012827908748161165
911	 LLH-5	0.0012826445071123399	0.0012826445071123399
912	 LLH-2	0.0012725801450776707	0.0012725801450776707
913	 LLH-1	0.001272386481958489	0.001272386481958489
914	 LLH-0	0.0012714408383707992	0.0012714408383707992
915	 LLH-4	0.0012704002832092279	0.0012704002832092279
917	 LLH-0	0.001271325580065246	0.001271325580065246
918	 LLH-6	0.001270952708560939	0.001270952708560939
919	 LLH-6	0.0012703362362134882	0.0012703362362134882
920	 LLH-0	0.0012695434943325668	0.0012695434943325668
921	 LLH-3	0.0012531679251287485	0.0012531679251287485
922	 LLH-5	0.001252638476389701	0.001252638476389701
923	 LLH-5	0.001252097604467251	0.001252097604467251
924	 LLH-2	0.001271334304572942	0.001252097604467251
925	 LLH-6	0.00125282755398408	0.00125282755398408
926	 LLH-5	0.0012527441909234382	0.0012527441909234382
927	 LLH-2	0.0012599371537619325	0.0012599371537619325
928	 LLH-1	0.00125963604843463	0.00125963604843463
929	 LLH-0	0.0012604152871105187	0.0012604152871105187
930	 LLH-1	0.0012604074795472646	0.0012604074795472646
931	 LLH-1	0.0012604074795472646	0.0012604074795472646
932	 LLH-4	0.001259599894116428	0.001259599894116428
934	 LLH-2	0.0012630828118914595	0.0012630828118914595
935	 LLH-6	0.0012627207328958427	0.0012627207328958427
936	 LLH-4	0.001261861745472284	0.001261861745472284
938	 LLH-1	0.001261861745472284	0.001261861745472284
939	 LLH-6	0.0012613405228961557	0.0012613405228961557
940	 LLH-2	0.0012875881353519164	0.0012613405228961557
941	 LLH-1	0.0012611764375901541	0.0012611764375901541
942	 LLH-2	0.001282419929377972	0.0012611764375901541
943	 LLH-1	0.0012610430071430016	0.0012610430071430016
944	 LLH-6	0.0012600876501399367	0.0012600876501399367
945	 LLH-2	0.001277500458950224	0.0012600876501399367
946	 LLH-2	0.0012715413159649462	0.0012600876501399367
947	 LLH-2	0.0012752216183117898	0.0012752216183117898
948	 LLH-2	0.0012737074083097573	0.0012737074083097573
949	 LLH-5	0.0012740601675984157	0.0012740601675984157
950	 LLH-6	0.001273646426177332	0.001273646426177332
951	 LLH-6	0.0012741148472485927	0.0012741148472485927
952	 LLH-3	0.0012693660096975718	0.0012693660096975718
953	 LLH-6	0.0012690973436281603	0.0012690973436281603
954	 LLH-3	0.0012472241882526723	0.0012472241882526723
955	 LLH-3	0.0012958468319757437	0.0012472241882526723
956	 LLH-3	0.0013031704351523477	0.0012472241882526723
957	 LLH-0	0.001247979407722186	0.001247979407722186
958	 LLH-0	0.0012484630467864864	0.0012484630467864864
959	 LLH-0	0.0012489710728197838	0.0012489710728197838
960	 LLH-3	0.0012566532445718068	0.0012489710728197838
961	 LLH-1	0.0012489835780970897	0.0012489835780970897
962	 LLH-2	0.001251889319787898	0.001251889319787898
963	 LLH-6	0.0012519159966089385	0.0012519159966089385
964	 LLH-1	0.0012519159966089385	0.0012519159966089385
965	 LLH-1	0.0012520461769303663	0.0012520461769303663
966	 LLH-4	0.00125138700753465	0.00125138700753465
968	 LLH-3	0.0012479254868749184	0.0012479254868749184
969	 LLH-5	0.0012468334422446117	0.0012468334422446117
970	 LLH-2	0.0012488205493578642	0.0012488205493578642
971	 LLH-3	0.0012497037367875817	0.0012497037367875817
972	 LLH-3	0.0012908538170040493	0.0012497037367875817
973	 LLH-6	0.0012493439434439445	0.0012493439434439445
974	 LLH-0	0.001249901367101913	0.001249901367101913
975	 LLH-4	0.0012490786482853365	0.0012490786482853365
979	 LLH-0	0.001249591965478412	0.001249591965478412
980	 LLH-4	0.0012489766728549243	0.0012489766728549243
982	 LLH-3	0.00128442738202123	0.0012489766728549243
983	 LLH-1	0.0012490227574871472	0.0012490227574871472
984	 LLH-5	0.001248656167552365	0.001248656167552365
985	 LLH-6	0.0012494530708504678	0.0012494530708504678
986	 LLH-6	0.0012498847062197835	0.0012498847062197835
987	 LLH-6	0.0012507907795761383	0.0012507907795761383
988	 LLH-2	0.0012592413259714553	0.0012592413259714553
989	 LLH-3	0.001299223869737992	0.0012592413259714553
990	 LLH-3	0.0013083717882130066	0.0012592413259714553
991	 LLH-2	0.0012719881352559188	0.0012592413259714553
992	 LLH-1	0.0012593074675249297	0.0012593074675249297
993	 LLH-1	0.0012593074675249297	0.0012593074675249297
994	 LLH-6	0.0012591768604614882	0.0012591768604614882
995	 LLH-4	0.0012583120323314536	0.0012583120323314536
998	 LLH-2	0.0012672158945242582	0.0012583120323314536
999	 LLH-0	0.0012591820325573992	0.0012591820325573992
1000	 LLH-4	0.0012591820325573992	0.0012591820325573992
1005	 LLH-5	0.0012588755122070906	0.0012588755122070906
1006	 LLH-6	0.0012589644430634657	0.0012589644430634657
1007	 LLH-6	0.0012594152421295244	0.0012594152421295244
1008	 LLH-6	0.0012592824286546183	0.0012592824286546183
1009	 LLH-5	0.0012592900592294115	0.0012592900592294115
1010	 LLH-0	0.0012587113781047023	0.0012587113781047023
1011	 LLH-6	0.0012585554051859262	0.0012585554051859262
1012	 LLH-3	0.0012972060756613617	0.0012585554051859262
1013	 LLH-2	0.001272654358915451	0.0012585554051859262
1014	 LLH-4	0.0012579209350469535	0.0012579209350469535
1016	 LLH-1	0.0012576977424030907	0.0012576977424030907
1017	 LLH-0	0.0012585933717846394	0.0012585933717846394
1018	 LLH-2	0.001260226003335919	0.001260226003335919
1019	 LLH-2	0.0012574247659023368	0.0012574247659023368
1020	 LLH-2	0.0012655460214753386	0.0012574247659023368
1021	 LLH-0	0.0012567239380527834	0.0012567239380527834
1022	 LLH-3	0.0013173225505382017	0.0012567239380527834
1023	 LLH-2	0.0012621174039802036	0.0012567239380527834
1024	 LLH-0	0.0012556005125109108	0.0012556005125109108
1025	 LLH-0	0.0012562737357230572	0.0012562737357230572
1026	 LLH-2	0.001272886334906936	0.0012562737357230572
1027	 LLH-2	0.0012722928558264216	0.0012562737357230572
1028	 LLH-0	0.0012573952069378019	0.0012562737357230572
1029	 LLH-4	0.0012554591310495896	0.0012554591310495896
1032	 LLH-2	0.0012690941728038315	0.0012690941728038315
1033	 LLH-3	0.0012647493375030996	0.0012647493375030996
1034	 LLH-1	0.001264883302848769	0.001264883302848769
1035	 LLH-3	0.0012492779115496737	0.0012492779115496737
1036	 LLH-4	0.001248703096002506	0.001248703096002506
1040	 LLH-4	0.001248703096002506	0.001248703096002506
1045	 LLH-1	0.001248703096002506	0.001248703096002506
1046	 LLH-1	0.001248703096002506	0.001248703096002506
1047	 LLH-3	0.0012492238031663878	0.0012492238031663878
1048	 LLH-3	0.00125342954350294	0.00125342954350294
1049	 LLH-3	0.001255314521058597	0.00125342954350294
1050	 LLH-4	0.0012528776317920621	0.0012528776317920621
1052	 LLH-4	0.0012528776317920621	0.0012528776317920621
1057	 LLH-3	0.0012802931135343074	0.0012528776317920621
1058	 LLH-6	0.0012524627167019538	0.0012524627167019538
1059	 LLH-3	0.0012741692705364742	0.0012524627167019538
1060	 LLH-3	0.001245059257367262	0.001245059257367262
1061	 LLH-2	0.0012531043110298604	0.001245059257367262
1062	 LLH-3	0.0012570803922103638	0.001245059257367262
1063	 LLH-4	0.001245059257367262	0.001245059257367262
1068	 LLH-2	0.0012559000201893828	0.0012559000201893828
1069	 LLH-0	0.0012563634559206605	0.0012563634559206605
1070	 LLH-0	0.0012568247904891875	0.0012568247904891875
1071	 LLH-6	0.0012560822349672162	0.0012560822349672162
1072	 LLH-3	0.0012572284833341583	0.0012572284833341583
1073	 LLH-1	0.0012572284833341583	0.0012572284833341583
1074	 LLH-6	0.0012579343089674706	0.0012579343089674706
1075	 LLH-0	0.0012583585435267293	0.0012583585435267293
1076	 LLH-5	0.001258413909988577	0.001258413909988577
1077	 LLH-0	0.0012438555920418286	0.0012438555920418286
1078	 LLH-0	0.0012444143717676593	0.0012444143717676593
1079	 LLH-3	0.0012461271016806319	0.0012461271016806319
1080	 LLH-2	0.0012432019415164238	0.0012432019415164238
1081	 LLH-0	0.0012584081669168795	0.0012432019415164238
1082	 LLH-4	0.0012432019415164238	0.0012432019415164238
1087	 LLH-2	0.0012539704978980768	0.0012432019415164238
1088	 LLH-2	0.0012488098336923526	0.0012432019415164238
1089	 LLH-1	0.0012430958225396543	0.0012430958225396543
1090	 LLH-6	0.0012429459841641185	0.0012429459841641185
1091	 LLH-2	0.0012455240477569586	0.0012455240477569586
1092	 LLH-1	0.0012455240477569586	0.0012455240477569586
1093	 LLH-5	0.0012453845526751361	0.0012453845526751361
1094	 LLH-1	0.0012453845526751361	0.0012453845526751361
1095	 LLH-0	0.001246222079718893	0.001246222079718893
1096	 LLH-5	0.0012461875019348072	0.0012461875019348072
1097	 LLH-5	0.0012466249946174687	0.0012466249946174687
1098	 LLH-4	0.0012466249946174687	0.0012466249946174687
1103	 LLH-5	0.0012472327463385064	0.0012472327463385064
1104	 LLH-0	0.0012480911940122028	0.0012480911940122028
1105	 LLH-2	0.0012614189422345953	0.0012480911940122028
1106	 LLH-1	0.0012480911940122028	0.0012480911940122028
1107	 LLH-2	0.0012636954366170476	0.0012480911940122028
1108	 LLH-0	0.001248653525824471	0.001248653525824471
1109	 LLH-5	0.0012490548356682764	0.0012490548356682764
1110	 LLH-5	0.0012492161211940034	0.0012492161211940034
1111	 LLH-3	0.0012563375697211047	0.0012492161211940034
1112	 LLH-6	0.0012487805906910867	0.0012487805906910867
1113	 LLH-4	0.0012487805906910867	0.0012487805906910867
1118	 LLH-1	0.0012487805906910867	0.0012487805906910867
1119	 LLH-2	0.0012536216159568115	0.0012487805906910867
1120	 LLH-6	0.0012490292336382344	0.0012490292336382344
1121	 LLH-0	0.0012496219608251519	0.0012490292336382344
1122	 LLH-2	0.00125327017173054	0.0012490292336382344
1123	 LLH-4	0.0012490292336382344	0.0012490292336382344
1128	 LLH-3	0.001310960491310712	0.0012490292336382344
1129	 LLH-1	0.0012490292336382344	0.0012490292336382344
1130	 LLH-6	0.0012495609224065151	0.0012490292336382344
1131	 LLH-6	0.0012492016930956557	0.0012492016930956557
1132	 LLH-0	0.0012501294644724037	0.0012501294644724037
1133	 LLH-1	0.0012501294644724037	0.0012501294644724037
1134	 LLH-5	0.001251300099511252	0.001251300099511252
1135	 LLH-4	0.001250770245899881	0.001250770245899881
1137	 LLH-2	0.0012615130485050408	0.001250770245899881
1138	 LLH-0	0.0012515729429314723	0.0012515729429314723
1139	 LLH-2	0.001261877377894291	0.0012515729429314723
1140	 LLH-2	0.0012625917468481456	0.0012515729429314723
1141	 LLH-3	0.0012597290275972823	0.0012515729429314723
1142	 LLH-0	0.0012522203923364644	0.0012522203923364644
1143	 LLH-2	0.001259952625792012	0.001259952625792012
1144	 LLH-3	0.0012491545617292431	0.0012491545617292431
1145	 LLH-2	0.0012533475521319041	0.0012491545617292431
1146	 LLH-4	0.0012491545617292431	0.0012491545617292431
1151	 LLH-3	0.0012858690378334844	0.0012491545617292431
1152	 LLH-1	0.0012491545617292431	0.0012491545617292431
1153	 LLH-1	0.0012491545617292431	0.0012491545617292431
1154	 LLH-1	0.0012491545617292431	0.0012491545617292431
1155	 LLH-2	0.0012614152643830876	0.0012491545617292431
1156	 LLH-5	0.0012486288673114413	0.0012486288673114413
1157	 LLH-5	0.0012474611111623142	0.0012474611111623142
1158	 LLH-3	0.0012910764163374241	0.0012474611111623142
1159	 LLH-1	0.0012473905919817441	0.0012473905919817441
1160	 LLH-1	0.0012473905919817441	0.0012473905919817441
1161	 LLH-6	0.0012474517919722477	0.0012474517919722477
1162	 LLH-2	0.0012591782342866846	0.0012474517919722477
1163	 LLH-0	0.001247969561257298	0.001247969561257298
1164	 LLH-4	0.001247969561257298	0.001247969561257298
1169	 LLH-2	0.00126374937462411	0.001247969561257298
1170	 LLH-3	0.0012910371576362464	0.001247969561257298
1171	 LLH-5	0.0012484775985926256	0.0012484775985926256
1172	 LLH-1	0.0012484775985926256	0.0012484775985926256
1173	 LLH-2	0.001255551642827236	0.0012484775985926256
1174	 LLH-1	0.0012484775985926256	0.0012484775985926256
1175	 LLH-4	0.0012477094848033507	0.0012477094848033507
1180	 LLH-1	0.0012477796774842307	0.0012477796774842307
1181	 LLH-2	0.0012473244869735914	0.0012473244869735914
1182	 LLH-2	0.0012566924478576336	0.0012473244869735914
1183	 LLH-1	0.00124765714469159	0.00124765714469159
1184	 LLH-3	0.0013082470574176165	0.00124765714469159
1185	 LLH-3	0.0012572657722413412	0.00124765714469159
1186	 LLH-4	0.00124765714469159	0.00124765714469159
1191	 LLH-5	0.001247292723032627	0.001247292723032627
1192	 LLH-3	0.0013094708196108589	0.001247292723032627
1193	 LLH-3	0.0012433146441493397	0.0012433146441493397
1194	 LLH-5	0.0012434046838177984	0.0012434046838177984
1195	 LLH-1	0.0012431522222464404	0.0012431522222464404
1196	 LLH-1	0.0012431522222464404	0.0012431522222464404
1197	 LLH-2	0.0012483416804822695	0.0012431522222464404
1198	 LLH-5	0.001243188702845392	0.001243188702845392
1199	 LLH-0	0.0012439428582556166	0.001243188702845392
1200	 LLH-0	0.0012439454060228043	0.0012439454060228043
1201	 LLH-5	0.0012431731399808945	0.0012431731399808945
1202	 LLH-0	0.0012437087407240698	0.0012437087407240698
1203	 LLH-5	0.0012427124903815194	0.0012427124903815194
1204	 LLH-6	0.001242553192336838	0.001242553192336838
1205	 LLH-0	0.0012431889082980408	0.0012431889082980408
1206	 LLH-1	0.0012434590521739868	0.0012434590521739868
1207	 LLH-1	0.0012434590521739868	0.0012434590521739868
1208	 LLH-0	0.001242933074805061	0.001242933074805061
1209	 LLH-0	0.0012434029572221431	0.0012434029572221431
1210	 LLH-0	0.0012428840325977152	0.0012428840325977152
1211	 LLH-1	0.0012428840325977152	0.0012428840325977152
1212	 LLH-4	0.0012424542840855878	0.0012424542840855878
1214	 LLH-5	0.0012430213551515496	0.0012430213551515496
1215	 LLH-3	0.0012428357625526272	0.0012428357625526272
1216	 LLH-4	0.0012423229775327116	0.0012423229775327116
1219	 LLH-2	0.001244578170633328	0.0012423229775327116
1220	 LLH-5	0.00124282825673013	0.00124282825673013
1221	 LLH-4	0.00124282825673013	0.00124282825673013
1226	 LLH-0	0.0012432833428943546	0.0012432833428943546
1227	 LLH-3	0.0012613210773092776	0.0012432833428943546
1228	 LLH-0	0.0012429027602308053	0.0012429027602308053
1229	 LLH-0	0.0012433441850001053	0.0012433441850001053
1230	 LLH-1	0.0012433441850001053	0.0012433441850001053
1231	 LLH-6	0.001243380087297748	0.001243380087297748
1232	 LLH-1	0.0012433648325341996	0.0012433648325341996
1233	 LLH-1	0.0012433648325341996	0.0012433648325341996
1234	 LLH-6	0.0012443439394354727	0.0012443439394354727
1235	 LLH-5	0.0012445495782638853	0.0012445495782638853
1236	 LLH-0	0.001244978654222555	0.001244978654222555
1237	 LLH-6	0.0012453286690409108	0.0012453286690409108
1238	 LLH-4	0.0012453286690409108	0.0012453286690409108
1243	 LLH-5	0.001245238804695813	0.001245238804695813
1244	 LLH-2	0.0012483734412093658	0.0012483734412093658
1245	 LLH-4	0.001247873485564117	0.001247873485564117
1248	 LLH-1	0.001247873485564117	0.001247873485564117
1249	 LLH-3	0.0012751622913123942	0.001247873485564117
1250	 LLH-3	0.0012450082214934648	0.0012450082214934648
1251	 LLH-1	0.0012450082214934648	0.0012450082214934648
1252	 LLH-2	0.0012478288079436233	0.0012450082214934648
1253	 LLH-0	0.0012457571774075883	0.0012457571774075883
1254	 LLH-6	0.0012457028096894754	0.0012457028096894754
1255	 LLH-3	0.00128469207126272	0.0012457028096894754
1256	 LLH-1	0.0012457028096894754	0.0012457028096894754
1257	 LLH-4	0.0012457028096894754	0.0012457028096894754
1262	 LLH-5	0.0012456750415471753	0.0012456750415471753
1263	 LLH-2	0.0012619348311421487	0.0012456750415471753
1264	 LLH-6	0.0012453009112486965	0.0012453009112486965
1265	 LLH-3	0.0012487662717604701	0.0012453009112486965
1266	 LLH-3	0.001247636475000831	0.001247636475000831
1267	 LLH-2	0.001249185914677726	0.001249185914677726
1268	 LLH-0	0.0012485505087349747	0.0012485505087349747
1269	 LLH-0	0.0012490386687993061	0.0012490386687993061
1270	 LLH-0	0.001249633749477855	0.001249633749477855
1271	 LLH-6	0.0012498282756041967	0.0012498282756041967
1272	 LLH-1	0.0012498282756041967	0.0012498282756041967
1273	 LLH-0	0.0012505966731402999	0.0012505966731402999
1274	 LLH-6	0.0012503511036516118	0.0012503511036516118
1275	 LLH-4	0.0012496715596617136	0.0012496715596617136
1280	 LLH-6	0.0012477224667907345	0.0012477224667907345
1281	 LLH-3	0.0012476922843827137	0.0012476922843827137
1282	 LLH-2	0.0012543039854858479	0.0012476922843827137
1283	 LLH-6	0.001247174598690737	0.001247174598690737
1284	 LLH-1	0.001247174598690737	0.001247174598690737
1285	 LLH-1	0.0012471899643071126	0.0012471899643071126
1286	 LLH-3	0.0012509606997100305	0.0012509606997100305
1287	 LLH-2	0.0012559380961669401	0.0012509606997100305
1288	 LLH-3	0.0012426965147887322	0.0012426965147887322
1289	 LLH-1	0.0012426965147887322	0.0012426965147887322
1290	 LLH-2	0.0012590816538299954	0.0012426965147887322
1291	 LLH-2	0.0012548427984353761	0.0012426965147887322
1292	 LLH-3	0.0012828193710241495	0.0012426965147887322
1293	 LLH-3	0.0012633539865385367	0.0012426965147887322
1294	 LLH-3	0.0012651962241726315	0.0012426965147887322
1295	 LLH-4	0.0012426965147887322	0.0012426965147887322
1300	 LLH-5	0.0012425345558135857	0.0012425345558135857
1301	 LLH-5	0.001242568629134033	0.001242568629134033
1302	 LLH-3	0.0012516308421070398	0.001242568629134033
1303	 LLH-1	0.001242568629134033	0.001242568629134033
1304	 LLH-1	0.001242568629134033	0.001242568629134033
1305	 LLH-1	0.001242568629134033	0.001242568629134033
1306	 LLH-4	0.001242568629134033	0.001242568629134033
1311	 LLH-3	0.0012625742486952443	0.001242568629134033
1312	 LLH-3	0.0012519859646947906	0.001242568629134033
1313	 LLH-5	0.001242568629134033	0.001242568629134033
1314	 LLH-2	0.0012540074866432384	0.001242568629134033
1315	 LLH-6	0.0012421971710662163	0.0012421971710662163
1316	 LLH-6	0.0012423547194492504	0.0012423547194492504
1317	 LLH-3	0.00125252291163351	0.0012423547194492504
1318	 LLH-2	0.0012547676124706774	0.0012423547194492504
1319	 LLH-1	0.0012423547194492504	0.0012423547194492504
1320	 LLH-5	0.0012422838794990633	0.0012422838794990633
1321	 LLH-3	0.0012666590880945762	0.0012422838794990633
1322	 LLH-1	0.0012422838794990633	0.0012422838794990633
1323	 LLH-5	0.0012422743707583826	0.0012422743707583826
1324	 LLH-4	0.0012422743707583826	0.0012422743707583826
1329	 LLH-1	0.0012422743707583826	0.0012422743707583826
1330	 LLH-1	0.0012422743707583826	0.0012422743707583826
1331	 LLH-3	0.0012525198013659234	0.0012422743707583826
1332	 LLH-0	0.0012427142611941516	0.0012427142611941516
1333	 LLH-3	0.0012527024362815628	0.0012427142611941516
1334	 LLH-5	0.0012429882505566963	0.0012429882505566963
1335	 LLH-0	0.0012436518823761272	0.0012436518823761272
1336	 LLH-6	0.0012438079040582271	0.0012438079040582271
1337	 LLH-6	0.0012434966989373856	0.0012434966989373856
1338	 LLH-2	0.00125409676894519	0.0012434966989373856
1339	 LLH-0	0.001243905813828662	0.001243905813828662
1340	 LLH-0	0.0012443625979299145	0.0012443625979299145
1341	 LLH-1	0.0012443625979299145	0.0012443625979299145
1342	 LLH-5	0.0012445774008425171	0.0012445774008425171
1343	 LLH-4	0.0012441203148046698	0.0012441203148046698
1348	 LLH-1	0.0012441203148046698	0.0012441203148046698
1349	 LLH-5	0.001243686783860839	0.001243686783860839
1350	 LLH-5	0.0012437019269975033	0.0012437019269975033
1351	 LLH-3	0.0012620733562123908	0.0012437019269975033
1352	 LLH-5	0.0012438631508470193	0.0012438631508470193
1353	 LLH-3	0.0012525995376845088	0.0012438631508470193
1354	 LLH-2	0.0012555292396590507	0.0012438631508470193
1355	 LLH-3	0.0012528348381098111	0.0012438631508470193
1356	 LLH-6	0.0012443920769164354	0.0012443920769164354
1357	 LLH-5	0.0012442118049375583	0.0012442118049375583
1358	 LLH-3	0.0012653975487258683	0.0012442118049375583
1359	 LLH-2	0.001259074427814342	0.0012442118049375583
1360	 LLH-3	0.0012525168906221446	0.0012442118049375583
1361	 LLH-2	0.0012531470992913198	0.0012442118049375583
1362	 LLH-1	0.0012442118049375583	0.0012442118049375583
1363	 LLH-0	0.0012447373061806966	0.0012447373061806966
1364	 LLH-5	0.001244184586953779	0.001244184586953779
1365	 LLH-1	0.001244184586953779	0.001244184586953779
1366	 LLH-4	0.001244184586953779	0.001244184586953779
1371	 LLH-5	0.0012445002175355364	0.0012445002175355364
1372	 LLH-5	0.0012442923072401983	0.0012442923072401983
1373	 LLH-4	0.0012442923072401983	0.0012442923072401983
1378	 LLH-4	0.0012442923072401983	0.0012442923072401983
1383	 LLH-1	0.0012442923072401983	0.0012442923072401983
1384	 LLH-0	0.00124504096835471	0.0012442923072401983
1385	 LLH-3	0.0012513439276019072	0.0012442923072401983
1386	 LLH-5	0.0012446087551525092	0.0012442923072401983
1387	 LLH-0	0.001244737496515643	0.001244737496515643
1388	 LLH-2	0.001244605559949023	0.001244605559949023
1389	 LLH-4	0.001244108199070876	0.001244108199070876
1393	 LLH-4	0.001244108199070876	0.001244108199070876
1398	 LLH-1	0.001244108199070876	0.001244108199070876
1399	 LLH-5	0.0012442923553405995	0.0012442923553405995
1400	 LLH-6	0.0012453058263219127	0.0012442923553405995
1401	 LLH-3	0.0012836387095314294	0.0012442923553405995
1402	 LLH-0	0.001259653283551055	0.0012442923553405995
1403	 LLH-6	0.0012439803343522048	0.0012439803343522048
1404	 LLH-3	0.0012981467689458662	0.0012439803343522048
1405	 LLH-5	0.0012440472943689444	0.0012440472943689444
1406	 LLH-3	0.0012442084290311013	0.0012442084290311013
1407	 LLH-4	0.0012442084290311013	0.0012442084290311013
1412	 LLH-5	0.0012442116030696726	0.0012442116030696726
1413	 LLH-6	0.0012441977219962146	0.0012441977219962146
1414	 LLH-1	0.0012443675133690434	0.0012443675133690434
1415	 LLH-3	0.0012463439325950789	0.0012443675133690434
1416	 LLH-4	0.0012438790796702529	0.0012438790796702529
1418	 LLH-2	0.0012485076807941331	0.0012438790796702529
1419	 LLH-0	0.001244335221111455	0.0012438790796702529
1420	 LLH-1	0.001243773001674991	0.001243773001674991
1421	 LLH-6	0.0012434512165850622	0.0012434512165850622
1422	 LLH-6	0.001243980670838921	0.0012434512165850622
1423	 LLH-6	0.0012432411902558857	0.0012432411902558857
1424	 LLH-6	0.0012433844925538553	0.0012433844925538553
1425	 LLH-3	0.0012471368432748742	0.0012433844925538553
1426	 LLH-2	0.0012446474437383386	0.0012433844925538553
1427	 LLH-5	0.0012433563737933339	0.0012433563737933339
1428	 LLH-0	0.001244111348313561	0.001244111348313561
1429	 LLH-6	0.001244784004511538	0.001244784004511538
1430	 LLH-5	0.001244905517974418	0.001244905517974418
1431	 LLH-1	0.001244905517974418	0.001244905517974418
1432	 LLH-5	0.001244569631436917	0.001244569631436917
1433	 LLH-2	0.0012548737592842998	0.001244569631436917
1434	 LLH-0	0.001245014451608858	0.001245014451608858
1435	 LLH-5	0.001244397877709652	0.001244397877709652
1436	 LLH-5	0.001244397877709652	0.001244397877709652
1437	 LLH-4	0.001244397877709652	0.001244397877709652
1442	 LLH-6	0.0012446149026026172	0.0012446149026026172
1443	 LLH-1	0.0012446149026026172	0.0012446149026026172
1444	 LLH-1	0.0012446149026026172	0.0012446149026026172
1445	 LLH-1	0.0012446149026026172	0.0012446149026026172
1446	 LLH-0	0.0012450573044945632	0.0012450573044945632
1447	 LLH-0	0.0012457736370679639	0.0012450573044945632
1448	 LLH-3	0.001249229662431226	0.0012450573044945632
1449	 LLH-1	0.0012450573044945632	0.0012450573044945632
1450	 LLH-3	0.0012480847200677305	0.0012480847200677305
1451	 LLH-2	0.001247896991195268	0.001247896991195268
1452	 LLH-3	0.0012826251003962195	0.001247896991195268
1453	 LLH-5	0.0012479367789416766	0.0012479367789416766
1454	 LLH-4	0.0012479367789416766	0.0012479367789416766
1459	 LLH-0	0.0012484254054091228	0.0012484254054091228
1460	 LLH-5	0.0012485081781341933	0.0012485081781341933
1461	 LLH-0	0.001249086950159515	0.0012485081781341933
1462	 LLH-0	0.0012480456542503923	0.0012480456542503923
1463	 LLH-0	0.0012485204856476045	0.0012485204856476045
1464	 LLH-4	0.0012485204856476045	0.0012485204856476045
1469	 LLH-4	0.0012485204856476045	0.0012485204856476045
1474	 LLH-3	0.0012933274144263627	0.0012485204856476045
1475	 LLH-6	0.0012489902296832964	0.0012485204856476045
1476	 LLH-6	0.0012480675814165927	0.0012480675814165927
1477	 LLH-5	0.0012476197143413735	0.0012476197143413735
1478	 LLH-4	0.0012468304987696788	0.0012468304987696788
1483	 LLH-1	0.0012468304987696788	0.0012468304987696788
1484	 LLH-2	0.001255959791788193	0.0012468304987696788
1485	 LLH-0	0.00124748573372162	0.0012468304987696788
1486	 LLH-1	0.0012468304987696788	0.0012468304987696788
1487	 LLH-4	0.0012468304987696788	0.0012468304987696788
1492	 LLH-6	0.001246750589908495	0.001246750589908495
1493	 LLH-3	0.0012491896898910357	0.001246750589908495
1494	 LLH-2	0.0012610587767887473	0.001246750589908495
1495	 LLH-3	0.001245448490184866	0.001245448490184866
1496	 LLH-2	0.0012541759879500592	0.001245448490184866
1497	 LLH-0	0.0012459186297793456	0.001245448490184866
1498	 LLH-0	0.0012449484366297517	0.0012449484366297517
1499	 LLH-0	0.0012453765151619885	0.0012453765151619885
1500	 LLH-5	0.0012463904656609967	0.0012453765151619885
1501	 LLH-1	0.0012454488814399602	0.0012454488814399602
1502	 LLH-0	0.0012450460054267416	0.0012450460054267416
1503	 LLH-6	0.0012453582158679912	0.0012450460054267416
1504	 LLH-6	0.0012458548347819428	0.0012458548347819428
1505	 LLH-2	0.0012469809512599705	0.0012458548347819428
1506	 LLH-4	0.0012458548347819428	0.0012458548347819428
1511	 LLH-4	0.0012458548347819428	0.0012458548347819428
1516	 LLH-3	0.0012712938031331847	0.0012458548347819428
1517	 LLH-2	0.0012523905941914213	0.0012458548347819428
1518	 LLH-1	0.0012458548347819428	0.0012458548347819428
1519	 LLH-6	0.0012458572676868633	0.0012458572676868633
1520	 LLH-3	0.001280813085892116	0.0012458572676868633
1521	 LLH-5	0.0012460951746507607	0.0012460951746507607
1522	 LLH-2	0.0012533490564137263	0.0012460951746507607
1523	 LLH-1	0.0012460951746507607	0.0012460951746507607
1524	 LLH-0	0.0012468697264592552	0.0012468697264592552
1525	 LLH-3	0.0012776417587292105	0.0012468697264592552
1526	 LLH-1	0.0012468697264592552	0.0012468697264592552
1527	 LLH-4	0.0012468697264592552	0.0012468697264592552
1532	 LLH-2	0.0012540746543571691	0.0012468697264592552
1533	 LLH-1	0.0012468697264592552	0.0012468697264592552
1534	 LLH-5	0.0012473136165864855	0.0012473136165864855
1535	 LLH-4	0.0012468319517227743	0.0012468319517227743
1537	 LLH-1	0.0012468319517227743	0.0012468319517227743
1538	 LLH-3	0.001291656212320532	0.0012468319517227743
1539	 LLH-0	0.0012473108039472395	0.0012473108039472395
1540	 LLH-2	0.0012468844564488238	0.0012468844564488238
1541	 LLH-1	0.0012468844564488238	0.0012468844564488238
1542	 LLH-1	0.0012468040635786612	0.0012468040635786612
1543	 LLH-5	0.001246732744649853	0.001246732744649853
1544	 LLH-2	0.00126161689556673	0.001246732744649853
1545	 LLH-2	0.0012672507423596956	0.001246732744649853
1546	 LLH-3	0.0012568952974266125	0.001246732744649853
1547	 LLH-6	0.0012465061215328707	0.0012465061215328707
1548	 LLH-5	0.0012467096539828981	0.0012465061215328707
1549	 LLH-6	0.001247508649398479	0.0012465061215328707
1550	 LLH-1	0.0012463811140104647	0.0012463811140104647
1551	 LLH-2	0.0012485420328627605	0.0012463811140104647
1552	 LLH-0	0.0012469817794151074	0.0012469817794151074
1553	 LLH-4	0.0012460151606315554	0.0012460151606315554
1558	 LLH-1	0.0012460151606315554	0.0012460151606315554
1559	 LLH-2	0.0012683884716579645	0.0012460151606315554
1560	 LLH-0	0.0012469817794151074	0.0012460151606315554
1561	 LLH-4	0.0012460151606315554	0.0012460151606315554
1566	 LLH-6	0.0012474951810492853	0.0012474951810492853
1567	 LLH-3	0.0013008016064025437	0.0012474951810492853
1568	 LLH-6	0.0012462185418616917	0.0012462185418616917
1569	 LLH-0	0.0012467756678791611	0.0012467756678791611
1570	 LLH-3	0.0012577082995765378	0.0012467756678791611
1571	 LLH-4	0.0012461585641665826	0.0012461585641665826
1573	 LLH-6	0.001246316207152935	0.0012461585641665826
1574	 LLH-1	0.001246277646261174	0.001246277646261174
1575	 LLH-1	0.001246434301419878	0.001246434301419878
1576	 LLH-4	0.001246434301419878	0.001246434301419878
1581	 LLH-3	0.0012453062765059267	0.0012453062765059267
1582	 LLH-5	0.0012460954761304855	0.0012453062765059267
1583	 LLH-3	0.0012898143589298537	0.0012453062765059267
1584	 LLH-4	0.0012447805422192864	0.0012447805422192864
1587	 LLH-5	0.0012443971336745044	0.0012443971336745044
1588	 LLH-2	0.0012575387364387998	0.0012443971336745044
1589	 LLH-4	0.0012438487937780727	0.0012438487937780727
1593	 LLH-6	0.001243694590900392	0.001243694590900392
1594	 LLH-4	0.001243694590900392	0.001243694590900392
1599	 LLH-5	0.0012436562256475598	0.0012436562256475598
1600	 LLH-1	0.0012436562256475598	0.0012436562256475598
1601	 LLH-5	0.0012427407979950214	0.0012427407979950214
1602	 LLH-2	0.0012474260921038112	0.0012427407979950214
1603	 LLH-0	0.0012432386042712808	0.0012427407979950214
1604	 LLH-2	0.0012494460597879974	0.0012427407979950214
1605	 LLH-6	0.0012435668036823062	0.0012435668036823062
1606	 LLH-1	0.0012435668036823062	0.0012435668036823062
1607	 LLH-3	0.0012431461402851707	0.0012431461402851707
1608	 LLH-3	0.001266624073162354	0.0012431461402851707
1609	 LLH-2	0.0012449410843993858	0.0012431461402851707
1610	 LLH-5	0.0012433573991264344	0.0012433573991264344
1611	 LLH-0	0.0012438212468907734	0.0012438212468907734
1612	 LLH-5	0.0012438760003631777	0.0012438760003631777
1613	 LLH-2	0.0012537764593577132	0.0012438760003631777
1614	 LLH-3	0.0012493692090627855	0.0012438760003631777
1615	 LLH-6	0.001244752928150137	0.0012438760003631777
1616	 LLH-1	0.0012438760003631777	0.0012438760003631777
1617	 LLH-4	0.0012438760003631777	0.0012438760003631777
1622	 LLH-5	0.001243848979129411	0.001243848979129411
1623	 LLH-4	0.0012433773136285376	0.0012433773136285376
1628	 LLH-3	0.0012846460753869167	0.0012433773136285376
1629	 LLH-1	0.0012433773136285376	0.0012433773136285376
1630	 LLH-2	0.0012569391135422393	0.0012433773136285376
1631	 LLH-2	0.0012515894535754487	0.0012433773136285376
1632	 LLH-3	0.0012451946251557677	0.0012433773136285376
1633	 LLH-0	0.0012441110752380315	0.0012433773136285376
1634	 LLH-4	0.0012428964157769683	0.0012428964157769683
1636	 LLH-5	0.0012433080782176884	0.0012433080782176884
1637	 LLH-0	0.0012437767282072372	0.0012433080782176884
1638	 LLH-3	0.0012474434041233207	0.0012433080782176884
1639	 LLH-5	0.0012442821357861538	0.0012433080782176884
1640	 LLH-2	0.0012524822727353006	0.0012433080782176884
1641	 LLH-0	0.0012437076014649203	0.0012437076014649203
1642	 LLH-0	0.001244222208841459	0.001244222208841459
1643	 LLH-5	0.0012440959358014552	0.0012440959358014552
1644	 LLH-2	0.0012549755613249906	0.0012440959358014552
1645	 LLH-3	0.0012491041546231047	0.0012440959358014552
1646	 LLH-6	0.0012448765808411432	0.0012440959358014552
1647	 LLH-5	0.0012438637487661149	0.0012438637487661149
1648	 LLH-1	0.0012438637487661149	0.0012438637487661149
1649	 LLH-4	0.0012438637487661149	0.0012438637487661149
1654	 LLH-2	0.0012479654970623528	0.0012438637487661149
1655	 LLH-5	0.0012439534162172676	0.0012439534162172676
1656	 LLH-6	0.0012445162652692284	0.0012439534162172676
1657	 LLH-2	0.0012568299821980038	0.0012439534162172676
1658	 LLH-4	0.0012439534162172676	0.0012439534162172676
1663	 LLH-1	0.0012439534162172676	0.0012439534162172676
1664	 LLH-4	0.0012439534162172676	0.0012439534162172676
1669	 LLH-5	0.0012435325411692913	0.0012435325411692913
1670	 LLH-0	0.001243965487584224	0.0012435325411692913
1671	 LLH-6	0.0012438684760835072	0.0012435325411692913
1672	 LLH-1	0.0012435325411692913	0.0012435325411692913
1673	 LLH-3	0.0012474409498901007	0.0012435325411692913
1674	 LLH-4	0.001243145595747443	0.001243145595747443
1676	 LLH-3	0.0012789167201203765	0.001243145595747443
1677	 LLH-4	0.001243145595747443	0.001243145595747443
1682	 LLH-6	0.001243384251773481	0.001243384251773481
1683	 LLH-0	0.0012441107165580554	0.001243384251773481
1684	 LLH-0	0.0012428847171142123	0.0012428847171142123
1685	 LLH-2	0.0012571978608627772	0.0012428847171142123
1686	 LLH-5	0.0012434738537133632	0.0012434738537133632
1687	 LLH-6	0.0012443089231326742	0.0012434738537133632
1688	 LLH-5	0.0012438090095458377	0.0012438090095458377
1689	 LLH-0	0.0012443529382582755	0.0012443529382582755
1690	 LLH-2	0.001255722370607453	0.0012443529382582755
1691	 LLH-2	0.0012560115211375554	0.0012443529382582755
1692	 LLH-5	0.0012440799344664256	0.0012440799344664256
1693	 LLH-2	0.0012539450148632775	0.0012440799344664256
1694	 LLH-0	0.001244476359901751	0.0012440799344664256
1695	 LLH-1	0.0012440799344664256	0.0012440799344664256
1696	 LLH-5	0.001244319571849921	0.001244319571849921
1697	 LLH-1	0.001244319571849921	0.001244319571849921
1698	 LLH-5	0.0012443183416726057	0.0012443183416726057
1699	 LLH-4	0.0012443183416726057	0.0012443183416726057
1704	 LLH-5	0.001245364416524933	0.0012443183416726057
1705	 LLH-4	0.0012443183416726057	0.0012443183416726057
1710	 LLH-4	0.001243815898161014	0.001243815898161014
1713	 LLH-0	0.0012442422867664207	0.001243815898161014
1714	 LLH-0	0.0012443783411910444	0.0012443783411910444
1715	 LLH-0	0.0012448854500179435	0.0012448854500179435
1716	 LLH-5	0.0012450424947111599	0.0012450424947111599
1717	 LLH-6	0.001245579240033619	0.0012450424947111599
1718	 LLH-2	0.0012482120770624812	0.0012450424947111599
1719	 LLH-3	0.001275256423172303	0.0012450424947111599
1720	 LLH-0	0.0012458141330133642	0.0012458141330133642
1721	 LLH-1	0.0012457717826529161	0.0012457717826529161
1722	 LLH-4	0.0012457717826529161	0.0012457717826529161
1727	 LLH-3	0.0012788169735922711	0.0012457717826529161
1728	 LLH-0	0.001246467523474468	0.001246467523474468
1729	 LLH-1	0.001246467523474468	0.001246467523474468
1730	 LLH-1	0.0012463945953262888	0.0012463945953262888
1731	 LLH-4	0.0012463945953262888	0.0012463945953262888
1736	 LLH-5	0.0012461023765440184	0.0012461023765440184
1737	 LLH-2	0.0012549689228881311	0.0012461023765440184
1738	 LLH-5	0.0012457672609594139	0.0012457672609594139
1739	 LLH-4	0.0012457672609594139	0.0012457672609594139
1744	 LLH-3	0.0012884921824426587	0.0012457672609594139
1745	 LLH-0	0.0012461992984311384	0.0012457672609594139
1746	 LLH-0	0.0012462185161297025	0.0012462185161297025
1747	 LLH-1	0.0012462185161297025	0.0012462185161297025
1748	 LLH-5	0.0012461707862149332	0.0012461707862149332
1749	 LLH-2	0.0012447488147929546	0.0012447488147929546
1750	 LLH-4	0.0012447488147929546	0.0012447488147929546
1755	 LLH-3	0.0012877647551560142	0.0012447488147929546
1756	 LLH-4	0.0012439906412008012	0.0012439906412008012
1759	 LLH-5	0.0012453033967025449	0.0012439906412008012
1760	 LLH-4	0.0012439906412008012	0.0012439906412008012
1765	 LLH-0	0.0012445464770804307	0.0012439906412008012
1766	 LLH-1	0.001243989178033505	0.001243989178033505
1767	 LLH-0	0.001244717746585942	0.001243989178033505
1768	 LLH-2	0.0012557341649447361	0.001243989178033505
1769	 LLH-4	0.001243989178033505	0.001243989178033505
1774	 LLH-1	0.0012439088708428368	0.0012439088708428368
1775	 LLH-3	0.0012934252044169163	0.0012439088708428368
1776	 LLH-3	0.001254473309363643	0.0012439088708428368
1777	 LLH-0	0.0012600210466040247	0.0012439088708428368
1778	 LLH-1	0.0012437180098916652	0.0012437180098916652
1779	 LLH-5	0.0012439402634712522	0.0012439402634712522
1780	 LLH-4	0.0012439402634712522	0.0012439402634712522
1785	 LLH-2	0.0012530869260031021	0.0012439402634712522
1786	 LLH-1	0.0012435666937401137	0.0012435666937401137
1787	 LLH-0	0.0012596541577584203	0.0012435666937401137
1788	 LLH-5	0.001243561941603052	0.001243561941603052
1789	 LLH-1	0.001243561941603052	0.001243561941603052
1790	 LLH-5	0.0012433670078564408	0.0012433670078564408
1791	 LLH-1	0.0012433670078564408	0.0012433670078564408
1792	 LLH-1	0.0012436899172573097	0.0012436899172573097
1793	 LLH-2	0.0012599494984496216	0.0012436899172573097
1794	 LLH-3	0.001243783315899859	0.001243783315899859
1795	 LLH-2	0.0012501504008360872	0.001243783315899859
1796	 LLH-1	0.0012438288032499026	0.0012438288032499026
1797	 LLH-0	0.001244418830523646	0.001244418830523646
1798	 LLH-1	0.001244418830523646	0.001244418830523646
1799	 LLH-3	0.0012775918835471638	0.001244418830523646
1800	 LLH-2	0.0012558817722808319	0.001244418830523646
1801	 LLH-3	0.0012439322990277675	0.0012439322990277675
1802	 LLH-6	0.0012435242437156796	0.0012435242437156796
1803	 LLH-5	0.0012436770302495792	0.0012436770302495792
1804	 LLH-2	0.0012507799098355865	0.0012436770302495792
1805	 LLH-5	0.0012437412117920028	0.0012437412117920028
1806	 LLH-4	0.0012437412117920028	0.0012437412117920028
1811	 LLH-4	0.0012433297748436502	0.0012433297748436502
1813	 LLH-2	0.0012458544613919511	0.0012433297748436502
1814	 LLH-2	0.0012537407538694364	0.0012433297748436502
1815	 LLH-3	0.0012740551903613622	0.0012433297748436502
1816	 LLH-0	0.001243843178428402	0.0012433297748436502
1817	 LLH-5	0.0012436762418125268	0.0012433297748436502
1818	 LLH-6	0.001243046301503226	0.001243046301503226
1819	 LLH-3	0.0012468257727252991	0.001243046301503226
1820	 LLH-5	0.0012429625817246567	0.0012429625817246567
1821	 LLH-5	0.0012434167045405457	0.0012429625817246567
1822	 LLH-4	0.0012429625817246567	0.0012429625817246567
1827	 LLH-3	0.0012483866409708387	0.0012429625817246567
1828	 LLH-6	0.00124280861359539	0.00124280861359539
1829	 LLH-6	0.0012430534889909044	0.00124280861359539
1830	 LLH-6	0.0012435892985668661	0.00124280861359539
1831	 LLH-5	0.001242997781733554	0.00124280861359539
1832	 LLH-4	0.00124280861359539	0.00124280861359539
1837	 LLH-3	0.0012712400683741547	0.00124280861359539
1838	 LLH-3	0.001273673145800841	0.00124280861359539
1839	 LLH-2	0.0012489814325494114	0.00124280861359539
1840	 LLH-5	0.0012426395203414338	0.0012426395203414338
1841	 LLH-3	0.0012472852331945673	0.0012426395203414338
1842	 LLH-2	0.0012471430963493808	0.0012426395203414338
1843	 LLH-5	0.0012426395203414338	0.0012426395203414338
1844	 LLH-3	0.0012635194144016626	0.0012426395203414338
1845	 LLH-0	0.0012419866692939016	0.0012419866692939016
1846	 LLH-0	0.0012423966110339292	0.0012419866692939016
1847	 LLH-0	0.001243022189184819	0.0012419866692939016
1848	 LLH-1	0.0012417939250657334	0.0012417939250657334
1849	 LLH-1	0.0012417939250657334	0.0012417939250657334
1850	 LLH-4	0.0012417939250657334	0.0012417939250657334
1855	 LLH-6	0.0012425009583229344	0.0012417939250657334
1856	 LLH-6	0.0012413443713658269	0.0012413443713658269
1857	 LLH-3	0.0012860539996938385	0.0012413443713658269
1858	 LLH-4	0.0012413443713658269	0.0012413443713658269
1863	 LLH-5	0.001241249607973111	0.001241249607973111
1864	 LLH-1	0.0012412751896998752	0.0012412751896998752
1865	 LLH-4	0.0012408752157015831	0.0012408752157015831
1869	 LLH-6	0.0012424550144298828	0.0012408752157015831
1870	 LLH-4	0.001240485540787935	0.001240485540787935
1872	 LLH-6	0.0012420549707430558	0.001240485540787935
1873	 LLH-5	0.0012404568407422569	0.0012404568407422569
1874	 LLH-0	0.0012412502181092238	0.0012404568407422569
1875	 LLH-1	0.0012404568407422569	0.0012404568407422569
1876	 LLH-5	0.0012407121347732504	0.0012404568407422569
1877	 LLH-1	0.0012404568407422569	0.0012404568407422569
1878	 LLH-5	0.0012405433520773486	0.0012405433520773486
1879	 LLH-2	0.0012533851860508257	0.0012405433520773486
1880	 LLH-5	0.001240683405193816	0.001240683405193816
1881	 LLH-4	0.001240683405193816	0.001240683405193816
1886	 LLH-2	0.0012494290631953333	0.001240683405193816
1887	 LLH-3	0.0012469371938358385	0.001240683405193816
1888	 LLH-4	0.001240683405193816	0.001240683405193816
1893	 LLH-1	0.001240683405193816	0.001240683405193816
1894	 LLH-4	0.001240683405193816	0.001240683405193816
1899	 LLH-1	0.001240683405193816	0.001240683405193816
1900	 LLH-2	0.001248209814712861	0.001240683405193816
1901	 LLH-1	0.001240683405193816	0.001240683405193816
1902	 LLH-5	0.001240683405193816	0.001240683405193816
1903	 LLH-0	0.0012411850456352212	0.001240683405193816
1904	 LLH-3	0.001246047502822379	0.001240683405193816
1905	 LLH-1	0.001240683405193816	0.001240683405193816
1906	 LLH-5	0.0012409324370022995	0.001240683405193816
1907	 LLH-6	0.0012417305191461704	0.001240683405193816
1908	 LLH-3	0.0012668981865882902	0.001240683405193816
1909	 LLH-6	0.0012411639590636338	0.001240683405193816
1910	 LLH-2	0.0012618717807747442	0.001240683405193816
1911	 LLH-4	0.001240683405193816	0.001240683405193816
1916	 LLH-2	0.0012487290043353624	0.001240683405193816
1917	 LLH-2	0.0012579773702129837	0.001240683405193816
1918	 LLH-6	0.0012409907351258233	0.001240683405193816
1919	 LLH-2	0.0012460647256289496	0.001240683405193816
1920	 LLH-3	0.001243945933109345	0.001240683405193816
1921	 LLH-6	0.0012415072839222212	0.001240683405193816
1922	 LLH-6	0.0012411808233096916	0.001240683405193816
1923	 LLH-6	0.0012415877439690677	0.001240683405193816
1924	 LLH-6	0.0012407627399060176	0.0012407627399060176
1925	 LLH-2	0.0012527854141589012	0.0012407627399060176
1926	 LLH-1	0.0012407627399060176	0.0012407627399060176
1927	 LLH-2	0.0012531633201603538	0.0012407627399060176
1928	 LLH-6	0.0012412246399260212	0.0012412246399260212
1929	 LLH-6	0.001241363807092114	0.001241363807092114
1930	 LLH-4	0.001241363807092114	0.001241363807092114
1935	 LLH-5	0.0012412980969462532	0.0012412980969462532
1936	 LLH-5	0.001241031048799369	0.001241031048799369
1937	 LLH-4	0.001241031048799369	0.001241031048799369
1942	 LLH-0	0.0012414980679150381	0.001241031048799369
1943	 LLH-2	0.001258023149638048	0.001241031048799369
1944	 LLH-6	0.0012410267017562758	0.0012410267017562758
1945	 LLH-5	0.001241059423046527	0.001241059423046527
1946	 LLH-6	0.0012406826868840717	0.0012406826868840717
1947	 LLH-4	0.0012406826868840717	0.0012406826868840717
1952	 LLH-3	0.001243898781187285	0.0012406826868840717
1953	 LLH-3	0.0012480218892283652	0.0012406826868840717
1954	 LLH-0	0.0012552846771576574	0.0012406826868840717
1955	 LLH-3	0.0012482377054777363	0.0012406826868840717
1956	 LLH-1	0.0012407295796618748	0.0012407295796618748
1957	 LLH-3	0.0012870680944262922	0.0012407295796618748
1958	 LLH-1	0.0012407295796618748	0.0012407295796618748
1959	 LLH-3	0.0012485582426927703	0.0012407295796618748
1960	 LLH-4	0.0012407295796618748	0.0012407295796618748
1965	 LLH-1	0.0012407295796618748	0.0012407295796618748
1966	 LLH-4	0.0012407295796618748	0.0012407295796618748
1971	 LLH-2	0.0012546024392101288	0.0012407295796618748
1972	 LLH-1	0.0012407295796618748	0.0012407295796618748
1973	 LLH-3	0.0012640981368511961	0.0012407295796618748
1974	 LLH-0	0.0012413892832994259	0.0012407295796618748
1975	 LLH-3	0.0012687623383747337	0.0012407295796618748
1976	 LLH-4	0.0012407295796618748	0.0012407295796618748
1981	 LLH-2	0.001255022271447465	0.0012407295796618748
1982	 LLH-6	0.001241097200349	0.0012407295796618748
1983	 LLH-5	0.001240826592123277	0.001240826592123277
1984	 LLH-4	0.001240826592123277	0.001240826592123277
1989	 LLH-3	0.0012458831883797009	0.001240826592123277
1990	 LLH-4	0.001240826592123277	0.001240826592123277
1995	 LLH-2	0.001252004955060141	0.001240826592123277
1996	 LLH-0	0.0012552042079301082	0.001240826592123277
1997	 LLH-6	0.001242002676912	0.001240826592123277
1998	 LLH-6	0.0012414111338511283	0.001240826592123277
1999	 LLH-0	0.0012412158843159715	0.001240826592123277
GRID-Start
0.0	0.0
0.0	308.0385
0.0	616.077
0.0	924.1155
0.0	1232.154
0.0	1540.1925
0.0	1848.2310000000002
0.0	2156.2695000000003
0.0	2464.3080000000004
0.0	2772.3465000000006
0.0	3080.3850000000007
0.0	3388.423500000001
0.0	3696.462000000001
0.0	4004.500500000001
0.0	4312.539000000001
0.0	4620.5775
0.0	4928.616
0.0	5236.6545
0.0	5544.692999999999
0.0	5852.731499999999
0.0	6160.769999999999
0.0	6468.808499999998
308.0385	0.0
308.0385	308.0385
308.0385	616.077
308.0385	924.1155
308.0385	1232.154
308.0385	1540.1925
308.0385	1848.2310000000002
308.0385	2156.2695000000003
308.0385	2464.3080000000004
308.0385	2772.3465000000006
308.0385	3080.3850000000007
308.0385	3388.423500000001
308.0385	3696.462000000001
308.0385	4004.500500000001
308.0385	4312.539000000001
308.0385	4620.5775
308.0385	4928.616
308.0385	5236.6545
308.0385	5544.692999999999
308.0385	5852.731499999999
308.0385	6160.769999999999
308.0385	6468.808499999998
616.077	0.0
616.077	308.0385
616.077	616.077
616.077	924.1155
616.077	1232.154
616.077	1540.1925
616.077	1848.2310000000002
616.077	2156.2695000000003
616.077	2464.3080000000004
616.077	2772.3465000000006
616.077	3080.3850000000007
616.077	3388.423500000001
616.077	3696.462000000001
616.077	4004.500500000001
616.077	4312.539000000001
616.077	4620.5775
616.077	4928.616
616.077	5236.6545
616.077	5544.692999999999
616.077	5852.731499999999
616.077	6160.769999999999
616.077	6468.808499999998
924.1155	0.0
924.1155	308.0385
924.1155	616.077
924.1155	924.1155
924.1155	1232.154
924.1155	1540.1925
924.1155	1848.2310000000002
924.1155	2156.2695000000003
924.1155	2464.3080000000004
924.1155	2772.3465000000006
924.1155	3080.3850000000007
924.1155	3388.423500000001
924.1155	3696.462000000001
924.1155	4004.500500000001
924.1155	4312.539000000001
924.1155	4620.5775
924.1155	4928.616
924.1155	5236.6545
924.1155	5544.692999999999
924.1155	5852.731499999999
924.1155	6160.769999999999
924.1155	6468.808499999998
1232.154	0.0
1232.154	308.0385
1232.154	616.077
1232.154	924.1155
1232.154	1232.154
1232.154	1540.1925
1232.154	1848.2310000000002
1232.154	2156.2695000000003
1232.154	2464.3080000000004
1232.154	2772.3465000000006
1232.154	3080.3850000000007
1232.154	4620.5775
1232.154	4928.616
1232.154	5236.6545
1232.154	5544.692999999999
1232.154	5852.731499999999
1232.154	6160.769999999999
1232.154	6468.808499999998
1540.1925	0.0
1540.1925	308.0385
1540.1925	616.077
1540.1925	924.1155
1540.1925	1232.154
1540.1925	1540.1925
1540.1925	1848.2310000000002
1540.1925	2156.2695000000003
1540.1925	2464.3080000000004
1540.1925	2772.3465000000006
1540.1925	3080.3850000000007
1540.1925	4620.5775
1540.1925	4928.616
1540.1925	5236.6545
1540.1925	5544.692999999999
1540.1925	5852.731499999999
1540.1925	6160.769999999999
1540.1925	6468.808499999998
1848.2310000000002	0.0
1848.2310000000002	308.0385
1848.2310000000002	616.077
1848.2310000000002	924.1155
1848.2310000000002	1232.154
1848.2310000000002	1540.1925
1848.2310000000002	1848.2310000000002
1848.2310000000002	2156.2695000000003
1848.2310000000002	2464.3080000000004
1848.2310000000002	2772.3465000000006
1848.2310000000002	3080.3850000000007
1848.2310000000002	4620.5775
1848.2310000000002	4928.616
1848.2310000000002	5236.6545
1848.2310000000002	5544.692999999999
1848.2310000000002	5852.731499999999
1848.2310000000002	6160.769999999999
1848.2310000000002	6468.808499999998
2156.2695000000003	0.0
2156.2695000000003	308.0385
2156.2695000000003	616.077
2156.2695000000003	924.1155
2156.2695000000003	1232.154
2156.2695000000003	1540.1925
2156.2695000000003	1848.2310000000002
2156.2695000000003	2156.2695000000003
2156.2695000000003	2464.3080000000004
2156.2695000000003	2772.3465000000006
2156.2695000000003	3080.3850000000007
2156.2695000000003	4620.5775
2156.2695000000003	4928.616
2156.2695000000003	5236.6545
2156.2695000000003	5544.692999999999
2156.2695000000003	5852.731499999999
2156.2695000000003	6160.769999999999
2156.2695000000003	6468.808499999998
2464.3080000000004	0.0
2464.3080000000004	2464.3080000000004
2464.3080000000004	2772.3465000000006
2464.3080000000004	3080.3850000000007
2464.3080000000004	3388.423500000001
2464.3080000000004	3696.462000000001
2464.3080000000004	4004.500500000001
2464.3080000000004	4312.539000000001
2464.3080000000004	4620.5775
2464.3080000000004	4928.616
2464.3080000000004	5236.6545
2464.3080000000004	5544.692999999999
2464.3080000000004	5852.731499999999
2464.3080000000004	6160.769999999999
2464.3080000000004	6468.808499999998
2772.3465000000006	0.0
2772.3465000000006	2464.3080000000004
2772.3465000000006	2772.3465000000006
2772.3465000000006	3080.3850000000007
2772.3465000000006	3388.423500000001
2772.3465000000006	3696.462000000001
2772.3465000000006	4004.500500000001
2772.3465000000006	4312.539000000001
2772.3465000000006	4620.5775
2772.3465000000006	4928.616
2772.3465000000006	5236.6545
2772.3465000000006	5544.692999999999
2772.3465000000006	5852.731499999999
2772.3465000000006	6160.769999999999
2772.3465000000006	6468.808499999998
3080.3850000000007	0.0
3080.3850000000007	2464.3080000000004
3080.3850000000007	2772.3465000000006
3080.3850000000007	3080.3850000000007
3080.3850000000007	3388.423500000001
3080.3850000000007	3696.462000000001
3080.3850000000007	4004.500500000001
3080.3850000000007	4312.539000000001
3080.3850000000007	4620.5775
3080.3850000000007	4928.616
3080.3850000000007	5236.6545
3080.3850000000007	5544.692999999999
3080.3850000000007	5852.731499999999
3080.3850000000007	6160.769999999999
3080.3850000000007	6468.808499999998
3388.423500000001	0.0
3388.423500000001	2464.3080000000004
3388.423500000001	2772.3465000000006
3388.423500000001	3080.3850000000007
3388.423500000001	3388.423500000001
3388.423500000001	3696.462000000001
3388.423500000001	4004.500500000001
3388.423500000001	4312.539000000001
3388.423500000001	4620.5775
3388.423500000001	4928.616
3388.423500000001	5236.6545
3388.423500000001	5544.692999999999
3388.423500000001	5852.731499999999
3388.423500000001	6160.769999999999
3388.423500000001	6468.808499999998
3696.462000000001	0.0
3696.462000000001	308.0385
3696.462000000001	616.077
3696.462000000001	924.1155
3696.462000000001	1232.154
3696.462000000001	1540.1925
3696.462000000001	1848.2310000000002
3696.462000000001	2156.2695000000003
3696.462000000001	3388.423500000001
3696.462000000001	3696.462000000001
3696.462000000001	4004.500500000001
3696.462000000001	4312.539000000001
3696.462000000001	4620.5775
3696.462000000001	4928.616
3696.462000000001	5236.6545
3696.462000000001	5544.692999999999
3696.462000000001	5852.731499999999
3696.462000000001	6160.769999999999
3696.462000000001	6468.808499999998
4004.500500000001	0.0
4004.500500000001	308.0385
4004.500500000001	616.077
4004.500500000001	924.1155
4004.500500000001	1232.154
4004.500500000001	1540.1925
4004.500500000001	1848.2310000000002
4004.500500000001	2156.2695000000003
4004.500500000001	3388.423500000001
4004.500500000001	3696.462000000001
4004.500500000001	4004.500500000001
4004.500500000001	4312.539000000001
4004.500500000001	4620.5775
4004.500500000001	4928.616
4004.500500000001	5236.6545
4004.500500000001	5544.692999999999
4004.500500000001	5852.731499999999
4004.500500000001	6160.769999999999
4004.500500000001	6468.808499999998
4312.539000000001	0.0
4312.539000000001	308.0385
4312.539000000001	616.077
4312.539000000001	924.1155
4312.539000000001	1232.154
4312.539000000001	1540.1925
4312.539000000001	1848.2310000000002
4312.539000000001	2156.2695000000003
4312.539000000001	3388.423500000001
4312.539000000001	3696.462000000001
4312.539000000001	4004.500500000001
4312.539000000001	4312.539000000001
4312.539000000001	4620.5775
4312.539000000001	4928.616
4312.539000000001	5236.6545
4312.539000000001	5544.692999999999
4312.539000000001	5852.731499999999
4312.539000000001	6160.769999999999
4312.539000000001	6468.808499999998
4620.5775	0.0
4620.5775	308.0385
4620.5775	616.077
4620.5775	924.1155
4620.5775	1232.154
4620.5775	1540.1925
4620.5775	1848.2310000000002
4620.5775	2156.2695000000003
4620.5775	2464.3080000000004
4620.5775	2772.3465000000006
4620.5775	3080.3850000000007
4620.5775	3388.423500000001
4620.5775	3696.462000000001
4620.5775	4004.500500000001
4620.5775	4312.539000000001
4620.5775	4620.5775
4620.5775	4928.616
4620.5775	5236.6545
4620.5775	5544.692999999999
4620.5775	5852.731499999999
4620.5775	6160.769999999999
4620.5775	6468.808499999998
4928.616	0.0
4928.616	308.0385
4928.616	616.077
4928.616	924.1155
4928.616	1232.154
4928.616	1540.1925
4928.616	1848.2310000000002
4928.616	2156.2695000000003
4928.616	2464.3080000000004
4928.616	2772.3465000000006
4928.616	3080.3850000000007
4928.616	3388.423500000001
4928.616	3696.462000000001
4928.616	4004.500500000001
4928.616	4312.539000000001
4928.616	4620.5775
4928.616	4928.616
4928.616	5236.6545
4928.616	5544.692999999999
4928.616	5852.731499999999
4928.616	6160.769999999999
4928.616	6468.808499999998
5236.6545	0.0
5236.6545	308.0385
5236.6545	616.077
5236.6545	924.1155
5236.6545	1232.154
5236.6545	1540.1925
5236.6545	1848.2310000000002
5236.6545	2156.2695000000003
5236.6545	2464.3080000000004
5236.6545	2772.3465000000006
5236.6545	3080.3850000000007
5236.6545	3388.423500000001
5236.6545	3696.462000000001
5236.6545	4004.500500000001
5236.6545	4312.539000000001
5236.6545	4620.5775
5236.6545	4928.616
5236.6545	5236.6545
5236.6545	5544.692999999999
5236.6545	5852.731499999999
5236.6545	6160.769999999999
5236.6545	6468.808499999998
5544.692999999999	0.0
5544.692999999999	308.0385
5544.692999999999	616.077
5544.692999999999	924.1155
5544.692999999999	1232.154
5544.692999999999	1540.1925
5544.692999999999	1848.2310000000002
5544.692999999999	2156.2695000000003
5544.692999999999	2464.3080000000004
5544.692999999999	2772.3465000000006
5544.692999999999	3080.3850000000007
5544.692999999999	3388.423500000001
5544.692999999999	3696.462000000001
5544.692999999999	4004.500500000001
5544.692999999999	4312.539000000001
5544.692999999999	4620.5775
5544.692999999999	4928.616
5544.692999999999	5236.6545
5544.692999999999	5544.692999999999
5544.692999999999	5852.731499999999
5544.692999999999	6160.769999999999
5544.692999999999	6468.808499999998
5852.731499999999	0.0
5852.731499999999	308.0385
5852.731499999999	616.077
5852.731499999999	924.1155
5852.731499999999	1232.154
5852.731499999999	1540.1925
5852.731499999999	1848.2310000000002
5852.731499999999	2156.2695000000003
5852.731499999999	2464.3080000000004
5852.731499999999	2772.3465000000006
5852.731499999999	3080.3850000000007
5852.731499999999	3388.423500000001
5852.731499999999	3696.462000000001
5852.731499999999	4004.500500000001
5852.731499999999	4312.539000000001
5852.731499999999	4620.5775
5852.731499999999	4928.616
5852.731499999999	5236.6545
5852.731499999999	5544.692999999999
5852.731499999999	5852.731499999999
5852.731499999999	6160.769999999999
5852.731499999999	6468.808499999998
6160.769999999999	0.0
6160.769999999999	308.0385
6160.769999999999	616.077
6160.769999999999	924.1155
6160.769999999999	1232.154
6160.769999999999	1540.1925
6160.769999999999	1848.2310000000002
6160.769999999999	2156.2695000000003
6160.769999999999	2464.3080000000004
6160.769999999999	2772.3465000000006
6160.769999999999	3080.3850000000007
6160.769999999999	3388.423500000001
6160.769999999999	3696.462000000001
6160.769999999999	4004.500500000001
6160.769999999999	4312.539000000001
6160.769999999999	4620.5775
6160.769999999999	4928.616
6160.769999999999	5236.6545
6160.769999999999	5544.692999999999
6160.769999999999	5852.731499999999
6160.769999999999	6160.769999999999
6160.769999999999	6468.808499999998
6468.808499999998	0.0
6468.808499999998	308.0385
6468.808499999998	616.077
6468.808499999998	924.1155
6468.808499999998	1232.154
6468.808499999998	1540.1925
6468.808499999998	1848.2310000000002
6468.808499999998	2156.2695000000003
6468.808499999998	2464.3080000000004
6468.808499999998	2772.3465000000006
6468.808499999998	3080.3850000000007
6468.808499999998	3388.423500000001
6468.808499999998	3696.462000000001
6468.808499999998	4004.500500000001
6468.808499999998	4312.539000000001
6468.808499999998	4620.5775
6468.808499999998	4928.616
6468.808499999998	5236.6545
6468.808499999998	5544.692999999999
6468.808499999998	5852.731499999999
6468.808499999998	6160.769999999999
6468.808499999998	6468.808499999998
6776.846999999998	0.0
6776.846999999998	308.0385
6776.846999999998	616.077
6776.846999999998	924.1155
6776.846999999998	1232.154
6776.846999999998	1540.1925
6776.846999999998	1848.2310000000002
6776.846999999998	2156.2695000000003
6776.846999999998	2464.3080000000004
6776.846999999998	2772.3465000000006
6776.846999999998	3080.3850000000007
6776.846999999998	3388.423500000001
6776.846999999998	3696.462000000001
6776.846999999998	4004.500500000001
6776.846999999998	4312.539000000001
6776.846999999998	4620.5775
6776.846999999998	4928.616
6776.846999999998	5236.6545
6776.846999999998	5544.692999999999
6776.846999999998	5852.731499999999
6776.846999999998	6160.769999999999
6776.846999999998	6468.808499999998
7084.885499999998	0.0
7084.885499999998	308.0385
7084.885499999998	616.077
7084.885499999998	924.1155
7084.885499999998	1232.154
7084.885499999998	1540.1925
7084.885499999998	1848.2310000000002
7084.885499999998	2156.2695000000003
7084.885499999998	2464.3080000000004
7084.885499999998	2772.3465000000006
7084.885499999998	3080.3850000000007
7084.885499999998	3388.423500000001
7084.885499999998	3696.462000000001
7084.885499999998	4004.500500000001
7084.885499999998	4312.539000000001
7084.885499999998	4620.5775
7084.885499999998	4928.616
7084.885499999998	5236.6545
7084.885499999998	5544.692999999999
7084.885499999998	5852.731499999999
7084.885499999998	6160.769999999999
7084.885499999998	6468.808499999998
7392.923999999997	0.0
7392.923999999997	308.0385
7392.923999999997	616.077
7392.923999999997	924.1155
7392.923999999997	1232.154
7392.923999999997	1540.1925
7392.923999999997	1848.2310000000002
7392.923999999997	2156.2695000000003
7392.923999999997	2464.3080000000004
7392.923999999997	2772.3465000000006
7392.923999999997	3080.3850000000007
7392.923999999997	3388.423500000001
7392.923999999997	3696.462000000001
7392.923999999997	4004.500500000001
7392.923999999997	4312.539000000001
7392.923999999997	4620.5775
7392.923999999997	4928.616
7392.923999999997	5236.6545
7392.923999999997	5544.692999999999
7392.923999999997	5852.731499999999
7392.923999999997	6160.769999999999
7392.923999999997	6468.808499999998
7700.962499999997	0.0
7700.962499999997	308.0385
7700.962499999997	616.077
7700.962499999997	924.1155
7700.962499999997	1232.154
7700.962499999997	1540.1925
7700.962499999997	1848.2310000000002
7700.962499999997	2156.2695000000003
7700.962499999997	2464.3080000000004
7700.962499999997	2772.3465000000006
7700.962499999997	3080.3850000000007
7700.962499999997	3388.423500000001
7700.962499999997	3696.462000000001
7700.962499999997	4004.500500000001
7700.962499999997	4312.539000000001
7700.962499999997	4620.5775
7700.962499999997	4928.616
7700.962499999997	5236.6545
7700.962499999997	5544.692999999999
7700.962499999997	5852.731499999999
7700.962499999997	6160.769999999999
7700.962499999997	6468.808499999998
8009.000999999997	0.0
8009.000999999997	308.0385
8009.000999999997	616.077
8009.000999999997	924.1155
8009.000999999997	1232.154
8009.000999999997	1540.1925
8009.000999999997	1848.2310000000002
8009.000999999997	2156.2695000000003
8009.000999999997	2464.3080000000004
8009.000999999997	2772.3465000000006
8009.000999999997	3080.3850000000007
8009.000999999997	3388.423500000001
8009.000999999997	3696.462000000001
8009.000999999997	4004.500500000001
8009.000999999997	4312.539000000001
8009.000999999997	4620.5775
8009.000999999997	4928.616
8009.000999999997	5236.6545
8009.000999999997	5544.692999999999
8009.000999999997	5852.731499999999
8009.000999999997	6160.769999999999
8009.000999999997	6468.808499999998
8317.039499999997	0.0
8317.039499999997	308.0385
8317.039499999997	616.077
8317.039499999997	924.1155
8317.039499999997	1232.154
8317.039499999997	1540.1925
8317.039499999997	1848.2310000000002
8317.039499999997	2156.2695000000003
8317.039499999997	2464.3080000000004
8317.039499999997	2772.3465000000006
8317.039499999997	3080.3850000000007
8317.039499999997	3388.423500000001
8317.039499999997	3696.462000000001
8317.039499999997	4004.500500000001
8317.039499999997	4312.539000000001
8317.039499999997	4620.5775
8317.039499999997	4928.616
8317.039499999997	5236.6545
8317.039499999997	5544.692999999999
8317.039499999997	5852.731499999999
8317.039499999997	6160.769999999999
8317.039499999997	6468.808499999998
8625.077999999998	0.0
8625.077999999998	308.0385
8625.077999999998	616.077
8625.077999999998	924.1155
8625.077999999998	1232.154
8625.077999999998	1540.1925
8625.077999999998	1848.2310000000002
8625.077999999998	2156.2695000000003
8625.077999999998	2464.3080000000004
8625.077999999998	2772.3465000000006
8625.077999999998	3080.3850000000007
8625.077999999998	3388.423500000001
8625.077999999998	3696.462000000001
8625.077999999998	4004.500500000001
8625.077999999998	4312.539000000001
8625.077999999998	4620.5775
8625.077999999998	4928.616
8625.077999999998	5236.6545
8625.077999999998	5544.692999999999
8625.077999999998	5852.731499999999
8625.077999999998	6160.769999999999
8625.077999999998	6468.808499999998
8933.116499999998	0.0
8933.116499999998	308.0385
8933.116499999998	616.077
8933.116499999998	924.1155
8933.116499999998	1232.154
8933.116499999998	1540.1925
8933.116499999998	1848.2310000000002
8933.116499999998	2156.2695000000003
8933.116499999998	2464.3080000000004
8933.116499999998	2772.3465000000006
8933.116499999998	3080.3850000000007
8933.116499999998	3388.423500000001
8933.116499999998	3696.462000000001
8933.116499999998	4004.500500000001
8933.116499999998	4312.539000000001
8933.116499999998	4620.5775
8933.116499999998	4928.616
8933.116499999998	5236.6545
8933.116499999998	5544.692999999999
8933.116499999998	5852.731499999999
8933.116499999998	6160.769999999999
8933.116499999998	6468.808499999998
GRID-End
num_of_evaluations 2000
best obj 0.0012404568407422569
LLH0	63
LLH1	42
LLH2	54
LLH3	60
LLH4	114
LLH5	95
LLH6	92