Initial objective 0.0013063706683263364	 Seed value 118671567
1	 LLH-2	0.0012950242981637971	0.0012950242981637971
2	 LLH-4	0.0012938394093721464	0.0012938394093721464
4	 LLH-2	0.0012949811487087827	0.0012949811487087827
5	 LLH-6	0.0012934958654710952	0.0012934958654710952
6	 LLH-6	0.0012948273598550615	0.0012948273598550615
7	 LLH-3	0.0012604811877440132	0.0012604811877440132
8	 LLH-2	0.0012763664551363506	0.0012763664551363506
9	 LLH-2	0.001285688044025173	0.001285688044025173
10	 LLH-0	0.001284614875565004	0.001284614875565004
11	 LLH-1	0.0012844341082245809	0.0012844341082245809
12	 LLH-2	0.0012711893939343663	0.0012711893939343663
13	 LLH-4	0.0012700209375520349	0.0012700209375520349
17	 LLH-3	0.0013384002447734274	0.0013384002447734274
18	 LLH-2	0.0013300587471127517	0.0013300587471127517
19	 LLH-0	0.0013316398902147451	0.0013316398902147451
20	 LLH-6	0.0013337600606985796	0.0013337600606985796
21	 LLH-4	0.0013320186263769285	0.0013320186263769285
25	 LLH-0	0.0013301402596247484	0.0013301402596247484
26	 LLH-6	0.0013272809038566374	0.0013272809038566374
27	 LLH-3	0.001470654068478815	0.001470654068478815
28	 LLH-3	0.0016449134133671515	0.0016449134133671515
29	 LLH-5	0.0016459224799968246	0.0016459224799968246
30	 LLH-5	0.0016457272017223485	0.0016457272017223485
31	 LLH-6	0.0016470611393087646	0.0016470611393087646
32	 LLH-1	0.0016470611393087646	0.0016470611393087646
33	 LLH-4	0.0016410440603086395	0.0016410440603086395
36	 LLH-0	0.0016474715896970561	0.0016474715896970561
37	 LLH-4	0.0016404970717145387	0.0016404970717145387
39	 LLH-1	0.0016404970717145387	0.0016404970717145387
40	 LLH-3	0.0019428367238409387	0.0019428367238409387
41	 LLH-6	0.0019416854846661022	0.0019416854846661022
42	 LLH-5	0.0019442070964581404	0.0019442070964581404
43	 LLH-2	0.001628431174731642	0.001628431174731642
44	 LLH-1	0.001628431174731642	0.001628431174731642
45	 LLH-2	0.0015695437508240616	0.0015695437508240616
46	 LLH-5	0.0015704108986240141	0.0015704108986240141
47	 LLH-4	0.0015651957463944633	0.0015651957463944633
49	 LLH-5	0.0015668485394108261	0.0015668485394108261
50	 LLH-4	0.0015614390444891298	0.0015614390444891298
52	 LLH-5	0.001561249323438633	0.001561249323438633
53	 LLH-0	0.0015565324939477568	0.0015565324939477568
54	 LLH-5	0.0015550080767011273	0.0015550080767011273
55	 LLH-1	0.0015550080767011273	0.0015550080767011273
56	 LLH-2	0.0014141286175650164	0.0014141286175650164
57	 LLH-4	0.0014109467489491845	0.0014109467489491845
59	 LLH-5	0.0014115582533980858	0.0014115582533980858
60	 LLH-1	0.0014115582533980858	0.0014115582533980858
61	 LLH-3	0.001289430656683511	0.001289430656683511
62	 LLH-3	0.0012684494405837358	0.0012684494405837358
63	 LLH-4	0.0012674970755890695	0.0012674970755890695
67	 LLH-4	0.001266384592667364	0.001266384592667364
70	 LLH-4	0.0012655436365333504	0.0012655436365333504
74	 LLH-0	0.00126640525222159	0.00126640525222159
75	 LLH-0	0.001265469281124642	0.001265469281124642
76	 LLH-3	0.0012514262708593284	0.0012514262708593284
77	 LLH-2	0.0012711403445776121	0.0012711403445776121
78	 LLH-6	0.0012703029724621799	0.0012703029724621799
79	 LLH-1	0.0012702536031110154	0.0012702536031110154
80	 LLH-0	0.0012711557679237146	0.0012711557679237146
81	 LLH-5	0.001270038590679872	0.001270038590679872
82	 LLH-6	0.0012707032699555523	0.0012707032699555523
83	 LLH-6	0.0012710177661840016	0.0012710177661840016
84	 LLH-1	0.0012710177661840016	0.0012710177661840016
85	 LLH-2	0.0012747766797275067	0.0012747766797275067
86	 LLH-3	0.0013384886223984159	0.0013384886223984159
87	 LLH-4	0.0013366256561192667	0.0013366256561192667
90	 LLH-0	0.0013385796484287548	0.0013385796484287548
91	 LLH-6	0.0013360694636542956	0.0013360694636542956
92	 LLH-1	0.0013360694636542956	0.0013360694636542956
93	 LLH-5	0.0013361099664995272	0.0013361099664995272
94	 LLH-5	0.0013369529828097639	0.0013369529828097639
95	 LLH-3	0.0012701782274242774	0.0012701782274242774
96	 LLH-1	0.0012701782274242774	0.0012701782274242774
97	 LLH-4	0.0012701782274242774	0.0012701782274242774
102	 LLH-4	0.0012701782274242774	0.0012701782274242774
107	 LLH-1	0.0012699268502765855	0.0012699268502765855
108	 LLH-4	0.0012699268502765855	0.0012699268502765855
113	 LLH-4	0.0012699268502765855	0.0012699268502765855
118	 LLH-5	0.0012712697709542458	0.0012712697709542458
119	 LLH-5	0.001270765355133268	0.001270765355133268
120	 LLH-0	0.0012719118915602572	0.0012719118915602572
121	 LLH-3	0.001257005796269519	0.001257005796269519
122	 LLH-5	0.0012586705380031704	0.0012586705380031704
123	 LLH-2	0.0012554965026585721	0.0012554965026585721
124	 LLH-6	0.0012560370048578676	0.0012560370048578676
125	 LLH-3	0.0013134703469104762	0.0013134703469104762
126	 LLH-3	0.0012798768317197637	0.0012798768317197637
127	 LLH-4	0.0012788853749201045	0.0012788853749201045
132	 LLH-5	0.0012773148082652662	0.0012773148082652662
133	 LLH-3	0.0013317906299311012	0.0013317906299311012
134	 LLH-3	0.0014456402300397572	0.0014456402300397572
135	 LLH-2	0.0014239369212396583	0.0014239369212396583
136	 LLH-5	0.0014236807303950147	0.0014236807303950147
137	 LLH-1	0.0014236807303950147	0.0014236807303950147
138	 LLH-4	0.0014206773154250786	0.0014206773154250786
141	 LLH-6	0.0014219119165584373	0.0014219119165584373
142	 LLH-2	0.0013793433148648275	0.0013793433148648275
143	 LLH-2	0.001390581011927735	0.001390581011927735
144	 LLH-5	0.0013908153539594532	0.0013908153539594532
145	 LLH-6	0.0013897537879690332	0.0013897537879690332
146	 LLH-4	0.0013873820844209066	0.0013873820844209066
150	 LLH-2	0.0013494831471803483	0.0013494831471803483
151	 LLH-2	0.0013401511439862935	0.0013401511439862935
152	 LLH-1	0.0013401511439862935	0.0013401511439862935
153	 LLH-4	0.0013377980639054316	0.0013377980639054316
156	 LLH-4	0.0013360346977570662	0.0013360346977570662
158	 LLH-1	0.0013360346977570662	0.0013360346977570662
159	 LLH-4	0.0013344053980262833	0.0013344053980262833
161	 LLH-6	0.0013328420702650259	0.0013328420702650259
162	 LLH-2	0.0013064734935686838	0.0013064734935686838
163	 LLH-2	0.0013195383467830661	0.0013195383467830661
164	 LLH-3	0.0012726065760202013	0.0012726065760202013
165	 LLH-1	0.0012729779702397343	0.0012729779702397343
166	 LLH-3	0.0013517787447312295	0.0013517787447312295
167	 LLH-4	0.0013517787447312295	0.0013517787447312295
172	 LLH-4	0.0013496530183798696	0.0013496530183798696
174	 LLH-1	0.0013496530183798696	0.0013496530183798696
175	 LLH-2	0.0013336176275220324	0.0013336176275220324
176	 LLH-3	0.001443988694883735	0.0013336176275220324
177	 LLH-1	0.001333810954587926	0.001333810954587926
178	 LLH-2	0.0013296578695625838	0.0013296578695625838
179	 LLH-5	0.001330199170603043	0.001330199170603043
180	 LLH-4	0.0013285963421964453	0.0013285963421964453
183	 LLH-5	0.001327805770095385	0.001327805770095385
184	 LLH-0	0.001329440082759599	0.001329440082759599
185	 LLH-3	0.0012733674243664006	0.0012733674243664006
186	 LLH-4	0.0012720175911118173	0.0012720175911118173
189	 LLH-3	0.0013475848771346778	0.0013475848771346778
190	 LLH-6	0.0013486390035211166	0.0013486390035211166
191	 LLH-3	0.0014917102503620991	0.0013486390035211166
192	 LLH-5	0.0013472994303820056	0.0013472994303820056
193	 LLH-3	0.0014785156322730808	0.0014785156322730808
194	 LLH-3	0.0016228573845691555	0.0014785156322730808
195	 LLH-5	0.0014783470788008743	0.0014783470788008743
196	 LLH-5	0.0014761240885457663	0.0014761240885457663
197	 LLH-1	0.0014764969338051572	0.0014764969338051572
198	 LLH-2	0.0014348040041649423	0.0014348040041649423
199	 LLH-1	0.001434536266580092	0.001434536266580092
200	 LLH-2	0.001402595124774915	0.001402595124774915
201	 LLH-3	0.0013083996782627045	0.0013083996782627045
202	 LLH-4	0.0013068688194808856	0.0013068688194808856
204	 LLH-1	0.0013068688194808856	0.0013068688194808856
205	 LLH-6	0.0013068944134987021	0.0013068944134987021
206	 LLH-3	0.0014295644000458841	0.0013068944134987021
207	 LLH-1	0.0013064247668866593	0.0013064247668866593
208	 LLH-2	0.0013239331616876993	0.0013239331616876993
209	 LLH-1	0.0013239331616876993	0.0013239331616876993
210	 LLH-6	0.0013225629777998652	0.0013225629777998652
211	 LLH-6	0.0013208807142203493	0.0013208807142203493
212	 LLH-6	0.0013208714352248845	0.0013208714352248845
213	 LLH-4	0.0013192091181130606	0.0013192091181130606
217	 LLH-0	0.001320521919682785	0.001320521919682785
218	 LLH-2	0.001324472589191872	0.001324472589191872
219	 LLH-1	0.001324472589191872	0.001324472589191872
220	 LLH-3	0.0014094830144606016	0.0014094830144606016
221	 LLH-6	0.0014107526878510586	0.0014107526878510586
222	 LLH-5	0.0014104801498411729	0.0014104801498411729
223	 LLH-4	0.0014078858551178277	0.0014078858551178277
225	 LLH-0	0.0014049412212315494	0.0014049412212315494
226	 LLH-0	0.0014076969909629275	0.0014076969909629275
227	 LLH-0	0.0014104180986315691	0.0014104180986315691
228	 LLH-4	0.0014077364391477994	0.0014077364391477994
232	 LLH-0	0.0014050219349857232	0.0014050219349857232
233	 LLH-6	0.0014040447598255945	0.0014040447598255945
234	 LLH-2	0.001385747007524989	0.001385747007524989
235	 LLH-3	0.0012767533866573971	0.0012767533866573971
236	 LLH-4	0.0012753202372435574	0.0012753202372435574
238	 LLH-3	0.0013705018067366329	0.0013705018067366329
239	 LLH-1	0.0013705018067366329	0.0013705018067366329
240	 LLH-6	0.001369825896172308	0.001369825896172308
241	 LLH-2	0.001345952755727696	0.001345952755727696
242	 LLH-1	0.001345952755727696	0.001345952755727696
243	 LLH-5	0.0013459067721465338	0.0013459067721465338
244	 LLH-1	0.001346105541100327	0.001346105541100327
245	 LLH-2	0.0013327916213718026	0.0013327916213718026
246	 LLH-5	0.0013333299845862897	0.0013333299845862897
247	 LLH-6	0.001334510160116862	0.001334510160116862
248	 LLH-4	0.001332729606742489	0.001332729606742489
252	 LLH-0	0.0013346585609197623	0.0013346585609197623
253	 LLH-5	0.0013350860697292184	0.0013350860697292184
254	 LLH-6	0.0013357083517733103	0.0013350860697292184
255	 LLH-1	0.0013350860697292184	0.0013350860697292184
256	 LLH-0	0.0013369243849781574	0.0013369243849781574
257	 LLH-3	0.001487265249147786	0.0013369243849781574
258	 LLH-6	0.0013364769188343572	0.0013364769188343572
259	 LLH-2	0.0013315485144132697	0.0013315485144132697
260	 LLH-0	0.001329914605881105	0.001329914605881105
261	 LLH-4	0.0013276966971087862	0.0013276966971087862
264	 LLH-4	0.0013257206193751996	0.0013257206193751996
266	 LLH-0	0.0013273902107342945	0.0013273902107342945
267	 LLH-1	0.0013273902107342945	0.0013273902107342945
268	 LLH-2	0.0013210298251966162	0.0013210298251966162
269	 LLH-2	0.0013094544491113237	0.0013094544491113237
270	 LLH-6	0.0013095347451637597	0.0013095347451637597
271	 LLH-5	0.0013104381095676103	0.0013104381095676103
272	 LLH-3	0.0012681411257027932	0.0012681411257027932
273	 LLH-2	0.0012686707098723345	0.0012686707098723345
274	 LLH-5	0.001269586197017562	0.001269586197017562
275	 LLH-6	0.0012682594860378166	0.0012682594860378166
276	 LLH-3	0.0012637393271231158	0.0012637393271231158
277	 LLH-1	0.0012637393271231158	0.0012637393271231158
278	 LLH-3	0.001296414308291442	0.001296414308291442
279	 LLH-4	0.001296414308291442	0.001296414308291442
284	 LLH-5	0.0012958483511614394	0.0012958483511614394
285	 LLH-0	0.0012971848753894123	0.0012971848753894123
286	 LLH-5	0.001297654140375137	0.001297654140375137
287	 LLH-4	0.0012963556722701524	0.0012963556722701524
290	 LLH-0	0.0012948436890992713	0.0012948436890992713
291	 LLH-5	0.0012952535528297545	0.0012952535528297545
292	 LLH-3	0.0013700393641679818	0.0013700393641679818
293	 LLH-3	0.0015055088714937036	0.0015055088714937036
294	 LLH-3	0.0013153631407207202	0.0013153631407207202
295	 LLH-4	0.001314061239921137	0.001314061239921137
299	 LLH-5	0.0013141758137623512	0.0013141758137623512
300	 LLH-0	0.0013123769391298133	0.0013123769391298133
301	 LLH-2	0.001312690737970657	0.001312690737970657
302	 LLH-6	0.0013126280713848968	0.0013126280713848968
303	 LLH-3	0.0012698952677144418	0.0012698952677144418
304	 LLH-4	0.0012688337368663683	0.0012688337368663683
308	 LLH-5	0.0012693675588749222	0.0012693675588749222
309	 LLH-0	0.001268262511602849	0.001268262511602849
310	 LLH-4	0.0012671532379266034	0.0012671532379266034
315	 LLH-6	0.001267579242246094	0.001267579242246094
316	 LLH-0	0.0012685529134621996	0.0012685529134621996
317	 LLH-5	0.0012692370281739212	0.0012692370281739212
318	 LLH-6	0.0012704917803919558	0.0012704917803919558
319	 LLH-5	0.0012701660012037937	0.0012701660012037937
320	 LLH-1	0.0012701660012037937	0.0012701660012037937
321	 LLH-6	0.001269568693048388	0.001269568693048388
322	 LLH-1	0.001269568693048388	0.001269568693048388
323	 LLH-6	0.0012701091250559267	0.0012701091250559267
324	 LLH-6	0.0012702395159623443	0.0012702395159623443
325	 LLH-6	0.0012694343863588063	0.0012694343863588063
326	 LLH-0	0.001268621869503899	0.001268621869503899
327	 LLH-3	0.0013411242815065672	0.0013411242815065672
328	 LLH-3	0.0014627717413924616	0.0013411242815065672
329	 LLH-6	0.0013403110999465385	0.0013403110999465385
330	 LLH-3	0.0012788598516722807	0.0012788598516722807
331	 LLH-5	0.00127711838357526	0.00127711838357526
332	 LLH-4	0.0012761575238089925	0.0012761575238089925
334	 LLH-3	0.0012562425137889062	0.0012562425137889062
335	 LLH-2	0.0012611945273760692	0.0012611945273760692
336	 LLH-6	0.0012607839092617118	0.0012607839092617118
337	 LLH-0	0.0012598280695674134	0.0012598280695674134
338	 LLH-2	0.0012708018086768993	0.0012708018086768993
339	 LLH-6	0.0012707861210869097	0.0012707861210869097
340	 LLH-5	0.0012701925422829287	0.0012701925422829287
341	 LLH-6	0.0012710342577203226	0.0012710342577203226
342	 LLH-1	0.0012710342577203226	0.0012710342577203226
343	 LLH-4	0.001270074163186511	0.001270074163186511
346	 LLH-4	0.001270074163186511	0.001270074163186511
351	 LLH-0	0.001269315194809327	0.001269315194809327
352	 LLH-5	0.001269315194809327	0.001269315194809327
353	 LLH-2	0.0012870430177614367	0.0012870430177614367
354	 LLH-2	0.0013009724442619574	0.0013009724442619574
355	 LLH-4	0.0012996723124407848	0.0012996723124407848
359	 LLH-1	0.0013003781337626663	0.0013003781337626663
360	 LLH-2	0.001291688269523478	0.001291688269523478
361	 LLH-5	0.0012919225053336565	0.0012919225053336565
362	 LLH-1	0.0012917864578540369	0.0012917864578540369
363	 LLH-6	0.0012904654548399795	0.0012904654548399795
364	 LLH-2	0.0013011884392255366	0.0013011884392255366
365	 LLH-1	0.0013011884392255366	0.0013011884392255366
366	 LLH-1	0.0013011386386869985	0.0013011386386869985
367	 LLH-2	0.001297016852591605	0.001297016852591605
368	 LLH-2	0.0013019459209800408	0.0013019459209800408
369	 LLH-0	0.001303380773825395	0.001303380773825395
370	 LLH-0	0.0013047997655275046	0.0013047997655275046
371	 LLH-4	0.0013030894005763944	0.0013030894005763944
373	 LLH-0	0.0013041439733327096	0.0013041439733327096
374	 LLH-0	0.0013057615301898487	0.0013057615301898487
375	 LLH-3	0.0014108965318022763	0.0014108965318022763
376	 LLH-6	0.0014106736989195332	0.0014106736989195332
377	 LLH-4	0.0014078432047560626	0.0014078432047560626
379	 LLH-4	0.001405329179327988	0.001405329179327988
381	 LLH-5	0.0014066103078640738	0.0014066103078640738
382	 LLH-6	0.0014044764289511708	0.0014044764289511708
383	 LLH-6	0.0014055365138117672	0.0014055365138117672
384	 LLH-6	0.0014052643355830416	0.0014052643355830416
385	 LLH-3	0.0012906477625103687	0.0012906477625103687
386	 LLH-0	0.00129180132217542	0.00129180132217542
387	 LLH-0	0.0012905819322002329	0.0012905819322002329
388	 LLH-5	0.001290576204590959	0.001290576204590959
389	 LLH-3	0.0013699070709363387	0.0013699070709363387
390	 LLH-2	0.0013575084145229423	0.0013575084145229423
391	 LLH-3	0.0015054527792576298	0.0015054527792576298
392	 LLH-0	0.0015089912512040297	0.0015089912512040297
393	 LLH-1	0.0015089912512040297	0.0015089912512040297
394	 LLH-0	0.001504511062441072	0.001504511062441072
395	 LLH-4	0.0015003011705119092	0.0015003011705119092
397	 LLH-6	0.0014980804704806598	0.0014980804704806598
398	 LLH-4	0.0014938862516555274	0.0014938862516555274
401	 LLH-1	0.0014939347287654479	0.0014939347287654479
402	 LLH-2	0.0014232843666375937	0.0014232843666375937
403	 LLH-4	0.0014207596425326952	0.0014207596425326952
406	 LLH-6	0.0014216861482969348	0.0014216861482969348
407	 LLH-2	0.0014023348503990568	0.0014023348503990568
408	 LLH-0	0.0013997895374923475	0.0013997895374923475
409	 LLH-2	0.0013674765497534692	0.0013674765497534692
410	 LLH-6	0.0013677988094237896	0.0013677988094237896
411	 LLH-2	0.0013801854305235128	0.0013801854305235128
412	 LLH-3	0.0014996274276109747	0.0014996274276109747
413	 LLH-2	0.0014827686442814595	0.0014827686442814595
414	 LLH-2	0.0014099065943024456	0.0014099065943024456
415	 LLH-0	0.0014067678760857217	0.0014067678760857217
416	 LLH-0	0.0014385319571835475	0.0014385319571835475
417	 LLH-2	0.0013744686496966255	0.0013744686496966255
418	 LLH-4	0.0013722670388290389	0.0013722670388290389
420	 LLH-5	0.001372509627588721	0.001372509627588721
421	 LLH-2	0.0013623949005586002	0.0013623949005586002
422	 LLH-2	0.0013543521412207253	0.0013543521412207253
423	 LLH-0	0.001352385639147682	0.001352385639147682
424	 LLH-5	0.0013531479259900143	0.0013531479259900143
425	 LLH-1	0.001353199635512951	0.001353199635512951
426	 LLH-5	0.0013523278758178143	0.0013523278758178143
427	 LLH-5	0.0013503563533389914	0.0013503563533389914
428	 LLH-3	0.001289005867717046	0.001289005867717046
429	 LLH-4	0.001288202238353135	0.001288202238353135
431	 LLH-0	0.001287018896336066	0.001287018896336066
432	 LLH-4	0.001285930627881757	0.001285930627881757
436	 LLH-5	0.001286922755463391	0.001286922755463391
437	 LLH-0	0.0012879846301482307	0.0012879846301482307
438	 LLH-5	0.001288989973172563	0.001288989973172563
439	 LLH-6	0.001289616446319423	0.001289616446319423
440	 LLH-4	0.0012886843675585348	0.0012886843675585348
445	 LLH-1	0.0012886843675585348	0.0012886843675585348
446	 LLH-4	0.001287714219043735	0.001287714219043735
450	 LLH-3	0.001255838618813236	0.001255838618813236
451	 LLH-2	0.0012611288102043984	0.0012611288102043984
452	 LLH-6	0.001260310276486552	0.001260310276486552
453	 LLH-5	0.0012604169936231958	0.0012604169936231958
454	 LLH-1	0.0012604169936231958	0.0012604169936231958
455	 LLH-4	0.001259293724368516	0.001259293724368516
460	 LLH-0	0.0012584833824403907	0.0012584833824403907
461	 LLH-3	0.0012587637756761943	0.0012587637756761943
462	 LLH-2	0.0012515714992481666	0.0012515714992481666
463	 LLH-4	0.001250711512795952	0.001250711512795952
466	 LLH-2	0.0012617438029542858	0.0012617438029542858
467	 LLH-2	0.0012784877963819676	0.0012784877963819676
468	 LLH-5	0.001277489380944413	0.001277489380944413
469	 LLH-3	0.001348988116522698	0.001277489380944413
470	 LLH-1	0.001277489380944413	0.001277489380944413
471	 LLH-0	0.0012782080672690366	0.0012782080672690366
472	 LLH-1	0.0012782080672690366	0.0012782080672690366
473	 LLH-2	0.001267016988963031	0.001267016988963031
474	 LLH-0	0.001267908449087832	0.001267908449087832
475	 LLH-5	0.0012686058619288197	0.0012686058619288197
476	 LLH-3	0.001265538343741413	0.001265538343741413
477	 LLH-6	0.0012642115208781857	0.0012642115208781857
478	 LLH-6	0.0012631602051355354	0.0012631602051355354
479	 LLH-6	0.0012639239747787932	0.0012639239747787932
480	 LLH-4	0.0012629800496802505	0.0012629800496802505
482	 LLH-2	0.0012633512803172308	0.0012633512803172308
483	 LLH-0	0.0012642420631917082	0.0012642420631917082
484	 LLH-6	0.0012643192519832499	0.0012643192519832499
485	 LLH-2	0.0012731704263644371	0.0012731704263644371
486	 LLH-0	0.001272046128111721	0.001272046128111721
487	 LLH-1	0.001272255182572357	0.001272255182572357
488	 LLH-5	0.0012724059307003316	0.0012724059307003316
489	 LLH-0	0.0012734746005609236	0.0012734746005609236
490	 LLH-3	0.00135974849966069	0.0012734746005609236
491	 LLH-5	0.0012731118336393326	0.0012731118336393326
492	 LLH-3	0.001332378360180822	0.001332378360180822
493	 LLH-2	0.0013457182478485614	0.0013457182478485614
494	 LLH-5	0.00134746832448489	0.00134746832448489
495	 LLH-4	0.0013450703426527903	0.0013450703426527903
497	 LLH-1	0.0013450703426527903	0.0013450703426527903
498	 LLH-1	0.0013455846383095967	0.0013455846383095967
499	 LLH-3	0.0012640725767338597	0.0012640725767338597
500	 LLH-3	0.0012608921230174233	0.0012608921230174233
501	 LLH-5	0.0012604298690308486	0.0012604298690308486
502	 LLH-2	0.0012628489646343021	0.0012628489646343021
503	 LLH-0	0.0012638201618877533	0.0012638201618877533
504	 LLH-4	0.0012627148129867043	0.0012627148129867043
508	 LLH-0	0.00126373105817665	0.00126373105817665
509	 LLH-6	0.0012641363089271197	0.0012641363089271197
510	 LLH-3	0.0013193025482313061	0.0013193025482313061
511	 LLH-6	0.0013195338646859553	0.0013195338646859553
512	 LLH-1	0.001319614890485792	0.001319614890485792
513	 LLH-6	0.0013204391121805167	0.0013204391121805167
514	 LLH-0	0.0013217977961092042	0.0013217977961092042
515	 LLH-2	0.001317752358336905	0.001317752358336905
516	 LLH-3	0.0014113032216285628	0.0014113032216285628
517	 LLH-3	0.0015900045750830006	0.0014113032216285628
518	 LLH-1	0.001411466348454478	0.001411466348454478
519	 LLH-5	0.0014133390447007015	0.0014133390447007015
520	 LLH-6	0.0014120188453727901	0.0014120188453727901
521	 LLH-5	0.0014095017139305322	0.0014095017139305322
522	 LLH-4	0.0014072252031678818	0.0014072252031678818
524	 LLH-0	0.001404880475452332	0.001404880475452332
525	 LLH-5	0.0014047385565614332	0.0014047385565614332
526	 LLH-1	0.0014047385565614332	0.0014047385565614332
527	 LLH-0	0.0014016714043119359	0.0014016714043119359
528	 LLH-2	0.0013798372434158635	0.0013798372434158635
529	 LLH-6	0.0013800431096333923	0.0013800431096333923
530	 LLH-3	0.001286506577200781	0.001286506577200781
531	 LLH-6	0.001289473343212631	0.001289473343212631
532	 LLH-1	0.001289473343212631	0.001289473343212631
533	 LLH-5	0.001288402398212381	0.001288402398212381
534	 LLH-0	0.0012894377516925234	0.0012894377516925234
535	 LLH-1	0.0012896800652549222	0.0012896800652549222
536	 LLH-3	0.0013413634180946953	0.0013413634180946953
537	 LLH-3	0.0012822445226442606	0.0012822445226442606
538	 LLH-4	0.0012810516719836081	0.0012810516719836081
542	 LLH-6	0.0012811049722148003	0.0012811049722148003
543	 LLH-0	0.001282358288967401	0.001282358288967401
544	 LLH-4	0.0012813567741339264	0.0012813567741339264
548	 LLH-5	0.0012780207748656438	0.0012780207748656438
549	 LLH-5	0.001278272502687821	0.001278272502687821
550	 LLH-6	0.0012796608283219544	0.0012796608283219544
551	 LLH-3	0.0013538186139636246	0.0012796608283219544
552	 LLH-6	0.0012789223271711112	0.0012789223271711112
553	 LLH-3	0.0012556164585192583	0.0012556164585192583
554	 LLH-3	0.001259952908384012	0.001259952908384012
555	 LLH-1	0.001259952908384012	0.001259952908384012
556	 LLH-1	0.001259952908384012	0.001259952908384012
557	 LLH-0	0.001260477895456335	0.001260477895456335
558	 LLH-6	0.001260533361374053	0.001260533361374053
559	 LLH-0	0.0012444830727242654	0.0012444830727242654
560	 LLH-0	0.0012450462540846618	0.0012450462540846618
561	 LLH-2	0.0012511784291642817	0.0012511784291642817
562	 LLH-3	0.0012964287542485938	0.0012964287542485938
563	 LLH-2	0.0013052968764208637	0.0013052968764208637
564	 LLH-0	0.0013038028811991668	0.0013038028811991668
565	 LLH-5	0.001305315825868322	0.001305315825868322
566	 LLH-1	0.0013051665907443024	0.0013051665907443024
567	 LLH-2	0.0013087955717656476	0.0013087955717656476
568	 LLH-3	0.0012762300848138067	0.0012762300848138067
569	 LLH-0	0.0012771855028657875	0.0012771855028657875
570	 LLH-5	0.0012773479957098616	0.0012773479957098616
571	 LLH-2	0.0012723255460988696	0.0012723255460988696
572	 LLH-5	0.0012722227275543986	0.0012722227275543986
573	 LLH-3	0.0012508203596288089	0.0012508203596288089
574	 LLH-5	0.0012510657369456336	0.0012510657369456336
575	 LLH-5	0.0012515598820469574	0.0012515598820469574
576	 LLH-5	0.0012520952902344876	0.0012520952902344876
577	 LLH-2	0.0012719499525951211	0.0012520952902344876
578	 LLH-5	0.001250888810027229	0.001250888810027229
579	 LLH-6	0.0012507189598691601	0.0012507189598691601
580	 LLH-5	0.0012504401938416782	0.0012504401938416782
581	 LLH-1	0.001250552475811816	0.001250552475811816
582	 LLH-4	0.001249782618289378	0.001249782618289378
586	 LLH-0	0.0012503052035961059	0.0012503052035961059
587	 LLH-6	0.0012513315537341111	0.0012513315537341111
588	 LLH-3	0.0013100056351806814	0.0012513315537341111
589	 LLH-1	0.0012513315537341111	0.0012513315537341111
590	 LLH-1	0.0012513315537341111	0.0012513315537341111
591	 LLH-6	0.001250494243772374	0.001250494243772374
592	 LLH-6	0.0012501480468040122	0.0012501480468040122
593	 LLH-1	0.0012503867763079858	0.0012503867763079858
594	 LLH-5	0.0012501535114487579	0.0012501535114487579
595	 LLH-3	0.001245508288296195	0.001245508288296195
596	 LLH-6	0.0012458768996963343	0.0012458768996963343
597	 LLH-1	0.0012458768996963343	0.0012458768996963343
598	 LLH-4	0.0012458768996963343	0.0012458768996963343
603	 LLH-5	0.0012461868827525861	0.0012461868827525861
604	 LLH-0	0.0012471233286724098	0.0012471233286724098
605	 LLH-6	0.0012470393878525228	0.0012470393878525228
606	 LLH-1	0.0012470393878525228	0.0012470393878525228
607	 LLH-3	0.0012809940683710316	0.0012809940683710316
608	 LLH-5	0.0012797973260854664	0.0012797973260854664
609	 LLH-2	0.001288861374038715	0.001288861374038715
610	 LLH-2	0.0012901092466545481	0.0012901092466545481
611	 LLH-4	0.001288951479167592	0.001288951479167592
614	 LLH-4	0.0012876638253628064	0.0012876638253628064
618	 LLH-0	0.0012862434181559336	0.0012862434181559336
619	 LLH-4	0.001285222489564271	0.001285222489564271
622	 LLH-6	0.0012851502230201077	0.0012851502230201077
623	 LLH-2	0.0012899977003915715	0.0012899977003915715
624	 LLH-1	0.0012894375617781351	0.0012894375617781351
625	 LLH-1	0.001289614142782515	0.001289614142782515
626	 LLH-1	0.0012895456431097692	0.0012895456431097692
627	 LLH-5	0.0012922930767823788	0.0012922930767823788
628	 LLH-1	0.0012922930767823788	0.0012922930767823788
629	 LLH-4	0.0012909352772784227	0.0012909352772784227
631	 LLH-0	0.0012895070068125027	0.0012895070068125027
632	 LLH-2	0.0013004627033221172	0.0013004627033221172
633	 LLH-5	0.0013009469515616176	0.0013009469515616176
634	 LLH-3	0.001274551549923131	0.001274551549923131
635	 LLH-5	0.0012742635273981094	0.0012742635273981094
636	 LLH-0	0.0012751647641014445	0.0012751647641014445
637	 LLH-5	0.0012743890544194229	0.0012743890544194229
638	 LLH-3	0.0013356640421622204	0.0012743890544194229
639	 LLH-6	0.0012745742493506824	0.0012745742493506824
640	 LLH-6	0.0012752957266772683	0.0012752957266772683
641	 LLH-2	0.0012706551801560302	0.0012706551801560302
642	 LLH-5	0.0012709116394712609	0.0012709116394712609
643	 LLH-2	0.0012852648132409413	0.0012709116394712609
644	 LLH-3	0.0013422398515927643	0.0012709116394712609
645	 LLH-5	0.0012706558025670652	0.0012706558025670652
646	 LLH-2	0.0012909317740234637	0.0012909317740234637
647	 LLH-5	0.0012912298488167188	0.0012912298488167188
648	 LLH-0	0.0012902129112292852	0.0012902129112292852
649	 LLH-2	0.0012854416861754715	0.0012854416861754715
650	 LLH-2	0.0012887929923289321	0.0012887929923289321
651	 LLH-1	0.0012885676499020476	0.0012885676499020476
652	 LLH-1	0.0012881984948337492	0.0012881984948337492
653	 LLH-5	0.0012874486326813496	0.0012874486326813496
654	 LLH-2	0.0012935189129137385	0.0012935189129137385
655	 LLH-0	0.0012951687331139634	0.0012951687331139634
656	 LLH-3	0.0012615215859773557	0.0012615215859773557
657	 LLH-2	0.0012734210836335149	0.0012615215859773557
658	 LLH-6	0.001262724686160676	0.001262724686160676
659	 LLH-2	0.0012781939745240747	0.0012781939745240747
660	 LLH-0	0.0012772015057289248	0.0012772015057289248
661	 LLH-5	0.0012755043465291207	0.0012755043465291207
662	 LLH-1	0.0012755043465291207	0.0012755043465291207
663	 LLH-0	0.0012743574688523721	0.0012743574688523721
664	 LLH-3	0.0013249811093280631	0.0012743574688523721
665	 LLH-0	0.0012751622457629753	0.0012751622457629753
666	 LLH-1	0.0012751622457629753	0.0012751622457629753
667	 LLH-0	0.0012761197144353356	0.0012761197144353356
668	 LLH-6	0.001275742422759169	0.001275742422759169
669	 LLH-5	0.0012756704563856923	0.0012756704563856923
670	 LLH-2	0.001287850023109171	0.001287850023109171
671	 LLH-0	0.001286719409349061	0.001286719409349061
672	 LLH-3	0.0013676552029080185	0.001286719409349061
673	 LLH-4	0.001286719409349061	0.001286719409349061
678	 LLH-1	0.0012869173990456824	0.0012869173990456824
679	 LLH-4	0.0012857640771340344	0.0012857640771340344
681	 LLH-0	0.0012847276886108275	0.0012847276886108275
682	 LLH-2	0.001300109434686093	0.001300109434686093
683	 LLH-0	0.0012985841320152377	0.0012985841320152377
684	 LLH-5	0.001298779959970587	0.001298779959970587
685	 LLH-5	0.0012974926896547618	0.0012974926896547618
686	 LLH-4	0.0012960033693392662	0.0012960033693392662
689	 LLH-0	0.0012947961383956263	0.0012947961383956263
690	 LLH-0	0.0012934485666674421	0.0012934485666674421
691	 LLH-6	0.0012932121649946026	0.0012932121649946026
692	 LLH-5	0.001294235649837421	0.001294235649837421
693	 LLH-5	0.0012954357300127858	0.0012954357300127858
694	 LLH-2	0.0012861400904060716	0.0012861400904060716
695	 LLH-5	0.0012843911604659285	0.0012843911604659285
696	 LLH-1	0.0012842612507878715	0.0012842612507878715
697	 LLH-3	0.0012653959653152226	0.0012653959653152226
698	 LLH-1	0.0012653959653152226	0.0012653959653152226
699	 LLH-6	0.0012674028806590873	0.0012674028806590873
700	 LLH-3	0.001250934073493415	0.001250934073493415
701	 LLH-2	0.0012563243371220456	0.0012563243371220456
702	 LLH-2	0.0012618157259397516	0.0012618157259397516
703	 LLH-0	0.0012624774208148807	0.0012624774208148807
704	 LLH-4	0.0012615727131039477	0.0012615727131039477
707	 LLH-0	0.0012625560203528348	0.0012625560203528348
708	 LLH-5	0.0012628233321647306	0.0012628233321647306
709	 LLH-5	0.0012625348402374452	0.0012625348402374452
710	 LLH-0	0.0012617317756064652	0.0012617317756064652
711	 LLH-3	0.0013259625620846024	0.0012617317756064652
712	 LLH-0	0.0012607445639205377	0.0012607445639205377
713	 LLH-4	0.0012597774052447671	0.0012597774052447671
715	 LLH-1	0.0012597774052447671	0.0012597774052447671
716	 LLH-3	0.0012609451034906905	0.0012609451034906905
717	 LLH-3	0.0012525599872280386	0.0012525599872280386
718	 LLH-6	0.0012540740558714025	0.0012540740558714025
719	 LLH-6	0.001253372853904402	0.001253372853904402
720	 LLH-1	0.0012533728232686904	0.0012533728232686904
721	 LLH-1	0.0012533728232686904	0.0012533728232686904
722	 LLH-3	0.0012529309567518535	0.0012529309567518535
723	 LLH-2	0.0012548332306956676	0.0012548332306956676
724	 LLH-6	0.0012546156891925589	0.0012546156891925589
725	 LLH-0	0.001255246545685421	0.001255246545685421
726	 LLH-6	0.0012553587619282026	0.0012553587619282026
727	 LLH-0	0.0012559002261812555	0.0012559002261812555
728	 LLH-2	0.0012562538105206228	0.0012562538105206228
729	 LLH-4	0.0012562538105206228	0.0012562538105206228
734	 LLH-1	0.001256265112848875	0.001256265112848875
735	 LLH-6	0.001254849761144367	0.001254849761144367
736	 LLH-3	0.0012521394856129305	0.0012521394856129305
737	 LLH-4	0.0012521394856129305	0.0012521394856129305
742	 LLH-4	0.0012512447452135516	0.0012512447452135516
744	 LLH-4	0.0012512447452135516	0.0012512447452135516
749	 LLH-4	0.0012512447452135516	0.0012512447452135516
754	 LLH-5	0.0012521479697549642	0.0012521479697549642
755	 LLH-6	0.0012519648055436192	0.0012519648055436192
756	 LLH-1	0.0012519315925651293	0.0012519315925651293
757	 LLH-0	0.0012513199198222313	0.0012513199198222313
758	 LLH-2	0.001261690701925831	0.001261690701925831
759	 LLH-5	0.0012613651093301187	0.0012613651093301187
760	 LLH-3	0.001317424454140807	0.001317424454140807
761	 LLH-5	0.0013185758586249082	0.0013185758586249082
762	 LLH-3	0.0012659548321882655	0.0012659548321882655
763	 LLH-2	0.0012750511669885334	0.0012750511669885334
764	 LLH-3	0.0012542101248231264	0.0012542101248231264
765	 LLH-6	0.0012538394201295864	0.0012538394201295864
766	 LLH-3	0.0012597723184721863	0.0012597723184721863
767	 LLH-4	0.0012439464070176807	0.0012439464070176807
769	 LLH-1	0.0012439464070176807	0.0012439464070176807
770	 LLH-1	0.0012439464070176807	0.0012439464070176807
771	 LLH-0	0.0012445017558794695	0.0012445017558794695
772	 LLH-4	0.0012438527782185158	0.0012438527782185158
774	 LLH-0	0.0012447188663128619	0.0012447188663128619
775	 LLH-0	0.0012455165593496741	0.0012455165593496741
776	 LLH-0	0.0012460655094558787	0.0012460655094558787
777	 LLH-0	0.0012454377990738644	0.0012454377990738644
778	 LLH-5	0.0012461828059111726	0.0012461828059111726
779	 LLH-6	0.001246526877633687	0.001246526877633687
780	 LLH-5	0.0012462317726765974	0.0012462317726765974
781	 LLH-4	0.0012455252461637991	0.0012455252461637991
785	 LLH-1	0.0012455252461637991	0.0012455252461637991
786	 LLH-4	0.0012455252461637991	0.0012455252461637991
791	 LLH-5	0.0012463149970006382	0.0012463149970006382
792	 LLH-5	0.0012460332140066756	0.0012460332140066756
793	 LLH-6	0.0012459996509567824	0.0012459996509567824
794	 LLH-5	0.0012460603559871007	0.0012460603559871007
795	 LLH-0	0.001246618514722068	0.001246618514722068
796	 LLH-6	0.0012458626819986528	0.0012458626819986528
797	 LLH-0	0.0012450957510323328	0.0012450957510323328
798	 LLH-4	0.001244380464164714	0.001244380464164714
801	 LLH-5	0.0012442208080286593	0.0012442208080286593
802	 LLH-4	0.0012442208080286593	0.0012442208080286593
807	 LLH-5	0.0012442955312264021	0.0012442955312264021
808	 LLH-5	0.0012451360730538193	0.0012451360730538193
809	 LLH-4	0.0012451360730538193	0.0012451360730538193
814	 LLH-1	0.0012451360730538193	0.0012451360730538193
815	 LLH-4	0.0012451360730538193	0.0012451360730538193
820	 LLH-2	0.0012628713429393584	0.0012628713429393584
821	 LLH-3	0.0013139380204155876	0.0012628713429393584
822	 LLH-1	0.0012628104345587753	0.0012628104345587753
823	 LLH-6	0.0012625514170311455	0.0012625514170311455
824	 LLH-4	0.0012618069274712264	0.0012618069274712264
827	 LLH-4	0.0012618069274712264	0.0012618069274712264
832	 LLH-1	0.0012618069274712264	0.0012618069274712264
833	 LLH-2	0.0012698847785128512	0.0012698847785128512
834	 LLH-2	0.0012682265519630784	0.0012682265519630784
835	 LLH-5	0.0012685509679412272	0.0012685509679412272
836	 LLH-1	0.0012681812416801233	0.0012681812416801233
837	 LLH-3	0.0012527421977623224	0.0012527421977623224
838	 LLH-3	0.0012436923788584353	0.0012436923788584353
839	 LLH-0	0.0012441115774762242	0.0012441115774762242
840	 LLH-4	0.0012435294820674968	0.0012435294820674968
842	 LLH-6	0.0012429927968562455	0.0012429927968562455
843	 LLH-2	0.001259263403341959	0.001259263403341959
844	 LLH-5	0.001259861623497372	0.001259861623497372
845	 LLH-0	0.001260568294016379	0.001260568294016379
846	 LLH-1	0.001260568294016379	0.001260568294016379
847	 LLH-4	0.0012599699583365433	0.0012599699583365433
852	 LLH-6	0.0012595547700958935	0.0012595547700958935
853	 LLH-3	0.001306752327165336	0.001306752327165336
854	 LLH-3	0.0014380600998364192	0.001306752327165336
855	 LLH-0	0.0013051980951979917	0.0013051980951979917
856	 LLH-3	0.0012719619483208724	0.0012719619483208724
857	 LLH-6	0.001270473051001301	0.001270473051001301
858	 LLH-3	0.0012579578859417408	0.0012579578859417408
859	 LLH-0	0.0012584964550013975	0.0012584964550013975
860	 LLH-6	0.0012576283430391284	0.0012576283430391284
861	 LLH-3	0.0012449339802098642	0.0012449339802098642
862	 LLH-1	0.0012449339802098642	0.0012449339802098642
863	 LLH-2	0.0012501796365908735	0.0012501796365908735
864	 LLH-4	0.0012501796365908735	0.0012501796365908735
869	 LLH-2	0.001263834907243624	0.0012501796365908735
870	 LLH-5	0.0012492378264477972	0.0012492378264477972
871	 LLH-4	0.0012492378264477972	0.0012492378264477972
876	 LLH-1	0.0012492378264477972	0.0012492378264477972
877	 LLH-1	0.0012492378264477972	0.0012492378264477972
878	 LLH-3	0.0012855831145347357	0.0012492378264477972
879	 LLH-5	0.0012493191528643213	0.0012493191528643213
880	 LLH-2	0.0012592129891982728	0.0012592129891982728
881	 LLH-3	0.001306692100167683	0.0012592129891982728
882	 LLH-3	0.0013150848079549597	0.0012592129891982728
883	 LLH-0	0.0012599888484254576	0.0012599888484254576
884	 LLH-0	0.0012608706223135994	0.0012608706223135994
885	 LLH-4	0.0012599344792290873	0.0012599344792290873
889	 LLH-3	0.0013005400830361554	0.0012599344792290873
890	 LLH-2	0.0012532700042526155	0.0012532700042526155
891	 LLH-4	0.0012532700042526155	0.0012532700042526155
896	 LLH-0	0.001271295304115942	0.001271295304115942
897	 LLH-4	0.0012704285645144633	0.0012704285645144633
899	 LLH-1	0.0012704285645144633	0.0012704285645144633
900	 LLH-0	0.0012711716654177979	0.0012711716654177979
901	 LLH-0	0.001270111371436725	0.001270111371436725
902	 LLH-4	0.0012692679675597094	0.0012692679675597094
906	 LLH-2	0.0012774398432220577	0.0012774398432220577
907	 LLH-5	0.0012774351458785737	0.0012774351458785737
908	 LLH-0	0.0012784168424194665	0.0012784168424194665
909	 LLH-5	0.001277544270815281	0.001277544270815281
910	 LLH-6	0.0012783693183615395	0.0012783693183615395
911	 LLH-6	0.001277849317849774	0.001277849317849774
912	 LLH-6	0.0012793194093990625	0.001277849317849774
913	 LLH-3	0.0012600012507971504	0.0012600012507971504
914	 LLH-1	0.0012600012507971504	0.0012600012507971504
915	 LLH-4	0.0012600012507971504	0.0012600012507971504
920	 LLH-6	0.001259668532573665	0.001259668532573665
921	 LLH-6	0.0012633701550869784	0.001259668532573665
922	 LLH-3	0.0013060105554423788	0.001259668532573665
923	 LLH-0	0.0012605817274084303	0.0012605817274084303
924	 LLH-6	0.0012614015867146607	0.0012614015867146607
925	 LLH-6	0.0012619559950783846	0.0012619559950783846
926	 LLH-0	0.0012610451934768423	0.0012610451934768423
927	 LLH-4	0.0012602430295891244	0.0012602430295891244
932	 LLH-0	0.0012608568103805956	0.0012608568103805956
933	 LLH-2	0.0012654874441676413	0.0012654874441676413
934	 LLH-6	0.0012666316628031126	0.0012666316628031126
935	 LLH-4	0.0012659046256937488	0.0012659046256937488
937	 LLH-0	0.0012667566307481995	0.0012667566307481995
938	 LLH-0	0.001267521394538152	0.001267521394538152
939	 LLH-0	0.0012682233727786775	0.0012682233727786775
940	 LLH-2	0.0012680075492828352	0.0012680075492828352
941	 LLH-1	0.0012683143587375208	0.0012683143587375208
942	 LLH-0	0.0012693881700293012	0.0012693881700293012
943	 LLH-2	0.0012698052110558624	0.0012698052110558624
944	 LLH-1	0.0012697514226716342	0.0012697514226716342
945	 LLH-5	0.0012696288169564268	0.0012696288169564268
946	 LLH-1	0.0012696288169564268	0.0012696288169564268
947	 LLH-4	0.0012685940198483635	0.0012685940198483635
950	 LLH-2	0.0012725575265037693	0.0012725575265037693
951	 LLH-3	0.001370068856981201	0.0012725575265037693
952	 LLH-5	0.0012734718682587724	0.0012734718682587724
953	 LLH-3	0.0013297572330461885	0.0012734718682587724
954	 LLH-4	0.0012720095047751014	0.0012720095047751014
956	 LLH-4	0.001270949479500007	0.001270949479500007
959	 LLH-5	0.001272591687235819	0.001272591687235819
960	 LLH-3	0.0012677157287450417	0.0012677157287450417
961	 LLH-5	0.001269000332635527	0.0012677157287450417
962	 LLH-0	0.001268548892392471	0.001268548892392471
963	 LLH-2	0.0012773401797242833	0.001268548892392471
964	 LLH-4	0.001267191347922027	0.001267191347922027
966	 LLH-1	0.001267191347922027	0.001267191347922027
967	 LLH-0	0.001268590413599104	0.001268590413599104
968	 LLH-6	0.001269058514806822	0.001268590413599104
969	 LLH-5	0.0012680968993908945	0.0012680968993908945
970	 LLH-1	0.001267993381275707	0.001267993381275707
971	 LLH-6	0.0012670431846448517	0.0012670431846448517
972	 LLH-2	0.0012683367512915447	0.0012683367512915447
973	 LLH-2	0.001259567401205786	0.001259567401205786
974	 LLH-0	0.0012602728942589041	0.0012602728942589041
975	 LLH-3	0.0012549823928693672	0.0012549823928693672
976	 LLH-6	0.001255031863754805	0.001255031863754805
977	 LLH-4	0.001255031863754805	0.001255031863754805
982	 LLH-3	0.0012536092397240897	0.0012536092397240897
983	 LLH-4	0.0012536092397240897	0.0012536092397240897
988	 LLH-4	0.0012527199978889325	0.0012527199978889325
991	 LLH-6	0.0012529346570078507	0.0012529346570078507
992	 LLH-1	0.0012529346570078507	0.0012529346570078507
993	 LLH-5	0.0012534324329538072	0.0012534324329538072
994	 LLH-3	0.001249837945894096	0.001249837945894096
995	 LLH-4	0.0012492822185281493	0.0012492822185281493
999	 LLH-0	0.001249988784613713	0.001249988784613713
1000	 LLH-4	0.001249988784613713	0.001249988784613713
1005	 LLH-0	0.0012504691647293076	0.0012504691647293076
1006	 LLH-3	0.0012535870727850627	0.0012535870727850627
1007	 LLH-5	0.00125388487159926	0.00125388487159926
1008	 LLH-4	0.0012534164564906	0.0012534164564906
1010	 LLH-3	0.0012431155096834204	0.0012431155096834204
1011	 LLH-4	0.0012431155096834204	0.0012431155096834204
1016	 LLH-5	0.0012428573234526115	0.0012428573234526115
1017	 LLH-2	0.0012564217635060559	0.0012564217635060559
1018	 LLH-0	0.0012558290440326388	0.0012558290440326388
1019	 LLH-5	0.0012563730498552947	0.0012563730498552947
1020	 LLH-3	0.0012831109166363478	0.0012563730498552947
1021	 LLH-0	0.0012570076611634297	0.0012570076611634297
1022	 LLH-3	0.001296542080351168	0.0012570076611634297
1023	 LLH-6	0.0012568770089000764	0.0012568770089000764
1024	 LLH-3	0.0012573884685922938	0.0012573884685922938
1025	 LLH-0	0.00125822032881998	0.00125822032881998
1026	 LLH-4	0.00125822032881998	0.00125822032881998
1031	 LLH-2	0.001252906700618728	0.001252906700618728
1032	 LLH-1	0.001252906700618728	0.001252906700618728
1033	 LLH-6	0.0012522757276193527	0.0012522757276193527
1034	 LLH-4	0.0012522757276193527	0.0012522757276193527
1039	 LLH-6	0.001252848526996965	0.0012522757276193527
1040	 LLH-6	0.0012519211328731814	0.0012519211328731814
1041	 LLH-2	0.0012631433803164845	0.0012519211328731814
1042	 LLH-4	0.001251399203818919	0.001251399203818919
1047	 LLH-4	0.001251399203818919	0.001251399203818919
1052	 LLH-4	0.001251399203818919	0.001251399203818919
1057	 LLH-5	0.0012520693767299387	0.0012520693767299387
1058	 LLH-3	0.0012479629058723366	0.0012479629058723366
1059	 LLH-1	0.0012479629058723366	0.0012479629058723366
1060	 LLH-5	0.0012479629058723366	0.0012479629058723366
1061	 LLH-2	0.0012598329523527054	0.0012479629058723366
1062	 LLH-6	0.0012481304759458106	0.0012481304759458106
1063	 LLH-5	0.001248486898375843	0.001248486898375843
1064	 LLH-1	0.001248486898375843	0.001248486898375843
1065	 LLH-5	0.001248635813571354	0.001248635813571354
1066	 LLH-4	0.001248635813571354	0.001248635813571354
1071	 LLH-6	0.0012476187002681718	0.0012476187002681718
1072	 LLH-1	0.0012476142696026757	0.0012476142696026757
1073	 LLH-1	0.0012476142696026757	0.0012476142696026757
1074	 LLH-2	0.0012528148786984258	0.0012476142696026757
1075	 LLH-6	0.0012474373633655947	0.0012474373633655947
1076	 LLH-2	0.001246252693182944	0.001246252693182944
1077	 LLH-2	0.001256152208755546	0.001256152208755546
1078	 LLH-3	0.0013141961394922104	0.001256152208755546
1079	 LLH-6	0.0012566860767750606	0.0012566860767750606
1080	 LLH-4	0.001255979358411608	0.001255979358411608
1084	 LLH-3	0.0013194762503007252	0.001255979358411608
1085	 LLH-3	0.0012536688045902012	0.0012536688045902012
1086	 LLH-4	0.001253032191778062	0.001253032191778062
1090	 LLH-1	0.001253032191778062	0.001253032191778062
1091	 LLH-3	0.0012542325449167815	0.0012542325449167815
1092	 LLH-1	0.0012542325449167815	0.0012542325449167815
1093	 LLH-5	0.0012542325449167815	0.0012542325449167815
1094	 LLH-1	0.0012542325449167815	0.0012542325449167815
1095	 LLH-0	0.0012551988482524452	0.0012551988482524452
1096	 LLH-4	0.0012551988482524452	0.0012551988482524452
1101	 LLH-0	0.0012557880227298483	0.0012557880227298483
1102	 LLH-2	0.001250623051366691	0.001250623051366691
1103	 LLH-0	0.0012512658542065094	0.0012512658542065094
1104	 LLH-1	0.0012512658542065094	0.0012512658542065094
1105	 LLH-3	0.0012921212690306138	0.0012512658542065094
1106	 LLH-2	0.001256380742706783	0.0012512658542065094
1107	 LLH-0	0.0012520653452905185	0.0012520653452905185
1108	 LLH-2	0.0012623572779986566	0.0012520653452905185
1109	 LLH-6	0.0012516856048160098	0.0012516856048160098
1110	 LLH-5	0.0012522928135678345	0.0012522928135678345
1111	 LLH-5	0.0012525936581813113	0.0012525936581813113
1112	 LLH-2	0.0012492456173099152	0.0012492456173099152
1113	 LLH-2	0.0012599104661663112	0.0012492456173099152
1114	 LLH-3	0.0012978650745401128	0.0012492456173099152
1115	 LLH-6	0.0012494586152978224	0.0012494586152978224
1116	 LLH-6	0.0012495121971103187	0.0012495121971103187
1117	 LLH-3	0.0012499408034878433	0.0012499408034878433
1118	 LLH-0	0.0012507370496799997	0.0012507370496799997
1119	 LLH-1	0.0012507370496799997	0.0012507370496799997
1120	 LLH-1	0.0012507370496799997	0.0012507370496799997
1121	 LLH-5	0.0012507831531358695	0.0012507831531358695
1122	 LLH-4	0.001250311486701394	0.001250311486701394
1127	 LLH-6	0.0012504705681413214	0.0012504705681413214
1128	 LLH-1	0.0012505246736449198	0.0012505246736449198
1129	 LLH-6	0.0012513639563374967	0.0012513639563374967
1130	 LLH-3	0.0012461916280329778	0.0012461916280329778
1131	 LLH-1	0.0012460606876937394	0.0012460606876937394
1132	 LLH-3	0.0012470933964659125	0.0012470933964659125
1133	 LLH-1	0.0012470187905625103	0.0012470187905625103
1134	 LLH-0	0.001247553516538293	0.001247553516538293
1135	 LLH-1	0.001247553516538293	0.001247553516538293
1136	 LLH-4	0.001247553516538293	0.001247553516538293
1141	 LLH-2	0.0012558005292774702	0.001247553516538293
1142	 LLH-4	0.001247163551943157	0.001247163551943157
1146	 LLH-6	0.0012469027480856904	0.0012469027480856904
1147	 LLH-5	0.0012463739325653798	0.0012463739325653798
1148	 LLH-5	0.001246229789586282	0.001246229789586282
1149	 LLH-2	0.0012533556120054449	0.0012533556120054449
1150	 LLH-6	0.0012533700720645303	0.0012533700720645303
1151	 LLH-3	0.0012552788404797432	0.0012552788404797432
1152	 LLH-3	0.0012480847272584846	0.0012480847272584846
1153	 LLH-1	0.0012481204682290312	0.0012481204682290312
1154	 LLH-4	0.0012481204682290312	0.0012481204682290312
1159	 LLH-0	0.0012488793726634793	0.0012488793726634793
1160	 LLH-5	0.0012486266807452064	0.0012486266807452064
1161	 LLH-2	0.0012470312858646488	0.0012470312858646488
1162	 LLH-4	0.0012470312858646488	0.0012470312858646488
1167	 LLH-0	0.0012476766174050716	0.0012476766174050716
1168	 LLH-4	0.0012476766174050716	0.0012476766174050716
1173	 LLH-4	0.0012470712592365547	0.0012470712592365547
1175	 LLH-2	0.0012638524035896782	0.0012470712592365547
1176	 LLH-4	0.0012470712592365547	0.0012470712592365547
1181	 LLH-3	0.0012760752696923555	0.0012470712592365547
1182	 LLH-1	0.0012470712592365547	0.0012470712592365547
1183	 LLH-3	0.0012560553635673618	0.0012560553635673618
1184	 LLH-5	0.0012559836928258848	0.0012559836928258848
1185	 LLH-2	0.0012551667629001988	0.0012551667629001988
1186	 LLH-3	0.0012535582253155335	0.0012535582253155335
1187	 LLH-0	0.001254330598967219	0.001254330598967219
1188	 LLH-1	0.0012542881146606825	0.0012542881146606825
1189	 LLH-3	0.0012899021498530405	0.0012542881146606825
1190	 LLH-0	0.001254742694959233	0.001254742694959233
1191	 LLH-6	0.0012549870216421604	0.0012549870216421604
1192	 LLH-3	0.0012452947041182967	0.0012452947041182967
1193	 LLH-4	0.0012452947041182967	0.0012452947041182967
1198	 LLH-6	0.0012452962072604886	0.0012452962072604886
1199	 LLH-3	0.0012859054642646623	0.0012452962072604886
1200	 LLH-4	0.0012446291693785656	0.0012446291693785656
1203	 LLH-5	0.0012444931007842474	0.0012444931007842474
1204	 LLH-1	0.0012444931007842474	0.0012444931007842474
1205	 LLH-4	0.0012440785270646417	0.0012440785270646417
1210	 LLH-4	0.0012440785270646417	0.0012440785270646417
1215	 LLH-5	0.0012442653009500685	0.0012442653009500685
1216	 LLH-3	0.0012495667007252466	0.0012442653009500685
1217	 LLH-5	0.0012442711750919608	0.0012442711750919608
1218	 LLH-4	0.0012442711750919608	0.0012442711750919608
1223	 LLH-0	0.0012447318506989585	0.0012442711750919608
1224	 LLH-2	0.0012464732692195261	0.0012464732692195261
1225	 LLH-2	0.0012607265524806868	0.0012464732692195261
1226	 LLH-2	0.0012564872047159175	0.0012464732692195261
1227	 LLH-1	0.0012461862181523326	0.0012461862181523326
1228	 LLH-0	0.001246743135089167	0.001246743135089167
1229	 LLH-2	0.0012627722897453836	0.001246743135089167
1230	 LLH-2	0.0012457056139223437	0.0012457056139223437
1231	 LLH-1	0.0012457056139223437	0.0012457056139223437
1232	 LLH-5	0.001245778211668583	0.001245778211668583
1233	 LLH-3	0.0012507040008447293	0.001245778211668583
1234	 LLH-2	0.0012500650201986083	0.001245778211668583
1235	 LLH-2	0.0012605370182217797	0.001245778211668583
1236	 LLH-1	0.001245778211668583	0.001245778211668583
1237	 LLH-1	0.0012456548609551565	0.0012456548609551565
1238	 LLH-4	0.0012452068755187157	0.0012452068755187157
1241	 LLH-5	0.0012456645479429192	0.0012456645479429192
1242	 LLH-6	0.0012461329992494224	0.0012461329992494224
1243	 LLH-5	0.0012462686761545898	0.0012462686761545898
1244	 LLH-0	0.0012468271146336678	0.0012468271146336678
1245	 LLH-1	0.0012468271146336678	0.0012468271146336678
1246	 LLH-3	0.0012590578721715278	0.0012590578721715278
1247	 LLH-2	0.0012525498579586878	0.0012525498579586878
1248	 LLH-5	0.0012520676518530574	0.0012520676518530574
1249	 LLH-6	0.00125242287044801	0.00125242287044801
1250	 LLH-6	0.0012526429304324333	0.0012526429304324333
1251	 LLH-5	0.0012525928261328408	0.0012525928261328408
1252	 LLH-3	0.001288655919286645	0.0012525928261328408
1253	 LLH-2	0.0012630223021551062	0.0012525928261328408
1254	 LLH-2	0.0012585325788623909	0.0012585325788623909
1255	 LLH-5	0.0012592545321702228	0.0012592545321702228
1256	 LLH-2	0.0012808299367574323	0.0012592545321702228
1257	 LLH-1	0.0012592545321702228	0.0012592545321702228
1258	 LLH-3	0.0012578938020471153	0.0012578938020471153
1259	 LLH-0	0.0012586003341941456	0.0012586003341941456
1260	 LLH-6	0.001259506701578628	0.0012586003341941456
1261	 LLH-5	0.0012587072729119263	0.0012587072729119263
1262	 LLH-1	0.001258481348470032	0.001258481348470032
1263	 LLH-0	0.0012589459970384473	0.0012589459970384473
1264	 LLH-4	0.0012589459970384473	0.0012589459970384473
1269	 LLH-5	0.0012596547331830278	0.0012596547331830278
1270	 LLH-5	0.0012593771844919297	0.0012593771844919297
1271	 LLH-2	0.0012515886235626003	0.0012515886235626003
1272	 LLH-4	0.0012515886235626003	0.0012515886235626003
1277	 LLH-5	0.0012510838151174157	0.0012510838151174157
1278	 LLH-6	0.001253002053561764	0.001253002053561764
1279	 LLH-5	0.0012523228342358889	0.0012523228342358889
1280	 LLH-5	0.0012508606687960417	0.0012508606687960417
1281	 LLH-5	0.001250220604197294	0.001250220604197294
1282	 LLH-5	0.001250218437449104	0.001250218437449104
1283	 LLH-4	0.001250218437449104	0.001250218437449104
1288	 LLH-0	0.0012674072155857065	0.001250218437449104
1289	 LLH-4	0.001250218437449104	0.001250218437449104
1294	 LLH-4	0.001250218437449104	0.001250218437449104
1299	 LLH-1	0.001250218437449104	0.001250218437449104
1300	 LLH-3	0.0012893907099615414	0.001250218437449104
1301	 LLH-4	0.001250218437449104	0.001250218437449104
1306	 LLH-3	0.001258911058209025	0.001250218437449104
1307	 LLH-0	0.001250854966223722	0.001250854966223722
1308	 LLH-5	0.0012507415215212419	0.0012507415215212419
1309	 LLH-2	0.0012654655118618553	0.0012507415215212419
1310	 LLH-6	0.0012509788564920815	0.0012509788564920815
1311	 LLH-4	0.0012503534907265968	0.0012503534907265968
1314	 LLH-5	0.00125089774646522	0.00125089774646522
1315	 LLH-1	0.0012508232155394041	0.0012508232155394041
1316	 LLH-6	0.0012502753073407311	0.0012502753073407311
1317	 LLH-1	0.0012502753073407311	0.0012502753073407311
1318	 LLH-5	0.001249431619249724	0.001249431619249724
1319	 LLH-6	0.0012500520288561152	0.001249431619249724
1320	 LLH-1	0.001249431619249724	0.001249431619249724
1321	 LLH-2	0.0012705174895712868	0.001249431619249724
1322	 LLH-4	0.001249431619249724	0.001249431619249724
1327	 LLH-2	0.0012705000585734741	0.001249431619249724
1328	 LLH-5	0.0012491766601398268	0.0012491766601398268
1329	 LLH-1	0.0012491766601398268	0.0012491766601398268
1330	 LLH-6	0.001248683763985608	0.001248683763985608
1331	 LLH-3	0.0013066485254491149	0.001248683763985608
1332	 LLH-4	0.001248683763985608	0.001248683763985608
1337	 LLH-4	0.001248683763985608	0.001248683763985608
1342	 LLH-3	0.001251036570136956	0.001248683763985608
1343	 LLH-4	0.001248683763985608	0.001248683763985608
1348	 LLH-2	0.0012613399687672663	0.0012613399687672663
1349	 LLH-5	0.0012613086487710241	0.0012613086487710241
1350	 LLH-2	0.0012714735816829938	0.0012613086487710241
1351	 LLH-4	0.0012603278025094884	0.0012603278025094884
1355	 LLH-2	0.0012621966194405463	0.0012603278025094884
1356	 LLH-3	0.0013098993833234257	0.0012603278025094884
1357	 LLH-5	0.001260157622113684	0.001260157622113684
1358	 LLH-0	0.0012607372553847746	0.0012607372553847746
1359	 LLH-0	0.0012614225577956882	0.0012614225577956882
1360	 LLH-4	0.0012607702850775825	0.0012607702850775825
1363	 LLH-2	0.0012591320618333267	0.0012591320618333267
1364	 LLH-0	0.0012602068502000309	0.0012602068502000309
1365	 LLH-4	0.001259449688330645	0.001259449688330645
1368	 LLH-2	0.001280027759358208	0.001259449688330645
1369	 LLH-2	0.0012815051147608424	0.001259449688330645
1370	 LLH-0	0.0012586568689401296	0.0012586568689401296
1371	 LLH-0	0.001257887558650993	0.001257887558650993
1372	 LLH-5	0.0012571018555078744	0.0012571018555078744
1373	 LLH-5	0.0012572142241228017	0.0012572142241228017
1374	 LLH-1	0.0012572142241228017	0.0012572142241228017
1375	 LLH-1	0.0012572142241228017	0.0012572142241228017
1376	 LLH-0	0.0012580258801875158	0.0012580258801875158
1377	 LLH-0	0.0012590709702250693	0.0012590709702250693
1378	 LLH-0	0.0012599855910807429	0.0012599855910807429
1379	 LLH-4	0.0012589852647523709	0.0012589852647523709
1381	 LLH-6	0.0012607478506035494	0.0012607478506035494
1382	 LLH-0	0.0012616536413303208	0.0012616536413303208
1383	 LLH-2	0.0012733304450112744	0.0012616536413303208
1384	 LLH-4	0.0012607960970557359	0.0012607960970557359
1388	 LLH-1	0.001260914351900686	0.001260914351900686
1389	 LLH-4	0.0012600815182984882	0.0012600815182984882
1391	 LLH-4	0.0012589893364138372	0.0012589893364138372
1396	 LLH-4	0.001257942407625082	0.001257942407625082
1401	 LLH-0	0.0012571244837075537	0.0012571244837075537
1402	 LLH-2	0.0012601684178903002	0.0012571244837075537
1403	 LLH-3	0.0012633044733840909	0.0012571244837075537
1404	 LLH-2	0.001267970755284803	0.0012571244837075537
1405	 LLH-5	0.0012549202868412214	0.0012549202868412214
1406	 LLH-0	0.0012558184009651195	0.0012558184009651195
1407	 LLH-2	0.0012731372587851796	0.0012558184009651195
1408	 LLH-1	0.0012558184009651195	0.0012558184009651195
1409	 LLH-4	0.0012550938004068624	0.0012550938004068624
1412	 LLH-4	0.0012550938004068624	0.0012550938004068624
1417	 LLH-2	0.0012719228454255277	0.0012550938004068624
1418	 LLH-5	0.0012556445098899612	0.0012550938004068624
1419	 LLH-0	0.0012559474658182183	0.0012559474658182183
1420	 LLH-1	0.0012559474658182183	0.0012559474658182183
1421	 LLH-2	0.0012663850115291646	0.0012559474658182183
1422	 LLH-4	0.0012551283839594045	0.0012551283839594045
1424	 LLH-0	0.001254098255933277	0.001254098255933277
1425	 LLH-4	0.0012532755877251453	0.0012532755877251453
1428	 LLH-1	0.0012532610854971754	0.0012532610854971754
1429	 LLH-0	0.0012540173379466625	0.0012540173379466625
1430	 LLH-0	0.001255049831228624	0.001255049831228624
1431	 LLH-1	0.001255049831228624	0.001255049831228624
1432	 LLH-3	0.0012445691427661434	0.0012445691427661434
1433	 LLH-1	0.0012445691427661434	0.0012445691427661434
1434	 LLH-3	0.0012962684975055226	0.0012445691427661434
1435	 LLH-4	0.0012445691427661434	0.0012445691427661434
1440	 LLH-2	0.0012570087790248717	0.0012445691427661434
1441	 LLH-1	0.0012445691427661434	0.0012445691427661434
1442	 LLH-1	0.0012445691427661434	0.0012445691427661434
1443	 LLH-4	0.0012445691427661434	0.0012445691427661434
1448	 LLH-5	0.0012450077015142942	0.0012450077015142942
1449	 LLH-5	0.0012448813359991066	0.0012448813359991066
1450	 LLH-4	0.0012443254130246472	0.0012443254130246472
1453	 LLH-0	0.0012450512009158548	0.0012443254130246472
1454	 LLH-1	0.001244456318334741	0.001244456318334741
1455	 LLH-5	0.0012448035237888093	0.0012448035237888093
1456	 LLH-5	0.0012449089485263682	0.0012449089485263682
1457	 LLH-4	0.0012449089485263682	0.0012449089485263682
1462	 LLH-5	0.0012451601238832608	0.0012451601238832608
1463	 LLH-6	0.001245212489187107	0.001245212489187107
1464	 LLH-4	0.001245212489187107	0.001245212489187107
1469	 LLH-5	0.00124551446807841	0.00124551446807841
1470	 LLH-3	0.0013004098132890782	0.00124551446807841
1471	 LLH-4	0.00124551446807841	0.00124551446807841
1476	 LLH-2	0.0012535217784854415	0.00124551446807841
1477	 LLH-4	0.00124551446807841	0.00124551446807841
1482	 LLH-1	0.001245667516905422	0.001245667516905422
1483	 LLH-4	0.001245667516905422	0.001245667516905422
1488	 LLH-1	0.001245667516905422	0.001245667516905422
1489	 LLH-2	0.0012594713215348572	0.001245667516905422
1490	 LLH-0	0.0012465374834362906	0.0012465374834362906
1491	 LLH-3	0.0012535229964172898	0.0012465374834362906
1492	 LLH-6	0.0012463367403777426	0.0012463367403777426
1493	 LLH-0	0.0012468594637825591	0.0012468594637825591
1494	 LLH-0	0.0012462900008277267	0.0012462900008277267
1495	 LLH-6	0.0012475738811167053	0.0012475738811167053
1496	 LLH-6	0.0012477412386054344	0.0012477412386054344
1497	 LLH-2	0.0012565436591512478	0.0012477412386054344
1498	 LLH-4	0.0012471579857978325	0.0012471579857978325
1503	 LLH-4	0.0012471579857978325	0.0012471579857978325
1508	 LLH-6	0.0012453172766094646	0.0012453172766094646
1509	 LLH-6	0.001245166415516421	0.001245166415516421
1510	 LLH-1	0.001245166415516421	0.001245166415516421
1511	 LLH-4	0.001245166415516421	0.001245166415516421
1516	 LLH-6	0.0012443687508109746	0.0012443687508109746
1517	 LLH-3	0.0012496769502627818	0.0012443687508109746
1518	 LLH-5	0.0012449697090341652	0.0012449697090341652
1519	 LLH-6	0.0012437585808529928	0.0012437585808529928
1520	 LLH-4	0.0012437585808529928	0.0012437585808529928
1525	 LLH-1	0.0012437196966106495	0.0012437196966106495
1526	 LLH-0	0.0012444345001770467	0.0012437196966106495
1527	 LLH-1	0.0012437196966106495	0.0012437196966106495
1528	 LLH-5	0.001243923510552289	0.0012437196966106495
1529	 LLH-0	0.001244253597803795	0.001244253597803795
1530	 LLH-2	0.0012552466631795876	0.001244253597803795
1531	 LLH-4	0.001243589116739956	0.001243589116739956
1534	 LLH-6	0.001244338413727561	0.001244338413727561
1535	 LLH-1	0.0012444303399270589	0.0012444303399270589
1536	 LLH-6	0.001244686569949397	0.001244686569949397
1537	 LLH-4	0.001244686569949397	0.001244686569949397
1542	 LLH-3	0.001289808766811524	0.001244686569949397
1543	 LLH-5	0.001246088014642988	0.001244686569949397
1544	 LLH-0	0.0012453893440231903	0.0012453893440231903
1545	 LLH-5	0.0012451792509387647	0.0012451792509387647
1546	 LLH-2	0.0012483069675751867	0.0012483069675751867
1547	 LLH-0	0.0012491416866168667	0.0012483069675751867
1548	 LLH-4	0.0012475468329098847	0.0012475468329098847
1551	 LLH-6	0.001246674309507721	0.001246674309507721
1552	 LLH-3	0.001251384322217431	0.001246674309507721
1553	 LLH-0	0.0012473029722150262	0.001246674309507721
1554	 LLH-4	0.001246674309507721	0.001246674309507721
1559	 LLH-1	0.001246674309507721	0.001246674309507721
1560	 LLH-2	0.0012608418222571172	0.001246674309507721
1561	 LLH-3	0.0013136812349892316	0.001246674309507721
1562	 LLH-4	0.001246674309507721	0.001246674309507721
1567	 LLH-4	0.001246674309507721	0.001246674309507721
1572	 LLH-0	0.0012637167250780569	0.001246674309507721
1573	 LLH-4	0.001246674309507721	0.001246674309507721
1578	 LLH-1	0.0012469326554982658	0.001246674309507721
1579	 LLH-4	0.001246674309507721	0.001246674309507721
1584	 LLH-1	0.001246674309507721	0.001246674309507721
1585	 LLH-3	0.001304394951589381	0.001246674309507721
1586	 LLH-6	0.001248115310488213	0.001246674309507721
1587	 LLH-5	0.0012467043977087138	0.0012467043977087138
1588	 LLH-0	0.0012475043152910714	0.0012475043152910714
1589	 LLH-4	0.001246816655293162	0.001246816655293162
1591	 LLH-5	0.001247106224918377	0.001247106224918377
1592	 LLH-6	0.00124653844450906	0.00124653844450906
1593	 LLH-5	0.001247489004816359	0.001247489004816359
1594	 LLH-6	0.0012471231648342707	0.0012471231648342707
1595	 LLH-1	0.0012472629476487558	0.0012472629476487558
1596	 LLH-0	0.0012643037535661622	0.0012472629476487558
1597	 LLH-0	0.0012643253309625733	0.0012472629476487558
1598	 LLH-2	0.001268541849955646	0.0012472629476487558
1599	 LLH-5	0.00124650766783596	0.00124650766783596
1600	 LLH-0	0.0012472072867765957	0.0012472072867765957
1601	 LLH-2	0.0012559002168399396	0.0012472072867765957
1602	 LLH-6	0.001247237655652571	0.001247237655652571
1603	 LLH-6	0.0012473864420541455	0.0012473864420541455
1604	 LLH-1	0.0012473864420541455	0.0012473864420541455
1605	 LLH-4	0.0012466851789411633	0.0012466851789411633
1607	 LLH-4	0.0012466851789411633	0.0012466851789411633
1612	 LLH-0	0.001247261358077744	0.001247261358077744
1613	 LLH-3	0.00130419247193557	0.001247261358077744
1614	 LLH-4	0.001247261358077744	0.001247261358077744
1619	 LLH-0	0.0012463397996777957	0.0012463397996777957
1620	 LLH-4	0.0012463397996777957	0.0012463397996777957
1625	 LLH-3	0.0013019016247232285	0.0012463397996777957
1626	 LLH-2	0.0012632628953006123	0.0012463397996777957
1627	 LLH-3	0.001291188232868565	0.0012463397996777957
1628	 LLH-3	0.0012904404663233852	0.0012463397996777957
1629	 LLH-1	0.0012463397996777957	0.0012463397996777957
1630	 LLH-0	0.0012470135023149808	0.0012470135023149808
1631	 LLH-2	0.0012648174548923624	0.0012470135023149808
1632	 LLH-3	0.0012497341432496532	0.0012497341432496532
1633	 LLH-5	0.0012507384854596908	0.0012507384854596908
1634	 LLH-4	0.0012507384854596908	0.0012507384854596908
1639	 LLH-1	0.0012507384854596908	0.0012507384854596908
1640	 LLH-5	0.0012507949725028692	0.0012507949725028692
1641	 LLH-6	0.0012516200307387823	0.0012516200307387823
1642	 LLH-5	0.0012510135634508624	0.0012510135634508624
1643	 LLH-4	0.0012510135634508624	0.0012510135634508624
1648	 LLH-6	0.0012516148346500664	0.0012510135634508624
1649	 LLH-0	0.0012516654770555209	0.0012516654770555209
1650	 LLH-4	0.0012511594370558726	0.0012511594370558726
1653	 LLH-3	0.0012487144078259385	0.0012487144078259385
1654	 LLH-5	0.0012494075870178327	0.0012494075870178327
1655	 LLH-0	0.0012499612173018045	0.0012499612173018045
1656	 LLH-5	0.0012496358396638688	0.0012496358396638688
1657	 LLH-1	0.0012496373408955222	0.0012496373408955222
1658	 LLH-6	0.0012502296566752626	0.0012502296566752626
1659	 LLH-6	0.0012513618180801458	0.0012513618180801458
1660	 LLH-3	0.0012548747466538234	0.0012513618180801458
1661	 LLH-0	0.0012522031540078697	0.0012513618180801458
1662	 LLH-4	0.0012513618180801458	0.0012513618180801458
1667	 LLH-4	0.0012506683336481312	0.0012506683336481312
1669	 LLH-1	0.0012506683336481312	0.0012506683336481312
1670	 LLH-1	0.0012506683336481312	0.0012506683336481312
1671	 LLH-5	0.0012500249911357164	0.0012500249911357164
1672	 LLH-6	0.0012496277026323162	0.0012496277026323162
1673	 LLH-5	0.0012493056455760213	0.0012493056455760213
1674	 LLH-6	0.001249061108509459	0.001249061108509459
1675	 LLH-6	0.0012489170073397727	0.0012489170073397727
1676	 LLH-4	0.001248118471182458	0.001248118471182458
1678	 LLH-2	0.0012483844721707465	0.0012483844721707465
1679	 LLH-3	0.001272098969603887	0.0012483844721707465
1680	 LLH-5	0.0012488588808885848	0.0012483844721707465
1681	 LLH-2	0.001258790073577463	0.0012483844721707465
1682	 LLH-1	0.0012483844721707465	0.0012483844721707465
1683	 LLH-5	0.0012486686376012373	0.0012486686376012373
1684	 LLH-5	0.00124864268392029	0.00124864268392029
1685	 LLH-1	0.00124864268392029	0.00124864268392029
1686	 LLH-4	0.00124864268392029	0.00124864268392029
1691	 LLH-0	0.0012493915142861725	0.0012493915142861725
1692	 LLH-6	0.0012480905941205185	0.0012480905941205185
1693	 LLH-6	0.0012480832992269482	0.0012480832992269482
1694	 LLH-4	0.0012472838604517442	0.0012472838604517442
1698	 LLH-1	0.0012472838604517442	0.0012472838604517442
1699	 LLH-0	0.0012465222752621866	0.0012465222752621866
1700	 LLH-1	0.0012465222752621866	0.0012465222752621866
1701	 LLH-0	0.0012469835280720753	0.0012465222752621866
1702	 LLH-5	0.0012465125317846018	0.0012465125317846018
1703	 LLH-3	0.0012451685465234665	0.0012451685465234665
1704	 LLH-0	0.0012456746169685954	0.0012451685465234665
1705	 LLH-2	0.0012530458854121051	0.0012451685465234665
1706	 LLH-0	0.0012456641170366521	0.0012456641170366521
1707	 LLH-2	0.0012621163955482215	0.0012456641170366521
1708	 LLH-1	0.0012456641170366521	0.0012456641170366521
1709	 LLH-1	0.0012456641170366521	0.0012456641170366521
1710	 LLH-3	0.001283362780602939	0.0012456641170366521
1711	 LLH-1	0.0012456641170366521	0.0012456641170366521
1712	 LLH-3	0.0012486256244273848	0.0012456641170366521
1713	 LLH-2	0.0012603205731420708	0.0012456641170366521
1714	 LLH-2	0.001257732910318215	0.0012456641170366521
1715	 LLH-4	0.0012456641170366521	0.0012456641170366521
1720	 LLH-2	0.0012572962034431883	0.0012456641170366521
1721	 LLH-2	0.0012565102444001908	0.0012456641170366521
1722	 LLH-6	0.0012457927548922268	0.0012457927548922268
1723	 LLH-3	0.0012481108537227793	0.0012457927548922268
1724	 LLH-4	0.0012457927548922268	0.0012457927548922268
1729	 LLH-1	0.0012457927548922268	0.0012457927548922268
1730	 LLH-2	0.0012536044110935936	0.0012457927548922268
1731	 LLH-1	0.0012457927548922268	0.0012457927548922268
1732	 LLH-3	0.0012491979341838501	0.0012457927548922268
1733	 LLH-0	0.0012453345884510124	0.0012453345884510124
1734	 LLH-3	0.001279782948851944	0.0012453345884510124
1735	 LLH-4	0.0012449299286934855	0.0012449299286934855
1739	 LLH-3	0.0012759825867953076	0.0012449299286934855
1740	 LLH-3	0.0012895058877285832	0.0012449299286934855
1741	 LLH-2	0.001257542088225389	0.0012449299286934855
1742	 LLH-1	0.0012449299286934855	0.0012449299286934855
1743	 LLH-0	0.0012453652558142131	0.0012453652558142131
1744	 LLH-5	0.0012452443953821686	0.0012452443953821686
1745	 LLH-0	0.0012456776398480263	0.0012452443953821686
1746	 LLH-4	0.0012447539377235723	0.0012447539377235723
1749	 LLH-1	0.0012450159908733941	0.0012450159908733941
1750	 LLH-4	0.0012443963325949317	0.0012443963325949317
1754	 LLH-6	0.0012445450232976504	0.0012445450232976504
1755	 LLH-4	0.0012445450232976504	0.0012445450232976504
1760	 LLH-4	0.0012441265522851884	0.0012441265522851884
1765	 LLH-4	0.0012441265522851884	0.0012441265522851884
1770	 LLH-0	0.001244862045321299	0.001244862045321299
1771	 LLH-1	0.001244862045321299	0.001244862045321299
1772	 LLH-6	0.0012444238167848825	0.0012444238167848825
1773	 LLH-2	0.001243355378362931	0.001243355378362931
1774	 LLH-1	0.001243355378362931	0.001243355378362931
1775	 LLH-5	0.0012428461618428043	0.0012428461618428043
1776	 LLH-5	0.0012432079069716322	0.0012432079069716322
1777	 LLH-6	0.0012434358419333865	0.0012434358419333865
1778	 LLH-5	0.0012432890529439056	0.0012432890529439056
1779	 LLH-0	0.0012438612155488773	0.0012432890529439056
1780	 LLH-1	0.0012433616885830698	0.0012432890529439056
1781	 LLH-4	0.0012426462511236189	0.0012426462511236189
1783	 LLH-3	0.001245457079579883	0.0012426462511236189
1784	 LLH-5	0.0012425441637142242	0.0012425441637142242
1785	 LLH-2	0.001253607376607991	0.0012425441637142242
1786	 LLH-4	0.0012419832715764964	0.0012419832715764964
1790	 LLH-2	0.0012497386175171126	0.0012419832715764964
1791	 LLH-6	0.0012421412694841654	0.0012421412694841654
1792	 LLH-1	0.0012421412694841654	0.0012421412694841654
1793	 LLH-3	0.0012924596780219467	0.0012421412694841654
1794	 LLH-0	0.0012428925108085567	0.0012421412694841654
1795	 LLH-0	0.0012574689579647447	0.0012421412694841654
1796	 LLH-6	0.0012419012758779708	0.0012419012758779708
1797	 LLH-3	0.001256285360754467	0.0012419012758779708
1798	 LLH-6	0.0012429412176411562	0.0012419012758779708
1799	 LLH-3	0.0012861401758724625	0.0012419012758779708
1800	 LLH-5	0.0012418908706709282	0.0012418908706709282
1801	 LLH-1	0.0012418908706709282	0.0012418908706709282
1802	 LLH-6	0.0012415600304419403	0.0012415600304419403
1803	 LLH-0	0.001242442821396558	0.0012415600304419403
1804	 LLH-4	0.0012415600304419403	0.0012415600304419403
1809	 LLH-6	0.0012405425347795584	0.0012405425347795584
1810	 LLH-3	0.001242271414784876	0.0012405425347795584
1811	 LLH-2	0.0012474382870705475	0.0012405425347795584
1812	 LLH-5	0.0012416462876900546	0.0012416462876900546
1813	 LLH-6	0.0012413782126264048	0.0012413782126264048
1814	 LLH-1	0.0012413782126264048	0.0012413782126264048
1815	 LLH-3	0.0012550187870019023	0.0012413782126264048
1816	 LLH-4	0.0012413782126264048	0.0012413782126264048
1821	 LLH-0	0.0012418423514138342	0.0012418423514138342
1822	 LLH-5	0.0012430521712512872	0.0012430521712512872
1823	 LLH-3	0.0012436487304279594	0.0012436487304279594
1824	 LLH-3	0.0012447973545230918	0.0012436487304279594
1825	 LLH-4	0.0012436487304279594	0.0012436487304279594
1830	 LLH-3	0.0012857015692277892	0.0012436487304279594
1831	 LLH-4	0.0012431815222885877	0.0012431815222885877
1835	 LLH-3	0.0012673172139536625	0.0012431815222885877
1836	 LLH-1	0.0012431815222885877	0.0012431815222885877
1837	 LLH-0	0.001243650468015899	0.0012431815222885877
1838	 LLH-1	0.0012431815222885877	0.0012431815222885877
1839	 LLH-3	0.0012779756326914025	0.0012431815222885877
1840	 LLH-5	0.0012432515286083929	0.0012432515286083929
1841	 LLH-6	0.0012431858689676868	0.0012431858689676868
1842	 LLH-1	0.0012431858689676868	0.0012431858689676868
1843	 LLH-2	0.0012536513358277026	0.0012431858689676868
1844	 LLH-1	0.0012429450016869232	0.0012429450016869232
1845	 LLH-5	0.0012429034629539114	0.0012429034629539114
1846	 LLH-2	0.0012520560742640657	0.0012429034629539114
1847	 LLH-1	0.0012429034629539114	0.0012429034629539114
1848	 LLH-5	0.0012422900294379471	0.0012422900294379471
1849	 LLH-5	0.001243021240992843	0.0012422900294379471
1850	 LLH-3	0.0012672693126372387	0.0012422900294379471
1851	 LLH-4	0.0012422900294379471	0.0012422900294379471
1856	 LLH-1	0.001242355795047927	0.0012422900294379471
1857	 LLH-4	0.0012422900294379471	0.0012422900294379471
1862	 LLH-0	0.0012427244092661643	0.0012427244092661643
1863	 LLH-6	0.0012432015307786213	0.0012427244092661643
1864	 LLH-5	0.001243077912464776	0.001243077912464776
1865	 LLH-4	0.001243077912464776	0.001243077912464776
1870	 LLH-3	0.0012747919800555777	0.001243077912464776
1871	 LLH-6	0.001243002414331942	0.001243002414331942
1872	 LLH-3	0.0012483671785845452	0.001243002414331942
1873	 LLH-5	0.0012428243495236527	0.0012428243495236527
1874	 LLH-3	0.0012500671828465692	0.0012428243495236527
1875	 LLH-2	0.0012493417626903503	0.0012428243495236527
1876	 LLH-0	0.001243424756140654	0.0012428243495236527
1877	 LLH-5	0.0012430552905560283	0.0012430552905560283
1878	 LLH-0	0.0012438042428459212	0.0012438042428459212
1879	 LLH-3	0.0012502342084829317	0.0012438042428459212
1880	 LLH-6	0.0012442944364065896	0.0012438042428459212
1881	 LLH-3	0.0012493956577837233	0.0012438042428459212
1882	 LLH-5	0.0012432094447788799	0.0012432094447788799
1883	 LLH-5	0.0012426454323495955	0.0012426454323495955
1884	 LLH-4	0.0012421582224527085	0.0012421582224527085
1887	 LLH-2	0.001254263959003016	0.0012421582224527085
1888	 LLH-2	0.0012485515194677044	0.0012421582224527085
1889	 LLH-6	0.0012426428987283647	0.0012421582224527085
1890	 LLH-1	0.0012421582224527085	0.0012421582224527085
1891	 LLH-4	0.0012421582224527085	0.0012421582224527085
1896	 LLH-3	0.0012851333513291432	0.0012421582224527085
1897	 LLH-1	0.001242263319529836	0.001242263319529836
1898	 LLH-5	0.0012426177401037193	0.0012426177401037193
1899	 LLH-4	0.0012426177401037193	0.0012426177401037193
1904	 LLH-4	0.0012426177401037193	0.0012426177401037193
1909	 LLH-0	0.001243065786505237	0.0012426177401037193
1910	 LLH-0	0.0012431315137646937	0.0012431315137646937
1911	 LLH-4	0.001242700190866949	0.001242700190866949
1913	 LLH-4	0.001242313593167507	0.001242313593167507
1917	 LLH-3	0.00124468649281631	0.001242313593167507
1918	 LLH-6	0.0012424161996350597	0.0012424161996350597
1919	 LLH-6	0.0012425363561381997	0.0012424161996350597
1920	 LLH-0	0.0012428449827704498	0.0012428449827704498
1921	 LLH-4	0.0012428449827704498	0.0012428449827704498
1926	 LLH-3	0.0012757979148032132	0.0012428449827704498
1927	 LLH-5	0.0012431827250228395	0.0012431827250228395
1928	 LLH-4	0.0012427377027971413	0.0012427377027971413
1933	 LLH-1	0.0012427377027971413	0.0012427377027971413
1934	 LLH-4	0.0012427377027971413	0.0012427377027971413
1939	 LLH-4	0.0012427377027971413	0.0012427377027971413
1944	 LLH-1	0.0012424620330952982	0.0012424620330952982
1945	 LLH-6	0.0012433230061616796	0.0012424620330952982
1946	 LLH-2	0.0012494115473402026	0.0012424620330952982
1947	 LLH-1	0.0012424620330952982	0.0012424620330952982
1948	 LLH-1	0.0012424620330952982	0.0012424620330952982
1949	 LLH-4	0.0012417481438313281	0.0012417481438313281
1951	 LLH-6	0.001241740093787328	0.001241740093787328
1952	 LLH-0	0.0012423188483055056	0.001241740093787328
1953	 LLH-1	0.001241740093787328	0.001241740093787328
1954	 LLH-2	0.0012544959245687983	0.001241740093787328
1955	 LLH-0	0.0012421991040096304	0.001241740093787328
1956	 LLH-6	0.0012417632756837314	0.0012417632756837314
1957	 LLH-2	0.0012553021828969127	0.0012417632756837314
1958	 LLH-5	0.001241604509705532	0.001241604509705532
1959	 LLH-5	0.0012415646286772718	0.0012415646286772718
1960	 LLH-1	0.0012415646286772718	0.0012415646286772718
1961	 LLH-6	0.0012415788111061583	0.0012415788111061583
1962	 LLH-2	0.0012571952813074346	0.0012415788111061583
1963	 LLH-2	0.0012557987192387112	0.0012415788111061583
1964	 LLH-5	0.0012413535993330514	0.0012413535993330514
1965	 LLH-3	0.0012474442269717508	0.0012413535993330514
1966	 LLH-4	0.0012413535993330514	0.0012413535993330514
1971	 LLH-1	0.0012413535993330514	0.0012413535993330514
1972	 LLH-2	0.0012482624466321859	0.0012413535993330514
1973	 LLH-4	0.0012413535993330514	0.0012413535993330514
1978	 LLH-3	0.0012793787817441098	0.0012413535993330514
1979	 LLH-6	0.001241391530339931	0.001241391530339931
1980	 LLH-2	0.0012567087256842213	0.001241391530339931
1981	 LLH-2	0.0012509327044622474	0.001241391530339931
1982	 LLH-0	0.001241888741245657	0.001241391530339931
1983	 LLH-3	0.001242496064374132	0.001241391530339931
1984	 LLH-0	0.0012418550373477892	0.001241391530339931
1985	 LLH-5	0.001241351267178622	0.001241351267178622
1986	 LLH-1	0.001241351267178622	0.001241351267178622
1987	 LLH-1	0.001241351267178622	0.001241351267178622
1988	 LLH-6	0.001241380680239808	0.001241380680239808
1989	 LLH-1	0.001241380680239808	0.001241380680239808
1990	 LLH-5	0.0012414443291266617	0.001241380680239808
1991	 LLH-3	0.0012857615435865966	0.001241380680239808
1992	 LLH-2	0.0012499886010474773	0.001241380680239808
1993	 LLH-4	0.001241380680239808	0.001241380680239808
1998	 LLH-0	0.0012409404756914429	0.0012409404756914429
1999	 LLH-1	0.0012411887739744094	0.0012411887739744094
GRID-Start
0.0	0.0
0.0	308.0385
0.0	616.077
0.0	924.1155
0.0	1232.154
0.0	1540.1925
0.0	1848.2310000000002
0.0	2156.2695000000003
0.0	2464.3080000000004
0.0	2772.3465000000006
0.0	3080.3850000000007
0.0	3388.423500000001
0.0	3696.462000000001
0.0	4004.500500000001
0.0	4312.539000000001
0.0	4620.5775
0.0	4928.616
0.0	5236.6545
0.0	5544.692999999999
0.0	5852.731499999999
0.0	6160.769999999999
0.0	6468.808499999998
308.0385	0.0
308.0385	308.0385
308.0385	616.077
308.0385	924.1155
308.0385	1232.154
308.0385	1540.1925
308.0385	1848.2310000000002
308.0385	2156.2695000000003
308.0385	2464.3080000000004
308.0385	2772.3465000000006
308.0385	3080.3850000000007
308.0385	3388.423500000001
308.0385	3696.462000000001
308.0385	4004.500500000001
308.0385	4312.539000000001
308.0385	4620.5775
308.0385	4928.616
308.0385	5236.6545
308.0385	5544.692999999999
308.0385	5852.731499999999
308.0385	6160.769999999999
308.0385	6468.808499999998
616.077	0.0
616.077	308.0385
616.077	616.077
616.077	924.1155
616.077	1232.154
616.077	1540.1925
616.077	1848.2310000000002
616.077	2156.2695000000003
616.077	2464.3080000000004
616.077	2772.3465000000006
616.077	3080.3850000000007
616.077	3388.423500000001
616.077	3696.462000000001
616.077	4004.500500000001
616.077	4312.539000000001
616.077	4620.5775
616.077	4928.616
616.077	5236.6545
616.077	5544.692999999999
616.077	5852.731499999999
616.077	6160.769999999999
616.077	6468.808499999998
924.1155	0.0
924.1155	308.0385
924.1155	616.077
924.1155	924.1155
924.1155	1232.154
924.1155	1540.1925
924.1155	1848.2310000000002
924.1155	2156.2695000000003
924.1155	2464.3080000000004
924.1155	2772.3465000000006
924.1155	3080.3850000000007
924.1155	3388.423500000001
924.1155	3696.462000000001
924.1155	4004.500500000001
924.1155	4312.539000000001
924.1155	4620.5775
924.1155	4928.616
924.1155	5236.6545
924.1155	5544.692999999999
924.1155	5852.731499999999
924.1155	6160.769999999999
924.1155	6468.808499999998
1232.154	0.0
1232.154	308.0385
1232.154	616.077
1232.154	924.1155
1232.154	1232.154
1232.154	1540.1925
1232.154	1848.2310000000002
1232.154	2156.2695000000003
1232.154	2464.3080000000004
1232.154	2772.3465000000006
1232.154	3080.3850000000007
1232.154	4620.5775
1232.154	4928.616
1232.154	5236.6545
1232.154	5544.692999999999
1232.154	5852.731499999999
1232.154	6160.769999999999
1232.154	6468.808499999998
1540.1925	0.0
1540.1925	308.0385
1540.1925	616.077
1540.1925	924.1155
1540.1925	1232.154
1540.1925	1540.1925
1540.1925	1848.2310000000002
1540.1925	2156.2695000000003
1540.1925	2464.3080000000004
1540.1925	2772.3465000000006
1540.1925	3080.3850000000007
1540.1925	4620.5775
1540.1925	4928.616
1540.1925	5236.6545
1540.1925	5544.692999999999
1540.1925	5852.731499999999
1540.1925	6160.769999999999
1540.1925	6468.808499999998
1848.2310000000002	0.0
1848.2310000000002	308.0385
1848.2310000000002	616.077
1848.2310000000002	924.1155
1848.2310000000002	1232.154
1848.2310000000002	1540.1925
1848.2310000000002	1848.2310000000002
1848.2310000000002	2156.2695000000003
1848.2310000000002	2464.3080000000004
1848.2310000000002	2772.3465000000006
1848.2310000000002	3080.3850000000007
1848.2310000000002	4620.5775
1848.2310000000002	4928.616
1848.2310000000002	5236.6545
1848.2310000000002	5544.692999999999
1848.2310000000002	5852.731499999999
1848.2310000000002	6160.769999999999
1848.2310000000002	6468.808499999998
2156.2695000000003	0.0
2156.2695000000003	308.0385
2156.2695000000003	616.077
2156.2695000000003	924.1155
2156.2695000000003	1232.154
2156.2695000000003	1540.1925
2156.2695000000003	1848.2310000000002
2156.2695000000003	2156.2695000000003
2156.2695000000003	2464.3080000000004
2156.2695000000003	2772.3465000000006
2156.2695000000003	3080.3850000000007
2156.2695000000003	4620.5775
2156.2695000000003	4928.616
2156.2695000000003	5236.6545
2156.2695000000003	5544.692999999999
2156.2695000000003	5852.731499999999
2156.2695000000003	6160.769999999999
2156.2695000000003	6468.808499999998
2464.3080000000004	0.0
2464.3080000000004	2464.3080000000004
2464.3080000000004	2772.3465000000006
2464.3080000000004	3080.3850000000007
2464.3080000000004	3388.423500000001
2464.3080000000004	3696.462000000001
2464.3080000000004	4004.500500000001
2464.3080000000004	4312.539000000001
2464.3080000000004	4620.5775
2464.3080000000004	4928.616
2464.3080000000004	5236.6545
2464.3080000000004	5544.692999999999
2464.3080000000004	5852.731499999999
2464.3080000000004	6160.769999999999
2464.3080000000004	6468.808499999998
2772.3465000000006	0.0
2772.3465000000006	2464.3080000000004
2772.3465000000006	2772.3465000000006
2772.3465000000006	3080.3850000000007
2772.3465000000006	3388.423500000001
2772.3465000000006	3696.462000000001
2772.3465000000006	4004.500500000001
2772.3465000000006	4312.539000000001
2772.3465000000006	4620.5775
2772.3465000000006	4928.616
2772.3465000000006	5236.6545
2772.3465000000006	5544.692999999999
2772.3465000000006	5852.731499999999
2772.3465000000006	6160.769999999999
2772.3465000000006	6468.808499999998
3080.3850000000007	0.0
3080.3850000000007	2464.3080000000004
3080.3850000000007	2772.3465000000006
3080.3850000000007	3080.3850000000007
3080.3850000000007	3388.423500000001
3080.3850000000007	3696.462000000001
3080.3850000000007	4004.500500000001
3080.3850000000007	4312.539000000001
3080.3850000000007	4620.5775
3080.3850000000007	4928.616
3080.3850000000007	5236.6545
3080.3850000000007	5544.692999999999
3080.3850000000007	5852.731499999999
3080.3850000000007	6160.769999999999
3080.3850000000007	6468.808499999998
3388.423500000001	0.0
3388.423500000001	2464.3080000000004
3388.423500000001	2772.3465000000006
3388.423500000001	3080.3850000000007
3388.423500000001	3388.423500000001
3388.423500000001	3696.462000000001
3388.423500000001	4004.500500000001
3388.423500000001	4312.539000000001
3388.423500000001	4620.5775
3388.423500000001	4928.616
3388.423500000001	5236.6545
3388.423500000001	5544.692999999999
3388.423500000001	5852.731499999999
3388.423500000001	6160.769999999999
3388.423500000001	6468.808499999998
3696.462000000001	0.0
3696.462000000001	308.0385
3696.462000000001	616.077
3696.462000000001	924.1155
3696.462000000001	1232.154
3696.462000000001	1540.1925
3696.462000000001	1848.2310000000002
3696.462000000001	2156.2695000000003
3696.462000000001	3388.423500000001
3696.462000000001	3696.462000000001
3696.462000000001	4004.500500000001
3696.462000000001	4312.539000000001
3696.462000000001	4620.5775
3696.462000000001	4928.616
3696.462000000001	5236.6545
3696.462000000001	5544.692999999999
3696.462000000001	5852.731499999999
3696.462000000001	6160.769999999999
3696.462000000001	6468.808499999998
4004.500500000001	0.0
4004.500500000001	308.0385
4004.500500000001	616.077
4004.500500000001	924.1155
4004.500500000001	1232.154
4004.500500000001	1540.1925
4004.500500000001	1848.2310000000002
4004.500500000001	2156.2695000000003
4004.500500000001	3388.423500000001
4004.500500000001	3696.462000000001
4004.500500000001	4004.500500000001
4004.500500000001	4312.539000000001
4004.500500000001	4620.5775
4004.500500000001	4928.616
4004.500500000001	5236.6545
4004.500500000001	5544.692999999999
4004.500500000001	5852.731499999999
4004.500500000001	6160.769999999999
4004.500500000001	6468.808499999998
4312.539000000001	0.0
4312.539000000001	308.0385
4312.539000000001	616.077
4312.539000000001	924.1155
4312.539000000001	1232.154
4312.539000000001	1540.1925
4312.539000000001	1848.2310000000002
4312.539000000001	2156.2695000000003
4312.539000000001	3388.423500000001
4312.539000000001	3696.462000000001
4312.539000000001	4004.500500000001
4312.539000000001	4312.539000000001
4312.539000000001	4620.5775
4312.539000000001	4928.616
4312.539000000001	5236.6545
4312.539000000001	5544.692999999999
4312.539000000001	5852.731499999999
4312.539000000001	6160.769999999999
4312.539000000001	6468.808499999998
4620.5775	0.0
4620.5775	308.0385
4620.5775	616.077
4620.5775	924.1155
4620.5775	1232.154
4620.5775	1540.1925
4620.5775	1848.2310000000002
4620.5775	2156.2695000000003
4620.5775	2464.3080000000004
4620.5775	2772.3465000000006
4620.5775	3080.3850000000007
4620.5775	3388.423500000001
4620.5775	3696.462000000001
4620.5775	4004.500500000001
4620.5775	4312.539000000001
4620.5775	4620.5775
4620.5775	4928.616
4620.5775	5236.6545
4620.5775	5544.692999999999
4620.5775	5852.731499999999
4620.5775	6160.769999999999
4620.5775	6468.808499999998
4928.616	0.0
4928.616	308.0385
4928.616	616.077
4928.616	924.1155
4928.616	1232.154
4928.616	1540.1925
4928.616	1848.2310000000002
4928.616	2156.2695000000003
4928.616	2464.3080000000004
4928.616	2772.3465000000006
4928.616	3080.3850000000007
4928.616	3388.423500000001
4928.616	3696.462000000001
4928.616	4004.500500000001
4928.616	4312.539000000001
4928.616	4620.5775
4928.616	4928.616
4928.616	5236.6545
4928.616	5544.692999999999
4928.616	5852.731499999999
4928.616	6160.769999999999
4928.616	6468.808499999998
5236.6545	0.0
5236.6545	308.0385
5236.6545	616.077
5236.6545	924.1155
5236.6545	1232.154
5236.6545	1540.1925
5236.6545	1848.2310000000002
5236.6545	2156.2695000000003
5236.6545	2464.3080000000004
5236.6545	2772.3465000000006
5236.6545	3080.3850000000007
5236.6545	3388.423500000001
5236.6545	3696.462000000001
5236.6545	4004.500500000001
5236.6545	4312.539000000001
5236.6545	4620.5775
5236.6545	4928.616
5236.6545	5236.6545
5236.6545	5544.692999999999
5236.6545	5852.731499999999
5236.6545	6160.769999999999
5236.6545	6468.808499999998
5544.692999999999	0.0
5544.692999999999	308.0385
5544.692999999999	616.077
5544.692999999999	924.1155
5544.692999999999	1232.154
5544.692999999999	1540.1925
5544.692999999999	1848.2310000000002
5544.692999999999	2156.2695000000003
5544.692999999999	2464.3080000000004
5544.692999999999	2772.3465000000006
5544.692999999999	3080.3850000000007
5544.692999999999	3388.423500000001
5544.692999999999	3696.462000000001
5544.692999999999	4004.500500000001
5544.692999999999	4312.539000000001
5544.692999999999	4620.5775
5544.692999999999	4928.616
5544.692999999999	5236.6545
5544.692999999999	5544.692999999999
5544.692999999999	5852.731499999999
5544.692999999999	6160.769999999999
5544.692999999999	6468.808499999998
5852.731499999999	0.0
5852.731499999999	308.0385
5852.731499999999	616.077
5852.731499999999	924.1155
5852.731499999999	1232.154
5852.731499999999	1540.1925
5852.731499999999	1848.2310000000002
5852.731499999999	2156.2695000000003
5852.731499999999	2464.3080000000004
5852.731499999999	2772.3465000000006
5852.731499999999	3080.3850000000007
5852.731499999999	3388.423500000001
5852.731499999999	3696.462000000001
5852.731499999999	4004.500500000001
5852.731499999999	4312.539000000001
5852.731499999999	4620.5775
5852.731499999999	4928.616
5852.731499999999	5236.6545
5852.731499999999	5544.692999999999
5852.731499999999	5852.731499999999
5852.731499999999	6160.769999999999
5852.731499999999	6468.808499999998
6160.769999999999	0.0
6160.769999999999	308.0385
6160.769999999999	616.077
6160.769999999999	924.1155
6160.769999999999	1232.154
6160.769999999999	1540.1925
6160.769999999999	1848.2310000000002
6160.769999999999	2156.2695000000003
6160.769999999999	2464.3080000000004
6160.769999999999	2772.3465000000006
6160.769999999999	3080.3850000000007
6160.769999999999	3388.423500000001
6160.769999999999	3696.462000000001
6160.769999999999	4004.500500000001
6160.769999999999	4312.539000000001
6160.769999999999	4620.5775
6160.769999999999	4928.616
6160.769999999999	5236.6545
6160.769999999999	5544.692999999999
6160.769999999999	5852.731499999999
6160.769999999999	6160.769999999999
6160.769999999999	6468.808499999998
6468.808499999998	0.0
6468.808499999998	308.0385
6468.808499999998	616.077
6468.808499999998	924.1155
6468.808499999998	1232.154
6468.808499999998	1540.1925
6468.808499999998	1848.2310000000002
6468.808499999998	2156.2695000000003
6468.808499999998	2464.3080000000004
6468.808499999998	2772.3465000000006
6468.808499999998	3080.3850000000007
6468.808499999998	3388.423500000001
6468.808499999998	3696.462000000001
6468.808499999998	4004.500500000001
6468.808499999998	4312.539000000001
6468.808499999998	4620.5775
6468.808499999998	4928.616
6468.808499999998	5236.6545
6468.808499999998	5544.692999999999
6468.808499999998	5852.731499999999
6468.808499999998	6160.769999999999
6468.808499999998	6468.808499999998
6776.846999999998	0.0
6776.846999999998	308.0385
6776.846999999998	616.077
6776.846999999998	924.1155
6776.846999999998	1232.154
6776.846999999998	1540.1925
6776.846999999998	1848.2310000000002
6776.846999999998	2156.2695000000003
6776.846999999998	2464.3080000000004
6776.846999999998	2772.3465000000006
6776.846999999998	3080.3850000000007
6776.846999999998	3388.423500000001
6776.846999999998	3696.462000000001
6776.846999999998	4004.500500000001
6776.846999999998	4312.539000000001
6776.846999999998	4620.5775
6776.846999999998	4928.616
6776.846999999998	5236.6545
6776.846999999998	5544.692999999999
6776.846999999998	5852.731499999999
6776.846999999998	6160.769999999999
6776.846999999998	6468.808499999998
7084.885499999998	0.0
7084.885499999998	308.0385
7084.885499999998	616.077
7084.885499999998	924.1155
7084.885499999998	1232.154
7084.885499999998	1540.1925
7084.885499999998	1848.2310000000002
7084.885499999998	2156.2695000000003
7084.885499999998	2464.3080000000004
7084.885499999998	2772.3465000000006
7084.885499999998	3080.3850000000007
7084.885499999998	3388.423500000001
7084.885499999998	3696.462000000001
7084.885499999998	4004.500500000001
7084.885499999998	4312.539000000001
7084.885499999998	4620.5775
7084.885499999998	4928.616
7084.885499999998	5236.6545
7084.885499999998	5544.692999999999
7084.885499999998	5852.731499999999
7084.885499999998	6160.769999999999
7084.885499999998	6468.808499999998
7392.923999999997	0.0
7392.923999999997	308.0385
7392.923999999997	616.077
7392.923999999997	924.1155
7392.923999999997	1232.154
7392.923999999997	1540.1925
7392.923999999997	1848.2310000000002
7392.923999999997	2156.2695000000003
7392.923999999997	2464.3080000000004
7392.923999999997	2772.3465000000006
7392.923999999997	3080.3850000000007
7392.923999999997	3388.423500000001
7392.923999999997	3696.462000000001
7392.923999999997	4004.500500000001
7392.923999999997	4312.539000000001
7392.923999999997	4620.5775
7392.923999999997	4928.616
7392.923999999997	5236.6545
7392.923999999997	5544.692999999999
7392.923999999997	5852.731499999999
7392.923999999997	6160.769999999999
7392.923999999997	6468.808499999998
7700.962499999997	0.0
7700.962499999997	308.0385
7700.962499999997	616.077
7700.962499999997	924.1155
7700.962499999997	1232.154
7700.962499999997	1540.1925
7700.962499999997	1848.2310000000002
7700.962499999997	2156.2695000000003
7700.962499999997	2464.3080000000004
7700.962499999997	2772.3465000000006
7700.962499999997	3080.3850000000007
7700.962499999997	3388.423500000001
7700.962499999997	3696.462000000001
7700.962499999997	4004.500500000001
7700.962499999997	4312.539000000001
7700.962499999997	4620.5775
7700.962499999997	4928.616
7700.962499999997	5236.6545
7700.962499999997	5544.692999999999
7700.962499999997	5852.731499999999
7700.962499999997	6160.769999999999
7700.962499999997	6468.808499999998
8009.000999999997	0.0
8009.000999999997	308.0385
8009.000999999997	616.077
8009.000999999997	924.1155
8009.000999999997	1232.154
8009.000999999997	1540.1925
8009.000999999997	1848.2310000000002
8009.000999999997	2156.2695000000003
8009.000999999997	2464.3080000000004
8009.000999999997	2772.3465000000006
8009.000999999997	3080.3850000000007
8009.000999999997	3388.423500000001
8009.000999999997	3696.462000000001
8009.000999999997	4004.500500000001
8009.000999999997	4312.539000000001
8009.000999999997	4620.5775
8009.000999999997	4928.616
8009.000999999997	5236.6545
8009.000999999997	5544.692999999999
8009.000999999997	5852.731499999999
8009.000999999997	6160.769999999999
8009.000999999997	6468.808499999998
8317.039499999997	0.0
8317.039499999997	308.0385
8317.039499999997	616.077
8317.039499999997	924.1155
8317.039499999997	1232.154
8317.039499999997	1540.1925
8317.039499999997	1848.2310000000002
8317.039499999997	2156.2695000000003
8317.039499999997	2464.3080000000004
8317.039499999997	2772.3465000000006
8317.039499999997	3080.3850000000007
8317.039499999997	3388.423500000001
8317.039499999997	3696.462000000001
8317.039499999997	4004.500500000001
8317.039499999997	4312.539000000001
8317.039499999997	4620.5775
8317.039499999997	4928.616
8317.039499999997	5236.6545
8317.039499999997	5544.692999999999
8317.039499999997	5852.731499999999
8317.039499999997	6160.769999999999
8317.039499999997	6468.808499999998
8625.077999999998	0.0
8625.077999999998	308.0385
8625.077999999998	616.077
8625.077999999998	924.1155
8625.077999999998	1232.154
8625.077999999998	1540.1925
8625.077999999998	1848.2310000000002
8625.077999999998	2156.2695000000003
8625.077999999998	2464.3080000000004
8625.077999999998	2772.3465000000006
8625.077999999998	3080.3850000000007
8625.077999999998	3388.423500000001
8625.077999999998	3696.462000000001
8625.077999999998	4004.500500000001
8625.077999999998	4312.539000000001
8625.077999999998	4620.5775
8625.077999999998	4928.616
8625.077999999998	5236.6545
8625.077999999998	5544.692999999999
8625.077999999998	5852.731499999999
8625.077999999998	6160.769999999999
8625.077999999998	6468.808499999998
8933.116499999998	0.0
8933.116499999998	308.0385
8933.116499999998	616.077
8933.116499999998	924.1155
8933.116499999998	1232.154
8933.116499999998	1540.1925
8933.116499999998	1848.2310000000002
8933.116499999998	2156.2695000000003
8933.116499999998	2464.3080000000004
8933.116499999998	2772.3465000000006
8933.116499999998	3080.3850000000007
8933.116499999998	3388.423500000001
8933.116499999998	3696.462000000001
8933.116499999998	4004.500500000001
8933.116499999998	4312.539000000001
8933.116499999998	4620.5775
8933.116499999998	4928.616
8933.116499999998	5236.6545
8933.116499999998	5544.692999999999
8933.116499999998	5852.731499999999
8933.116499999998	6160.769999999999
8933.116499999998	6468.808499999998
GRID-End
num_of_evaluations 2000
best obj 0.0012405425347795584
LLH0	53
LLH1	31
LLH2	56
LLH3	59
LLH4	127
LLH5	94
LLH6	82