Initial objective 0.0013067952779999528	 Seed value 286324436
1	 LLH-2	0.0012941836609153313	0.0012941836609153313
2	 LLH-6	0.0012967712587096786	0.0012967712587096786
3	 LLH-2	0.0013055530703666783	0.0013055530703666783
4	 LLH-1	0.001305590439724089	0.001305590439724089
5	 LLH-0	0.0013040846928626295	0.0013040846928626295
6	 LLH-2	0.0013008654191957857	0.0013008654191957857
7	 LLH-1	0.0013008654191957857	0.0013008654191957857
8	 LLH-4	0.0012990460708051153	0.0012990460708051153
10	 LLH-3	0.001272772092795101	0.001272772092795101
11	 LLH-2	0.0012713085556538114	0.0012713085556538114
12	 LLH-5	0.001271437216028665	0.001271437216028665
13	 LLH-4	0.0012703177916981421	0.0012703177916981421
17	 LLH-3	0.001339173580127218	0.001339173580127218
18	 LLH-3	0.001429717878926787	0.001429717878926787
19	 LLH-3	0.0015692559344232101	0.001429717878926787
20	 LLH-5	0.0014304774378209924	0.0014304774378209924
21	 LLH-5	0.0014320648545170663	0.0014320648545170663
22	 LLH-2	0.001427970610588247	0.001427970610588247
23	 LLH-5	0.0014273123648982998	0.0014273123648982998
24	 LLH-5	0.0014269566971157374	0.0014269566971157374
25	 LLH-1	0.001427089787845141	0.001427089787845141
26	 LLH-3	0.001302879497421722	0.001302879497421722
27	 LLH-1	0.001302879497421722	0.001302879497421722
28	 LLH-2	0.0013014532922905964	0.0013014532922905964
29	 LLH-5	0.0013019005870530203	0.0013019005870530203
30	 LLH-4	0.0013019005870530203	0.0013019005870530203
35	 LLH-1	0.0013026535536067613	0.0013026535536067613
36	 LLH-6	0.0013027150935357031	0.0013027150935357031
37	 LLH-3	0.0012664661306517357	0.0012664661306517357
38	 LLH-1	0.0012664394442030813	0.0012664394442030813
39	 LLH-4	0.0012664394442030813	0.0012664394442030813
44	 LLH-2	0.0012736242223935898	0.0012736242223935898
45	 LLH-6	0.0012728281035724	0.0012728281035724
46	 LLH-0	0.0012718210842177732	0.0012718210842177732
47	 LLH-5	0.001272024553223735	0.001272024553223735
48	 LLH-0	0.001273027510352342	0.001273027510352342
49	 LLH-1	0.001273027510352342	0.001273027510352342
50	 LLH-3	0.0013447072401630295	0.0013447072401630295
51	 LLH-2	0.0013375115902671613	0.0013375115902671613
52	 LLH-1	0.0013375155550645428	0.0013375155550645428
53	 LLH-5	0.0013368936002583747	0.0013368936002583747
54	 LLH-2	0.0013223126364240358	0.0013223126364240358
55	 LLH-5	0.0013214384740569047	0.0013214384740569047
56	 LLH-2	0.0013116586177693017	0.0013116586177693017
57	 LLH-1	0.0013115843986676921	0.0013115843986676921
58	 LLH-0	0.0013102151851250464	0.0013102151851250464
59	 LLH-6	0.001308580689864788	0.001308580689864788
60	 LLH-2	0.0013183741203823857	0.0013183741203823857
61	 LLH-2	0.0013019716817771472	0.0013019716817771472
62	 LLH-2	0.001306795893940507	0.001306795893940507
63	 LLH-2	0.001304412481344327	0.001304412481344327
64	 LLH-6	0.0013056129997306746	0.0013056129997306746
65	 LLH-2	0.0012983294544900547	0.0012983294544900547
66	 LLH-0	0.0012998818720789697	0.0012998818720789697
67	 LLH-6	0.0013005833563532454	0.0013005833563532454
68	 LLH-6	0.00130034387946597	0.00130034387946597
69	 LLH-1	0.00130034387946597	0.00130034387946597
70	 LLH-2	0.001320243295191802	0.001320243295191802
71	 LLH-5	0.0013204954254158498	0.0013204954254158498
72	 LLH-1	0.0013207403251241337	0.0013207403251241337
73	 LLH-4	0.0013207403251241337	0.0013207403251241337
78	 LLH-0	0.001322289677876887	0.001322289677876887
79	 LLH-3	0.0013981378772578213	0.0013981378772578213
80	 LLH-3	0.001301745313523046	0.001301745313523046
81	 LLH-5	0.0012999569831479356	0.0012999569831479356
82	 LLH-0	0.001298779687712713	0.001298779687712713
83	 LLH-1	0.001298779687712713	0.001298779687712713
84	 LLH-6	0.0012974292523551159	0.0012974292523551159
85	 LLH-2	0.00129099694499596	0.00129099694499596
86	 LLH-1	0.00129099694499596	0.00129099694499596
87	 LLH-4	0.0012896289513984768	0.0012896289513984768
92	 LLH-6	0.001290875404128129	0.001290875404128129
93	 LLH-5	0.0012911347699902712	0.0012911347699902712
94	 LLH-0	0.0012897205916320303	0.0012897205916320303
95	 LLH-4	0.001288548735774637	0.001288548735774637
98	 LLH-0	0.0012902410889367103	0.0012902410889367103
99	 LLH-4	0.0012889416435350807	0.0012889416435350807
102	 LLH-5	0.0012882539498286164	0.0012882539498286164
103	 LLH-4	0.0012882539498286164	0.0012882539498286164
108	 LLH-3	0.0013702604647566757	0.0013702604647566757
109	 LLH-1	0.0013705413268706506	0.0013705413268706506
110	 LLH-6	0.001368933039994538	0.001368933039994538
111	 LLH-6	0.0013662281530622301	0.0013662281530622301
112	 LLH-1	0.0013661018746568112	0.0013661018746568112
113	 LLH-1	0.0013663618045542144	0.0013663618045542144
114	 LLH-3	0.0015963909867207104	0.0015963909867207104
115	 LLH-4	0.001590917962967153	0.001590917962967153
119	 LLH-2	0.0015172872231918081	0.0015172872231918081
120	 LLH-3	0.0017233497641951307	0.0015172872231918081
121	 LLH-1	0.001517495693317802	0.001517495693317802
122	 LLH-5	0.001516983438499816	0.001516983438499816
123	 LLH-3	0.0013091240720583582	0.0013091240720583582
124	 LLH-1	0.0013091240720583582	0.0013091240720583582
125	 LLH-1	0.0013094131745615262	0.0013094131745615262
126	 LLH-2	0.001316405894989614	0.001316405894989614
127	 LLH-5	0.0013175664893907157	0.0013175664893907157
128	 LLH-1	0.0013175540678512132	0.0013175540678512132
129	 LLH-5	0.0013184778990699465	0.0013184778990699465
130	 LLH-0	0.0013198206362126956	0.0013198206362126956
131	 LLH-0	0.0013212786493631513	0.0013212786493631513
132	 LLH-4	0.0013197875264369598	0.0013197875264369598
137	 LLH-5	0.0013197379103571205	0.0013197379103571205
138	 LLH-2	0.0013069451524849785	0.0013069451524849785
139	 LLH-0	0.001305704829261645	0.001305704829261645
140	 LLH-3	0.001268600324617059	0.001268600324617059
141	 LLH-6	0.001269449868430938	0.001269449868430938
142	 LLH-4	0.0012686688320738273	0.0012686688320738273
144	 LLH-4	0.0012678685594902793	0.0012678685594902793
146	 LLH-1	0.0012679583901012462	0.0012679583901012462
147	 LLH-1	0.0012679583901012462	0.0012679583901012462
148	 LLH-4	0.0012665728796311055	0.0012665728796311055
150	 LLH-2	0.0012789303148276676	0.0012789303148276676
151	 LLH-4	0.0012777212842417138	0.0012777212842417138
154	 LLH-0	0.001276586276089528	0.001276586276089528
155	 LLH-5	0.0012767116654227445	0.0012767116654227445
156	 LLH-0	0.0012778634461783098	0.0012778634461783098
157	 LLH-4	0.0012778634461783098	0.0012778634461783098
162	 LLH-5	0.0012783168607001251	0.0012783168607001251
163	 LLH-5	0.0012798977411462528	0.0012798977411462528
164	 LLH-5	0.001280373372238735	0.001280373372238735
165	 LLH-4	0.001280373372238735	0.001280373372238735
170	 LLH-3	0.0013497820482939005	0.0013497820482939005
171	 LLH-4	0.001347614632750097	0.001347614632750097
173	 LLH-5	0.0013456466234014017	0.0013456466234014017
174	 LLH-5	0.001344221997314794	0.001344221997314794
175	 LLH-0	0.0013460890605999736	0.0013460890605999736
176	 LLH-6	0.0013451729449926613	0.0013451729449926613
177	 LLH-5	0.0013454947677879142	0.0013454947677879142
178	 LLH-6	0.0013454887487629424	0.0013454887487629424
179	 LLH-2	0.0013450513767868778	0.0013450513767868778
180	 LLH-5	0.0013457457360339358	0.0013457457360339358
181	 LLH-2	0.0013465932030109183	0.0013465932030109183
182	 LLH-6	0.0013467467126657487	0.0013467467126657487
183	 LLH-2	0.001327473911278175	0.001327473911278175
184	 LLH-5	0.001326422277334452	0.001326422277334452
185	 LLH-1	0.001326422277334452	0.001326422277334452
186	 LLH-3	0.001279384432220422	0.001279384432220422
187	 LLH-0	0.0012786264400570123	0.0012786264400570123
188	 LLH-5	0.001279289381703332	0.001279289381703332
189	 LLH-1	0.001280144279074722	0.001280144279074722
190	 LLH-0	0.0012812856495328785	0.0012812856495328785
191	 LLH-6	0.0012810554071452842	0.0012810554071452842
192	 LLH-0	0.0012801347062742327	0.0012801347062742327
193	 LLH-3	0.0012560796678279219	0.0012560796678279219
194	 LLH-6	0.0012558963598246593	0.0012558963598246593
195	 LLH-0	0.0012566326577581448	0.0012566326577581448
196	 LLH-3	0.001309721209181487	0.001309721209181487
197	 LLH-0	0.0013084555483939193	0.0013084555483939193
198	 LLH-2	0.001309839744110653	0.001309839744110653
199	 LLH-6	0.0013092985852353855	0.0013092985852353855
200	 LLH-5	0.001310100531251445	0.001310100531251445
201	 LLH-0	0.0013115064552268161	0.0013115064552268161
202	 LLH-4	0.0013097653839406074	0.0013097653839406074
204	 LLH-4	0.0013081940505368997	0.0013081940505368997
206	 LLH-0	0.0013066691881418663	0.0013066691881418663
207	 LLH-5	0.0013063350561715484	0.0013063350561715484
208	 LLH-1	0.0013057731889733971	0.0013057731889733971
209	 LLH-1	0.0013054181282628982	0.0013054181282628982
210	 LLH-1	0.0013054181282628982	0.0013054181282628982
211	 LLH-2	0.0013163929750597846	0.0013163929750597846
212	 LLH-6	0.0013168053397649478	0.0013168053397649478
213	 LLH-4	0.0013153232076153988	0.0013153232076153988
215	 LLH-5	0.001314292657994881	0.001314292657994881
216	 LLH-2	0.0013103883918747705	0.0013103883918747705
217	 LLH-5	0.0013103226335412898	0.0013103226335412898
218	 LLH-2	0.0013137477617630989	0.0013137477617630989
219	 LLH-2	0.0013042763881249268	0.0013042763881249268
220	 LLH-4	0.0013042763881249268	0.0013042763881249268
225	 LLH-4	0.0013042763881249268	0.0013042763881249268
230	 LLH-0	0.0013064109114949063	0.0013064109114949063
231	 LLH-3	0.0014359628772717974	0.0013064109114949063
232	 LLH-5	0.0013063507228304667	0.0013063507228304667
233	 LLH-2	0.0013230824196349673	0.0013230824196349673
234	 LLH-6	0.0013213119482669343	0.0013213119482669343
235	 LLH-1	0.0013213119482669343	0.0013213119482669343
236	 LLH-1	0.0013209994370015107	0.0013209994370015107
237	 LLH-2	0.0013196761587772692	0.0013196761587772692
238	 LLH-4	0.0013185045839747304	0.0013185045839747304
242	 LLH-2	0.0013257788723895427	0.0013257788723895427
243	 LLH-4	0.0013243488524707723	0.0013243488524707723
245	 LLH-2	0.0013182527546495237	0.0013182527546495237
246	 LLH-6	0.0013185757848531913	0.0013185757848531913
247	 LLH-0	0.001320362188268346	0.001320362188268346
248	 LLH-0	0.0013216713793086623	0.0013216713793086623
249	 LLH-5	0.0013219193250540709	0.0013219193250540709
250	 LLH-3	0.0012777174667643737	0.0012777174667643737
251	 LLH-5	0.0012774912528615622	0.0012774912528615622
252	 LLH-5	0.0012771189813263332	0.0012771189813263332
253	 LLH-0	0.0012762047529820556	0.0012762047529820556
254	 LLH-4	0.0012762047529820556	0.0012762047529820556
259	 LLH-4	0.0012752837198022446	0.0012752837198022446
261	 LLH-1	0.0012752837198022446	0.0012752837198022446
262	 LLH-4	0.0012743357587183027	0.0012743357587183027
266	 LLH-1	0.0012743357587183027	0.0012743357587183027
267	 LLH-1	0.0012743357587183027	0.0012743357587183027
268	 LLH-3	0.0012612489592132095	0.0012612489592132095
269	 LLH-1	0.0012612489592132095	0.0012612489592132095
270	 LLH-3	0.001289301088674601	0.001289301088674601
271	 LLH-0	0.0012877601137045113	0.0012877601137045113
272	 LLH-1	0.0012878263845105078	0.0012878263845105078
273	 LLH-2	0.0013059273371138812	0.0013059273371138812
274	 LLH-2	0.0013046335313386971	0.0013046335313386971
275	 LLH-6	0.0013043986982667053	0.0013043986982667053
276	 LLH-5	0.0013043986982667053	0.0013043986982667053
277	 LLH-0	0.0013032589480761838	0.0013032589480761838
278	 LLH-2	0.0013024152358071593	0.0013024152358071593
279	 LLH-0	0.0013035891100698122	0.0013035891100698122
280	 LLH-3	0.0014014356972292187	0.0013035891100698122
281	 LLH-2	0.0012857506173794427	0.0012857506173794427
282	 LLH-1	0.0012857506173794427	0.0012857506173794427
283	 LLH-3	0.001275014531531377	0.001275014531531377
284	 LLH-5	0.0012740041129093121	0.0012740041129093121
285	 LLH-3	0.0013194161996951653	0.0013194161996951653
286	 LLH-5	0.001319627154282284	0.001319627154282284
287	 LLH-6	0.0013196248411274816	0.0013196248411274816
288	 LLH-3	0.0012610924587980223	0.0012610924587980223
289	 LLH-1	0.0012610924587980223	0.0012610924587980223
290	 LLH-2	0.0012734557948076773	0.0012734557948076773
291	 LLH-3	0.0013723623533082895	0.0012734557948076773
292	 LLH-2	0.0012910621848133718	0.0012910621848133718
293	 LLH-3	0.0013485226534310155	0.0013485226534310155
294	 LLH-4	0.0013461289095876528	0.0013461289095876528
296	 LLH-4	0.0013438207502073675	0.0013438207502073675
298	 LLH-3	0.001463662232053169	0.001463662232053169
299	 LLH-4	0.0014601760439791225	0.0014601760439791225
301	 LLH-4	0.0014569604882255767	0.0014569604882255767
303	 LLH-3	0.0012888069041329371	0.0012888069041329371
304	 LLH-5	0.0012883877499186315	0.0012883877499186315
305	 LLH-0	0.0012868544304814517	0.0012868544304814517
306	 LLH-5	0.0012877453783470124	0.0012877453783470124
307	 LLH-4	0.0012877453783470124	0.0012877453783470124
312	 LLH-0	0.0013097520437425083	0.0013097520437425083
313	 LLH-3	0.001394596133853926	0.001394596133853926
314	 LLH-1	0.001394596133853926	0.001394596133853926
315	 LLH-3	0.0015689755553487893	0.0015689755553487893
316	 LLH-2	0.0014882228416154878	0.0014882228416154878
317	 LLH-4	0.0014841286245930209	0.0014841286245930209
320	 LLH-2	0.0013935071589050514	0.0013935071589050514
321	 LLH-1	0.0013939466290066537	0.0013939466290066537
322	 LLH-3	0.001553222756635163	0.0013939466290066537
323	 LLH-5	0.0013932252898495783	0.0013932252898495783
324	 LLH-0	0.001390604215353771	0.001390604215353771
325	 LLH-2	0.0013757723919680838	0.0013757723919680838
326	 LLH-0	0.0013783972323488797	0.0013783972323488797
327	 LLH-2	0.0013747194008991946	0.0013747194008991946
328	 LLH-6	0.0013774457493343092	0.0013774457493343092
329	 LLH-0	0.001375486961420975	0.001375486961420975
330	 LLH-4	0.0013728689412261846	0.0013728689412261846
332	 LLH-2	0.0013471726351676075	0.0013471726351676075
333	 LLH-0	0.0013446796097053557	0.0013446796097053557
334	 LLH-1	0.0013452096760610175	0.0013452096760610175
335	 LLH-4	0.00134327317039603	0.00134327317039603
338	 LLH-4	0.00134327317039603	0.00134327317039603
343	 LLH-6	0.001343750538136577	0.001343750538136577
344	 LLH-6	0.001344226355452605	0.001344226355452605
345	 LLH-3	0.0014735796356790728	0.001344226355452605
346	 LLH-2	0.001350046488775091	0.001350046488775091
347	 LLH-0	0.0013522118882391115	0.0013522118882391115
348	 LLH-2	0.0013502599776894367	0.0013502599776894367
349	 LLH-0	0.0013485283208419154	0.0013485283208419154
350	 LLH-5	0.0013465013221552193	0.0013465013221552193
351	 LLH-2	0.0013472544665719675	0.0013472544665719675
352	 LLH-4	0.0013454420630437437	0.0013454420630437437
354	 LLH-5	0.0013453394528141229	0.0013453394528141229
355	 LLH-0	0.0013473120341121554	0.0013473120341121554
356	 LLH-6	0.0013464179791466905	0.0013464179791466905
357	 LLH-4	0.0013443991229743365	0.0013443991229743365
359	 LLH-6	0.0013437299843065858	0.0013437299843065858
360	 LLH-4	0.0013416856582812585	0.0013416856582812585
362	 LLH-4	0.0013396352660789315	0.0013396352660789315
367	 LLH-0	0.0013416266173204032	0.0013416266173204032
368	 LLH-6	0.0013406323683870808	0.0013406323683870808
369	 LLH-0	0.0013422842066490043	0.0013422842066490043
370	 LLH-5	0.0013418665887416784	0.0013418665887416784
371	 LLH-4	0.00134015106404027	0.00134015106404027
373	 LLH-5	0.0013396618805639926	0.0013396618805639926
374	 LLH-6	0.0013396204505733446	0.0013396204505733446
375	 LLH-3	0.0012750653681619529	0.0012750653681619529
376	 LLH-6	0.0012759851818362773	0.0012759851818362773
377	 LLH-1	0.00127611453824394	0.00127611453824394
378	 LLH-5	0.0012767684718726874	0.0012767684718726874
379	 LLH-3	0.0013550660723109622	0.0013550660723109622
380	 LLH-6	0.0013542317407663988	0.0013542317407663988
381	 LLH-1	0.0013542317407663988	0.0013542317407663988
382	 LLH-1	0.0013542317407663988	0.0013542317407663988
383	 LLH-0	0.0013280012414737057	0.0013280012414737057
384	 LLH-5	0.0013284227143459003	0.0013284227143459003
385	 LLH-2	0.0013391902136417832	0.0013391902136417832
386	 LLH-0	0.00134104422911913	0.00134104422911913
387	 LLH-6	0.0013403372773996792	0.0013403372773996792
388	 LLH-5	0.00134026682052757	0.00134026682052757
389	 LLH-0	0.001342188903957162	0.001342188903957162
390	 LLH-4	0.0013404878498970226	0.0013404878498970226
392	 LLH-5	0.001340300714028863	0.001340300714028863
393	 LLH-4	0.001338327753750663	0.001338327753750663
398	 LLH-6	0.0013391159051227375	0.0013391159051227375
399	 LLH-3	0.0012733673012576623	0.0012733673012576623
400	 LLH-6	0.001272198374706461	0.001272198374706461
401	 LLH-6	0.001272162522874611	0.001272162522874611
402	 LLH-5	0.001272684359689775	0.001272684359689775
403	 LLH-3	0.0012489881798921822	0.0012489881798921822
404	 LLH-0	0.001265814319980941	0.001265814319980941
405	 LLH-3	0.001302283199022191	0.001302283199022191
406	 LLH-6	0.0013029278670935282	0.0013029278670935282
407	 LLH-3	0.0012594550925550294	0.0012594550925550294
408	 LLH-4	0.001258687267245893	0.001258687267245893
410	 LLH-1	0.001258687267245893	0.001258687267245893
411	 LLH-4	0.001258687267245893	0.001258687267245893
416	 LLH-6	0.0012593614476078278	0.0012593614476078278
417	 LLH-1	0.0012593052360081911	0.0012593052360081911
418	 LLH-0	0.00126002642126913	0.00126002642126913
419	 LLH-0	0.001259381042140445	0.001259381042140445
420	 LLH-0	0.0012586741762488228	0.0012586741762488228
421	 LLH-3	0.0013119130849332614	0.0013119130849332614
422	 LLH-1	0.001311495729855899	0.001311495729855899
423	 LLH-6	0.0013103089150901443	0.0013103089150901443
424	 LLH-1	0.0013102959489709716	0.0013102959489709716
425	 LLH-4	0.0013085697611775597	0.0013085697611775597
427	 LLH-2	0.0013097134274706506	0.0013097134274706506
428	 LLH-1	0.0013097134274706506	0.0013097134274706506
429	 LLH-6	0.0013106650953164402	0.0013106650953164402
430	 LLH-0	0.0013091980382889785	0.0013091980382889785
431	 LLH-5	0.001311244960758965	0.001311244960758965
432	 LLH-2	0.001319287332818214	0.001319287332818214
433	 LLH-1	0.0013195398811983686	0.0013195398811983686
434	 LLH-4	0.0013179414691411296	0.0013179414691411296
437	 LLH-6	0.0013184019625064544	0.0013184019625064544
438	 LLH-2	0.0013152426250147538	0.0013152426250147538
439	 LLH-5	0.0013142940468364383	0.0013142940468364383
440	 LLH-6	0.0013177497205696085	0.0013177497205696085
441	 LLH-0	0.0013162991617536074	0.0013162991617536074
442	 LLH-5	0.0013174694647777774	0.0013174694647777774
443	 LLH-4	0.0013159308991816815	0.0013159308991816815
448	 LLH-1	0.001316022208806849	0.001316022208806849
449	 LLH-6	0.0013152694909752218	0.0013152694909752218
450	 LLH-4	0.0013136509966751586	0.0013136509966751586
452	 LLH-5	0.0013133938014502273	0.0013133938014502273
453	 LLH-4	0.0013119042852380376	0.0013119042852380376
456	 LLH-5	0.0013103165136599628	0.0013103165136599628
457	 LLH-5	0.0013084942862166004	0.0013084942862166004
458	 LLH-3	0.0012691623517622674	0.0012691623517622674
459	 LLH-3	0.0013283816401507206	0.0012691623517622674
460	 LLH-4	0.0012682437247708005	0.0012682437247708005
462	 LLH-4	0.0012670632972455766	0.0012670632972455766
465	 LLH-6	0.001267916036399773	0.001267916036399773
466	 LLH-4	0.0012671214190886036	0.0012671214190886036
471	 LLH-4	0.0012660754143580006	0.0012660754143580006
474	 LLH-3	0.0013503965207757537	0.0013503965207757537
475	 LLH-0	0.0013523997336605013	0.0013523997336605013
476	 LLH-2	0.0013294510444080432	0.0013294510444080432
477	 LLH-0	0.001327383248412534	0.001327383248412534
478	 LLH-0	0.0013292237459895959	0.0013292237459895959
479	 LLH-6	0.001328757678627088	0.001328757678627088
480	 LLH-5	0.0013299260498741542	0.0013299260498741542
481	 LLH-2	0.0013448411123732796	0.0013448411123732796
482	 LLH-3	0.0012672236735136134	0.0012672236735136134
483	 LLH-3	0.0013307044392981899	0.0013307044392981899
484	 LLH-4	0.0013289896023659902	0.0013289896023659902
487	 LLH-6	0.0013290548239391214	0.0013290548239391214
488	 LLH-4	0.0013290548239391214	0.0013290548239391214
493	 LLH-3	0.0014853923100207793	0.0013290548239391214
494	 LLH-1	0.0013284429705435826	0.0013284429705435826
495	 LLH-1	0.0013284429705435826	0.0013284429705435826
496	 LLH-0	0.0013301922349874917	0.0013301922349874917
497	 LLH-6	0.001331779332958267	0.001331779332958267
498	 LLH-4	0.0013299557871217164	0.0013299557871217164
502	 LLH-1	0.0013298914994071783	0.0013298914994071783
503	 LLH-3	0.0015278665308132277	0.0013298914994071783
504	 LLH-2	0.001329998131660611	0.001329998131660611
505	 LLH-0	0.0013561331372794285	0.0013561331372794285
506	 LLH-1	0.0013559659860277284	0.0013559659860277284
507	 LLH-1	0.0013552894920149574	0.0013552894920149574
508	 LLH-4	0.0013299316908497046	0.0013299316908497046
510	 LLH-4	0.0013299316908497046	0.0013299316908497046
515	 LLH-3	0.0014608369879026183	0.0013299316908497046
516	 LLH-6	0.0013299277274435566	0.0013299277274435566
517	 LLH-5	0.0013303070400140617	0.0013303070400140617
518	 LLH-1	0.0013307937154797464	0.0013307937154797464
519	 LLH-1	0.0013308875790944406	0.0013308875790944406
520	 LLH-3	0.0014263444262134768	0.0013308875790944406
521	 LLH-3	0.0012811905505339173	0.0012811905505339173
522	 LLH-1	0.0012810705967523008	0.0012810705967523008
523	 LLH-3	0.0013544082469232998	0.0013544082469232998
524	 LLH-1	0.001354561499957061	0.001354561499957061
525	 LLH-1	0.0013546053812602025	0.0013546053812602025
526	 LLH-3	0.001275657605468447	0.001275657605468447
527	 LLH-4	0.0012747036483793535	0.0012747036483793535
530	 LLH-5	0.0012750860844789086	0.0012750860844789086
531	 LLH-3	0.0012604536015777656	0.0012604536015777656
532	 LLH-0	0.0012613766847541683	0.0012613766847541683
533	 LLH-5	0.0012615553073879618	0.0012615553073879618
534	 LLH-6	0.001262192469480105	0.001262192469480105
535	 LLH-5	0.0012614753117634093	0.0012614753117634093
536	 LLH-5	0.0012604124272063684	0.0012604124272063684
537	 LLH-4	0.0012604124272063684	0.0012604124272063684
542	 LLH-2	0.0012653758685327525	0.0012653758685327525
543	 LLH-4	0.0012645897426393602	0.0012645897426393602
548	 LLH-3	0.0013331071678383479	0.0013331071678383479
549	 LLH-6	0.001335434895239827	0.001335434895239827
550	 LLH-2	0.0013234551974176474	0.0013234551974176474
551	 LLH-1	0.0013237817458259583	0.0013237817458259583
552	 LLH-2	0.001317164828697103	0.001317164828697103
553	 LLH-4	0.0013153927280772566	0.0013153927280772566
556	 LLH-5	0.001315993842033278	0.001315993842033278
557	 LLH-5	0.0013159182347028532	0.0013159182347028532
558	 LLH-6	0.001315183007632521	0.001315183007632521
559	 LLH-4	0.0013138085852893435	0.0013138085852893435
561	 LLH-2	0.0013137684030681924	0.0013137684030681924
562	 LLH-1	0.0013140890983402882	0.0013140890983402882
563	 LLH-5	0.0013152391381296307	0.0013152391381296307
564	 LLH-1	0.0013152391381296307	0.0013152391381296307
565	 LLH-4	0.0013152391381296307	0.0013152391381296307
570	 LLH-2	0.0013041179792192049	0.0013041179792192049
571	 LLH-1	0.0013041259174388373	0.0013041259174388373
572	 LLH-1	0.0013041259174388373	0.0013041259174388373
573	 LLH-6	0.0013039915606805185	0.0013039915606805185
574	 LLH-3	0.0012669345748690596	0.0012669345748690596
575	 LLH-0	0.0012678390404375192	0.0012678390404375192
576	 LLH-4	0.0012678390404375192	0.0012678390404375192
581	 LLH-5	0.0012677950888053474	0.0012677950888053474
582	 LLH-3	0.0012568162180974084	0.0012568162180974084
583	 LLH-5	0.0012574250393552855	0.0012574250393552855
584	 LLH-6	0.0012576422829652634	0.0012576422829652634
585	 LLH-0	0.0012582325744064323	0.0012582325744064323
586	 LLH-6	0.0012579045694079008	0.0012579045694079008
587	 LLH-5	0.0012577799935047452	0.0012577799935047452
588	 LLH-5	0.0012577752064508424	0.0012577752064508424
589	 LLH-5	0.0012583843860615542	0.0012583843860615542
590	 LLH-1	0.0012583843860615542	0.0012583843860615542
591	 LLH-5	0.0012580124956443584	0.0012580124956443584
592	 LLH-3	0.0012553773384629601	0.0012553773384629601
593	 LLH-6	0.0012551984242830487	0.0012551984242830487
594	 LLH-6	0.001254798182493278	0.001254798182493278
595	 LLH-6	0.0012551137607288224	0.0012551137607288224
596	 LLH-5	0.0012548330298226868	0.0012548330298226868
597	 LLH-0	0.001255364577387705	0.001255364577387705
598	 LLH-2	0.0012454718711877582	0.0012454718711877582
599	 LLH-2	0.0012642130645816538	0.0012454718711877582
600	 LLH-2	0.0012633429144136698	0.0012454718711877582
601	 LLH-4	0.0012454718711877582	0.0012454718711877582
606	 LLH-4	0.0012454718711877582	0.0012454718711877582
611	 LLH-6	0.0012454703513674103	0.0012454703513674103
612	 LLH-1	0.0012454703513674103	0.0012454703513674103
613	 LLH-6	0.0012466623715059167	0.0012466623715059167
614	 LLH-3	0.0012845168165328653	0.0012845168165328653
615	 LLH-5	0.0012850436559834458	0.0012850436559834458
616	 LLH-4	0.0012839095670925333	0.0012839095670925333
620	 LLH-3	0.0012692658778232918	0.0012692658778232918
621	 LLH-1	0.0012692658778232918	0.0012692658778232918
622	 LLH-5	0.001268798995965376	0.001268798995965376
623	 LLH-6	0.0012692465176499682	0.0012692465176499682
624	 LLH-4	0.0012692465176499682	0.0012692465176499682
629	 LLH-6	0.001270046032543277	0.001270046032543277
630	 LLH-2	0.001269460081718627	0.001269460081718627
631	 LLH-1	0.001269186165515921	0.001269186165515921
632	 LLH-2	0.0012617383324713494	0.0012617383324713494
633	 LLH-1	0.0012617383324713494	0.0012617383324713494
634	 LLH-1	0.0012617383324713494	0.0012617383324713494
635	 LLH-0	0.0012627969767367605	0.0012627969767367605
636	 LLH-4	0.0012619786346964135	0.0012619786346964135
638	 LLH-1	0.0012620837597185637	0.0012620837597185637
639	 LLH-1	0.0012620837597185637	0.0012620837597185637
640	 LLH-5	0.0012622124349801957	0.0012622124349801957
641	 LLH-2	0.0012714841327074494	0.0012622124349801957
642	 LLH-2	0.0012745433362148593	0.0012622124349801957
643	 LLH-0	0.0012611187119809099	0.0012611187119809099
644	 LLH-5	0.0012609971526108133	0.0012609971526108133
645	 LLH-2	0.0012873004439758555	0.0012873004439758555
646	 LLH-1	0.0012873004439758555	0.0012873004439758555
647	 LLH-5	0.001287694554534335	0.001287694554534335
648	 LLH-1	0.001287694554534335	0.001287694554534335
649	 LLH-3	0.001263076347424665	0.001263076347424665
650	 LLH-4	0.0012624415601164337	0.0012624415601164337
653	 LLH-6	0.001262336506097023	0.001262336506097023
654	 LLH-2	0.0012667120666546411	0.0012667120666546411
655	 LLH-1	0.0012667120666546411	0.0012667120666546411
656	 LLH-0	0.0012658239741782094	0.0012658239741782094
657	 LLH-0	0.0012650831138247985	0.0012650831138247985
658	 LLH-5	0.0012639102224079378	0.0012639102224079378
659	 LLH-4	0.0012630264574670486	0.0012630264574670486
661	 LLH-1	0.0012630264574670486	0.0012630264574670486
662	 LLH-4	0.0012619159178749657	0.0012619159178749657
665	 LLH-4	0.0012611608552795363	0.0012611608552795363
667	 LLH-2	0.001276471053662973	0.0012611608552795363
668	 LLH-0	0.0012618589600111385	0.0012618589600111385
669	 LLH-0	0.0012609821535024867	0.0012609821535024867
670	 LLH-2	0.0012806660891857774	0.0012609821535024867
671	 LLH-3	0.001339451169233234	0.0012609821535024867
672	 LLH-5	0.0012619259899802804	0.0012619259899802804
673	 LLH-1	0.0012619259899802804	0.0012619259899802804
674	 LLH-2	0.0012665751756636302	0.0012665751756636302
675	 LLH-5	0.0012648115458956711	0.0012648115458956711
676	 LLH-3	0.0012647305625064107	0.0012647305625064107
677	 LLH-1	0.001264790032048332	0.001264790032048332
678	 LLH-6	0.0012648970380903174	0.0012648970380903174
679	 LLH-2	0.0012670292772433735	0.0012670292772433735
680	 LLH-3	0.0012565737283489187	0.0012565737283489187
681	 LLH-6	0.0012571006158223293	0.0012571006158223293
682	 LLH-3	0.0012468286914917729	0.0012468286914917729
683	 LLH-1	0.0012469387147979636	0.0012469387147979636
684	 LLH-6	0.0012472484155837452	0.0012472484155837452
685	 LLH-2	0.0012478989161356742	0.0012478989161356742
686	 LLH-5	0.001247458734376049	0.001247458734376049
687	 LLH-0	0.0012484645381306391	0.0012484645381306391
688	 LLH-3	0.0012872773729153144	0.0012872773729153144
689	 LLH-2	0.001286926371340715	0.001286926371340715
690	 LLH-1	0.001286926371340715	0.001286926371340715
691	 LLH-6	0.0012845603743859022	0.0012845603743859022
692	 LLH-1	0.0012845603743859022	0.0012845603743859022
693	 LLH-6	0.0012875212015386645	0.0012875212015386645
694	 LLH-2	0.0013007153318318164	0.0013007153318318164
695	 LLH-6	0.0013001354684272813	0.0013001354684272813
696	 LLH-5	0.0013015805346713741	0.0013015805346713741
697	 LLH-0	0.0013030167832833418	0.0013030167832833418
698	 LLH-0	0.0013042937954812197	0.0013042937954812197
699	 LLH-4	0.0013030660036534012	0.0013030660036534012
704	 LLH-1	0.0013030910077449175	0.0013030910077449175
705	 LLH-5	0.0013025521380676762	0.0013025521380676762
706	 LLH-6	0.0013039414845061748	0.0013039414845061748
707	 LLH-4	0.0013023155660692644	0.0013023155660692644
709	 LLH-4	0.0013010266510747766	0.0013010266510747766
712	 LLH-3	0.001385978919559604	0.0013010266510747766
713	 LLH-1	0.001300975238159057	0.001300975238159057
714	 LLH-5	0.0013011023186744208	0.0013011023186744208
715	 LLH-1	0.0013010085813642378	0.0013010085813642378
716	 LLH-0	0.0012994725858362895	0.0012994725858362895
717	 LLH-0	0.0013011937853214643	0.0013011937853214643
718	 LLH-1	0.0013014387429562296	0.0013014387429562296
719	 LLH-1	0.0013014387429562296	0.0013014387429562296
720	 LLH-5	0.001300758225233714	0.001300758225233714
721	 LLH-1	0.0013009322692832356	0.0013009322692832356
722	 LLH-4	0.0012992351075510175	0.0012992351075510175
725	 LLH-5	0.0013000379223727725	0.0013000379223727725
726	 LLH-4	0.0012986285591432413	0.0012986285591432413
728	 LLH-1	0.0012986285591432413	0.0012986285591432413
729	 LLH-5	0.0012982979365630002	0.0012982979365630002
730	 LLH-6	0.0012998267716301925	0.0012998267716301925
731	 LLH-6	0.0012994638487550513	0.0012994638487550513
732	 LLH-5	0.0012998901656783302	0.0012998901656783302
733	 LLH-2	0.0012866827082834934	0.0012866827082834934
734	 LLH-4	0.0012866827082834934	0.0012866827082834934
739	 LLH-2	0.0013079148123073727	0.0013079148123073727
740	 LLH-4	0.0013065857514097383	0.0013065857514097383
743	 LLH-6	0.0013079414673231515	0.0013079414673231515
744	 LLH-5	0.001305504850113438	0.001305504850113438
745	 LLH-4	0.0013041648700834888	0.0013041648700834888
749	 LLH-1	0.0013041648700834888	0.0013041648700834888
750	 LLH-0	0.0013056959785450303	0.0013056959785450303
751	 LLH-4	0.0013045793780602833	0.0013045793780602833
754	 LLH-2	0.0013091416222107172	0.0013045793780602833
755	 LLH-3	0.0012681546580619475	0.0012681546580619475
756	 LLH-2	0.0012806249933797074	0.0012806249933797074
757	 LLH-3	0.0012610307493960168	0.0012610307493960168
758	 LLH-2	0.0012534690246938961	0.0012534690246938961
759	 LLH-3	0.0013169042219118884	0.0012534690246938961
760	 LLH-2	0.001267803482330309	0.001267803482330309
761	 LLH-5	0.0012677657007873322	0.0012677657007873322
762	 LLH-4	0.0012666400852818843	0.0012666400852818843
766	 LLH-1	0.0012666400852818843	0.0012666400852818843
767	 LLH-2	0.0012770882232690638	0.0012666400852818843
768	 LLH-3	0.0012598448365795686	0.0012598448365795686
769	 LLH-2	0.0012617855366967806	0.0012617855366967806
770	 LLH-4	0.001260719295825126	0.001260719295825126
772	 LLH-1	0.0012610906568626557	0.0012610906568626557
773	 LLH-4	0.001260150737536453	0.001260150737536453
776	 LLH-1	0.001260150737536453	0.001260150737536453
777	 LLH-6	0.0012606375849326785	0.0012606375849326785
778	 LLH-6	0.0012616166480455728	0.0012616166480455728
779	 LLH-0	0.0012622631927449984	0.0012622631927449984
780	 LLH-3	0.0013105382852895598	0.0012622631927449984
781	 LLH-3	0.0012582446883090555	0.0012582446883090555
782	 LLH-5	0.00125763645966622	0.00125763645966622
783	 LLH-2	0.0012498376725840433	0.0012498376725840433
784	 LLH-0	0.001249059974625619	0.001249059974625619
785	 LLH-6	0.0012498649162997828	0.0012498649162997828
786	 LLH-5	0.0012499306100582808	0.0012499306100582808
787	 LLH-2	0.001269421193844926	0.001269421193844926
788	 LLH-2	0.001280445990554915	0.001269421193844926
789	 LLH-6	0.0012693038422035862	0.0012693038422035862
790	 LLH-4	0.0012693038422035862	0.0012693038422035862
795	 LLH-5	0.0012697013838604016	0.0012697013838604016
796	 LLH-5	0.0012708484289705516	0.0012708484289705516
797	 LLH-3	0.0013149476545486244	0.0013149476545486244
798	 LLH-3	0.0012690203928969492	0.0012690203928969492
799	 LLH-4	0.001268156800154888	0.001268156800154888
802	 LLH-3	0.0013303548311517656	0.001268156800154888
803	 LLH-4	0.0012672670857949112	0.0012672670857949112
805	 LLH-6	0.001268188855513811	0.001268188855513811
806	 LLH-4	0.0012670320959579935	0.0012670320959579935
808	 LLH-6	0.001266570671088645	0.001266570671088645
809	 LLH-5	0.0012668794634126364	0.0012668794634126364
810	 LLH-0	0.0012676603070537757	0.0012676603070537757
811	 LLH-5	0.001267401752880885	0.001267401752880885
812	 LLH-2	0.0012740120501581451	0.001267401752880885
813	 LLH-1	0.001267650461147675	0.001267650461147675
814	 LLH-4	0.001266612898666132	0.001266612898666132
816	 LLH-6	0.0012667923676513671	0.0012667923676513671
817	 LLH-3	0.0013346072005138712	0.0012667923676513671
818	 LLH-2	0.0012830527529157079	0.0012830527529157079
819	 LLH-3	0.0013281504601403826	0.0012830527529157079
820	 LLH-4	0.001281894484701481	0.001281894484701481
822	 LLH-1	0.001281894484701481	0.001281894484701481
823	 LLH-3	0.001333311682188615	0.001281894484701481
824	 LLH-1	0.0012818277157496973	0.0012818277157496973
825	 LLH-1	0.0012818277157496973	0.0012818277157496973
826	 LLH-5	0.0012837100745049874	0.0012818277157496973
827	 LLH-5	0.0012818181533280596	0.0012818181533280596
828	 LLH-4	0.0012806850279650185	0.0012806850279650185
830	 LLH-3	0.0013552886793461098	0.0012806850279650185
831	 LLH-5	0.0012795408185354586	0.0012795408185354586
832	 LLH-0	0.0012808586727520899	0.0012808586727520899
833	 LLH-4	0.0012798638631185703	0.0012798638631185703
837	 LLH-3	0.0013481342212196918	0.0012798638631185703
838	 LLH-1	0.0012792047226802032	0.0012792047226802032
839	 LLH-5	0.0012787970094009144	0.0012787970094009144
840	 LLH-6	0.001278913949957682	0.001278913949957682
841	 LLH-0	0.0012780329142074364	0.0012780329142074364
842	 LLH-1	0.0012780329142074364	0.0012780329142074364
843	 LLH-2	0.0012874309041500623	0.0012780329142074364
844	 LLH-3	0.0012660924059600758	0.0012660924059600758
845	 LLH-5	0.0012671164426868655	0.0012671164426868655
846	 LLH-5	0.0012653314421407448	0.0012653314421407448
847	 LLH-3	0.0012991403631594234	0.0012653314421407448
848	 LLH-6	0.0012645439518784599	0.0012645439518784599
849	 LLH-2	0.001271873539388819	0.001271873539388819
850	 LLH-3	0.0012487775622648948	0.0012487775622648948
851	 LLH-1	0.0012487775622648948	0.0012487775622648948
852	 LLH-0	0.0012495431627670079	0.0012495431627670079
853	 LLH-1	0.0012495431627670079	0.0012495431627670079
854	 LLH-3	0.0013090891383287621	0.0012495431627670079
855	 LLH-4	0.0012488139280598012	0.0012488139280598012
859	 LLH-3	0.0013182062196250006	0.0012488139280598012
860	 LLH-2	0.0012594978894216013	0.0012488139280598012
861	 LLH-6	0.001248681271207185	0.001248681271207185
862	 LLH-5	0.0012502812120874912	0.001248681271207185
863	 LLH-3	0.0013090044365128243	0.001248681271207185
864	 LLH-1	0.001248681271207185	0.001248681271207185
865	 LLH-6	0.001248929820648378	0.001248929820648378
866	 LLH-4	0.001248333527843803	0.001248333527843803
869	 LLH-3	0.0013248634018858817	0.001248333527843803
870	 LLH-3	0.0013146267690661848	0.001248333527843803
871	 LLH-2	0.0012548396736978273	0.0012548396736978273
872	 LLH-1	0.0012548391022931065	0.0012548391022931065
873	 LLH-5	0.001254313043969188	0.001254313043969188
874	 LLH-2	0.0012680909034158794	0.0012680909034158794
875	 LLH-1	0.001268044735063574	0.001268044735063574
876	 LLH-1	0.001268044735063574	0.001268044735063574
877	 LLH-3	0.001309215547046016	0.001309215547046016
878	 LLH-1	0.0013088226314466594	0.0013088226314466594
879	 LLH-0	0.0013067793452043114	0.0013067793452043114
880	 LLH-2	0.0013018316766590077	0.0013018316766590077
881	 LLH-4	0.0013018316766590077	0.0013018316766590077
886	 LLH-1	0.0013021813275440007	0.0013021813275440007
887	 LLH-4	0.0013021813275440007	0.0013021813275440007
892	 LLH-3	0.0014076905422106614	0.0013021813275440007
893	 LLH-3	0.0014239208213316268	0.0013021813275440007
894	 LLH-2	0.0012961462193553418	0.0012961462193553418
895	 LLH-4	0.0012948229855926305	0.0012948229855926305
897	 LLH-6	0.0012938318612543923	0.0012938318612543923
898	 LLH-5	0.0012932219829020948	0.0012932219829020948
899	 LLH-3	0.0014053190641489777	0.0012932219829020948
900	 LLH-2	0.0013029417899798658	0.0013029417899798658
901	 LLH-5	0.0013025309343846166	0.0013025309343846166
902	 LLH-3	0.0012649011582368834	0.0012649011582368834
903	 LLH-3	0.0012476389135400129	0.0012476389135400129
904	 LLH-5	0.0012493249156406117	0.0012493249156406117
905	 LLH-2	0.0012502449541730574	0.0012502449541730574
906	 LLH-0	0.0012508699667394723	0.0012508699667394723
907	 LLH-6	0.0012512244441250499	0.0012512244441250499
908	 LLH-1	0.0012512244441250499	0.0012512244441250499
909	 LLH-4	0.0012512244441250499	0.0012512244441250499
914	 LLH-0	0.0012519982548553376	0.0012519982548553376
915	 LLH-2	0.0012545977002128787	0.0012545977002128787
916	 LLH-4	0.0012537847475624258	0.0012537847475624258
919	 LLH-3	0.001325643381330885	0.0012537847475624258
920	 LLH-3	0.0013243348998015453	0.0012537847475624258
921	 LLH-0	0.0012545280314330753	0.0012545280314330753
922	 LLH-3	0.0013259440393337926	0.0012545280314330753
923	 LLH-1	0.0012547002204045398	0.0012547002204045398
924	 LLH-5	0.0012551048868136635	0.0012551048868136635
925	 LLH-0	0.0012558420939287858	0.0012558420939287858
926	 LLH-3	0.001304459724898576	0.0012558420939287858
927	 LLH-2	0.001261856985814055	0.001261856985814055
928	 LLH-5	0.0012618134135010093	0.0012618134135010093
929	 LLH-4	0.0012618134135010093	0.0012618134135010093
934	 LLH-4	0.0012618134135010093	0.0012618134135010093
939	 LLH-2	0.001282913420500565	0.001282913420500565
940	 LLH-0	0.001281844364286178	0.001281844364286178
941	 LLH-4	0.001281844364286178	0.001281844364286178
946	 LLH-0	0.0012805208221310395	0.0012805208221310395
947	 LLH-5	0.0012809064363627231	0.0012809064363627231
948	 LLH-2	0.0012817836914160614	0.0012817836914160614
949	 LLH-2	0.0012905868654795177	0.0012817836914160614
950	 LLH-1	0.0012818201327055943	0.0012818201327055943
951	 LLH-5	0.0012817671475781472	0.0012817671475781472
952	 LLH-4	0.0012805605954512953	0.0012805605954512953
954	 LLH-3	0.001337209617084205	0.0012805605954512953
955	 LLH-5	0.001280947640386384	0.001280947640386384
956	 LLH-0	0.0012821763377093408	0.0012821763377093408
957	 LLH-0	0.0012832295920022106	0.0012821763377093408
958	 LLH-4	0.0012808891844746637	0.0012808891844746637
960	 LLH-0	0.0012824566853526223	0.0012824566853526223
961	 LLH-4	0.0012811687064758397	0.0012811687064758397
965	 LLH-2	0.0012928515269125898	0.0012928515269125898
966	 LLH-3	0.0014166668126322694	0.0012928515269125898
967	 LLH-1	0.001293067363201441	0.001293067363201441
968	 LLH-4	0.0012918852914117574	0.0012918852914117574
972	 LLH-3	0.0012612317950529248	0.0012612317950529248
973	 LLH-3	0.0012545756304132803	0.0012545756304132803
974	 LLH-3	0.00125771621335491	0.0012545756304132803
975	 LLH-1	0.0012545756304132803	0.0012545756304132803
976	 LLH-0	0.0012539264711543892	0.0012539264711543892
977	 LLH-2	0.001265520563501935	0.0012539264711543892
978	 LLH-6	0.0012544485280048198	0.0012544485280048198
979	 LLH-5	0.001254591047720961	0.001254591047720961
980	 LLH-4	0.0012540194524142075	0.0012540194524142075
985	 LLH-5	0.0012537020467630398	0.0012537020467630398
986	 LLH-3	0.0013003893260786269	0.0012537020467630398
987	 LLH-0	0.0012541932851440319	0.0012541932851440319
988	 LLH-3	0.0012575057910841337	0.0012575057910841337
989	 LLH-6	0.0012570519871472755	0.0012570519871472755
990	 LLH-1	0.0012570351043625916	0.0012570351043625916
991	 LLH-5	0.0012567273612009652	0.0012567273612009652
992	 LLH-4	0.0012562677458205695	0.0012562677458205695
995	 LLH-2	0.0012598640158283968	0.0012598640158283968
996	 LLH-1	0.0012596301558345125	0.0012596301558345125
997	 LLH-0	0.0012603214828647976	0.0012603214828647976
998	 LLH-2	0.0012673456772448058	0.0012603214828647976
999	 LLH-6	0.001260988393199717	0.001260988393199717
1000	 LLH-5	0.0012609587841026979	0.0012609587841026979
1001	 LLH-5	0.0012616314865664482	0.0012616314865664482
1002	 LLH-6	0.0012616333495156647	0.0012616333495156647
1003	 LLH-2	0.0012697672150103346	0.0012697672150103346
1004	 LLH-2	0.0012685659518213374	0.0012685659518213374
1005	 LLH-6	0.001268912557125207	0.001268912557125207
1006	 LLH-6	0.0012698360186417562	0.0012698360186417562
1007	 LLH-6	0.0012694408257523373	0.0012694408257523373
1008	 LLH-5	0.0012701200063081337	0.0012701200063081337
1009	 LLH-2	0.001262517393149339	0.001262517393149339
1010	 LLH-4	0.001262517393149339	0.001262517393149339
1015	 LLH-6	0.0012607188779357012	0.0012607188779357012
1016	 LLH-0	0.0012794945028450657	0.0012607188779357012
1017	 LLH-3	0.0012498049086668865	0.0012498049086668865
1018	 LLH-0	0.0012504617508180365	0.0012504617508180365
1019	 LLH-0	0.001251206654852153	0.001251206654852153
1020	 LLH-2	0.0012689897393333778	0.001251206654852153
1021	 LLH-1	0.001251206654852153	0.001251206654852153
1022	 LLH-2	0.001254727385479246	0.001254727385479246
1023	 LLH-2	0.0012654866082908573	0.0012654866082908573
1024	 LLH-6	0.0012665380111558891	0.0012665380111558891
1025	 LLH-5	0.001266820247169913	0.001266820247169913
1026	 LLH-2	0.0012787672799423073	0.001266820247169913
1027	 LLH-0	0.0012677573250796093	0.0012677573250796093
1028	 LLH-6	0.001267822392296833	0.001267822392296833
1029	 LLH-4	0.0012666570048085403	0.0012666570048085403
1033	 LLH-0	0.0012659433843924593	0.0012659433843924593
1034	 LLH-4	0.001264861648053826	0.001264861648053826
1038	 LLH-0	0.0012658910278258852	0.0012658910278258852
1039	 LLH-6	0.0012672991578307573	0.0012672991578307573
1040	 LLH-2	0.0012751075967325147	0.0012751075967325147
1041	 LLH-0	0.0012761840546204365	0.0012761840546204365
1042	 LLH-2	0.001278344266519689	0.001278344266519689
1043	 LLH-4	0.0012772357931649077	0.0012772357931649077
1046	 LLH-3	0.0012605528719040185	0.0012605528719040185
1047	 LLH-0	0.001261068996136802	0.001261068996136802
1048	 LLH-3	0.0013018442135186246	0.001261068996136802
1049	 LLH-2	0.00126207120311234	0.001261068996136802
1050	 LLH-4	0.001261068996136802	0.001261068996136802
1055	 LLH-6	0.0012598691055923492	0.0012598691055923492
1056	 LLH-4	0.0012593131663675768	0.0012593131663675768
1058	 LLH-3	0.0012969689402589075	0.0012969689402589075
1059	 LLH-1	0.0012969689402589075	0.0012969689402589075
1060	 LLH-6	0.0012952628165787533	0.0012952628165787533
1061	 LLH-5	0.0012959078405053303	0.0012959078405053303
1062	 LLH-2	0.001297057963987165	0.001297057963987165
1063	 LLH-3	0.0013932736175267736	0.001297057963987165
1064	 LLH-0	0.0012985124152892357	0.0012985124152892357
1065	 LLH-1	0.0012986692010795724	0.0012986692010795724
1066	 LLH-6	0.001297765327195127	0.001297765327195127
1067	 LLH-0	0.0012992670945106606	0.0012992670945106606
1068	 LLH-4	0.0012992670945106606	0.0012992670945106606
1073	 LLH-4	0.001297814918438301	0.001297814918438301
1078	 LLH-3	0.0014094028529816273	0.001297814918438301
1079	 LLH-0	0.001299381563344804	0.001299381563344804
1080	 LLH-2	0.0013158122022600557	0.001299381563344804
1081	 LLH-2	0.0012935668753627971	0.0012935668753627971
1082	 LLH-3	0.0013838132525662654	0.0012935668753627971
1083	 LLH-1	0.001293996997490719	0.001293996997490719
1084	 LLH-4	0.0012928610505630628	0.0012928610505630628
1088	 LLH-4	0.0012915917233307925	0.0012915917233307925
1093	 LLH-5	0.0012923538790563449	0.0012923538790563449
1094	 LLH-4	0.0012910416702730679	0.0012910416702730679
1097	 LLH-5	0.0012907460468532344	0.0012907460468532344
1098	 LLH-5	0.0012900432517358965	0.0012900432517358965
1099	 LLH-1	0.001289714178300442	0.001289714178300442
1100	 LLH-0	0.0012887208011078135	0.0012887208011078135
1101	 LLH-6	0.001288574549557814	0.001288574549557814
1102	 LLH-6	0.0012877927259143196	0.0012877927259143196
1103	 LLH-1	0.0012877927259143196	0.0012877927259143196
1104	 LLH-5	0.0012871775179280156	0.0012871775179280156
1105	 LLH-4	0.0012854486830653658	0.0012854486830653658
1109	 LLH-1	0.0012852609543606021	0.0012852609543606021
1110	 LLH-5	0.0012857760756325482	0.0012857760756325482
1111	 LLH-5	0.001287318000706552	0.001287318000706552
1112	 LLH-5	0.0012869112538920302	0.0012869112538920302
1113	 LLH-1	0.0012867795390816344	0.0012867795390816344
1114	 LLH-5	0.0012876137475821507	0.0012876137475821507
1115	 LLH-6	0.0012883797971346691	0.0012883797971346691
1116	 LLH-3	0.001398108461893533	0.0012883797971346691
1117	 LLH-3	0.001419699916585285	0.0012883797971346691
1118	 LLH-6	0.0012878698627585218	0.0012878698627585218
1119	 LLH-3	0.001349287137498805	0.0012878698627585218
1120	 LLH-0	0.001309737775955882	0.0012878698627585218
1121	 LLH-6	0.001287557453689644	0.001287557453689644
1122	 LLH-5	0.001287559869627526	0.001287559869627526
1123	 LLH-3	0.0012638092390873914	0.0012638092390873914
1124	 LLH-5	0.0012639461214258268	0.0012639461214258268
1125	 LLH-1	0.0012639076805999127	0.0012639076805999127
1126	 LLH-4	0.0012631867267939717	0.0012631867267939717
1128	 LLH-1	0.0012630859106926833	0.0012630859106926833
1129	 LLH-4	0.00126240558343521	0.00126240558343521
1133	 LLH-5	0.001262701393369706	0.001262701393369706
1134	 LLH-5	0.0012627864538616838	0.0012627864538616838
1135	 LLH-4	0.0012617446542288369	0.0012617446542288369
1138	 LLH-4	0.001260798379564112	0.001260798379564112
1141	 LLH-5	0.0012600819695300872	0.0012600819695300872
1142	 LLH-5	0.001260920698480729	0.001260920698480729
1143	 LLH-6	0.0012597183173598595	0.0012597183173598595
1144	 LLH-1	0.0012600827410112873	0.0012600827410112873
1145	 LLH-3	0.0013243915255100793	0.0012600827410112873
1146	 LLH-4	0.0012591883686570071	0.0012591883686570071
1151	 LLH-5	0.0012586705445846147	0.0012586705445846147
1152	 LLH-5	0.0012588159642210783	0.0012588159642210783
1153	 LLH-6	0.0012577408539750678	0.0012577408539750678
1154	 LLH-3	0.001255923780706088	0.001255923780706088
1155	 LLH-0	0.001256805750480884	0.001256805750480884
1156	 LLH-2	0.001254978013793477	0.001254978013793477
1157	 LLH-2	0.0012563684180640193	0.0012563684180640193
1158	 LLH-0	0.0012570555940004528	0.0012570555940004528
1159	 LLH-6	0.0012575354267684749	0.0012575354267684749
1160	 LLH-4	0.0012566901982962485	0.0012566901982962485
1163	 LLH-4	0.0012566901982962485	0.0012566901982962485
1168	 LLH-1	0.0012566726623980124	0.0012566726623980124
1169	 LLH-4	0.001255748092527642	0.001255748092527642
1172	 LLH-4	0.0012550251879532765	0.0012550251879532765
1176	 LLH-2	0.0012732612393768343	0.0012732612393768343
1177	 LLH-1	0.0012735218091981736	0.0012735218091981736
1178	 LLH-0	0.0012723465270510475	0.0012723465270510475
1179	 LLH-3	0.0012539049406826088	0.0012539049406826088
1180	 LLH-3	0.0013027168834614292	0.0012539049406826088
1181	 LLH-5	0.0012542364693689065	0.0012542364693689065
1182	 LLH-0	0.00125493969565351	0.00125493969565351
1183	 LLH-4	0.001253966472235593	0.001253966472235593
1188	 LLH-4	0.0012534135764343014	0.0012534135764343014
1191	 LLH-1	0.0012534135764343014	0.0012534135764343014
1192	 LLH-1	0.0012532012843624613	0.0012532012843624613
1193	 LLH-3	0.0013046312861302836	0.0012532012843624613
1194	 LLH-4	0.0012532012843624613	0.0012532012843624613
1199	 LLH-2	0.0012487085815619525	0.0012487085815619525
1200	 LLH-2	0.0012695961909266048	0.0012487085815619525
1201	 LLH-5	0.0012494517661845947	0.0012494517661845947
1202	 LLH-4	0.001248433508898527	0.001248433508898527
1204	 LLH-1	0.001248282316744594	0.001248282316744594
1205	 LLH-3	0.0013036636731925287	0.001248282316744594
1206	 LLH-0	0.001265432846040558	0.001248282316744594
1207	 LLH-3	0.0012478926481112702	0.0012478926481112702
1208	 LLH-0	0.0012484128203732654	0.0012484128203732654
1209	 LLH-5	0.0012486708712097104	0.0012486708712097104
1210	 LLH-5	0.0012485894189599946	0.0012485894189599946
1211	 LLH-4	0.0012480341946700783	0.0012480341946700783
1215	 LLH-5	0.0012483047159792867	0.0012483047159792867
1216	 LLH-0	0.0012491113882428595	0.0012491113882428595
1217	 LLH-6	0.0012494216883013828	0.0012494216883013828
1218	 LLH-3	0.0012444655845680233	0.0012444655845680233
1219	 LLH-5	0.0012448288994919923	0.0012448288994919923
1220	 LLH-6	0.0012453654956981824	0.0012453654956981824
1221	 LLH-5	0.0012453851887999565	0.0012453851887999565
1222	 LLH-0	0.0012461223767875292	0.0012461223767875292
1223	 LLH-0	0.0012467211512280434	0.0012467211512280434
1224	 LLH-5	0.0012469676892277594	0.0012469676892277594
1225	 LLH-3	0.0012506764255125658	0.0012469676892277594
1226	 LLH-1	0.0012469676892277594	0.0012469676892277594
1227	 LLH-4	0.0012465219211401943	0.0012465219211401943
1230	 LLH-1	0.0012465219211401943	0.0012465219211401943
1231	 LLH-2	0.0012528443585046493	0.0012465219211401943
1232	 LLH-2	0.0012538284828091293	0.0012465219211401943
1233	 LLH-3	0.0012658131097435478	0.0012465219211401943
1234	 LLH-4	0.001245941231101541	0.001245941231101541
1239	 LLH-1	0.001245941231101541	0.001245941231101541
1240	 LLH-4	0.001245941231101541	0.001245941231101541
1245	 LLH-0	0.0012466649207260904	0.0012466649207260904
1246	 LLH-3	0.0012807825063111261	0.0012466649207260904
1247	 LLH-1	0.0012466649207260904	0.0012466649207260904
1248	 LLH-3	0.001284675275591566	0.0012466649207260904
1249	 LLH-6	0.0012460387247753937	0.0012460387247753937
1250	 LLH-3	0.0012490527128097984	0.0012460387247753937
1251	 LLH-1	0.0012460387247753937	0.0012460387247753937
1252	 LLH-6	0.0012460167312138084	0.0012460167312138084
1253	 LLH-1	0.0012460167312138084	0.0012460167312138084
1254	 LLH-6	0.001245510574344762	0.001245510574344762
1255	 LLH-2	0.0012540415341301678	0.001245510574344762
1256	 LLH-2	0.001252951650510144	0.001252951650510144
1257	 LLH-4	0.001252951650510144	0.001252951650510144
1262	 LLH-4	0.001252243439739106	0.001252243439739106
1266	 LLH-2	0.0012613587375668	0.001252243439739106
1267	 LLH-2	0.0012540720871618896	0.0012540720871618896
1268	 LLH-3	0.0012543636891033268	0.0012543636891033268
1269	 LLH-5	0.0012545264007427228	0.0012545264007427228
1270	 LLH-0	0.0012550260413921439	0.0012550260413921439
1271	 LLH-3	0.0012538735593117716	0.0012538735593117716
1272	 LLH-1	0.0012538735593117716	0.0012538735593117716
1273	 LLH-3	0.0012567298896036814	0.0012538735593117716
1274	 LLH-0	0.0012543382723006202	0.0012543382723006202
1275	 LLH-0	0.0012548140478212061	0.0012548140478212061
1276	 LLH-4	0.0012548140478212061	0.0012548140478212061
1281	 LLH-5	0.0012548638788497759	0.0012548638788497759
1282	 LLH-5	0.0012546172085862168	0.0012546172085862168
1283	 LLH-1	0.0012546172085862168	0.0012546172085862168
1284	 LLH-1	0.0012546172085862168	0.0012546172085862168
1285	 LLH-1	0.0012546172085862168	0.0012546172085862168
1286	 LLH-0	0.0012541074299620876	0.0012541074299620876
1287	 LLH-2	0.0012560902510404264	0.0012541074299620876
1288	 LLH-5	0.0012537008638640634	0.0012537008638640634
1289	 LLH-6	0.0012537234446517089	0.0012537234446517089
1290	 LLH-4	0.001252952434913866	0.001252952434913866
1295	 LLH-5	0.0012530085615834723	0.0012530085615834723
1296	 LLH-6	0.0012530107063040967	0.0012530107063040967
1297	 LLH-0	0.001253510112280998	0.001253510112280998
1298	 LLH-2	0.001246242011744305	0.001246242011744305
1299	 LLH-0	0.0012624563984124963	0.001246242011744305
1300	 LLH-0	0.0012471815590885565	0.001246242011744305
1301	 LLH-5	0.0012463506933964332	0.0012463506933964332
1302	 LLH-0	0.00124689425915869	0.00124689425915869
1303	 LLH-4	0.001246289837047831	0.001246289837047831
1307	 LLH-5	0.0012459894572692052	0.0012459894572692052
1308	 LLH-1	0.0012459894572692052	0.0012459894572692052
1309	 LLH-3	0.0012962944935424135	0.0012459894572692052
1310	 LLH-2	0.0012617850241261677	0.0012459894572692052
1311	 LLH-2	0.0012607227226574902	0.0012459894572692052
1312	 LLH-2	0.001256671134075273	0.0012459894572692052
1313	 LLH-5	0.0012461685958300099	0.0012461685958300099
1314	 LLH-1	0.0012461685958300099	0.0012461685958300099
1315	 LLH-2	0.0012550613129399845	0.0012461685958300099
1316	 LLH-3	0.001257923150943396	0.0012461685958300099
1317	 LLH-2	0.0012582487714961198	0.0012461685958300099
1318	 LLH-2	0.0012655105251242417	0.0012461685958300099
1319	 LLH-1	0.0012461685958300099	0.0012461685958300099
1320	 LLH-5	0.0012462755490238882	0.0012462755490238882
1321	 LLH-4	0.0012462755490238882	0.0012462755490238882
1326	 LLH-1	0.001246022145556792	0.001246022145556792
1327	 LLH-6	0.0012460745038779216	0.0012460745038779216
1328	 LLH-2	0.0012613831223949755	0.0012460745038779216
1329	 LLH-1	0.0012460745038779216	0.0012460745038779216
1330	 LLH-5	0.0012454932875305541	0.0012454932875305541
1331	 LLH-6	0.0012454924863289436	0.0012454924863289436
1332	 LLH-1	0.0012454924863289436	0.0012454924863289436
1333	 LLH-1	0.0012454924863289436	0.0012454924863289436
1334	 LLH-0	0.0012617634823728686	0.0012454924863289436
1335	 LLH-2	0.0012499907579876363	0.0012454924863289436
1336	 LLH-4	0.0012454924863289436	0.0012454924863289436
1341	 LLH-2	0.0012651242907261737	0.0012454924863289436
1342	 LLH-3	0.0012956786272184156	0.0012454924863289436
1343	 LLH-0	0.001246423267272406	0.001246423267272406
1344	 LLH-4	0.001246423267272406	0.001246423267272406
1349	 LLH-2	0.0012515819305987793	0.001246423267272406
1350	 LLH-0	0.0012470707585235023	0.0012470707585235023
1351	 LLH-4	0.0012470707585235023	0.0012470707585235023
1356	 LLH-6	0.001247167391927233	0.001247167391927233
1357	 LLH-6	0.00124707994816783	0.00124707994816783
1358	 LLH-5	0.0012467905974568759	0.0012467905974568759
1359	 LLH-2	0.0012552899803094006	0.0012467905974568759
1360	 LLH-6	0.0012461611097663316	0.0012461611097663316
1361	 LLH-0	0.0012453141372250896	0.0012453141372250896
1362	 LLH-2	0.0012585688647526086	0.0012453141372250896
1363	 LLH-4	0.0012453141372250896	0.0012453141372250896
1368	 LLH-0	0.0012458063197911106	0.0012458063197911106
1369	 LLH-4	0.0012458063197911106	0.0012458063197911106
1374	 LLH-6	0.00124635705200232	0.00124635705200232
1375	 LLH-6	0.0012463919866217634	0.0012463919866217634
1376	 LLH-1	0.0012463919866217634	0.0012463919866217634
1377	 LLH-2	0.0012508587611788251	0.0012508587611788251
1378	 LLH-6	0.0012520350555210134	0.0012520350555210134
1379	 LLH-4	0.0012514478423702655	0.0012514478423702655
1384	 LLH-4	0.0012508232371380508	0.0012508232371380508
1388	 LLH-5	0.001251785937694791	0.001251785937694791
1389	 LLH-0	0.0012523970556236697	0.001251785937694791
1390	 LLH-4	0.001251785937694791	0.001251785937694791
1395	 LLH-6	0.001251434261455752	0.001251434261455752
1396	 LLH-2	0.0012536984578453625	0.001251434261455752
1397	 LLH-0	0.0012521447307702867	0.001251434261455752
1398	 LLH-4	0.0012506067999622469	0.0012506067999622469
1403	 LLH-5	0.0012502598299194737	0.0012502598299194737
1404	 LLH-2	0.0012700795965056714	0.0012502598299194737
1405	 LLH-4	0.0012502598299194737	0.0012502598299194737
1410	 LLH-4	0.0012502598299194737	0.0012502598299194737
1415	 LLH-4	0.0012502598299194737	0.0012502598299194737
1420	 LLH-3	0.0013147590181605733	0.0012502598299194737
1421	 LLH-2	0.0012568889550918791	0.0012502598299194737
1422	 LLH-5	0.0012497926517602241	0.0012497926517602241
1423	 LLH-1	0.0012497072388306643	0.0012497072388306643
1424	 LLH-0	0.0012503274069726798	0.0012497072388306643
1425	 LLH-0	0.0012506885648407764	0.0012497072388306643
1426	 LLH-6	0.0012499571890317845	0.0012499571890317845
1427	 LLH-1	0.0012499579022175508	0.0012499579022175508
1428	 LLH-6	0.0012500830109508573	0.0012500830109508573
1429	 LLH-1	0.0012500830109508573	0.0012500830109508573
1430	 LLH-4	0.0012500830109508573	0.0012500830109508573
1435	 LLH-1	0.0012500247193152419	0.0012500247193152419
1436	 LLH-3	0.001251459446570136	0.0012500247193152419
1437	 LLH-1	0.0012500247193152419	0.0012500247193152419
1438	 LLH-4	0.0012500247193152419	0.0012500247193152419
1443	 LLH-4	0.0012500247193152419	0.0012500247193152419
1448	 LLH-2	0.0012544422513779381	0.0012500247193152419
1449	 LLH-0	0.001250831931489095	0.001250831931489095
1450	 LLH-2	0.001272426905573619	0.001250831931489095
1451	 LLH-6	0.0012514529633918063	0.0012514529633918063
1452	 LLH-5	0.001251586302445487	0.001251586302445487
1453	 LLH-6	0.0012506186602036257	0.0012506186602036257
1454	 LLH-4	0.0012499295188364288	0.0012499295188364288
1458	 LLH-3	0.0012953680340710302	0.0012499295188364288
1459	 LLH-2	0.0012721109882436507	0.0012499295188364288
1460	 LLH-2	0.001267501782127683	0.0012499295188364288
1461	 LLH-3	0.0013145708008447706	0.0012499295188364288
1462	 LLH-0	0.0012669913458805745	0.0012499295188364288
1463	 LLH-1	0.0012495522372207148	0.0012495522372207148
1464	 LLH-5	0.0012496499091972657	0.0012496499091972657
1465	 LLH-6	0.0012502110249013958	0.0012502110249013958
1466	 LLH-6	0.0012497373902928437	0.0012497373902928437
1467	 LLH-1	0.0012497373902928437	0.0012497373902928437
1468	 LLH-4	0.0012497373902928437	0.0012497373902928437
1473	 LLH-2	0.0012658506572914374	0.0012497373902928437
1474	 LLH-0	0.0012665141308512142	0.0012497373902928437
1475	 LLH-5	0.0012490195902575066	0.0012490195902575066
1476	 LLH-0	0.001249818848889133	0.001249818848889133
1477	 LLH-2	0.0012723349658841647	0.001249818848889133
1478	 LLH-1	0.001249818848889133	0.001249818848889133
1479	 LLH-5	0.001249539526520333	0.001249539526520333
1480	 LLH-4	0.0012489045242646732	0.0012489045242646732
1484	 LLH-0	0.0012495235150191389	0.0012495235150191389
1485	 LLH-4	0.0012489246580470851	0.0012489246580470851
1490	 LLH-4	0.0012489246580470851	0.0012489246580470851
1495	 LLH-0	0.0012496501144744643	0.0012496501144744643
1496	 LLH-3	0.001322931168011942	0.0012496501144744643
1497	 LLH-1	0.0012496501144744643	0.0012496501144744643
1498	 LLH-6	0.0012508005712118006	0.0012508005712118006
1499	 LLH-0	0.0012515177988375187	0.0012508005712118006
1500	 LLH-6	0.0012507196027973623	0.0012507196027973623
1501	 LLH-0	0.0012514204044758142	0.0012514204044758142
1502	 LLH-1	0.001251664322857555	0.001251664322857555
1503	 LLH-5	0.0012518484227436852	0.0012518484227436852
1504	 LLH-6	0.0012542724031385432	0.0012542724031385432
1505	 LLH-6	0.001251945681176261	0.001251945681176261
1506	 LLH-1	0.001251945681176261	0.001251945681176261
1507	 LLH-6	0.0012517870798620895	0.0012517870798620895
1508	 LLH-0	0.0012509778407367139	0.0012509778407367139
1509	 LLH-3	0.0012518232519571281	0.0012518232519571281
1510	 LLH-1	0.0012518232519571281	0.0012518232519571281
1511	 LLH-0	0.0012523564807639517	0.0012523564807639517
1512	 LLH-2	0.0012641836709180693	0.0012523564807639517
1513	 LLH-4	0.0012517888800467473	0.0012517888800467473
1515	 LLH-1	0.0012517888800467473	0.0012517888800467473
1516	 LLH-3	0.0012864526648709708	0.0012517888800467473
1517	 LLH-1	0.0012517888800467473	0.0012517888800467473
1518	 LLH-3	0.001286023210429163	0.0012517888800467473
1519	 LLH-0	0.00125256014887283	0.00125256014887283
1520	 LLH-4	0.0012520260102984913	0.0012520260102984913
1523	 LLH-4	0.0012513187386997277	0.0012513187386997277
1527	 LLH-6	0.0012512508626201125	0.0012512508626201125
1528	 LLH-2	0.0012581054497388807	0.0012512508626201125
1529	 LLH-3	0.0012846842140320077	0.0012512508626201125
1530	 LLH-4	0.001250652265212781	0.001250652265212781
1533	 LLH-2	0.0012558148015142216	0.0012558148015142216
1534	 LLH-2	0.0012628564159971776	0.0012558148015142216
1535	 LLH-3	0.0012560780795991097	0.0012560780795991097
1536	 LLH-6	0.0012562327098952354	0.0012562327098952354
1537	 LLH-4	0.0012562327098952354	0.0012562327098952354
1542	 LLH-4	0.0012562327098952354	0.0012562327098952354
1547	 LLH-5	0.001255925135714723	0.001255925135714723
1548	 LLH-1	0.001255925135714723	0.001255925135714723
1549	 LLH-6	0.0012563174713699963	0.0012563174713699963
1550	 LLH-5	0.0012560006044594917	0.0012560006044594917
1551	 LLH-6	0.0012564698500224475	0.0012564698500224475
1552	 LLH-4	0.0012564698500224475	0.0012564698500224475
1557	 LLH-0	0.0012569688643996235	0.0012564698500224475
1558	 LLH-5	0.0012564698500224475	0.0012564698500224475
1559	 LLH-2	0.001254072379657537	0.001254072379657537
1560	 LLH-0	0.0012545800073554701	0.001254072379657537
1561	 LLH-4	0.0012531160228192412	0.0012531160228192412
1566	 LLH-2	0.0012541753824051576	0.0012531160228192412
1567	 LLH-2	0.0012659810849394476	0.0012531160228192412
1568	 LLH-5	0.0012523180617607555	0.0012523180617607555
1569	 LLH-5	0.0012520826325388523	0.0012520826325388523
1570	 LLH-0	0.0012527236794075687	0.0012527236794075687
1571	 LLH-1	0.0012525290699384865	0.0012525290699384865
1572	 LLH-6	0.0012533363182035406	0.0012533363182035406
1573	 LLH-6	0.0012538227439554826	0.0012538227439554826
1574	 LLH-3	0.001246519745539004	0.001246519745539004
1575	 LLH-0	0.001247137632978695	0.001247137632978695
1576	 LLH-1	0.001247137632978695	0.001247137632978695
1577	 LLH-2	0.0012619544640229518	0.001247137632978695
1578	 LLH-4	0.001246618234319605	0.001246618234319605
1583	 LLH-2	0.001255983996096431	0.001246618234319605
1584	 LLH-3	0.0012470054536692075	0.0012470054536692075
1585	 LLH-3	0.0012527223372086717	0.0012527223372086717
1586	 LLH-0	0.0012531804785062205	0.0012531804785062205
1587	 LLH-3	0.00126609506199702	0.0012531804785062205
1588	 LLH-4	0.0012527823748406106	0.0012527823748406106
1591	 LLH-4	0.0012523895662331854	0.0012523895662331854
1593	 LLH-2	0.0012462823638045631	0.0012462823638045631
1594	 LLH-1	0.0012462823638045631	0.0012462823638045631
1595	 LLH-6	0.0012467981953373731	0.0012467981953373731
1596	 LLH-6	0.00124602715812182	0.00124602715812182
1597	 LLH-4	0.001245587986663478	0.001245587986663478
1602	 LLH-3	0.001295991373769339	0.001245587986663478
1603	 LLH-1	0.001245587986663478	0.001245587986663478
1604	 LLH-1	0.001245479809137735	0.001245479809137735
1605	 LLH-5	0.0012458798995510479	0.0012458798995510479
1606	 LLH-3	0.0012913338103978005	0.0012458798995510479
1607	 LLH-1	0.0012458798995510479	0.0012458798995510479
1608	 LLH-0	0.0012466902867175804	0.0012458798995510479
1609	 LLH-5	0.0012460375577133104	0.0012460375577133104
1610	 LLH-4	0.0012454913404264664	0.0012454913404264664
1613	 LLH-2	0.0012506925165075903	0.0012454913404264664
1614	 LLH-1	0.0012454913404264664	0.0012454913404264664
1615	 LLH-2	0.0012635933361755563	0.0012454913404264664
1616	 LLH-6	0.0012458114381331447	0.0012458114381331447
1617	 LLH-5	0.0012458459734758483	0.0012458459734758483
1618	 LLH-5	0.0012455896282608026	0.0012455896282608026
1619	 LLH-3	0.0012849697008265027	0.0012455896282608026
1620	 LLH-0	0.0012450311619308719	0.0012450311619308719
1621	 LLH-3	0.0012741826540645014	0.0012450311619308719
1622	 LLH-3	0.0012463557032343499	0.0012450311619308719
1623	 LLH-1	0.001244592290483574	0.001244592290483574
1624	 LLH-6	0.0012439788073749227	0.0012439788073749227
1625	 LLH-1	0.0012439788073749227	0.0012439788073749227
1626	 LLH-3	0.0012574258089144332	0.0012439788073749227
1627	 LLH-1	0.0012439788073749227	0.0012439788073749227
1628	 LLH-4	0.0012439788073749227	0.0012439788073749227
1633	 LLH-3	0.001244249011873003	0.001244249011873003
1634	 LLH-1	0.0012444582631530342	0.0012444582631530342
1635	 LLH-4	0.0012437097850329364	0.0012437097850329364
1637	 LLH-0	0.0012443088241394925	0.0012443088241394925
1638	 LLH-0	0.0012449838380058768	0.0012449838380058768
1639	 LLH-6	0.0012458692290302808	0.0012449838380058768
1640	 LLH-4	0.0012443229390198015	0.0012443229390198015
1642	 LLH-4	0.0012438381870440707	0.0012438381870440707
1645	 LLH-3	0.0012485866478055075	0.0012438381870440707
1646	 LLH-1	0.0012438381870440707	0.0012438381870440707
1647	 LLH-3	0.001244399425163924	0.0012438381870440707
1648	 LLH-1	0.0012438381870440707	0.0012438381870440707
1649	 LLH-6	0.0012437208280585536	0.0012437208280585536
1650	 LLH-0	0.001244219021382353	0.001244219021382353
1651	 LLH-3	0.0012496515855930828	0.001244219021382353
1652	 LLH-5	0.001244035709744069	0.001244035709744069
1653	 LLH-5	0.0012440318366157257	0.0012440318366157257
1654	 LLH-6	0.0012448358253076392	0.0012440318366157257
1655	 LLH-5	0.0012444545521235813	0.0012444545521235813
1656	 LLH-0	0.0012440430386047746	0.0012440430386047746
1657	 LLH-0	0.0012445550275949568	0.0012440430386047746
1658	 LLH-1	0.0012440430386047746	0.0012440430386047746
1659	 LLH-0	0.001244479448096105	0.001244479448096105
1660	 LLH-3	0.0012479969635022508	0.001244479448096105
1661	 LLH-4	0.0012439571873425002	0.0012439571873425002
1666	 LLH-6	0.0012435247405605074	0.0012435247405605074
1667	 LLH-1	0.0012435247405605074	0.0012435247405605074
1668	 LLH-1	0.0012435247405605074	0.0012435247405605074
1669	 LLH-3	0.0012467353614880599	0.0012435247405605074
1670	 LLH-5	0.0012439907148136876	0.0012439907148136876
1671	 LLH-6	0.0012438904877827006	0.0012438904877827006
1672	 LLH-4	0.0012433540218961736	0.0012433540218961736
1675	 LLH-1	0.0012433540218961736	0.0012433540218961736
1676	 LLH-6	0.0012421334325263711	0.0012421334325263711
1677	 LLH-6	0.0012424314140536395	0.0012421334325263711
1678	 LLH-0	0.0012425954311000515	0.0012425954311000515
1679	 LLH-1	0.0012425954311000515	0.0012425954311000515
1680	 LLH-0	0.0012431468198883019	0.0012431468198883019
1681	 LLH-3	0.0012810672428833784	0.0012431468198883019
1682	 LLH-3	0.0012847270878911673	0.0012431468198883019
1683	 LLH-3	0.0012497941867257775	0.0012431468198883019
1684	 LLH-5	0.0012430836196491329	0.0012430836196491329
1685	 LLH-2	0.0012530243126222477	0.0012430836196491329
1686	 LLH-3	0.0012789996903603924	0.0012430836196491329
1687	 LLH-1	0.0012430836196491329	0.0012430836196491329
1688	 LLH-4	0.001242625052692687	0.001242625052692687
1690	 LLH-0	0.0012430809712039963	0.0012430809712039963
1691	 LLH-1	0.0012430363855287982	0.0012430363855287982
1692	 LLH-3	0.0012470860615992015	0.0012430363855287982
1693	 LLH-5	0.0012426805675188096	0.0012426805675188096
1694	 LLH-6	0.0012427297975080185	0.0012427297975080185
1695	 LLH-6	0.0012426698270800746	0.0012426698270800746
1696	 LLH-3	0.0012458667537716458	0.0012426698270800746
1697	 LLH-4	0.0012426698270800746	0.0012426698270800746
1702	 LLH-5	0.0012431306438222456	0.0012431306438222456
1703	 LLH-6	0.0012438816905735181	0.0012438816905735181
1704	 LLH-0	0.0012433044417855437	0.0012433044417855437
1705	 LLH-0	0.0012437682595554298	0.0012437682595554298
1706	 LLH-3	0.0012471791292598211	0.0012437682595554298
1707	 LLH-6	0.0012436886446923325	0.0012436886446923325
1708	 LLH-0	0.001243131328505387	0.001243131328505387
1709	 LLH-2	0.0012430385427972485	0.0012430385427972485
1710	 LLH-3	0.001287880243282187	0.0012430385427972485
1711	 LLH-5	0.0012438185822905498	0.0012438185822905498
1712	 LLH-1	0.0012438185822905498	0.0012438185822905498
1713	 LLH-4	0.0012438185822905498	0.0012438185822905498
1718	 LLH-6	0.0012439700207318306	0.0012439700207318306
1719	 LLH-0	0.0012444658629902614	0.0012444658629902614
1720	 LLH-1	0.0012444658629902614	0.0012444658629902614
1721	 LLH-3	0.0012919543184320907	0.0012444658629902614
1722	 LLH-0	0.0012450358809716936	0.0012444658629902614
1723	 LLH-0	0.0012454216266488327	0.0012444658629902614
1724	 LLH-4	0.001243683407858084	0.001243683407858084
1726	 LLH-4	0.0012432243365692452	0.0012432243365692452
1728	 LLH-2	0.0012490342985227037	0.0012432243365692452
1729	 LLH-3	0.001293280578071195	0.0012432243365692452
1730	 LLH-3	0.0012549559485919525	0.0012432243365692452
1731	 LLH-1	0.0012432243365692452	0.0012432243365692452
1732	 LLH-5	0.001242899475278266	0.001242899475278266
1733	 LLH-4	0.0012423835869728483	0.0012423835869728483
1735	 LLH-4	0.0012423835869728483	0.0012423835869728483
1740	 LLH-5	0.0012420705932363514	0.0012420705932363514
1741	 LLH-1	0.0012420705932363514	0.0012420705932363514
1742	 LLH-6	0.0012419795583133964	0.0012419795583133964
1743	 LLH-6	0.0012422929740542117	0.0012422929740542117
1744	 LLH-0	0.0012428553751622213	0.0012428553751622213
1745	 LLH-4	0.0012428553751622213	0.0012428553751622213
1750	 LLH-5	0.0012427327656066047	0.0012427327656066047
1751	 LLH-2	0.001261101834114113	0.0012427327656066047
1752	 LLH-2	0.0012482926107254904	0.0012427327656066047
1753	 LLH-3	0.001241916081794393	0.001241916081794393
1754	 LLH-0	0.0012423132837312033	0.0012423132837312033
1755	 LLH-4	0.0012418178013156931	0.0012418178013156931
1759	 LLH-6	0.0012417430465984224	0.0012417430465984224
1760	 LLH-2	0.0012564453283044784	0.0012417430465984224
1761	 LLH-3	0.001273535402667887	0.0012417430465984224
1762	 LLH-3	0.0012472911220705626	0.0012417430465984224
1763	 LLH-2	0.0012522508819131284	0.0012417430465984224
1764	 LLH-3	0.0012454577601877484	0.0012417430465984224
1765	 LLH-1	0.0012417430465984224	0.0012417430465984224
1766	 LLH-1	0.0012417430465984224	0.0012417430465984224
1767	 LLH-0	0.0012422560490535518	0.0012422560490535518
1768	 LLH-0	0.0012430377300989683	0.0012430377300989683
1769	 LLH-4	0.001242591068159591	0.001242591068159591
1771	 LLH-0	0.0012435013209585375	0.001242591068159591
1772	 LLH-0	0.0012431317476484687	0.001242591068159591
1773	 LLH-6	0.0012419075577111156	0.0012419075577111156
1774	 LLH-6	0.0012419417289085298	0.0012419075577111156
1775	 LLH-2	0.0012444589173007251	0.0012419075577111156
1776	 LLH-5	0.0012419075577111156	0.0012419075577111156
1777	 LLH-3	0.001276917684120641	0.0012419075577111156
1778	 LLH-2	0.0012552200717308227	0.0012419075577111156
1779	 LLH-1	0.0012419075577111156	0.0012419075577111156
1780	 LLH-3	0.0012786606382571661	0.0012419075577111156
1781	 LLH-3	0.0012686654416115789	0.0012419075577111156
1782	 LLH-6	0.001242134985686715	0.0012419075577111156
1783	 LLH-3	0.0012438613801447223	0.0012419075577111156
1784	 LLH-0	0.0012425104889609707	0.0012425104889609707
1785	 LLH-1	0.0012425104889609707	0.0012425104889609707
1786	 LLH-6	0.0012435346624984443	0.0012425104889609707
1787	 LLH-6	0.0012430656173684621	0.0012430656173684621
1788	 LLH-6	0.0012433624456868256	0.0012433624456868256
1789	 LLH-1	0.0012433624456868256	0.0012433624456868256
1790	 LLH-6	0.0012439802036147605	0.0012439802036147605
1791	 LLH-0	0.0012444987767840122	0.0012439802036147605
1792	 LLH-1	0.0012439802036147605	0.0012439802036147605
1793	 LLH-0	0.0012444399204893323	0.0012444399204893323
1794	 LLH-2	0.0012498039029307775	0.0012444399204893323
1795	 LLH-6	0.0012451121987926306	0.0012444399204893323
1796	 LLH-4	0.0012444399204893323	0.0012444399204893323
1801	 LLH-3	0.001249628294735183	0.0012444399204893323
1802	 LLH-2	0.0012473555783103247	0.0012444399204893323
1803	 LLH-4	0.0012444399204893323	0.0012444399204893323
1808	 LLH-6	0.0012449601575327059	0.0012449601575327059
1809	 LLH-6	0.0012452098489989817	0.0012452098489989817
1810	 LLH-2	0.0012543117118051909	0.0012452098489989817
1811	 LLH-0	0.0012457012524345478	0.0012452098489989817
1812	 LLH-1	0.0012454134686269483	0.0012454134686269483
1813	 LLH-3	0.0012487489858441845	0.0012454134686269483
1814	 LLH-6	0.0012457127918695959	0.0012457127918695959
1815	 LLH-0	0.0012465108118029544	0.0012457127918695959
1816	 LLH-1	0.0012457127918695959	0.0012457127918695959
1817	 LLH-2	0.001247513209269597	0.0012457127918695959
1818	 LLH-1	0.0012457127918695959	0.0012457127918695959
1819	 LLH-4	0.0012457127918695959	0.0012457127918695959
1824	 LLH-1	0.0012457127918695959	0.0012457127918695959
1825	 LLH-1	0.0012457127918695959	0.0012457127918695959
1826	 LLH-5	0.001245072269208409	0.001245072269208409
1827	 LLH-2	0.0012439608233095964	0.0012439608233095964
1828	 LLH-2	0.0012586219342810329	0.0012439608233095964
1829	 LLH-0	0.0012433344027307262	0.0012433344027307262
1830	 LLH-0	0.0012439885263539157	0.0012433344027307262
1831	 LLH-6	0.0012436864032734697	0.0012433344027307262
1832	 LLH-2	0.0012520676390968787	0.0012433344027307262
1833	 LLH-3	0.0012461589748404207	0.0012433344027307262
1834	 LLH-4	0.0012433344027307262	0.0012433344027307262
1839	 LLH-1	0.0012433344027307262	0.0012433344027307262
1840	 LLH-5	0.0012433923189756186	0.0012433344027307262
1841	 LLH-0	0.0012441141079230476	0.0012433344027307262
1842	 LLH-5	0.0012433150807375436	0.0012433150807375436
1843	 LLH-6	0.0012439503397161074	0.0012433150807375436
1844	 LLH-6	0.0012436988698600704	0.0012433150807375436
1845	 LLH-0	0.0012595059688882602	0.0012433150807375436
1846	 LLH-0	0.0012438312205493608	0.0012433150807375436
1847	 LLH-2	0.0012513248274474283	0.0012433150807375436
1848	 LLH-4	0.0012433150807375436	0.0012433150807375436
1853	 LLH-4	0.0012433150807375436	0.0012433150807375436
1858	 LLH-5	0.0012437443736811474	0.0012437443736811474
1859	 LLH-6	0.0012445154490655667	0.0012437443736811474
1860	 LLH-2	0.0012573989081892207	0.0012437443736811474
1861	 LLH-0	0.0012598626058140877	0.0012437443736811474
1862	 LLH-5	0.0012444132479671026	0.0012444132479671026
1863	 LLH-5	0.001243748765535235	0.001243748765535235
1864	 LLH-6	0.0012445510439351686	0.001243748765535235
1865	 LLH-4	0.001243748765535235	0.001243748765535235
1870	 LLH-4	0.001243748765535235	0.001243748765535235
1875	 LLH-2	0.001259260804782501	0.001243748765535235
1876	 LLH-5	0.0012439614388029942	0.0012439614388029942
1877	 LLH-4	0.0012439614388029942	0.0012439614388029942
1882	 LLH-2	0.001260012505917712	0.0012439614388029942
1883	 LLH-3	0.0012551946329457382	0.0012439614388029942
1884	 LLH-5	0.001243450992417896	0.001243450992417896
1885	 LLH-4	0.001243450992417896	0.001243450992417896
1890	 LLH-6	0.0012447215730422713	0.001243450992417896
1891	 LLH-6	0.0012431615095947507	0.0012431615095947507
1892	 LLH-2	0.0012526924822206054	0.0012431615095947507
1893	 LLH-2	0.001262950316829043	0.0012431615095947507
1894	 LLH-4	0.0012431615095947507	0.0012431615095947507
1899	 LLH-4	0.0012431615095947507	0.0012431615095947507
1904	 LLH-2	0.001246783760092703	0.0012431615095947507
1905	 LLH-4	0.0012431615095947507	0.0012431615095947507
1910	 LLH-6	0.0012430583798371505	0.0012430583798371505
1911	 LLH-5	0.001243900764610923	0.0012430583798371505
1912	 LLH-5	0.0012431880005998263	0.0012431880005998263
1913	 LLH-3	0.0012525334461488127	0.0012431880005998263
1914	 LLH-2	0.0012628619769688657	0.0012431880005998263
1915	 LLH-3	0.0012850796389991938	0.0012431880005998263
1916	 LLH-0	0.001243851757894948	0.0012431880005998263
1917	 LLH-3	0.0012472431483788568	0.0012431880005998263
1918	 LLH-6	0.0012444782474221993	0.0012431880005998263
1919	 LLH-3	0.0012978444038821613	0.0012431880005998263
1920	 LLH-0	0.001243670251434358	0.001243670251434358
1921	 LLH-6	0.0012436099558473788	0.0012436099558473788
1922	 LLH-1	0.0012436099558473788	0.0012436099558473788
1923	 LLH-4	0.0012436099558473788	0.0012436099558473788
1928	 LLH-0	0.0012446908411012922	0.0012436099558473788
1929	 LLH-6	0.0012433597275986307	0.0012433597275986307
1930	 LLH-4	0.0012425858329223314	0.0012425858329223314
1935	 LLH-2	0.0012511239102051342	0.0012425858329223314
1936	 LLH-1	0.0012425858329223314	0.0012425858329223314
1937	 LLH-0	0.0012431514514931405	0.0012431514514931405
1938	 LLH-4	0.0012423673667250512	0.0012423673667250512
1940	 LLH-1	0.0012423673667250512	0.0012423673667250512
1941	 LLH-1	0.0012423673667250512	0.0012423673667250512
1942	 LLH-2	0.0012493257113448308	0.0012423673667250512
1943	 LLH-3	0.0012525439018834857	0.0012423673667250512
1944	 LLH-1	0.0012423673667250512	0.0012423673667250512
1945	 LLH-1	0.0012422507474230235	0.0012422507474230235
1946	 LLH-1	0.001242186647067298	0.001242186647067298
1947	 LLH-6	0.0012436223457290248	0.001242186647067298
1948	 LLH-3	0.0012908509036172284	0.001242186647067298
1949	 LLH-3	0.0012898112825876088	0.001242186647067298
1950	 LLH-3	0.0012452837161693398	0.001242186647067298
1951	 LLH-4	0.001242186647067298	0.001242186647067298
1956	 LLH-4	0.001242186647067298	0.001242186647067298
1961	 LLH-5	0.0012420807465217418	0.0012420807465217418
1962	 LLH-4	0.0012420807465217418	0.0012420807465217418
1967	 LLH-5	0.001243843364567312	0.0012420807465217418
1968	 LLH-2	0.0012521090577628279	0.0012420807465217418
1969	 LLH-4	0.0012420807465217418	0.0012420807465217418
1974	 LLH-0	0.001242633916434333	0.001242633916434333
1975	 LLH-5	0.0012424342160490085	0.0012424342160490085
1976	 LLH-6	0.0012440896079990288	0.0012424342160490085
1977	 LLH-6	0.0012441159320998188	0.0012424342160490085
1978	 LLH-5	0.0012425321065759741	0.0012425321065759741
1979	 LLH-5	0.0012439117647430093	0.0012425321065759741
1980	 LLH-5	0.001243009143297227	0.0012425321065759741
1981	 LLH-0	0.001243074298826818	0.0012425321065759741
1982	 LLH-6	0.0012434171598859863	0.0012434171598859863
1983	 LLH-4	0.0012428495652447432	0.0012428495652447432
1986	 LLH-0	0.0012587672891203575	0.0012428495652447432
1987	 LLH-6	0.0012422735145528774	0.0012422735145528774
1988	 LLH-1	0.0012422735145528774	0.0012422735145528774
1989	 LLH-6	0.001242887335324496	0.0012422735145528774
1990	 LLH-3	0.0012869368905927942	0.0012422735145528774
1991	 LLH-6	0.0012421666210334845	0.0012421666210334845
1992	 LLH-5	0.0012426398840714446	0.0012421666210334845
1993	 LLH-6	0.0012436825049015018	0.0012421666210334845
1994	 LLH-4	0.0012421666210334845	0.0012421666210334845
1999	 LLH-2	0.0012547043392811801	0.0012421666210334845
GRID-Start
0.0	0.0
0.0	308.0385
0.0	616.077
0.0	924.1155
0.0	1232.154
0.0	1540.1925
0.0	1848.2310000000002
0.0	2156.2695000000003
0.0	2464.3080000000004
0.0	2772.3465000000006
0.0	3080.3850000000007
0.0	3388.423500000001
0.0	3696.462000000001
0.0	4004.500500000001
0.0	4312.539000000001
0.0	4620.5775
0.0	4928.616
0.0	5236.6545
0.0	5544.692999999999
0.0	5852.731499999999
0.0	6160.769999999999
0.0	6468.808499999998
308.0385	0.0
308.0385	308.0385
308.0385	616.077
308.0385	924.1155
308.0385	1232.154
308.0385	1540.1925
308.0385	1848.2310000000002
308.0385	2156.2695000000003
308.0385	2464.3080000000004
308.0385	2772.3465000000006
308.0385	3080.3850000000007
308.0385	3388.423500000001
308.0385	3696.462000000001
308.0385	4004.500500000001
308.0385	4312.539000000001
308.0385	4620.5775
308.0385	4928.616
308.0385	5236.6545
308.0385	5544.692999999999
308.0385	5852.731499999999
308.0385	6160.769999999999
308.0385	6468.808499999998
616.077	0.0
616.077	308.0385
616.077	616.077
616.077	924.1155
616.077	1232.154
616.077	1540.1925
616.077	1848.2310000000002
616.077	2156.2695000000003
616.077	2464.3080000000004
616.077	2772.3465000000006
616.077	3080.3850000000007
616.077	3388.423500000001
616.077	3696.462000000001
616.077	4004.500500000001
616.077	4312.539000000001
616.077	4620.5775
616.077	4928.616
616.077	5236.6545
616.077	5544.692999999999
616.077	5852.731499999999
616.077	6160.769999999999
616.077	6468.808499999998
924.1155	0.0
924.1155	308.0385
924.1155	616.077
924.1155	924.1155
924.1155	1232.154
924.1155	1540.1925
924.1155	1848.2310000000002
924.1155	2156.2695000000003
924.1155	2464.3080000000004
924.1155	2772.3465000000006
924.1155	3080.3850000000007
924.1155	3388.423500000001
924.1155	3696.462000000001
924.1155	4004.500500000001
924.1155	4312.539000000001
924.1155	4620.5775
924.1155	4928.616
924.1155	5236.6545
924.1155	5544.692999999999
924.1155	5852.731499999999
924.1155	6160.769999999999
924.1155	6468.808499999998
1232.154	0.0
1232.154	308.0385
1232.154	616.077
1232.154	924.1155
1232.154	1232.154
1232.154	1540.1925
1232.154	1848.2310000000002
1232.154	2156.2695000000003
1232.154	2464.3080000000004
1232.154	2772.3465000000006
1232.154	3080.3850000000007
1232.154	4620.5775
1232.154	4928.616
1232.154	5236.6545
1232.154	5544.692999999999
1232.154	5852.731499999999
1232.154	6160.769999999999
1232.154	6468.808499999998
1540.1925	0.0
1540.1925	308.0385
1540.1925	616.077
1540.1925	924.1155
1540.1925	1232.154
1540.1925	1540.1925
1540.1925	1848.2310000000002
1540.1925	2156.2695000000003
1540.1925	2464.3080000000004
1540.1925	2772.3465000000006
1540.1925	3080.3850000000007
1540.1925	4620.5775
1540.1925	4928.616
1540.1925	5236.6545
1540.1925	5544.692999999999
1540.1925	5852.731499999999
1540.1925	6160.769999999999
1540.1925	6468.808499999998
1848.2310000000002	0.0
1848.2310000000002	308.0385
1848.2310000000002	616.077
1848.2310000000002	924.1155
1848.2310000000002	1232.154
1848.2310000000002	1540.1925
1848.2310000000002	1848.2310000000002
1848.2310000000002	2156.2695000000003
1848.2310000000002	2464.3080000000004
1848.2310000000002	2772.3465000000006
1848.2310000000002	3080.3850000000007
1848.2310000000002	4620.5775
1848.2310000000002	4928.616
1848.2310000000002	5236.6545
1848.2310000000002	5544.692999999999
1848.2310000000002	5852.731499999999
1848.2310000000002	6160.769999999999
1848.2310000000002	6468.808499999998
2156.2695000000003	0.0
2156.2695000000003	308.0385
2156.2695000000003	616.077
2156.2695000000003	924.1155
2156.2695000000003	1232.154
2156.2695000000003	1540.1925
2156.2695000000003	1848.2310000000002
2156.2695000000003	2156.2695000000003
2156.2695000000003	2464.3080000000004
2156.2695000000003	2772.3465000000006
2156.2695000000003	3080.3850000000007
2156.2695000000003	4620.5775
2156.2695000000003	4928.616
2156.2695000000003	5236.6545
2156.2695000000003	5544.692999999999
2156.2695000000003	5852.731499999999
2156.2695000000003	6160.769999999999
2156.2695000000003	6468.808499999998
2464.3080000000004	0.0
2464.3080000000004	2464.3080000000004
2464.3080000000004	2772.3465000000006
2464.3080000000004	3080.3850000000007
2464.3080000000004	3388.423500000001
2464.3080000000004	3696.462000000001
2464.3080000000004	4004.500500000001
2464.3080000000004	4312.539000000001
2464.3080000000004	4620.5775
2464.3080000000004	4928.616
2464.3080000000004	5236.6545
2464.3080000000004	5544.692999999999
2464.3080000000004	5852.731499999999
2464.3080000000004	6160.769999999999
2464.3080000000004	6468.808499999998
2772.3465000000006	0.0
2772.3465000000006	2464.3080000000004
2772.3465000000006	2772.3465000000006
2772.3465000000006	3080.3850000000007
2772.3465000000006	3388.423500000001
2772.3465000000006	3696.462000000001
2772.3465000000006	4004.500500000001
2772.3465000000006	4312.539000000001
2772.3465000000006	4620.5775
2772.3465000000006	4928.616
2772.3465000000006	5236.6545
2772.3465000000006	5544.692999999999
2772.3465000000006	5852.731499999999
2772.3465000000006	6160.769999999999
2772.3465000000006	6468.808499999998
3080.3850000000007	0.0
3080.3850000000007	2464.3080000000004
3080.3850000000007	2772.3465000000006
3080.3850000000007	3080.3850000000007
3080.3850000000007	3388.423500000001
3080.3850000000007	3696.462000000001
3080.3850000000007	4004.500500000001
3080.3850000000007	4312.539000000001
3080.3850000000007	4620.5775
3080.3850000000007	4928.616
3080.3850000000007	5236.6545
3080.3850000000007	5544.692999999999
3080.3850000000007	5852.731499999999
3080.3850000000007	6160.769999999999
3080.3850000000007	6468.808499999998
3388.423500000001	0.0
3388.423500000001	2464.3080000000004
3388.423500000001	2772.3465000000006
3388.423500000001	3080.3850000000007
3388.423500000001	3388.423500000001
3388.423500000001	3696.462000000001
3388.423500000001	4004.500500000001
3388.423500000001	4312.539000000001
3388.423500000001	4620.5775
3388.423500000001	4928.616
3388.423500000001	5236.6545
3388.423500000001	5544.692999999999
3388.423500000001	5852.731499999999
3388.423500000001	6160.769999999999
3388.423500000001	6468.808499999998
3696.462000000001	0.0
3696.462000000001	308.0385
3696.462000000001	616.077
3696.462000000001	924.1155
3696.462000000001	1232.154
3696.462000000001	1540.1925
3696.462000000001	1848.2310000000002
3696.462000000001	2156.2695000000003
3696.462000000001	3388.423500000001
3696.462000000001	3696.462000000001
3696.462000000001	4004.500500000001
3696.462000000001	4312.539000000001
3696.462000000001	4620.5775
3696.462000000001	4928.616
3696.462000000001	5236.6545
3696.462000000001	5544.692999999999
3696.462000000001	5852.731499999999
3696.462000000001	6160.769999999999
3696.462000000001	6468.808499999998
4004.500500000001	0.0
4004.500500000001	308.0385
4004.500500000001	616.077
4004.500500000001	924.1155
4004.500500000001	1232.154
4004.500500000001	1540.1925
4004.500500000001	1848.2310000000002
4004.500500000001	2156.2695000000003
4004.500500000001	3388.423500000001
4004.500500000001	3696.462000000001
4004.500500000001	4004.500500000001
4004.500500000001	4312.539000000001
4004.500500000001	4620.5775
4004.500500000001	4928.616
4004.500500000001	5236.6545
4004.500500000001	5544.692999999999
4004.500500000001	5852.731499999999
4004.500500000001	6160.769999999999
4004.500500000001	6468.808499999998
4312.539000000001	0.0
4312.539000000001	308.0385
4312.539000000001	616.077
4312.539000000001	924.1155
4312.539000000001	1232.154
4312.539000000001	1540.1925
4312.539000000001	1848.2310000000002
4312.539000000001	2156.2695000000003
4312.539000000001	3388.423500000001
4312.539000000001	3696.462000000001
4312.539000000001	4004.500500000001
4312.539000000001	4312.539000000001
4312.539000000001	4620.5775
4312.539000000001	4928.616
4312.539000000001	5236.6545
4312.539000000001	5544.692999999999
4312.539000000001	5852.731499999999
4312.539000000001	6160.769999999999
4312.539000000001	6468.808499999998
4620.5775	0.0
4620.5775	308.0385
4620.5775	616.077
4620.5775	924.1155
4620.5775	1232.154
4620.5775	1540.1925
4620.5775	1848.2310000000002
4620.5775	2156.2695000000003
4620.5775	2464.3080000000004
4620.5775	2772.3465000000006
4620.5775	3080.3850000000007
4620.5775	3388.423500000001
4620.5775	3696.462000000001
4620.5775	4004.500500000001
4620.5775	4312.539000000001
4620.5775	4620.5775
4620.5775	4928.616
4620.5775	5236.6545
4620.5775	5544.692999999999
4620.5775	5852.731499999999
4620.5775	6160.769999999999
4620.5775	6468.808499999998
4928.616	0.0
4928.616	308.0385
4928.616	616.077
4928.616	924.1155
4928.616	1232.154
4928.616	1540.1925
4928.616	1848.2310000000002
4928.616	2156.2695000000003
4928.616	2464.3080000000004
4928.616	2772.3465000000006
4928.616	3080.3850000000007
4928.616	3388.423500000001
4928.616	3696.462000000001
4928.616	4004.500500000001
4928.616	4312.539000000001
4928.616	4620.5775
4928.616	4928.616
4928.616	5236.6545
4928.616	5544.692999999999
4928.616	5852.731499999999
4928.616	6160.769999999999
4928.616	6468.808499999998
5236.6545	0.0
5236.6545	308.0385
5236.6545	616.077
5236.6545	924.1155
5236.6545	1232.154
5236.6545	1540.1925
5236.6545	1848.2310000000002
5236.6545	2156.2695000000003
5236.6545	2464.3080000000004
5236.6545	2772.3465000000006
5236.6545	3080.3850000000007
5236.6545	3388.423500000001
5236.6545	3696.462000000001
5236.6545	4004.500500000001
5236.6545	4312.539000000001
5236.6545	4620.5775
5236.6545	4928.616
5236.6545	5236.6545
5236.6545	5544.692999999999
5236.6545	5852.731499999999
5236.6545	6160.769999999999
5236.6545	6468.808499999998
5544.692999999999	0.0
5544.692999999999	308.0385
5544.692999999999	616.077
5544.692999999999	924.1155
5544.692999999999	1232.154
5544.692999999999	1540.1925
5544.692999999999	1848.2310000000002
5544.692999999999	2156.2695000000003
5544.692999999999	2464.3080000000004
5544.692999999999	2772.3465000000006
5544.692999999999	3080.3850000000007
5544.692999999999	3388.423500000001
5544.692999999999	3696.462000000001
5544.692999999999	4004.500500000001
5544.692999999999	4312.539000000001
5544.692999999999	4620.5775
5544.692999999999	4928.616
5544.692999999999	5236.6545
5544.692999999999	5544.692999999999
5544.692999999999	5852.731499999999
5544.692999999999	6160.769999999999
5544.692999999999	6468.808499999998
5852.731499999999	0.0
5852.731499999999	308.0385
5852.731499999999	616.077
5852.731499999999	924.1155
5852.731499999999	1232.154
5852.731499999999	1540.1925
5852.731499999999	1848.2310000000002
5852.731499999999	2156.2695000000003
5852.731499999999	2464.3080000000004
5852.731499999999	2772.3465000000006
5852.731499999999	3080.3850000000007
5852.731499999999	3388.423500000001
5852.731499999999	3696.462000000001
5852.731499999999	4004.500500000001
5852.731499999999	4312.539000000001
5852.731499999999	4620.5775
5852.731499999999	4928.616
5852.731499999999	5236.6545
5852.731499999999	5544.692999999999
5852.731499999999	5852.731499999999
5852.731499999999	6160.769999999999
5852.731499999999	6468.808499999998
6160.769999999999	0.0
6160.769999999999	308.0385
6160.769999999999	616.077
6160.769999999999	924.1155
6160.769999999999	1232.154
6160.769999999999	1540.1925
6160.769999999999	1848.2310000000002
6160.769999999999	2156.2695000000003
6160.769999999999	2464.3080000000004
6160.769999999999	2772.3465000000006
6160.769999999999	3080.3850000000007
6160.769999999999	3388.423500000001
6160.769999999999	3696.462000000001
6160.769999999999	4004.500500000001
6160.769999999999	4312.539000000001
6160.769999999999	4620.5775
6160.769999999999	4928.616
6160.769999999999	5236.6545
6160.769999999999	5544.692999999999
6160.769999999999	5852.731499999999
6160.769999999999	6160.769999999999
6160.769999999999	6468.808499999998
6468.808499999998	0.0
6468.808499999998	308.0385
6468.808499999998	616.077
6468.808499999998	924.1155
6468.808499999998	1232.154
6468.808499999998	1540.1925
6468.808499999998	1848.2310000000002
6468.808499999998	2156.2695000000003
6468.808499999998	2464.3080000000004
6468.808499999998	2772.3465000000006
6468.808499999998	3080.3850000000007
6468.808499999998	3388.423500000001
6468.808499999998	3696.462000000001
6468.808499999998	4004.500500000001
6468.808499999998	4312.539000000001
6468.808499999998	4620.5775
6468.808499999998	4928.616
6468.808499999998	5236.6545
6468.808499999998	5544.692999999999
6468.808499999998	5852.731499999999
6468.808499999998	6160.769999999999
6468.808499999998	6468.808499999998
6776.846999999998	0.0
6776.846999999998	308.0385
6776.846999999998	616.077
6776.846999999998	924.1155
6776.846999999998	1232.154
6776.846999999998	1540.1925
6776.846999999998	1848.2310000000002
6776.846999999998	2156.2695000000003
6776.846999999998	2464.3080000000004
6776.846999999998	2772.3465000000006
6776.846999999998	3080.3850000000007
6776.846999999998	3388.423500000001
6776.846999999998	3696.462000000001
6776.846999999998	4004.500500000001
6776.846999999998	4312.539000000001
6776.846999999998	4620.5775
6776.846999999998	4928.616
6776.846999999998	5236.6545
6776.846999999998	5544.692999999999
6776.846999999998	5852.731499999999
6776.846999999998	6160.769999999999
6776.846999999998	6468.808499999998
7084.885499999998	0.0
7084.885499999998	308.0385
7084.885499999998	616.077
7084.885499999998	924.1155
7084.885499999998	1232.154
7084.885499999998	1540.1925
7084.885499999998	1848.2310000000002
7084.885499999998	2156.2695000000003
7084.885499999998	2464.3080000000004
7084.885499999998	2772.3465000000006
7084.885499999998	3080.3850000000007
7084.885499999998	3388.423500000001
7084.885499999998	3696.462000000001
7084.885499999998	4004.500500000001
7084.885499999998	4312.539000000001
7084.885499999998	4620.5775
7084.885499999998	4928.616
7084.885499999998	5236.6545
7084.885499999998	5544.692999999999
7084.885499999998	5852.731499999999
7084.885499999998	6160.769999999999
7084.885499999998	6468.808499999998
7392.923999999997	0.0
7392.923999999997	308.0385
7392.923999999997	616.077
7392.923999999997	924.1155
7392.923999999997	1232.154
7392.923999999997	1540.1925
7392.923999999997	1848.2310000000002
7392.923999999997	2156.2695000000003
7392.923999999997	2464.3080000000004
7392.923999999997	2772.3465000000006
7392.923999999997	3080.3850000000007
7392.923999999997	3388.423500000001
7392.923999999997	3696.462000000001
7392.923999999997	4004.500500000001
7392.923999999997	4312.539000000001
7392.923999999997	4620.5775
7392.923999999997	4928.616
7392.923999999997	5236.6545
7392.923999999997	5544.692999999999
7392.923999999997	5852.731499999999
7392.923999999997	6160.769999999999
7392.923999999997	6468.808499999998
7700.962499999997	0.0
7700.962499999997	308.0385
7700.962499999997	616.077
7700.962499999997	924.1155
7700.962499999997	1232.154
7700.962499999997	1540.1925
7700.962499999997	1848.2310000000002
7700.962499999997	2156.2695000000003
7700.962499999997	2464.3080000000004
7700.962499999997	2772.3465000000006
7700.962499999997	3080.3850000000007
7700.962499999997	3388.423500000001
7700.962499999997	3696.462000000001
7700.962499999997	4004.500500000001
7700.962499999997	4312.539000000001
7700.962499999997	4620.5775
7700.962499999997	4928.616
7700.962499999997	5236.6545
7700.962499999997	5544.692999999999
7700.962499999997	5852.731499999999
7700.962499999997	6160.769999999999
7700.962499999997	6468.808499999998
8009.000999999997	0.0
8009.000999999997	308.0385
8009.000999999997	616.077
8009.000999999997	924.1155
8009.000999999997	1232.154
8009.000999999997	1540.1925
8009.000999999997	1848.2310000000002
8009.000999999997	2156.2695000000003
8009.000999999997	2464.3080000000004
8009.000999999997	2772.3465000000006
8009.000999999997	3080.3850000000007
8009.000999999997	3388.423500000001
8009.000999999997	3696.462000000001
8009.000999999997	4004.500500000001
8009.000999999997	4312.539000000001
8009.000999999997	4620.5775
8009.000999999997	4928.616
8009.000999999997	5236.6545
8009.000999999997	5544.692999999999
8009.000999999997	5852.731499999999
8009.000999999997	6160.769999999999
8009.000999999997	6468.808499999998
8317.039499999997	0.0
8317.039499999997	308.0385
8317.039499999997	616.077
8317.039499999997	924.1155
8317.039499999997	1232.154
8317.039499999997	1540.1925
8317.039499999997	1848.2310000000002
8317.039499999997	2156.2695000000003
8317.039499999997	2464.3080000000004
8317.039499999997	2772.3465000000006
8317.039499999997	3080.3850000000007
8317.039499999997	3388.423500000001
8317.039499999997	3696.462000000001
8317.039499999997	4004.500500000001
8317.039499999997	4312.539000000001
8317.039499999997	4620.5775
8317.039499999997	4928.616
8317.039499999997	5236.6545
8317.039499999997	5544.692999999999
8317.039499999997	5852.731499999999
8317.039499999997	6160.769999999999
8317.039499999997	6468.808499999998
8625.077999999998	0.0
8625.077999999998	308.0385
8625.077999999998	616.077
8625.077999999998	924.1155
8625.077999999998	1232.154
8625.077999999998	1540.1925
8625.077999999998	1848.2310000000002
8625.077999999998	2156.2695000000003
8625.077999999998	2464.3080000000004
8625.077999999998	2772.3465000000006
8625.077999999998	3080.3850000000007
8625.077999999998	3388.423500000001
8625.077999999998	3696.462000000001
8625.077999999998	4004.500500000001
8625.077999999998	4312.539000000001
8625.077999999998	4620.5775
8625.077999999998	4928.616
8625.077999999998	5236.6545
8625.077999999998	5544.692999999999
8625.077999999998	5852.731499999999
8625.077999999998	6160.769999999999
8625.077999999998	6468.808499999998
8933.116499999998	0.0
8933.116499999998	308.0385
8933.116499999998	616.077
8933.116499999998	924.1155
8933.116499999998	1232.154
8933.116499999998	1540.1925
8933.116499999998	1848.2310000000002
8933.116499999998	2156.2695000000003
8933.116499999998	2464.3080000000004
8933.116499999998	2772.3465000000006
8933.116499999998	3080.3850000000007
8933.116499999998	3388.423500000001
8933.116499999998	3696.462000000001
8933.116499999998	4004.500500000001
8933.116499999998	4312.539000000001
8933.116499999998	4620.5775
8933.116499999998	4928.616
8933.116499999998	5236.6545
8933.116499999998	5544.692999999999
8933.116499999998	5852.731499999999
8933.116499999998	6160.769999999999
8933.116499999998	6468.808499999998
GRID-End
num_of_evaluations 2000
best obj 0.0012417430465984224
LLH0	47
LLH1	43
LLH2	54
LLH3	51
LLH4	140
LLH5	96
LLH6	83