Initial objective 0.0013066254796460061	 Seed value 394936987
1	 LLH-5	0.0013072683461330988	0.0013072683461330988
2	 LLH-5	0.0013084004502695087	0.0013084004502695087
3	 LLH-0	0.0013099247578793507	0.0013099247578793507
4	 LLH-6	0.001311649169911504	0.001311649169911504
5	 LLH-0	0.0013134264644608486	0.0013134264644608486
6	 LLH-4	0.001311779158021011	0.001311779158021011
9	 LLH-0	0.001313458680207772	0.001313458680207772
10	 LLH-3	0.0012818951463648954	0.0012818951463648954
11	 LLH-2	0.0012712654619803255	0.0012712654619803255
12	 LLH-0	0.0012721285725015572	0.0012721285725015572
13	 LLH-3	0.001347339390433057	0.001347339390433057
14	 LLH-3	0.0012727053891615674	0.0012727053891615674
15	 LLH-4	0.0012716928531643263	0.0012716928531643263
19	 LLH-3	0.0012602833556039496	0.0012602833556039496
20	 LLH-5	0.0012599004616635696	0.0012599004616635696
21	 LLH-6	0.0012590066519871498	0.0012590066519871498
22	 LLH-0	0.00125983825353057	0.00125983825353057
23	 LLH-3	0.0012556675006729651	0.0012556675006729651
24	 LLH-6	0.0012562437842566865	0.0012562437842566865
25	 LLH-4	0.0012562437842566865	0.0012562437842566865
30	 LLH-0	0.0012567216502152795	0.0012567216502152795
31	 LLH-2	0.0012599100414364525	0.0012599100414364525
32	 LLH-1	0.0012600462722247325	0.0012600462722247325
33	 LLH-1	0.0012600462722247325	0.0012600462722247325
34	 LLH-2	0.001262340366433526	0.001262340366433526
35	 LLH-6	0.0012628274964760317	0.0012628274964760317
36	 LLH-4	0.0012619340433729833	0.0012619340433729833
41	 LLH-5	0.0012612004127615668	0.0012612004127615668
42	 LLH-3	0.0013040361271556876	0.0013040361271556876
43	 LLH-2	0.0013049503483261663	0.0013049503483261663
44	 LLH-1	0.0013046254399535695	0.0013046254399535695
45	 LLH-3	0.0012639760653007622	0.0012639760653007622
46	 LLH-1	0.0012640359782928644	0.0012640359782928644
47	 LLH-3	0.0012558174636668389	0.0012558174636668389
48	 LLH-3	0.0013032035469735437	0.0013032035469735437
49	 LLH-0	0.0013020540220903072	0.0013020540220903072
50	 LLH-1	0.0013020938157383382	0.0013020938157383382
51	 LLH-2	0.0012978136533059795	0.0012978136533059795
52	 LLH-4	0.001296357042176822	0.001296357042176822
57	 LLH-6	0.0012967999699850727	0.0012967999699850727
58	 LLH-0	0.0012980382965072535	0.0012980382965072535
59	 LLH-6	0.001296665802665266	0.001296665802665266
60	 LLH-4	0.0012953222456341105	0.0012953222456341105
64	 LLH-1	0.0012953222456341105	0.0012953222456341105
65	 LLH-5	0.001296513673635269	0.001296513673635269
66	 LLH-3	0.0013864143765453224	0.0013864143765453224
67	 LLH-2	0.001338413504713518	0.001338413504713518
68	 LLH-6	0.0013376829329809806	0.0013376829329809806
69	 LLH-2	0.0013396333758120952	0.0013396333758120952
70	 LLH-1	0.0013396333758120952	0.0013396333758120952
71	 LLH-5	0.0013389028146256264	0.0013389028146256264
72	 LLH-0	0.0013370318231141329	0.0013370318231141329
73	 LLH-1	0.0013369842866557634	0.0013369842866557634
74	 LLH-6	0.0013377613498902186	0.0013377613498902186
75	 LLH-4	0.001336254585739737	0.001336254585739737
79	 LLH-3	0.0014732283771184593	0.0014732283771184593
80	 LLH-5	0.0014735476453447741	0.0014735476453447741
81	 LLH-6	0.001473986904224156	0.001473986904224156
82	 LLH-0	0.0014775511339412243	0.0014775511339412243
83	 LLH-6	0.0014794425853851562	0.0014794425853851562
84	 LLH-1	0.0014794771559715808	0.0014794771559715808
85	 LLH-5	0.0014799659006443876	0.0014799659006443876
86	 LLH-3	0.0013027576891334637	0.0013027576891334637
87	 LLH-5	0.001303685154548222	0.001303685154548222
88	 LLH-5	0.0013031392775862253	0.0013031392775862253
89	 LLH-4	0.0013015511147022086	0.0013015511147022086
91	 LLH-6	0.0012999875220157493	0.0012999875220157493
92	 LLH-0	0.0013019364950797928	0.0013019364950797928
93	 LLH-1	0.0013019629543486806	0.0013019629543486806
94	 LLH-1	0.0013019629543486806	0.0013019629543486806
95	 LLH-4	0.0013006042661386763	0.0013006042661386763
98	 LLH-4	0.0012990609458292265	0.0012990609458292265
101	 LLH-3	0.0012770037433574213	0.0012770037433574213
102	 LLH-6	0.0012790339333334253	0.0012790339333334253
103	 LLH-3	0.001325881401963685	0.001325881401963685
104	 LLH-2	0.0013259986928309763	0.0013259986928309763
105	 LLH-2	0.0013423303148573061	0.0013423303148573061
106	 LLH-6	0.0013413071140749469	0.0013413071140749469
107	 LLH-5	0.0013414241505289777	0.0013414241505289777
108	 LLH-5	0.0013408820564223276	0.0013408820564223276
109	 LLH-0	0.0013428190516541188	0.0013428190516541188
110	 LLH-6	0.001343941747709508	0.001343941747709508
111	 LLH-6	0.0013447287217152487	0.0013447287217152487
112	 LLH-6	0.0013425409282354177	0.0013425409282354177
113	 LLH-0	0.0013407958836960054	0.0013407958836960054
114	 LLH-6	0.0013416020928052608	0.0013416020928052608
115	 LLH-3	0.0014414709314586084	0.0014414709314586084
116	 LLH-3	0.0016906730751351437	0.0014414709314586084
117	 LLH-3	0.0016547887276278685	0.0014414709314586084
118	 LLH-1	0.0014414709314586084	0.0014414709314586084
119	 LLH-4	0.0014384947616186364	0.0014384947616186364
121	 LLH-3	0.0012977305193376384	0.0012977305193376384
122	 LLH-0	0.0012992005552761507	0.0012992005552761507
123	 LLH-0	0.0013005722191874827	0.0013005722191874827
124	 LLH-3	0.001263284126439276	0.001263284126439276
125	 LLH-5	0.0012631973993597796	0.0012631973993597796
126	 LLH-2	0.001274631192547171	0.001274631192547171
127	 LLH-0	0.0012760415354889274	0.0012760415354889274
128	 LLH-6	0.0012746779111600978	0.0012746779111600978
129	 LLH-1	0.001274947622691665	0.001274947622691665
130	 LLH-6	0.0012762301668325046	0.0012762301668325046
131	 LLH-3	0.0012582217745853944	0.0012582217745853944
132	 LLH-0	0.0012589941769026844	0.0012589941769026844
133	 LLH-0	0.00126008155138424	0.00126008155138424
134	 LLH-4	0.0012589961070041454	0.0012589961070041454
137	 LLH-4	0.0012589961070041454	0.0012589961070041454
142	 LLH-3	0.0013035243365961335	0.0013035243365961335
143	 LLH-4	0.0013019367732746848	0.0013019367732746848
146	 LLH-2	0.0012997754364269703	0.0012997754364269703
147	 LLH-6	0.0012976459775601162	0.0012976459775601162
148	 LLH-1	0.001297112466979781	0.001297112466979781
149	 LLH-0	0.0012983327947271137	0.0012983327947271137
150	 LLH-3	0.0012643997068953225	0.0012643997068953225
151	 LLH-6	0.0012647551914395487	0.0012647551914395487
152	 LLH-6	0.001263355089147283	0.001263355089147283
153	 LLH-2	0.0012698689525549268	0.0012698689525549268
154	 LLH-5	0.0012694740219331081	0.0012694740219331081
155	 LLH-1	0.0012694740219331081	0.0012694740219331081
156	 LLH-2	0.0012788002873905658	0.0012788002873905658
157	 LLH-6	0.0012777324382407334	0.0012777324382407334
158	 LLH-5	0.001277868579660408	0.001277868579660408
159	 LLH-4	0.0012768479224350767	0.0012768479224350767
163	 LLH-3	0.0012615320832455943	0.0012615320832455943
164	 LLH-6	0.0012613740804877998	0.0012613740804877998
165	 LLH-1	0.0012613740804877998	0.0012613740804877998
166	 LLH-6	0.0012620908303165991	0.0012620908303165991
167	 LLH-6	0.0012626455847586865	0.0012626455847586865
168	 LLH-3	0.0012445244033513453	0.0012445244033513453
169	 LLH-4	0.0012445244033513453	0.0012445244033513453
174	 LLH-3	0.0012928704129816868	0.0012928704129816868
175	 LLH-5	0.001292926683698857	0.001292926683698857
176	 LLH-4	0.0012919019179028152	0.0012919019179028152
179	 LLH-4	0.0012919019179028152	0.0012919019179028152
184	 LLH-0	0.0012932005663876325	0.0012932005663876325
185	 LLH-6	0.0012946012085846925	0.0012946012085846925
186	 LLH-5	0.0012941346394482016	0.0012941346394482016
187	 LLH-6	0.0012931547063997305	0.0012931547063997305
188	 LLH-5	0.001292625059672982	0.001292625059672982
189	 LLH-2	0.0013000328498630601	0.0013000328498630601
190	 LLH-2	0.0012979788048356228	0.0012979788048356228
191	 LLH-0	0.0012992697150768335	0.0012992697150768335
192	 LLH-1	0.0012989566256896136	0.0012989566256896136
193	 LLH-4	0.0012975497001660992	0.0012975497001660992
195	 LLH-4	0.0012961279512307751	0.0012961279512307751
198	 LLH-0	0.0012974880994986368	0.0012974880994986368
199	 LLH-0	0.0012988810426636463	0.0012988810426636463
200	 LLH-6	0.0013002739843102978	0.0013002739843102978
201	 LLH-1	0.0013002739843102978	0.0013002739843102978
202	 LLH-3	0.0012657814322452597	0.0012657814322452597
203	 LLH-0	0.0012649275471844324	0.0012649275471844324
204	 LLH-1	0.0012649275471844324	0.0012649275471844324
205	 LLH-0	0.0012656906205906846	0.0012656906205906846
206	 LLH-0	0.00126505917377363	0.00126505917377363
207	 LLH-2	0.001260519844366384	0.001260519844366384
208	 LLH-6	0.0012604999131910419	0.0012604999131910419
209	 LLH-5	0.0012604615488045513	0.0012604615488045513
210	 LLH-3	0.0012615579183210895	0.0012615579183210895
211	 LLH-1	0.0012615579183210895	0.0012615579183210895
212	 LLH-0	0.0012455105678942173	0.0012455105678942173
213	 LLH-3	0.001256059637835746	0.001256059637835746
214	 LLH-4	0.0012555728320391153	0.0012555728320391153
219	 LLH-0	0.0012561062718848405	0.0012561062718848405
220	 LLH-0	0.001255305045479164	0.001255305045479164
221	 LLH-0	0.0012557743481548182	0.0012557743481548182
222	 LLH-6	0.0012554711809387921	0.0012554711809387921
223	 LLH-0	0.0012559578982167252	0.0012559578982167252
224	 LLH-0	0.0012567697492284159	0.0012567697492284159
225	 LLH-0	0.0012576297748813788	0.0012576297748813788
226	 LLH-3	0.0012784552330009765	0.0012784552330009765
227	 LLH-2	0.001288012958890944	0.001288012958890944
228	 LLH-0	0.0012870666520404415	0.0012870666520404415
229	 LLH-5	0.0012875413450173666	0.0012875413450173666
230	 LLH-2	0.001278508814065808	0.001278508814065808
231	 LLH-5	0.001278418623668697	0.001278418623668697
232	 LLH-6	0.001278629617958628	0.001278629617958628
233	 LLH-1	0.001278629617958628	0.001278629617958628
234	 LLH-6	0.001278918744108263	0.001278918744108263
235	 LLH-1	0.0012789106388093662	0.0012789106388093662
236	 LLH-0	0.0012798207545507935	0.0012798207545507935
237	 LLH-6	0.0012821337035471931	0.0012821337035471931
238	 LLH-0	0.0012831359639928724	0.0012831359639928724
239	 LLH-1	0.0012829834543221757	0.0012829834543221757
240	 LLH-5	0.0012840747124082815	0.0012840747124082815
241	 LLH-1	0.0012840747124082815	0.0012840747124082815
242	 LLH-1	0.0012840747124082815	0.0012840747124082815
243	 LLH-5	0.0012849957309657599	0.0012849957309657599
244	 LLH-0	0.0012837210008545229	0.0012837210008545229
245	 LLH-0	0.0012848046479708535	0.0012848046479708535
246	 LLH-2	0.0012836347653769555	0.0012836347653769555
247	 LLH-0	0.0012825638952772421	0.0012825638952772421
248	 LLH-3	0.0012629041564379754	0.0012629041564379754
249	 LLH-4	0.0012622028871346223	0.0012622028871346223
252	 LLH-3	0.0013160577583126607	0.0013160577583126607
253	 LLH-6	0.0013151266980946468	0.0013151266980946468
254	 LLH-4	0.001313429896523769	0.001313429896523769
257	 LLH-2	0.001313369947951077	0.001313369947951077
258	 LLH-0	0.001311912807893357	0.001311912807893357
259	 LLH-1	0.0013117848116361414	0.0013117848116361414
260	 LLH-6	0.0013132577781945322	0.0013132577781945322
261	 LLH-4	0.0013132577781945322	0.0013132577781945322
266	 LLH-1	0.0013132577781945322	0.0013132577781945322
267	 LLH-3	0.0012824422577003495	0.0012824422577003495
268	 LLH-4	0.0012814863724316514	0.0012814863724316514
271	 LLH-4	0.001280578368164636	0.001280578368164636
275	 LLH-4	0.001279514507103557	0.001279514507103557
280	 LLH-1	0.001279514507103557	0.001279514507103557
281	 LLH-2	0.0012804597239295394	0.0012804597239295394
282	 LLH-2	0.001283964993387962	0.001283964993387962
283	 LLH-2	0.0012897099124680668	0.0012897099124680668
284	 LLH-3	0.001397528629718255	0.001397528629718255
285	 LLH-2	0.0013711839457343704	0.0013711839457343704
286	 LLH-4	0.0013687822795921776	0.0013687822795921776
288	 LLH-5	0.0013681260721334016	0.0013681260721334016
289	 LLH-0	0.0013703042041640287	0.0013703042041640287
290	 LLH-5	0.0013712545270203277	0.0013712545270203277
291	 LLH-1	0.0013712545270203277	0.0013712545270203277
292	 LLH-3	0.0012935383070666992	0.0012935383070666992
293	 LLH-4	0.0012923509897733855	0.0012923509897733855
296	 LLH-0	0.0012935854341089273	0.0012935854341089273
297	 LLH-4	0.0012921153664603037	0.0012921153664603037
299	 LLH-4	0.0012921153664603037	0.0012921153664603037
304	 LLH-6	0.001290924536862896	0.001290924536862896
305	 LLH-3	0.0012559790312637027	0.0012559790312637027
306	 LLH-4	0.0012559790312637027	0.0012559790312637027
311	 LLH-2	0.0012715834482724885	0.0012715834482724885
312	 LLH-4	0.0012708515278803284	0.0012708515278803284
315	 LLH-0	0.0012718021869525902	0.0012718021869525902
316	 LLH-6	0.0012687593113984042	0.0012687593113984042
317	 LLH-5	0.0012685580486157286	0.0012685580486157286
318	 LLH-2	0.0012915038305097203	0.0012685580486157286
319	 LLH-1	0.0012684125214106482	0.0012684125214106482
320	 LLH-0	0.0012695339693926152	0.0012695339693926152
321	 LLH-1	0.0012694637451802662	0.0012694637451802662
322	 LLH-3	0.0012522969183569692	0.0012522969183569692
323	 LLH-6	0.0012520791590043998	0.0012520791590043998
324	 LLH-3	0.0013204573306386128	0.0012520791590043998
325	 LLH-1	0.0012520791590043998	0.0012520791590043998
326	 LLH-3	0.001306570776211639	0.001306570776211639
327	 LLH-4	0.0013053466041443626	0.0013053466041443626
330	 LLH-6	0.0013029761256647143	0.0013029761256647143
331	 LLH-2	0.001291300885077882	0.001291300885077882
332	 LLH-3	0.0013840021508789526	0.0013840021508789526
333	 LLH-4	0.0013815540162386247	0.0013815540162386247
335	 LLH-4	0.0013791891796435115	0.0013791891796435115
337	 LLH-0	0.0013816037662462571	0.0013816037662462571
338	 LLH-1	0.0013816136588642972	0.0013816136588642972
339	 LLH-3	0.001511245495319018	0.0013816136588642972
340	 LLH-3	0.0015171383587249388	0.0015171383587249388
341	 LLH-4	0.0015126845877446219	0.0015126845877446219
343	 LLH-4	0.0015082438626292639	0.0015082438626292639
346	 LLH-0	0.0015041678271900966	0.0015041678271900966
347	 LLH-4	0.001499878244166635	0.001499878244166635
349	 LLH-5	0.0015005311988146035	0.0015005311988146035
350	 LLH-4	0.001496478897612094	0.001496478897612094
352	 LLH-5	0.0014967322050703385	0.0014967322050703385
353	 LLH-0	0.0014923978369894742	0.0014923978369894742
354	 LLH-2	0.00141056261020882	0.00141056261020882
355	 LLH-0	0.0014077379378834832	0.0014077379378834832
356	 LLH-3	0.0016230512748080473	0.0016230512748080473
357	 LLH-1	0.0016236489977003825	0.0016236489977003825
358	 LLH-1	0.0016236489977003825	0.0016236489977003825
359	 LLH-0	0.0016172586596282879	0.0016172586596282879
360	 LLH-3	0.0018884930908305854	0.0016172586596282879
361	 LLH-5	0.0016172693736705458	0.0016172693736705458
362	 LLH-0	0.0016111893485693332	0.0016111893485693332
363	 LLH-3	0.001344789403305489	0.001344789403305489
364	 LLH-1	0.001344789403305489	0.001344789403305489
365	 LLH-4	0.001343130545156889	0.001343130545156889
367	 LLH-5	0.0013415646542383102	0.0013415646542383102
368	 LLH-6	0.0013442419114212687	0.0013442419114212687
369	 LLH-2	0.001322732897659047	0.001322732897659047
370	 LLH-0	0.001320557475073985	0.001320557475073985
371	 LLH-4	0.0013190263883552853	0.0013190263883552853
375	 LLH-2	0.0013061553508264244	0.0013061553508264244
376	 LLH-0	0.0013044637550000716	0.0013044637550000716
377	 LLH-4	0.0013027736951968078	0.0013027736951968078
380	 LLH-0	0.001304582513237657	0.001304582513237657
381	 LLH-6	0.0013036033904964086	0.0013036033904964086
382	 LLH-2	0.0013087398304042857	0.0013087398304042857
383	 LLH-3	0.00142841983494876	0.0013087398304042857
384	 LLH-0	0.0013100628393981036	0.0013100628393981036
385	 LLH-6	0.0013092519571241807	0.0013092519571241807
386	 LLH-3	0.0014263789951037909	0.0014263789951037909
387	 LLH-0	0.001423370002473876	0.001423370002473876
388	 LLH-3	0.0016544119932453544	0.0016544119932453544
389	 LLH-5	0.0016547187342423708	0.0016547187342423708
390	 LLH-3	0.0013280163240403239	0.0013280163240403239
391	 LLH-6	0.0013259989710925674	0.0013259989710925674
392	 LLH-6	0.001328413144711262	0.001328413144711262
393	 LLH-4	0.0013268011087343148	0.0013268011087343148
397	 LLH-3	0.0012800191227548144	0.0012800191227548144
398	 LLH-2	0.0012795461443761	0.0012795461443761
399	 LLH-5	0.0012797067266249553	0.0012797067266249553
400	 LLH-1	0.0012797067266249553	0.0012797067266249553
401	 LLH-2	0.0012867032610522683	0.0012867032610522683
402	 LLH-4	0.0012854300573954024	0.0012854300573954024
407	 LLH-2	0.001288318007455252	0.001288318007455252
408	 LLH-2	0.0012971172796361074	0.0012971172796361074
409	 LLH-2	0.0012978403280004454	0.0012978403280004454
410	 LLH-4	0.0012963615227842924	0.0012963615227842924
414	 LLH-4	0.0012949372355120917	0.0012949372355120917
419	 LLH-3	0.0012684552098373265	0.0012684552098373265
420	 LLH-1	0.0012685606445491425	0.0012685606445491425
421	 LLH-6	0.0012667978835468714	0.0012667978835468714
422	 LLH-3	0.001325057212763582	0.001325057212763582
423	 LLH-4	0.001325057212763582	0.001325057212763582
428	 LLH-1	0.0013249813077412995	0.0013249813077412995
429	 LLH-2	0.0013005107901842951	0.0013005107901842951
430	 LLH-1	0.0013005107901842951	0.0013005107901842951
431	 LLH-6	0.0013003699636506315	0.0013003699636506315
432	 LLH-2	0.0013002641176034324	0.0013002641176034324
433	 LLH-5	0.0013006412776448316	0.0013006412776448316
434	 LLH-5	0.0013020229011423481	0.0013020229011423481
435	 LLH-3	0.0012665342596331487	0.0012665342596331487
436	 LLH-0	0.0012675031949818257	0.0012675031949818257
437	 LLH-3	0.0012560991593992183	0.0012560991593992183
438	 LLH-2	0.0012575885724687888	0.0012575885724687888
439	 LLH-3	0.0013236125996763906	0.0013236125996763906
440	 LLH-1	0.001323313766922665	0.001323313766922665
441	 LLH-0	0.001321881594647444	0.001321881594647444
442	 LLH-3	0.001279109576537182	0.001279109576537182
443	 LLH-5	0.001279010207261233	0.001279010207261233
444	 LLH-5	0.0012777503055776344	0.0012777503055776344
445	 LLH-3	0.0012594521730688137	0.0012594521730688137
446	 LLH-3	0.001258074821750114	0.001258074821750114
447	 LLH-6	0.0012594522280081613	0.0012594522280081613
448	 LLH-5	0.00125805890046179	0.00125805890046179
449	 LLH-1	0.00125805890046179	0.00125805890046179
450	 LLH-0	0.0012575058301255255	0.0012575058301255255
451	 LLH-5	0.00125745378757919	0.00125745378757919
452	 LLH-5	0.0012581144543002078	0.0012581144543002078
453	 LLH-5	0.0012583019994616878	0.0012583019994616878
454	 LLH-6	0.0012571192676715944	0.0012571192676715944
455	 LLH-5	0.0012570502574130054	0.0012570502574130054
456	 LLH-2	0.001250326839749987	0.001250326839749987
457	 LLH-3	0.001243482250122515	0.001243482250122515
458	 LLH-3	0.0012427598338239476	0.0012427598338239476
459	 LLH-6	0.0012429381166414108	0.0012429381166414108
460	 LLH-3	0.0012485958489392374	0.0012485958489392374
461	 LLH-0	0.0012490878220522575	0.0012490878220522575
462	 LLH-4	0.0012484326177711908	0.0012484326177711908
464	 LLH-2	0.0012569958986311316	0.0012484326177711908
465	 LLH-0	0.0012491599307688985	0.0012491599307688985
466	 LLH-4	0.0012491599307688985	0.0012491599307688985
471	 LLH-1	0.0012491599307688985	0.0012491599307688985
472	 LLH-2	0.0012447056807418427	0.0012447056807418427
473	 LLH-5	0.0012447523574618535	0.0012447523574618535
474	 LLH-3	0.0012428250966250885	0.0012428250966250885
475	 LLH-2	0.0012456347633917938	0.0012456347633917938
476	 LLH-5	0.0012441996509928788	0.0012441996509928788
477	 LLH-0	0.0012450280014201904	0.0012450280014201904
478	 LLH-4	0.0012450280014201904	0.0012450280014201904
483	 LLH-6	0.0012456049116531787	0.0012456049116531787
484	 LLH-1	0.0012456049116531787	0.0012456049116531787
485	 LLH-3	0.0012469171787533103	0.0012469171787533103
486	 LLH-4	0.001246474696776123	0.001246474696776123
490	 LLH-6	0.001246619737038464	0.001246619737038464
491	 LLH-6	0.001246821325585088	0.001246821325585088
492	 LLH-0	0.0012464186888932062	0.0012464186888932062
493	 LLH-4	0.0012459530820006566	0.0012459530820006566
495	 LLH-2	0.0012607177100034592	0.0012607177100034592
496	 LLH-1	0.0012610944338984666	0.0012610944338984666
497	 LLH-6	0.001261156230410023	0.001261156230410023
498	 LLH-3	0.0012567360977652677	0.0012567360977652677
499	 LLH-3	0.0012430104153426718	0.0012430104153426718
500	 LLH-2	0.0012588503175733625	0.0012588503175733625
501	 LLH-0	0.0012582215464311325	0.0012582215464311325
502	 LLH-1	0.0012582215464311325	0.0012582215464311325
503	 LLH-1	0.001258169583288024	0.001258169583288024
504	 LLH-4	0.001258169583288024	0.001258169583288024
509	 LLH-2	0.0012604944335712343	0.0012604944335712343
510	 LLH-4	0.0012597222444969943	0.0012597222444969943
514	 LLH-2	0.0012682715836382081	0.0012682715836382081
515	 LLH-5	0.0012678810424549749	0.0012678810424549749
516	 LLH-4	0.0012669504939708627	0.0012669504939708627
518	 LLH-5	0.001267329987944181	0.001267329987944181
519	 LLH-1	0.001267329987944181	0.001267329987944181
520	 LLH-0	0.0012662517630727163	0.0012662517630727163
521	 LLH-3	0.0012602547644794929	0.0012602547644794929
522	 LLH-3	0.0012444399955872612	0.0012444399955872612
523	 LLH-3	0.0012896190339804227	0.0012444399955872612
524	 LLH-4	0.0012437703337377939	0.0012437703337377939
527	 LLH-2	0.0012496667552895145	0.0012496667552895145
528	 LLH-4	0.0012496667552895145	0.0012496667552895145
533	 LLH-4	0.0012489796605464525	0.0012489796605464525
536	 LLH-4	0.0012484018450467618	0.0012484018450467618
538	 LLH-6	0.0012486614416310211	0.0012486614416310211
539	 LLH-5	0.0012497282071171666	0.0012497282071171666
540	 LLH-4	0.0012492354771654875	0.0012492354771654875
543	 LLH-5	0.0012497252160990366	0.0012497252160990366
544	 LLH-4	0.001249055604744855	0.001249055604744855
546	 LLH-6	0.001250145307731505	0.001250145307731505
547	 LLH-4	0.001250145307731505	0.001250145307731505
552	 LLH-5	0.0012503556436217799	0.0012503556436217799
553	 LLH-4	0.0012497672128771364	0.0012497672128771364
557	 LLH-1	0.0012497672128771364	0.0012497672128771364
558	 LLH-5	0.0012483727712693012	0.0012483727712693012
559	 LLH-4	0.0012474843979961622	0.0012474843979961622
564	 LLH-5	0.00124716269006137	0.00124716269006137
565	 LLH-0	0.0012477251153891866	0.0012477251153891866
566	 LLH-3	0.0012571334472324905	0.0012571334472324905
567	 LLH-1	0.0012571334472324905	0.0012571334472324905
568	 LLH-1	0.0012576373227004298	0.0012576373227004298
569	 LLH-3	0.0012435240094943404	0.0012435240094943404
570	 LLH-6	0.0012434976674398687	0.0012434976674398687
571	 LLH-0	0.0012429899974834573	0.0012429899974834573
572	 LLH-0	0.001243511221015865	0.001243511221015865
573	 LLH-5	0.001243961374484331	0.001243961374484331
574	 LLH-1	0.001243961374484331	0.001243961374484331
575	 LLH-1	0.001243961374484331	0.001243961374484331
576	 LLH-1	0.001243961374484331	0.001243961374484331
577	 LLH-2	0.0012566190116358464	0.0012566190116358464
578	 LLH-6	0.001257728656268062	0.001257728656268062
579	 LLH-0	0.0012588882442353896	0.0012588882442353896
580	 LLH-6	0.001258869290015105	0.001258869290015105
581	 LLH-4	0.0012580630344875068	0.0012580630344875068
584	 LLH-5	0.0012582795254467167	0.0012582795254467167
585	 LLH-2	0.0012575688740488456	0.0012575688740488456
586	 LLH-3	0.0013016335064740953	0.0012575688740488456
587	 LLH-0	0.0012581865239488165	0.0012581865239488165
588	 LLH-1	0.0012581865239488165	0.0012581865239488165
589	 LLH-1	0.0012581865239488165	0.0012581865239488165
590	 LLH-3	0.0012440295208041145	0.0012440295208041145
591	 LLH-0	0.0012445047158435554	0.0012445047158435554
592	 LLH-2	0.0012489140057570748	0.0012489140057570748
593	 LLH-1	0.0012489140057570748	0.0012489140057570748
594	 LLH-4	0.0012489140057570748	0.0012489140057570748
599	 LLH-3	0.001295765146435497	0.001295765146435497
600	 LLH-3	0.0013766248722887583	0.0013766248722887583
601	 LLH-1	0.001376866961426876	0.001376866961426876
602	 LLH-5	0.0013770075235645814	0.0013770075235645814
603	 LLH-2	0.0013331770348946359	0.0013331770348946359
604	 LLH-2	0.0013506258316586244	0.0013506258316586244
605	 LLH-2	0.0013514823933895896	0.0013514823933895896
606	 LLH-1	0.0013514426021277556	0.0013514426021277556
607	 LLH-5	0.0013524993847560368	0.0013524993847560368
608	 LLH-1	0.0013523132486102645	0.0013523132486102645
609	 LLH-2	0.0013481407267652303	0.0013481407267652303
610	 LLH-6	0.0013481674098663732	0.0013481674098663732
611	 LLH-3	0.0014600333152864084	0.0013481674098663732
612	 LLH-1	0.0013481674098663732	0.0013481674098663732
613	 LLH-1	0.0013480422907738731	0.0013480422907738731
614	 LLH-5	0.0013465731951232617	0.0013465731951232617
615	 LLH-6	0.0013484243159788255	0.0013484243159788255
616	 LLH-3	0.0012725030513517695	0.0012725030513517695
617	 LLH-3	0.0012647591488789123	0.0012647591488789123
618	 LLH-4	0.0012647591488789123	0.0012647591488789123
623	 LLH-0	0.001265473861349616	0.001265473861349616
624	 LLH-2	0.0012658486882327013	0.0012658486882327013
625	 LLH-3	0.0013262096942923348	0.0013262096942923348
626	 LLH-3	0.0012600830264868689	0.0012600830264868689
627	 LLH-0	0.0012609884328235615	0.0012609884328235615
628	 LLH-3	0.0013225697980654488	0.0012609884328235615
629	 LLH-4	0.0012601783995298305	0.0012601783995298305
632	 LLH-4	0.00125939731107622	0.00125939731107622
634	 LLH-1	0.0012595295812715204	0.0012595295812715204
635	 LLH-3	0.0013347272389210166	0.0013347272389210166
636	 LLH-4	0.0013327774721343378	0.0013327774721343378
640	 LLH-6	0.0013300819333751464	0.0013300819333751464
641	 LLH-0	0.0013318026819732895	0.0013318026819732895
642	 LLH-0	0.0013338896023163504	0.0013338896023163504
643	 LLH-4	0.0013320619939429668	0.0013320619939429668
645	 LLH-1	0.0013319114644575005	0.0013319114644575005
646	 LLH-3	0.0012880237691210456	0.0012880237691210456
647	 LLH-5	0.0012890490741538376	0.0012890490741538376
648	 LLH-5	0.0012888819125229023	0.0012888819125229023
649	 LLH-1	0.0012894631184940473	0.0012894631184940473
650	 LLH-4	0.0012883904305023256	0.0012883904305023256
652	 LLH-2	0.001279413614896191	0.001279413614896191
653	 LLH-5	0.0012795871217700053	0.0012795871217700053
654	 LLH-3	0.0013570005862845965	0.0013570005862845965
655	 LLH-4	0.0013549141303734274	0.0013549141303734274
657	 LLH-0	0.001356981070446404	0.001356981070446404
658	 LLH-2	0.0013507484203200393	0.0013507484203200393
659	 LLH-6	0.0013510027947383906	0.0013510027947383906
660	 LLH-3	0.0015014927693041782	0.0013510027947383906
661	 LLH-2	0.0013310930591556671	0.0013310930591556671
662	 LLH-6	0.0013313842773340237	0.0013313842773340237
663	 LLH-1	0.0013312555441283688	0.0013312555441283688
664	 LLH-2	0.00134455658168994	0.0013312555441283688
665	 LLH-5	0.0013330530263667636	0.0013330530263667636
666	 LLH-2	0.0013352010797687242	0.0013352010797687242
667	 LLH-6	0.0013351024447144496	0.0013351024447144496
668	 LLH-6	0.0013387785597038836	0.0013387785597038836
669	 LLH-1	0.0013387785597038836	0.0013387785597038836
670	 LLH-5	0.0013383445392763243	0.0013383445392763243
671	 LLH-3	0.0014621720106407173	0.0014621720106407173
672	 LLH-6	0.0014602821246520756	0.0014602821246520756
673	 LLH-3	0.001610593678925722	0.0014602821246520756
674	 LLH-4	0.001456964681280799	0.001456964681280799
676	 LLH-3	0.0016505747280160447	0.001456964681280799
677	 LLH-5	0.0014565579353062884	0.0014565579353062884
678	 LLH-2	0.0014159298575223888	0.0014159298575223888
679	 LLH-3	0.001282026143173718	0.001282026143173718
680	 LLH-3	0.0013496768181955133	0.0013496768181955133
681	 LLH-6	0.0013513411073887733	0.0013513411073887733
682	 LLH-2	0.0013325308503029584	0.0013325308503029584
683	 LLH-0	0.001334370613929718	0.001334370613929718
684	 LLH-5	0.0013346271050298725	0.0013346271050298725
685	 LLH-4	0.0013324452750865649	0.0013324452750865649
687	 LLH-5	0.0013304025133376463	0.0013304025133376463
688	 LLH-4	0.001328479264399305	0.001328479264399305
690	 LLH-5	0.0013284053927205956	0.0013284053927205956
691	 LLH-3	0.0012701487750303032	0.0012701487750303032
692	 LLH-1	0.001269981704356051	0.001269981704356051
693	 LLH-5	0.0012691386373458208	0.0012691386373458208
694	 LLH-3	0.0012498602937423284	0.0012498602937423284
695	 LLH-1	0.0012498602937423284	0.0012498602937423284
696	 LLH-6	0.0012504432218142627	0.0012504432218142627
697	 LLH-6	0.0012519810210817094	0.0012519810210817094
698	 LLH-2	0.0012698040464508764	0.0012698040464508764
699	 LLH-2	0.0012767222426603169	0.0012767222426603169
700	 LLH-6	0.0012768710538242473	0.0012768710538242473
701	 LLH-5	0.0012766661443940788	0.0012766661443940788
702	 LLH-4	0.0012766661443940788	0.0012766661443940788
707	 LLH-3	0.001257109191958788	0.001257109191958788
708	 LLH-3	0.0013051225308154408	0.001257109191958788
709	 LLH-4	0.001257109191958788	0.001257109191958788
714	 LLH-0	0.001258007199859392	0.001258007199859392
715	 LLH-2	0.0012626968504185388	0.0012626968504185388
716	 LLH-1	0.0012620687170882099	0.0012620687170882099
717	 LLH-1	0.0012623869637735292	0.0012623869637735292
718	 LLH-0	0.0012618046479017221	0.0012618046479017221
719	 LLH-3	0.0013132632305499516	0.0013132632305499516
720	 LLH-3	0.0014275842549123954	0.0013132632305499516
721	 LLH-0	0.0013149290880238966	0.0013149290880238966
722	 LLH-2	0.0013069096914389402	0.0013069096914389402
723	 LLH-5	0.0013077799965816232	0.0013077799965816232
724	 LLH-4	0.0013058295107770805	0.0013058295107770805
728	 LLH-0	0.0013042841357834806	0.0013042841357834806
729	 LLH-5	0.0013035680048507788	0.0013035680048507788
730	 LLH-3	0.0012752790101442128	0.0012752790101442128
731	 LLH-1	0.001275421802137464	0.001275421802137464
732	 LLH-1	0.001275421802137464	0.001275421802137464
733	 LLH-1	0.0012753134365051904	0.0012753134365051904
734	 LLH-6	0.0012758155103317242	0.0012758155103317242
735	 LLH-0	0.0012768394453277765	0.0012768394453277765
736	 LLH-1	0.0012770190250252227	0.0012770190250252227
737	 LLH-0	0.001276287839386632	0.001276287839386632
738	 LLH-6	0.0012766226347605038	0.0012766226347605038
739	 LLH-1	0.0012766226347605038	0.0012766226347605038
740	 LLH-6	0.0012752734015629332	0.0012752734015629332
741	 LLH-6	0.0012745920813650212	0.0012745920813650212
742	 LLH-5	0.001275144480331954	0.001275144480331954
743	 LLH-3	0.0012587443847617414	0.0012587443847617414
744	 LLH-3	0.0012571590424059174	0.0012571590424059174
745	 LLH-5	0.0012578229107537036	0.0012578229107537036
746	 LLH-5	0.0012578949411683044	0.0012578949411683044
747	 LLH-4	0.0012571675487184624	0.0012571675487184624
751	 LLH-0	0.00125767668561541	0.00125767668561541
752	 LLH-2	0.0012529439799104176	0.0012529439799104176
753	 LLH-6	0.0012542923600002756	0.0012542923600002756
754	 LLH-0	0.0012536404712400653	0.0012536404712400653
755	 LLH-3	0.0013192415739849525	0.0012536404712400653
756	 LLH-4	0.001252580326346952	0.001252580326346952
761	 LLH-5	0.0012535305292301687	0.0012535305292301687
762	 LLH-2	0.0012572035051071375	0.0012572035051071375
763	 LLH-6	0.0012581354518633988	0.0012581354518633988
764	 LLH-1	0.0012579608747408746	0.0012579608747408746
765	 LLH-0	0.001258895707506577	0.001258895707506577
766	 LLH-6	0.001258626704176054	0.001258626704176054
767	 LLH-5	0.0012573019683563016	0.0012573019683563016
768	 LLH-5	0.001256557967774635	0.001256557967774635
769	 LLH-1	0.001256557967774635	0.001256557967774635
770	 LLH-1	0.001256557967774635	0.001256557967774635
771	 LLH-6	0.0012544333288599437	0.0012544333288599437
772	 LLH-5	0.001254463277401747	0.001254463277401747
773	 LLH-2	0.0012704001114750136	0.0012704001114750136
774	 LLH-1	0.0012704001114750136	0.0012704001114750136
775	 LLH-4	0.0012704001114750136	0.0012704001114750136
780	 LLH-6	0.0012714755274349802	0.0012714755274349802
781	 LLH-0	0.0012725352254822956	0.0012725352254822956
782	 LLH-6	0.0012725679901885228	0.0012725679901885228
783	 LLH-4	0.0012713135990193615	0.0012713135990193615
788	 LLH-4	0.0012701548989641574	0.0012701548989641574
790	 LLH-2	0.0012856838189588156	0.0012701548989641574
791	 LLH-1	0.0012701548989641574	0.0012701548989641574
792	 LLH-2	0.001262184770650039	0.001262184770650039
793	 LLH-6	0.0012628651847572613	0.0012628651847572613
794	 LLH-6	0.001260808098456126	0.001260808098456126
795	 LLH-1	0.001260808098456126	0.001260808098456126
796	 LLH-6	0.0012608095869945696	0.0012608095869945696
797	 LLH-0	0.0012619066600745316	0.0012619066600745316
798	 LLH-1	0.0012616476182364658	0.0012616476182364658
799	 LLH-4	0.0012606766446996323	0.0012606766446996323
802	 LLH-5	0.0012621169280774246	0.0012621169280774246
803	 LLH-5	0.0012632172475072977	0.0012632172475072977
804	 LLH-4	0.0012619137816429445	0.0012619137816429445
807	 LLH-2	0.0012789836820025259	0.0012789836820025259
808	 LLH-5	0.0012790811534761362	0.0012790811534761362
809	 LLH-5	0.0012791428884054348	0.0012791428884054348
810	 LLH-0	0.0012800773963085586	0.0012800773963085586
811	 LLH-3	0.0012595635823243515	0.0012595635823243515
812	 LLH-2	0.001264207574526525	0.001264207574526525
813	 LLH-0	0.0012650121962664727	0.0012650121962664727
814	 LLH-5	0.0012650194141870317	0.0012650194141870317
815	 LLH-3	0.0012479902404199522	0.0012479902404199522
816	 LLH-2	0.0012574740004992423	0.0012574740004992423
817	 LLH-6	0.0012588527322372044	0.0012588527322372044
818	 LLH-6	0.0012585652754810894	0.0012585652754810894
819	 LLH-4	0.0012577537710279658	0.0012577537710279658
822	 LLH-4	0.0012571862993543635	0.0012571862993543635
824	 LLH-3	0.0013076078160059864	0.0012571862993543635
825	 LLH-3	0.001304346839173083	0.0012571862993543635
826	 LLH-1	0.0012576494414324193	0.0012576494414324193
827	 LLH-2	0.0012679096903500358	0.0012679096903500358
828	 LLH-4	0.0012668774762961386	0.0012668774762961386
831	 LLH-6	0.0012651583633675255	0.0012651583633675255
832	 LLH-0	0.001264297663346067	0.001264297663346067
833	 LLH-6	0.0012651116269836087	0.0012651116269836087
834	 LLH-5	0.00126606749265959	0.00126606749265959
835	 LLH-0	0.0012651080658453025	0.0012651080658453025
836	 LLH-5	0.001265302146205021	0.001265302146205021
837	 LLH-5	0.001264826554089445	0.001264826554089445
838	 LLH-0	0.0012655460667112682	0.0012655460667112682
839	 LLH-6	0.0012657397807520026	0.0012657397807520026
840	 LLH-0	0.0012664818773507234	0.0012664818773507234
841	 LLH-5	0.0012671145179038621	0.0012671145179038621
842	 LLH-6	0.0012675747023446545	0.0012675747023446545
843	 LLH-1	0.0012675747023446545	0.0012675747023446545
844	 LLH-5	0.0012681591573671703	0.0012681591573671703
845	 LLH-2	0.0012650818257464484	0.0012650818257464484
846	 LLH-1	0.0012653981533628934	0.0012653981533628934
847	 LLH-2	0.001284323335305316	0.0012653981533628934
848	 LLH-0	0.001264500462320379	0.001264500462320379
849	 LLH-4	0.001264500462320379	0.001264500462320379
854	 LLH-4	0.001264500462320379	0.001264500462320379
859	 LLH-4	0.001264500462320379	0.001264500462320379
864	 LLH-6	0.0012637995973647492	0.0012637995973647492
865	 LLH-0	0.0012646520144977452	0.0012646520144977452
866	 LLH-1	0.0012646520144977452	0.0012646520144977452
867	 LLH-3	0.0013457735726870783	0.0012646520144977452
868	 LLH-4	0.00126372510127442	0.00126372510127442
873	 LLH-0	0.0012830834400180155	0.0012830834400180155
874	 LLH-3	0.0013481849097394642	0.0012830834400180155
875	 LLH-1	0.0012830943973415527	0.0012830943973415527
876	 LLH-4	0.001282198803602095	0.001282198803602095
878	 LLH-1	0.001282198803602095	0.001282198803602095
879	 LLH-6	0.0012821325081787936	0.0012821325081787936
880	 LLH-6	0.0012822946121697225	0.0012822946121697225
881	 LLH-4	0.00128098803632069	0.00128098803632069
883	 LLH-6	0.001281581691186862	0.00128098803632069
884	 LLH-2	0.001279418344068156	0.001279418344068156
885	 LLH-1	0.001279418344068156	0.001279418344068156
886	 LLH-1	0.001279418344068156	0.001279418344068156
887	 LLH-5	0.0012790411381448851	0.0012790411381448851
888	 LLH-3	0.0013672278018841304	0.0012790411381448851
889	 LLH-0	0.0012802445570950956	0.0012802445570950956
890	 LLH-4	0.0012802445570950956	0.0012802445570950956
895	 LLH-5	0.001280217779663103	0.001280217779663103
896	 LLH-2	0.0012880677048556232	0.001280217779663103
897	 LLH-1	0.0012798695484235127	0.0012798695484235127
898	 LLH-6	0.0012785815160729474	0.0012785815160729474
899	 LLH-4	0.0012773606027878075	0.0012773606027878075
901	 LLH-2	0.0012819829223112795	0.0012819829223112795
902	 LLH-5	0.0012818038484869415	0.0012818038484869415
903	 LLH-3	0.0013511599727433574	0.0012818038484869415
904	 LLH-0	0.0012831241565785959	0.0012831241565785959
905	 LLH-5	0.0012833467776675747	0.0012833467776675747
906	 LLH-5	0.0012818957676737463	0.0012818957676737463
907	 LLH-2	0.0012865965082232437	0.0012818957676737463
908	 LLH-2	0.0012952467305592339	0.0012952467305592339
909	 LLH-0	0.0012938229239503017	0.0012938229239503017
910	 LLH-1	0.0012941003289309758	0.0012941003289309758
911	 LLH-0	0.0012953103417367706	0.0012953103417367706
912	 LLH-5	0.0012948363565536386	0.0012948363565536386
913	 LLH-3	0.001378485315357372	0.001378485315357372
914	 LLH-1	0.001378485315357372	0.001378485315357372
915	 LLH-3	0.0013005384023215387	0.0013005384023215387
916	 LLH-6	0.0012998813896650573	0.0012998813896650573
917	 LLH-2	0.001307194312676667	0.0012998813896650573
918	 LLH-3	0.0012648080127517947	0.0012648080127517947
919	 LLH-5	0.0012656221386038342	0.0012656221386038342
920	 LLH-5	0.0012670112839831085	0.0012670112839831085
921	 LLH-0	0.0012678981902967664	0.0012678981902967664
922	 LLH-0	0.0012689752901478405	0.0012689752901478405
923	 LLH-0	0.0012698213021344724	0.0012689752901478405
924	 LLH-6	0.0012685197748814171	0.0012685197748814171
925	 LLH-0	0.0012692067334100115	0.0012692067334100115
926	 LLH-0	0.0012701031644422917	0.0012701031644422917
927	 LLH-0	0.001271251705549932	0.001271251705549932
928	 LLH-1	0.0012712837429486624	0.0012712837429486624
929	 LLH-2	0.0012743778294057974	0.0012743778294057974
930	 LLH-2	0.0012873403956368346	0.0012873403956368346
931	 LLH-1	0.0012873403956368346	0.0012873403956368346
932	 LLH-2	0.0012830240254619188	0.0012830240254619188
933	 LLH-0	0.001281784713835317	0.001281784713835317
934	 LLH-4	0.0012805222360919057	0.0012805222360919057
939	 LLH-0	0.0012794710991409892	0.0012794710991409892
940	 LLH-6	0.0012792134079627822	0.0012792134079627822
941	 LLH-2	0.0013013616358704704	0.0012792134079627822
942	 LLH-0	0.0012778563937788203	0.0012778563937788203
943	 LLH-0	0.001276617817873703	0.001276617817873703
944	 LLH-6	0.0012763163275142503	0.0012763163275142503
945	 LLH-5	0.0012767984799229041	0.0012767984799229041
946	 LLH-3	0.0012619035836851744	0.0012619035836851744
947	 LLH-3	0.001261271529993425	0.001261271529993425
948	 LLH-6	0.0012607451662615754	0.0012607451662615754
949	 LLH-1	0.0012607451662615754	0.0012607451662615754
950	 LLH-4	0.0012601510656166117	0.0012601510656166117
953	 LLH-4	0.001259675850733246	0.001259675850733246
955	 LLH-2	0.0012659371168655322	0.001259675850733246
956	 LLH-6	0.0012599126784139892	0.0012599126784139892
957	 LLH-0	0.0012590946271374699	0.0012590946271374699
958	 LLH-6	0.0012590345582559083	0.0012590345582559083
959	 LLH-0	0.0012597185918516573	0.0012597185918516573
960	 LLH-1	0.0012597185918516573	0.0012597185918516573
961	 LLH-6	0.0012599262771676085	0.0012599262771676085
962	 LLH-2	0.0012597956431742445	0.0012597956431742445
963	 LLH-6	0.0012603419477008628	0.0012603419477008628
964	 LLH-2	0.001263248438347287	0.001263248438347287
965	 LLH-3	0.00131354669642767	0.001263248438347287
966	 LLH-1	0.001263248438347287	0.001263248438347287
967	 LLH-1	0.0012630512732161685	0.0012630512732161685
968	 LLH-5	0.0012634381355517577	0.0012634381355517577
969	 LLH-1	0.0012634900475197183	0.0012634900475197183
970	 LLH-0	0.001262733286940697	0.001262733286940697
971	 LLH-5	0.0012626008796420164	0.0012626008796420164
972	 LLH-6	0.0012610495070274942	0.0012610495070274942
973	 LLH-3	0.001308003278553421	0.0012610495070274942
974	 LLH-6	0.0012620209334992401	0.0012610495070274942
975	 LLH-5	0.0012612759478530006	0.0012612759478530006
976	 LLH-1	0.0012612759478530006	0.0012612759478530006
977	 LLH-1	0.0012612759478530006	0.0012612759478530006
978	 LLH-3	0.0013278742668088746	0.0012612759478530006
979	 LLH-0	0.0012618956655659405	0.0012618956655659405
980	 LLH-4	0.0012608730588280013	0.0012608730588280013
983	 LLH-2	0.0012661333103378045	0.0012661333103378045
984	 LLH-5	0.0012663535505070523	0.0012663535505070523
985	 LLH-6	0.0012669163940590442	0.0012669163940590442
986	 LLH-4	0.0012661569173728134	0.0012661569173728134
988	 LLH-6	0.001266079507868319	0.001266079507868319
989	 LLH-1	0.001266079507868319	0.001266079507868319
990	 LLH-5	0.0012658251140177726	0.0012658251140177726
991	 LLH-0	0.0012668509533531257	0.0012668509533531257
992	 LLH-5	0.0012669047799256945	0.0012669047799256945
993	 LLH-3	0.0013295245903010365	0.0012669047799256945
994	 LLH-3	0.0012606484406035424	0.0012606484406035424
995	 LLH-4	0.0012600974875094614	0.0012600974875094614
997	 LLH-6	0.0012600747739407085	0.0012600747739407085
998	 LLH-5	0.001260377195189372	0.001260377195189372
999	 LLH-6	0.0012603176946212977	0.0012603176946212977
1000	 LLH-5	0.001259890677782226	0.001259890677782226
1001	 LLH-0	0.0012606933128907936	0.0012606933128907936
1002	 LLH-6	0.00125960208401318	0.00125960208401318
1003	 LLH-3	0.0012961930489369155	0.00125960208401318
1004	 LLH-5	0.001259957778347212	0.00125960208401318
1005	 LLH-1	0.00125960208401318	0.00125960208401318
1006	 LLH-0	0.0012601859967950792	0.0012601859967950792
1007	 LLH-5	0.0012602657735274777	0.0012602657735274777
1008	 LLH-2	0.0012694732670612127	0.0012694732670612127
1009	 LLH-2	0.001256740608670143	0.001256740608670143
1010	 LLH-2	0.0012726626909108504	0.001256740608670143
1011	 LLH-4	0.0012559720774336666	0.0012559720774336666
1016	 LLH-6	0.0012568939294749226	0.0012568939294749226
1017	 LLH-2	0.0012762449375805403	0.0012762449375805403
1018	 LLH-0	0.0012754170917565447	0.0012754170917565447
1019	 LLH-4	0.0012744235618609228	0.0012744235618609228
1024	 LLH-0	0.0012754272579519961	0.0012754272579519961
1025	 LLH-3	0.00133586762223944	0.0012754272579519961
1026	 LLH-4	0.0012746450390504667	0.0012746450390504667
1028	 LLH-6	0.0012751192600178101	0.0012751192600178101
1029	 LLH-5	0.0012759378567018483	0.0012759378567018483
1030	 LLH-5	0.0012754268031756795	0.0012754268031756795
1031	 LLH-3	0.0012576634364712465	0.0012576634364712465
1032	 LLH-5	0.0012576909806464149	0.0012576909806464149
1033	 LLH-0	0.0012582470408845363	0.0012582470408845363
1034	 LLH-3	0.0012505887908130055	0.0012505887908130055
1035	 LLH-6	0.0012502106984566596	0.0012502106984566596
1036	 LLH-1	0.0012507047960795626	0.0012502106984566596
1037	 LLH-4	0.001249596265423354	0.001249596265423354
1041	 LLH-6	0.0012501414934485624	0.0012501414934485624
1042	 LLH-1	0.0012501414934485624	0.0012501414934485624
1043	 LLH-2	0.0012578156481529658	0.0012501414934485624
1044	 LLH-1	0.0012503514735954719	0.0012503514735954719
1045	 LLH-5	0.0012505342087299576	0.0012503514735954719
1046	 LLH-2	0.0012644013562398797	0.0012503514735954719
1047	 LLH-2	0.0012563769636915621	0.0012563769636915621
1048	 LLH-0	0.0012568978134259474	0.0012568978134259474
1049	 LLH-1	0.0012566445882446328	0.0012566445882446328
1050	 LLH-3	0.0012865327498007366	0.0012566445882446328
1051	 LLH-3	0.001302647495141224	0.0012566445882446328
1052	 LLH-3	0.0012905022013073566	0.0012566445882446328
1053	 LLH-4	0.0012558281752799555	0.0012558281752799555
1057	 LLH-2	0.001266793557336826	0.001266793557336826
1058	 LLH-1	0.001266793557336826	0.001266793557336826
1059	 LLH-3	0.0012548348929604233	0.0012548348929604233
1060	 LLH-6	0.001254268000579145	0.001254268000579145
1061	 LLH-3	0.0012875606150910552	0.0012875606150910552
1062	 LLH-4	0.0012864619428621527	0.0012864619428621527
1064	 LLH-5	0.0012882939181827911	0.0012882939181827911
1065	 LLH-5	0.0012880208604245022	0.0012880208604245022
1066	 LLH-5	0.0012878125157371621	0.0012878125157371621
1067	 LLH-0	0.0012866184000154392	0.0012866184000154392
1068	 LLH-2	0.0012965846385670464	0.0012866184000154392
1069	 LLH-5	0.0012859526783874455	0.0012859526783874455
1070	 LLH-4	0.0012846089874355413	0.0012846089874355413
1072	 LLH-6	0.0012842518898141114	0.0012842518898141114
1073	 LLH-0	0.0012853865242443525	0.0012853865242443525
1074	 LLH-5	0.0012865266086265683	0.0012865266086265683
1075	 LLH-0	0.001285258338404692	0.001285258338404692
1076	 LLH-5	0.0012848256839022964	0.0012848256839022964
1077	 LLH-5	0.0012839130875339623	0.0012839130875339623
1078	 LLH-4	0.0012839130875339623	0.0012839130875339623
1083	 LLH-3	0.0012659451213725469	0.0012659451213725469
1084	 LLH-5	0.0012652694434310196	0.0012652694434310196
1085	 LLH-2	0.001263603164348214	0.001263603164348214
1086	 LLH-1	0.001263603164348214	0.001263603164348214
1087	 LLH-5	0.0012638648008916542	0.0012638648008916542
1088	 LLH-0	0.001264863309919847	0.001264863309919847
1089	 LLH-3	0.0012594613463841192	0.0012594613463841192
1090	 LLH-1	0.0012594613463841192	0.0012594613463841192
1091	 LLH-3	0.0012568228323993655	0.0012568228323993655
1092	 LLH-4	0.0012562571842916728	0.0012562571842916728
1095	 LLH-5	0.0012556760942501123	0.0012556760942501123
1096	 LLH-5	0.001255366920041133	0.001255366920041133
1097	 LLH-2	0.0012523886170988457	0.0012523886170988457
1098	 LLH-4	0.0012517346911018437	0.0012517346911018437
1100	 LLH-4	0.0012510196159811685	0.0012510196159811685
1102	 LLH-4	0.0012501873933432445	0.0012501873933432445
1105	 LLH-0	0.00125087111685598	0.00125087111685598
1106	 LLH-6	0.0012520369301762923	0.0012520369301762923
1107	 LLH-5	0.0012519197344617093	0.0012519197344617093
1108	 LLH-4	0.0012511993775188735	0.0012511993775188735
1111	 LLH-1	0.0012511993775188735	0.0012511993775188735
1112	 LLH-2	0.00126258532804675	0.0012511993775188735
1113	 LLH-2	0.0012570832994954592	0.0012511993775188735
1114	 LLH-0	0.0012518712467942895	0.0012518712467942895
1115	 LLH-1	0.0012518712467942895	0.0012518712467942895
1116	 LLH-5	0.0012522713871245985	0.0012522713871245985
1117	 LLH-0	0.0012529300306624784	0.0012522713871245985
1118	 LLH-6	0.0012526570520458556	0.0012526570520458556
1119	 LLH-2	0.0012567016182895411	0.0012567016182895411
1120	 LLH-2	0.0012640234011950192	0.0012640234011950192
1121	 LLH-4	0.00126323954230922	0.00126323954230922
1124	 LLH-4	0.0012622839666399331	0.0012622839666399331
1129	 LLH-3	0.0013270819606984727	0.0012622839666399331
1130	 LLH-4	0.001261442872797168	0.001261442872797168
1135	 LLH-4	0.0012607504147914832	0.0012607504147914832
1138	 LLH-6	0.0012606578874182657	0.0012606578874182657
1139	 LLH-5	0.0012598105219567331	0.0012598105219567331
1140	 LLH-5	0.0012591761321883322	0.0012591761321883322
1141	 LLH-1	0.0012591761321883322	0.0012591761321883322
1142	 LLH-0	0.0012599162332424365	0.0012599162332424365
1143	 LLH-4	0.0012591874616966051	0.0012591874616966051
1145	 LLH-3	0.0012515987171870507	0.0012515987171870507
1146	 LLH-6	0.0012525294519000977	0.0012525294519000977
1147	 LLH-5	0.0012519560967015563	0.0012519560967015563
1148	 LLH-3	0.0013083101325357365	0.0012519560967015563
1149	 LLH-4	0.0012519560967015563	0.0012519560967015563
1154	 LLH-1	0.0012519560967015563	0.0012519560967015563
1155	 LLH-4	0.001251396524939052	0.001251396524939052
1157	 LLH-6	0.0012516937852639991	0.001251396524939052
1158	 LLH-5	0.0012508503244563897	0.0012508503244563897
1159	 LLH-2	0.001254143429439119	0.001254143429439119
1160	 LLH-3	0.001312915033743372	0.001254143429439119
1161	 LLH-1	0.001254143429439119	0.001254143429439119
1162	 LLH-4	0.001254143429439119	0.001254143429439119
1167	 LLH-3	0.0013276097589747684	0.001254143429439119
1168	 LLH-2	0.0012594053053032264	0.001254143429439119
1169	 LLH-3	0.0012490814483909901	0.0012490814483909901
1170	 LLH-5	0.0012489739675125022	0.0012489739675125022
1171	 LLH-3	0.0013023581739326595	0.0012489739675125022
1172	 LLH-0	0.0012495229229869437	0.0012495229229869437
1173	 LLH-5	0.001249314134860933	0.001249314134860933
1174	 LLH-6	0.0012483628577052359	0.0012483628577052359
1175	 LLH-1	0.0012483628577052359	0.0012483628577052359
1176	 LLH-6	0.0012480166639434005	0.0012480166639434005
1177	 LLH-5	0.001248434211340239	0.001248434211340239
1178	 LLH-5	0.0012478231696017013	0.0012478231696017013
1179	 LLH-0	0.0012487644180619452	0.0012487644180619452
1180	 LLH-2	0.0012488252293254359	0.0012488252293254359
1181	 LLH-6	0.0012481788464994057	0.0012481788464994057
1182	 LLH-5	0.0012482624801955563	0.0012482624801955563
1183	 LLH-6	0.001248542228919519	0.001248542228919519
1184	 LLH-4	0.0012478742885802863	0.0012478742885802863
1188	 LLH-0	0.0012486200375500978	0.0012486200375500978
1189	 LLH-2	0.0012558151306312935	0.0012486200375500978
1190	 LLH-4	0.0012479523646170892	0.0012479523646170892
1194	 LLH-0	0.0012649802359228348	0.0012479523646170892
1195	 LLH-6	0.0012477373668555107	0.0012477373668555107
1196	 LLH-6	0.0012482645424546019	0.0012482645424546019
1197	 LLH-6	0.0012498351115261383	0.0012482645424546019
1198	 LLH-6	0.0012484249666534276	0.0012484249666534276
1199	 LLH-4	0.0012484249666534276	0.0012484249666534276
1204	 LLH-2	0.0012559527765861867	0.0012559527765861867
1205	 LLH-6	0.0012571479935952075	0.0012571479935952075
1206	 LLH-1	0.0012571479935952075	0.0012571479935952075
1207	 LLH-1	0.0012571479935952075	0.0012571479935952075
1208	 LLH-5	0.001256320759365468	0.001256320759365468
1209	 LLH-3	0.0013131664290666682	0.001256320759365468
1210	 LLH-5	0.0012566278905596687	0.0012566278905596687
1211	 LLH-5	0.0012558386773627362	0.0012558386773627362
1212	 LLH-3	0.001249600868694912	0.001249600868694912
1213	 LLH-1	0.001249600868694912	0.001249600868694912
1214	 LLH-2	0.001259293298793528	0.001259293298793528
1215	 LLH-0	0.001259861147338255	0.001259861147338255
1216	 LLH-2	0.001260192283142324	0.001260192283142324
1217	 LLH-1	0.001260192283142324	0.001260192283142324
1218	 LLH-3	0.00135208912663489	0.001260192283142324
1219	 LLH-1	0.001260192283142324	0.001260192283142324
1220	 LLH-1	0.001260192283142324	0.001260192283142324
1221	 LLH-3	0.0012570727165208526	0.0012570727165208526
1222	 LLH-0	0.0012579169220526686	0.0012579169220526686
1223	 LLH-2	0.0012570607634165422	0.0012570607634165422
1224	 LLH-4	0.001256324966096714	0.001256324966096714
1226	 LLH-4	0.0012555357551994942	0.0012555357551994942
1228	 LLH-4	0.0012550146529504286	0.0012550146529504286
1231	 LLH-5	0.00125446000798553	0.00125446000798553
1232	 LLH-3	0.0012475391792639108	0.0012475391792639108
1233	 LLH-1	0.0012475391792639108	0.0012475391792639108
1234	 LLH-2	0.0012544395354260988	0.0012475391792639108
1235	 LLH-2	0.0012538612207772305	0.0012475391792639108
1236	 LLH-4	0.0012469580626998157	0.0012469580626998157
1239	 LLH-4	0.0012461762303079356	0.0012461762303079356
1243	 LLH-5	0.0012457171087856549	0.0012457171087856549
1244	 LLH-0	0.001246329679909951	0.001246329679909951
1245	 LLH-0	0.0012457877589450166	0.0012457877589450166
1246	 LLH-0	0.0012451824693856695	0.0012451824693856695
1247	 LLH-2	0.0012623900520408087	0.0012451824693856695
1248	 LLH-5	0.001245687352101626	0.001245687352101626
1249	 LLH-0	0.001246238633767961	0.001246238633767961
1250	 LLH-1	0.0012462448812508697	0.0012462448812508697
1251	 LLH-4	0.0012454802153271376	0.0012454802153271376
1254	 LLH-6	0.0012454810469998464	0.0012454810469998464
1255	 LLH-1	0.0012454810469998464	0.0012454810469998464
1256	 LLH-6	0.0012446545245327386	0.0012446545245327386
1257	 LLH-1	0.0012451428918147328	0.0012451428918147328
1258	 LLH-5	0.0012447052769086748	0.0012447052769086748
1259	 LLH-4	0.0012447052769086748	0.0012447052769086748
1264	 LLH-4	0.0012435447001767316	0.0012435447001767316
1269	 LLH-0	0.0012440632585615267	0.0012440632585615267
1270	 LLH-6	0.0012442841918621718	0.0012442841918621718
1271	 LLH-4	0.0012442841918621718	0.0012442841918621718
1276	 LLH-3	0.0012440239996671294	0.0012440239996671294
1277	 LLH-2	0.0012554265868535614	0.0012440239996671294
1278	 LLH-0	0.001244530432807814	0.001244530432807814
1279	 LLH-4	0.0012440720054862136	0.0012440720054862136
1282	 LLH-2	0.0012520036692789194	0.0012520036692789194
1283	 LLH-4	0.0012520036692789194	0.0012520036692789194
1288	 LLH-2	0.001259685014351795	0.0012520036692789194
1289	 LLH-1	0.0012520036692789194	0.0012520036692789194
1290	 LLH-1	0.0012520036692789194	0.0012520036692789194
1291	 LLH-2	0.0012610232361764707	0.0012520036692789194
1292	 LLH-0	0.001252520381217793	0.001252520381217793
1293	 LLH-2	0.0012524692016924327	0.0012524692016924327
1294	 LLH-0	0.0012535527836831548	0.0012535527836831548
1295	 LLH-6	0.0012545361593508315	0.0012545361593508315
1296	 LLH-3	0.0012543937177867783	0.0012543937177867783
1297	 LLH-5	0.0012540119999993747	0.0012540119999993747
1298	 LLH-3	0.0012871740157923339	0.0012540119999993747
1299	 LLH-3	0.0012904850266613986	0.0012540119999993747
1300	 LLH-0	0.0012548340281612477	0.0012548340281612477
1301	 LLH-2	0.0012653851700611723	0.0012548340281612477
1302	 LLH-1	0.0012548340281612477	0.0012548340281612477
1303	 LLH-5	0.0012545319105930525	0.0012545319105930525
1304	 LLH-3	0.001278277020630457	0.0012545319105930525
1305	 LLH-6	0.001253589135401606	0.001253589135401606
1306	 LLH-0	0.0012541124613196846	0.0012541124613196846
1307	 LLH-6	0.001255316929485269	0.0012541124613196846
1308	 LLH-5	0.0012542999781906933	0.0012542999781906933
1309	 LLH-2	0.0012517806038555264	0.0012517806038555264
1310	 LLH-1	0.0012517806038555264	0.0012517806038555264
1311	 LLH-3	0.0012512728205855692	0.0012512728205855692
1312	 LLH-4	0.0012512728205855692	0.0012512728205855692
1317	 LLH-4	0.0012507630308400558	0.0012507630308400558
1319	 LLH-3	0.0012791942656580112	0.0012507630308400558
1320	 LLH-1	0.0012507630308400558	0.0012507630308400558
1321	 LLH-3	0.001276067003250413	0.0012507630308400558
1322	 LLH-2	0.0012599826784113269	0.0012507630308400558
1323	 LLH-6	0.0012507117054146128	0.0012507117054146128
1324	 LLH-0	0.0012512265672989242	0.0012512265672989242
1325	 LLH-3	0.0012508329250382022	0.0012508329250382022
1326	 LLH-4	0.0012508329250382022	0.0012508329250382022
1331	 LLH-0	0.0012513509283038494	0.0012513509283038494
1332	 LLH-2	0.0012456723692852887	0.0012456723692852887
1333	 LLH-2	0.0012477625346373061	0.0012456723692852887
1334	 LLH-1	0.0012455962523784277	0.0012455962523784277
1335	 LLH-6	0.001245486387162638	0.001245486387162638
1336	 LLH-2	0.001264310057401945	0.001245486387162638
1337	 LLH-0	0.00124609680319745	0.001245486387162638
1338	 LLH-0	0.001244884844748235	0.001244884844748235
1339	 LLH-5	0.001245047823694053	0.001245047823694053
1340	 LLH-3	0.00124525102988012	0.001245047823694053
1341	 LLH-4	0.001245047823694053	0.001245047823694053
1346	 LLH-1	0.001245047823694053	0.001245047823694053
1347	 LLH-1	0.0012455729276390085	0.0012455729276390085
1348	 LLH-3	0.0012434977818988756	0.0012434977818988756
1349	 LLH-6	0.0012440708533341261	0.0012440708533341261
1350	 LLH-4	0.0012440708533341261	0.0012440708533341261
1355	 LLH-1	0.0012443322969370111	0.0012443322969370111
1356	 LLH-4	0.0012443322969370111	0.0012443322969370111
1361	 LLH-6	0.0012442716219969428	0.0012442716219969428
1362	 LLH-0	0.0012447746177318244	0.0012447746177318244
1363	 LLH-1	0.0012447746177318244	0.0012447746177318244
1364	 LLH-0	0.0012452291213644905	0.0012452291213644905
1365	 LLH-2	0.0012506092726830018	0.0012452291213644905
1366	 LLH-5	0.0012449673978906194	0.0012449673978906194
1367	 LLH-4	0.0012449673978906194	0.0012449673978906194
1372	 LLH-0	0.0012453984724068935	0.0012453984724068935
1373	 LLH-3	0.0012811768767142058	0.0012453984724068935
1374	 LLH-6	0.001245068824639447	0.001245068824639447
1375	 LLH-3	0.0012891617614485813	0.001245068824639447
1376	 LLH-4	0.001245068824639447	0.001245068824639447
1381	 LLH-1	0.001245068824639447	0.001245068824639447
1382	 LLH-4	0.001245068824639447	0.001245068824639447
1387	 LLH-0	0.0012455103864341364	0.0012455103864341364
1388	 LLH-5	0.0012463735710124156	0.0012463735710124156
1389	 LLH-6	0.0012458790219111837	0.0012458790219111837
1390	 LLH-4	0.0012451732600392176	0.0012451732600392176
1393	 LLH-2	0.0012547717367953598	0.0012451732600392176
1394	 LLH-2	0.0012614542061490214	0.0012451732600392176
1395	 LLH-6	0.001245274250566827	0.001245274250566827
1396	 LLH-6	0.0012450278036110344	0.0012450278036110344
1397	 LLH-6	0.0012452745425827326	0.0012450278036110344
1398	 LLH-0	0.0012446415981791574	0.0012446415981791574
1399	 LLH-1	0.0012446415981791574	0.0012446415981791574
1400	 LLH-2	0.0012555921852221248	0.0012446415981791574
1401	 LLH-4	0.0012446415981791574	0.0012446415981791574
1406	 LLH-4	0.0012446415981791574	0.0012446415981791574
1411	 LLH-2	0.0012502086127697128	0.0012446415981791574
1412	 LLH-2	0.00124603191265226	0.0012446415981791574
1413	 LLH-1	0.0012445683585114386	0.0012445683585114386
1414	 LLH-6	0.0012454551323639277	0.0012454551323639277
1415	 LLH-4	0.0012450066120588802	0.0012450066120588802
1417	 LLH-6	0.0012446991633741163	0.0012446991633741163
1418	 LLH-5	0.001244844631404344	0.001244844631404344
1419	 LLH-0	0.0012454226183630378	0.0012454226183630378
1420	 LLH-3	0.001252130305286178	0.0012454226183630378
1421	 LLH-4	0.0012449462484322353	0.0012449462484322353
1425	 LLH-0	0.0012453595656463136	0.0012449462484322353
1426	 LLH-1	0.0012449462484322353	0.0012449462484322353
1427	 LLH-1	0.001245173941044584	0.001245173941044584
1428	 LLH-2	0.0012580937527484851	0.001245173941044584
1429	 LLH-4	0.00124470793678675	0.00124470793678675
1433	 LLH-4	0.00124470793678675	0.00124470793678675
1438	 LLH-3	0.0012489007881595787	0.00124470793678675
1439	 LLH-2	0.0012527586243698825	0.00124470793678675
1440	 LLH-2	0.0012552734665444954	0.00124470793678675
1441	 LLH-6	0.0012435762797815024	0.0012435762797815024
1442	 LLH-2	0.0012478678545601678	0.0012435762797815024
1443	 LLH-2	0.001259437414206751	0.0012435762797815024
1444	 LLH-2	0.001258302405028376	0.0012435762797815024
1445	 LLH-5	0.001243504821880253	0.001243504821880253
1446	 LLH-1	0.001243504821880253	0.001243504821880253
1447	 LLH-1	0.001243504821880253	0.001243504821880253
1448	 LLH-2	0.0012572676388859926	0.001243504821880253
1449	 LLH-5	0.0012432773098256776	0.0012432773098256776
1450	 LLH-3	0.001249051960421649	0.0012432773098256776
1451	 LLH-3	0.001247624771853511	0.0012432773098256776
1452	 LLH-0	0.0012436873223108512	0.0012432773098256776
1453	 LLH-1	0.001243326973351095	0.001243326973351095
1454	 LLH-5	0.0012430466571546625	0.0012430466571546625
1455	 LLH-6	0.0012429220351425638	0.0012429220351425638
1456	 LLH-1	0.0012429220351425638	0.0012429220351425638
1457	 LLH-1	0.0012429220351425638	0.0012429220351425638
1458	 LLH-0	0.0012434707755146499	0.0012429220351425638
1459	 LLH-4	0.0012424564319177683	0.0012424564319177683
1461	 LLH-6	0.0012428576360924838	0.0012428576360924838
1462	 LLH-3	0.0012822552966346404	0.0012428576360924838
1463	 LLH-4	0.0012428576360924838	0.0012428576360924838
1468	 LLH-5	0.0012430738106175366	0.0012430738106175366
1469	 LLH-3	0.0012469683467647625	0.0012430738106175366
1470	 LLH-1	0.0012430738106175366	0.0012430738106175366
1471	 LLH-4	0.0012430738106175366	0.0012430738106175366
1476	 LLH-4	0.0012430738106175366	0.0012430738106175366
1481	 LLH-4	0.0012426404305149823	0.0012426404305149823
1485	 LLH-2	0.0012590061694591921	0.0012426404305149823
1486	 LLH-0	0.0012431331043325838	0.0012431331043325838
1487	 LLH-3	0.0012764085287474609	0.0012431331043325838
1488	 LLH-6	0.0012431365670339243	0.0012431365670339243
1489	 LLH-4	0.0012427518368570006	0.0012427518368570006
1493	 LLH-2	0.0012515626909405842	0.0012427518368570006
1494	 LLH-2	0.0012474101548035166	0.0012427518368570006
1495	 LLH-2	0.00125455310141463	0.0012427518368570006
1496	 LLH-2	0.0012544088085261465	0.0012427518368570006
1497	 LLH-4	0.0012427518368570006	0.0012427518368570006
1502	 LLH-6	0.0012434455119918438	0.0012427518368570006
1503	 LLH-3	0.0012748583634387511	0.0012427518368570006
1504	 LLH-6	0.0012421853028676993	0.0012421853028676993
1505	 LLH-6	0.0012421300148604403	0.0012421300148604403
1506	 LLH-6	0.0012418507800028798	0.0012418507800028798
1507	 LLH-0	0.0012423875178083274	0.0012418507800028798
1508	 LLH-5	0.0012417440775960398	0.0012417440775960398
1509	 LLH-3	0.0012500941311751413	0.0012417440775960398
1510	 LLH-3	0.0012453098193416956	0.0012417440775960398
1511	 LLH-0	0.001242149019140908	0.0012417440775960398
1512	 LLH-0	0.0012422105241746027	0.0012422105241746027
1513	 LLH-1	0.0012422105241746027	0.0012422105241746027
1514	 LLH-1	0.0012422105241746027	0.0012422105241746027
1515	 LLH-4	0.0012416558315247242	0.0012416558315247242
1519	 LLH-6	0.0012424251844974238	0.0012416558315247242
1520	 LLH-2	0.0012553246481696646	0.0012416558315247242
1521	 LLH-6	0.0012414871862598147	0.0012414871862598147
1522	 LLH-1	0.0012414871862598147	0.0012414871862598147
1523	 LLH-6	0.0012418826937946694	0.0012418826937946694
1524	 LLH-0	0.0012423378764869787	0.0012423378764869787
1525	 LLH-5	0.0012428097556893471	0.0012428097556893471
1526	 LLH-4	0.0012422044879845087	0.0012422044879845087
1531	 LLH-1	0.0012422044879845087	0.0012422044879845087
1532	 LLH-5	0.0012423970013625456	0.0012423970013625456
1533	 LLH-4	0.0012423970013625456	0.0012423970013625456
1538	 LLH-1	0.0012423970013625456	0.0012423970013625456
1539	 LLH-1	0.0012420963750516608	0.0012420963750516608
1540	 LLH-2	0.0012595380698181135	0.0012420963750516608
1541	 LLH-5	0.0012415522821773639	0.0012415522821773639
1542	 LLH-4	0.0012415522821773639	0.0012415522821773639
1547	 LLH-3	0.0012802522816626558	0.0012415522821773639
1548	 LLH-4	0.0012415522821773639	0.0012415522821773639
1553	 LLH-6	0.001242907719324965	0.0012415522821773639
1554	 LLH-4	0.0012415522821773639	0.0012415522821773639
1559	 LLH-4	0.0012415522821773639	0.0012415522821773639
1564	 LLH-1	0.0012418231979805412	0.0012418231979805412
1565	 LLH-4	0.0012418231979805412	0.0012418231979805412
1570	 LLH-4	0.0012418231979805412	0.0012418231979805412
1575	 LLH-3	0.0012689544047866403	0.0012418231979805412
1576	 LLH-6	0.0012430439754977627	0.0012418231979805412
1577	 LLH-0	0.0012425278887330837	0.0012425278887330837
1578	 LLH-6	0.001242802060982111	0.001242802060982111
1579	 LLH-6	0.001243219661140711	0.001242802060982111
1580	 LLH-5	0.0012425534654429346	0.0012425534654429346
1581	 LLH-4	0.0012421546094295447	0.0012421546094295447
1583	 LLH-3	0.0012472067066328083	0.0012421546094295447
1584	 LLH-6	0.0012423412062933046	0.0012423412062933046
1585	 LLH-2	0.0012550371596781482	0.0012423412062933046
1586	 LLH-0	0.0012427483306313178	0.0012427483306313178
1587	 LLH-6	0.0012429760662022015	0.0012429760662022015
1588	 LLH-5	0.0012426754458101624	0.0012426754458101624
1589	 LLH-1	0.0012426754458101624	0.0012426754458101624
1590	 LLH-1	0.0012426754458101624	0.0012426754458101624
1591	 LLH-2	0.0012594190195918873	0.0012426754458101624
1592	 LLH-5	0.0012422448019039055	0.0012422448019039055
1593	 LLH-4	0.0012422448019039055	0.0012422448019039055
1598	 LLH-1	0.0012422448019039055	0.0012422448019039055
1599	 LLH-1	0.0012422448019039055	0.0012422448019039055
1600	 LLH-0	0.0012427375197905112	0.0012427375197905112
1601	 LLH-3	0.0012741771750161323	0.0012427375197905112
1602	 LLH-4	0.0012427375197905112	0.0012427375197905112
1607	 LLH-0	0.0012434478946062076	0.0012434478946062076
1608	 LLH-2	0.0012504576193959696	0.0012434478946062076
1609	 LLH-1	0.0012434478946062076	0.0012434478946062076
1610	 LLH-1	0.0012434478946062076	0.0012434478946062076
1611	 LLH-2	0.0012501269778642107	0.0012434478946062076
1612	 LLH-1	0.0012434478946062076	0.0012434478946062076
1613	 LLH-3	0.0012916603914204772	0.0012434478946062076
1614	 LLH-2	0.0012558012278023646	0.0012434478946062076
1615	 LLH-6	0.001243602941513138	0.001243602941513138
1616	 LLH-6	0.001243011096444436	0.001243011096444436
1617	 LLH-5	0.0012434404828411644	0.001243011096444436
1618	 LLH-2	0.0012571993097546003	0.001243011096444436
1619	 LLH-6	0.0012431136321969332	0.0012431136321969332
1620	 LLH-1	0.0012431136321969332	0.0012431136321969332
1621	 LLH-5	0.0012431105032683484	0.0012431105032683484
1622	 LLH-2	0.0012539369344202983	0.0012431105032683484
1623	 LLH-3	0.001248858259340986	0.0012431105032683484
1624	 LLH-3	0.0012840214967214194	0.0012431105032683484
1625	 LLH-3	0.0012489283798701911	0.0012431105032683484
1626	 LLH-3	0.0012740558303977732	0.0012431105032683484
1627	 LLH-2	0.0012533057742437914	0.0012431105032683484
1628	 LLH-3	0.0012488246628267548	0.0012431105032683484
1629	 LLH-5	0.0012429420167360333	0.0012429420167360333
1630	 LLH-1	0.0012429420167360333	0.0012429420167360333
1631	 LLH-0	0.0012435306151883246	0.0012429420167360333
1632	 LLH-5	0.001242931370622696	0.001242931370622696
1633	 LLH-6	0.0012434355754591807	0.0012434355754591807
1634	 LLH-1	0.0012434355754591807	0.0012434355754591807
1635	 LLH-4	0.0012434355754591807	0.0012434355754591807
1640	 LLH-6	0.0012439608005470764	0.0012434355754591807
1641	 LLH-3	0.0012755876873806785	0.0012434355754591807
1642	 LLH-1	0.0012433705530035223	0.0012433705530035223
1643	 LLH-2	0.0012564186939435912	0.0012433705530035223
1644	 LLH-3	0.0012493637573426383	0.0012433705530035223
1645	 LLH-3	0.0012483631983361836	0.0012433705530035223
1646	 LLH-1	0.0012433705530035223	0.0012433705530035223
1647	 LLH-4	0.0012429354596538455	0.0012429354596538455
1651	 LLH-5	0.0012426876850161893	0.0012426876850161893
1652	 LLH-5	0.0012426657984412129	0.0012426657984412129
1653	 LLH-0	0.0012422621949840526	0.0012422621949840526
1654	 LLH-3	0.0012709064337459363	0.0012422621949840526
1655	 LLH-1	0.0012422621949840526	0.0012422621949840526
1656	 LLH-6	0.0012426091201215965	0.0012426091201215965
1657	 LLH-0	0.0012430315482713998	0.0012426091201215965
1658	 LLH-0	0.0012431574170420452	0.0012426091201215965
1659	 LLH-2	0.0012570570640191882	0.0012426091201215965
1660	 LLH-2	0.0012523020896698025	0.0012426091201215965
1661	 LLH-2	0.0012489792309031888	0.0012426091201215965
1662	 LLH-1	0.0012426091201215965	0.0012426091201215965
1663	 LLH-2	0.001260014702943968	0.0012426091201215965
1664	 LLH-2	0.001258115192911558	0.0012426091201215965
1665	 LLH-1	0.0012423653248038106	0.0012423653248038106
1666	 LLH-4	0.0012423653248038106	0.0012423653248038106
1671	 LLH-6	0.0012418702116154107	0.0012418702116154107
1672	 LLH-6	0.0012426913427291363	0.0012426913427291363
1673	 LLH-1	0.0012426913427291363	0.0012426913427291363
1674	 LLH-6	0.0012424632526075177	0.0012424632526075177
1675	 LLH-6	0.0012420704196545286	0.0012420704196545286
1676	 LLH-6	0.0012422062930246274	0.0012422062930246274
1677	 LLH-6	0.0012416058139958278	0.0012416058139958278
1678	 LLH-0	0.001241999816957173	0.0012416058139958278
1679	 LLH-6	0.0012415229754079546	0.0012415229754079546
1680	 LLH-1	0.0012415229754079546	0.0012415229754079546
1681	 LLH-6	0.0012416337216425016	0.0012416337216425016
1682	 LLH-4	0.0012411363230067272	0.0012411363230067272
1686	 LLH-2	0.0012548271475800673	0.0012411363230067272
1687	 LLH-1	0.0012411363230067272	0.0012411363230067272
1688	 LLH-4	0.0012411363230067272	0.0012411363230067272
1693	 LLH-0	0.001241638765100851	0.0012411363230067272
1694	 LLH-4	0.0012411363230067272	0.0012411363230067272
1699	 LLH-2	0.001247882987410476	0.0012411363230067272
1700	 LLH-6	0.0012407153601043095	0.0012407153601043095
1701	 LLH-0	0.0012414261933611924	0.0012414261933611924
1702	 LLH-6	0.0012410844407112268	0.0012410844407112268
1703	 LLH-2	0.0012524606325104305	0.0012410844407112268
1704	 LLH-5	0.0012411740879734673	0.0012411740879734673
1705	 LLH-2	0.0012573995723954652	0.0012411740879734673
1706	 LLH-3	0.001275129610129323	0.0012411740879734673
1707	 LLH-0	0.00124161256890697	0.00124161256890697
1708	 LLH-3	0.0012479702335868059	0.00124161256890697
1709	 LLH-4	0.0012410996793561794	0.0012410996793561794
1711	 LLH-4	0.001240700217607759	0.001240700217607759
1714	 LLH-3	0.0012768675931339002	0.001240700217607759
1715	 LLH-6	0.0012409701104040233	0.0012409701104040233
1716	 LLH-6	0.0012412441238782148	0.0012412441238782148
1717	 LLH-5	0.001241985308258353	0.0012412441238782148
1718	 LLH-1	0.0012412441238782148	0.0012412441238782148
1719	 LLH-2	0.0012485965383652448	0.0012412441238782148
1720	 LLH-4	0.0012412441238782148	0.0012412441238782148
1725	 LLH-0	0.001241680684477554	0.0012412441238782148
1726	 LLH-2	0.001256281694669968	0.0012412441238782148
1727	 LLH-2	0.001250798673475231	0.0012412441238782148
1728	 LLH-2	0.001249330216763366	0.0012412441238782148
1729	 LLH-4	0.0012412441238782148	0.0012412441238782148
1734	 LLH-6	0.001242009179263753	0.0012412441238782148
1735	 LLH-4	0.0012412441238782148	0.0012412441238782148
1740	 LLH-2	0.0012565412088437697	0.0012412441238782148
1741	 LLH-4	0.0012412441238782148	0.0012412441238782148
1746	 LLH-0	0.0012416529809410267	0.0012412441238782148
1747	 LLH-2	0.0012444065737393691	0.0012412441238782148
1748	 LLH-2	0.0012493725274204167	0.0012412441238782148
1749	 LLH-3	0.0012473294377360296	0.0012412441238782148
1750	 LLH-4	0.0012412441238782148	0.0012412441238782148
1755	 LLH-3	0.0012731770824248047	0.0012412441238782148
1756	 LLH-0	0.0012419184968557413	0.0012412441238782148
1757	 LLH-3	0.0012481045395817876	0.0012412441238782148
1758	 LLH-0	0.001241661408236608	0.0012412441238782148
1759	 LLH-2	0.0012479771454765004	0.0012412441238782148
1760	 LLH-6	0.0012416966389638205	0.0012416966389638205
1761	 LLH-0	0.001242096822954628	0.0012416966389638205
1762	 LLH-2	0.0012577186417032683	0.0012416966389638205
1763	 LLH-5	0.0012418148227292874	0.0012418148227292874
1764	 LLH-2	0.001256293563519186	0.0012418148227292874
1765	 LLH-2	0.001259182834500972	0.0012418148227292874
1766	 LLH-1	0.0012418148227292874	0.0012418148227292874
1767	 LLH-2	0.0012450455352776629	0.0012418148227292874
1768	 LLH-6	0.0012420322208121731	0.0012420322208121731
1769	 LLH-2	0.0012516786705532817	0.0012420322208121731
1770	 LLH-0	0.0012427426326352454	0.0012427426326352454
1771	 LLH-4	0.0012419165025156615	0.0012419165025156615
1773	 LLH-4	0.0012419165025156615	0.0012419165025156615
1778	 LLH-6	0.0012418281511771974	0.0012418281511771974
1779	 LLH-4	0.0012418281511771974	0.0012418281511771974
1784	 LLH-6	0.0012416864558373213	0.0012416864558373213
1785	 LLH-0	0.0012423213258928917	0.0012416864558373213
1786	 LLH-1	0.0012416864558373213	0.0012416864558373213
1787	 LLH-0	0.0012421075102114789	0.0012416864558373213
1788	 LLH-6	0.001241938368291058	0.0012416864558373213
1789	 LLH-1	0.001241748339255898	0.001241748339255898
1790	 LLH-1	0.001241748339255898	0.001241748339255898
1791	 LLH-3	0.0012490498400740454	0.001241748339255898
1792	 LLH-1	0.001241748339255898	0.001241748339255898
1793	 LLH-6	0.0012421416152339829	0.0012421416152339829
1794	 LLH-5	0.00124163823121642	0.00124163823121642
1795	 LLH-4	0.00124163823121642	0.00124163823121642
1800	 LLH-5	0.0012417398310876622	0.0012417398310876622
1801	 LLH-6	0.0012421570536729932	0.0012421570536729932
1802	 LLH-1	0.0012421570536729932	0.0012421570536729932
1803	 LLH-1	0.0012422261638283857	0.0012422261638283857
1804	 LLH-2	0.0012505278873947351	0.0012422261638283857
1805	 LLH-6	0.0012426496642557743	0.0012422261638283857
1806	 LLH-3	0.0012665347492934612	0.0012422261638283857
1807	 LLH-5	0.0012424757853332204	0.0012424757853332204
1808	 LLH-6	0.0012422037330029874	0.0012422037330029874
1809	 LLH-5	0.0012425083478202308	0.0012422037330029874
1810	 LLH-2	0.0012518705105318026	0.0012422037330029874
1811	 LLH-3	0.0012848614475691564	0.0012422037330029874
1812	 LLH-2	0.0012488455626781844	0.0012422037330029874
1813	 LLH-2	0.0012561916259161208	0.0012422037330029874
1814	 LLH-1	0.0012422037330029874	0.0012422037330029874
1815	 LLH-5	0.001242102777061963	0.001242102777061963
1816	 LLH-1	0.001242102777061963	0.001242102777061963
1817	 LLH-6	0.0012418756506638138	0.0012418756506638138
1818	 LLH-1	0.0012418756506638138	0.0012418756506638138
1819	 LLH-0	0.0012424406226614968	0.0012418756506638138
1820	 LLH-1	0.0012418756506638138	0.0012418756506638138
1821	 LLH-1	0.001241871918933816	0.001241871918933816
1822	 LLH-1	0.001241871918933816	0.001241871918933816
1823	 LLH-2	0.001256895137036302	0.001241871918933816
1824	 LLH-6	0.001242331346117907	0.001242331346117907
1825	 LLH-1	0.001242331346117907	0.001242331346117907
1826	 LLH-4	0.001242331346117907	0.001242331346117907
1831	 LLH-2	0.001256376498118898	0.001242331346117907
1832	 LLH-2	0.0012468720561660605	0.001242331346117907
1833	 LLH-6	0.0012430181138445315	0.001242331346117907
1834	 LLH-5	0.0012422700948811246	0.0012422700948811246
1835	 LLH-4	0.0012422700948811246	0.0012422700948811246
1840	 LLH-1	0.0012422700948811246	0.0012422700948811246
1841	 LLH-3	0.0012614967958088227	0.0012422700948811246
1842	 LLH-2	0.0012449864351432062	0.0012422700948811246
1843	 LLH-1	0.0012422700948811246	0.0012422700948811246
1844	 LLH-1	0.0012422700948811246	0.0012422700948811246
1845	 LLH-6	0.0012419536653608	0.0012419536653608
1846	 LLH-4	0.0012419536653608	0.0012419536653608
1851	 LLH-0	0.0012566974409830146	0.0012419536653608
1852	 LLH-0	0.0012423687475066664	0.0012419536653608
1853	 LLH-0	0.0012426843836327102	0.0012419536653608
1854	 LLH-0	0.00124237882263825	0.00124237882263825
1855	 LLH-2	0.0012555383275536975	0.00124237882263825
1856	 LLH-2	0.001255509990172287	0.00124237882263825
1857	 LLH-0	0.001242917897107197	0.00124237882263825
1858	 LLH-4	0.00124237882263825	0.00124237882263825
1863	 LLH-2	0.0012560486389801677	0.00124237882263825
1864	 LLH-4	0.00124237882263825	0.00124237882263825
1869	 LLH-5	0.0012427006048051198	0.00124237882263825
1870	 LLH-5	0.0012424350674548068	0.0012424350674548068
1871	 LLH-6	0.0012443607428422963	0.0012424350674548068
1872	 LLH-0	0.0012432591237689693	0.0012424350674548068
1873	 LLH-6	0.0012419634451154987	0.0012419634451154987
1874	 LLH-6	0.0012419722104908969	0.0012419634451154987
1875	 LLH-0	0.001242364700166705	0.001242364700166705
1876	 LLH-0	0.001241927352371517	0.001241927352371517
1877	 LLH-6	0.0012429287764217194	0.001241927352371517
1878	 LLH-5	0.0012422455701511653	0.0012422455701511653
1879	 LLH-0	0.0012426550955003989	0.0012422455701511653
1880	 LLH-3	0.0012684983068578341	0.0012422455701511653
1881	 LLH-6	0.0012426053807934418	0.0012426053807934418
1882	 LLH-2	0.0012600083656894776	0.0012426053807934418
1883	 LLH-1	0.0012425917780142658	0.0012425917780142658
1884	 LLH-3	0.0012452993850924474	0.0012425917780142658
1885	 LLH-1	0.0012426127713890457	0.0012426127713890457
1886	 LLH-1	0.001242541365764507	0.001242541365764507
1887	 LLH-3	0.0012804247057392431	0.001242541365764507
1888	 LLH-1	0.001242541365764507	0.001242541365764507
1889	 LLH-3	0.0012894429638148448	0.001242541365764507
1890	 LLH-1	0.001242541365764507	0.001242541365764507
1891	 LLH-3	0.0012449492899548266	0.001242541365764507
1892	 LLH-6	0.0012424350007116543	0.0012424350007116543
1893	 LLH-6	0.0012430217623986713	0.0012424350007116543
1894	 LLH-6	0.0012423697881224457	0.0012423697881224457
1895	 LLH-1	0.0012424595122901214	0.0012423697881224457
1896	 LLH-3	0.0012770823246473625	0.0012423697881224457
1897	 LLH-3	0.0012460323824484809	0.0012423697881224457
1898	 LLH-2	0.0012479408712937896	0.0012423697881224457
1899	 LLH-0	0.001243178341027435	0.0012423697881224457
1900	 LLH-2	0.0012549547514585373	0.0012423697881224457
1901	 LLH-4	0.0012423697881224457	0.0012423697881224457
1906	 LLH-0	0.001242835765151867	0.001242835765151867
1907	 LLH-4	0.001242835765151867	0.001242835765151867
1912	 LLH-5	0.001243111395141018	0.001242835765151867
1913	 LLH-0	0.001243228887656901	0.001242835765151867
1914	 LLH-4	0.001242835765151867	0.001242835765151867
1919	 LLH-3	0.0012797141002390978	0.001242835765151867
1920	 LLH-6	0.0012443740139263307	0.001242835765151867
1921	 LLH-3	0.0012457998387651987	0.001242835765151867
1922	 LLH-6	0.0012431514299657987	0.001242835765151867
1923	 LLH-1	0.001242835765151867	0.001242835765151867
1924	 LLH-0	0.0012432560523504882	0.001242835765151867
1925	 LLH-1	0.001242835765151867	0.001242835765151867
1926	 LLH-0	0.0012433106781321681	0.0012433106781321681
1927	 LLH-5	0.0012433106781321681	0.0012433106781321681
1928	 LLH-3	0.0012843483662660373	0.0012433106781321681
1929	 LLH-4	0.0012433106781321681	0.0012433106781321681
1934	 LLH-5	0.0012432401483385082	0.0012432401483385082
1935	 LLH-6	0.001244349663123667	0.0012432401483385082
1936	 LLH-0	0.0012436220268411508	0.0012432401483385082
1937	 LLH-5	0.0012432750775923681	0.0012432750775923681
1938	 LLH-4	0.0012428700062205446	0.0012428700062205446
1940	 LLH-2	0.0012546058776563957	0.0012428700062205446
1941	 LLH-2	0.0012490149128315175	0.0012428700062205446
1942	 LLH-3	0.001249055416790655	0.0012428700062205446
1943	 LLH-6	0.0012428925381897202	0.0012428925381897202
1944	 LLH-6	0.0012434497979892226	0.0012428925381897202
1945	 LLH-1	0.0012428925381897202	0.0012428925381897202
1946	 LLH-3	0.0012763250814881535	0.0012428925381897202
1947	 LLH-6	0.001242227376244484	0.001242227376244484
1948	 LLH-3	0.0012469905127024462	0.001242227376244484
1949	 LLH-6	0.0012421358194528419	0.0012421358194528419
1950	 LLH-5	0.0012421691874267885	0.0012421691874267885
1951	 LLH-1	0.0012421691874267885	0.0012421691874267885
1952	 LLH-1	0.0012421691874267885	0.0012421691874267885
1953	 LLH-1	0.0012421691874267885	0.0012421691874267885
1954	 LLH-4	0.0012421691874267885	0.0012421691874267885
1959	 LLH-5	0.0012422002989455067	0.0012422002989455067
1960	 LLH-4	0.0012417059747779214	0.0012417059747779214
1963	 LLH-3	0.0012672093159491421	0.0012417059747779214
1964	 LLH-5	0.0012422979368984272	0.0012417059747779214
1965	 LLH-4	0.0012417059747779214	0.0012417059747779214
1970	 LLH-4	0.0012417059747779214	0.0012417059747779214
1975	 LLH-2	0.0012485191433600515	0.0012417059747779214
1976	 LLH-2	0.0012574292990387306	0.0012417059747779214
1977	 LLH-2	0.0012541191060609048	0.0012417059747779214
1978	 LLH-4	0.0012417059747779214	0.0012417059747779214
1983	 LLH-6	0.001241373736776516	0.001241373736776516
1984	 LLH-5	0.0012422696209570573	0.001241373736776516
1985	 LLH-0	0.0012418459127714074	0.001241373736776516
1986	 LLH-0	0.0012409616449718796	0.0012409616449718796
1987	 LLH-5	0.0012409616449718796	0.0012409616449718796
1988	 LLH-6	0.0012411595037656428	0.0012411595037656428
1989	 LLH-6	0.001241376249708293	0.001241376249708293
1990	 LLH-4	0.001241376249708293	0.001241376249708293
1995	 LLH-2	0.001252493142211142	0.001241376249708293
1996	 LLH-6	0.0012419344960894654	0.001241376249708293
1997	 LLH-3	0.0012470080275393145	0.001241376249708293
1998	 LLH-5	0.0012418548656701466	0.001241376249708293
1999	 LLH-5	0.0012413835920119676	0.001241376249708293
GRID-Start
0.0	0.0
0.0	308.0385
0.0	616.077
0.0	924.1155
0.0	1232.154
0.0	1540.1925
0.0	1848.2310000000002
0.0	2156.2695000000003
0.0	2464.3080000000004
0.0	2772.3465000000006
0.0	3080.3850000000007
0.0	3388.423500000001
0.0	3696.462000000001
0.0	4004.500500000001
0.0	4312.539000000001
0.0	4620.5775
0.0	4928.616
0.0	5236.6545
0.0	5544.692999999999
0.0	5852.731499999999
0.0	6160.769999999999
0.0	6468.808499999998
308.0385	0.0
308.0385	308.0385
308.0385	616.077
308.0385	924.1155
308.0385	1232.154
308.0385	1540.1925
308.0385	1848.2310000000002
308.0385	2156.2695000000003
308.0385	2464.3080000000004
308.0385	2772.3465000000006
308.0385	3080.3850000000007
308.0385	3388.423500000001
308.0385	3696.462000000001
308.0385	4004.500500000001
308.0385	4312.539000000001
308.0385	4620.5775
308.0385	4928.616
308.0385	5236.6545
308.0385	5544.692999999999
308.0385	5852.731499999999
308.0385	6160.769999999999
308.0385	6468.808499999998
616.077	0.0
616.077	308.0385
616.077	616.077
616.077	924.1155
616.077	1232.154
616.077	1540.1925
616.077	1848.2310000000002
616.077	2156.2695000000003
616.077	2464.3080000000004
616.077	2772.3465000000006
616.077	3080.3850000000007
616.077	3388.423500000001
616.077	3696.462000000001
616.077	4004.500500000001
616.077	4312.539000000001
616.077	4620.5775
616.077	4928.616
616.077	5236.6545
616.077	5544.692999999999
616.077	5852.731499999999
616.077	6160.769999999999
616.077	6468.808499999998
924.1155	0.0
924.1155	308.0385
924.1155	616.077
924.1155	924.1155
924.1155	1232.154
924.1155	1540.1925
924.1155	1848.2310000000002
924.1155	2156.2695000000003
924.1155	2464.3080000000004
924.1155	2772.3465000000006
924.1155	3080.3850000000007
924.1155	3388.423500000001
924.1155	3696.462000000001
924.1155	4004.500500000001
924.1155	4312.539000000001
924.1155	4620.5775
924.1155	4928.616
924.1155	5236.6545
924.1155	5544.692999999999
924.1155	5852.731499999999
924.1155	6160.769999999999
924.1155	6468.808499999998
1232.154	0.0
1232.154	308.0385
1232.154	616.077
1232.154	924.1155
1232.154	1232.154
1232.154	1540.1925
1232.154	1848.2310000000002
1232.154	2156.2695000000003
1232.154	2464.3080000000004
1232.154	2772.3465000000006
1232.154	3080.3850000000007
1232.154	4620.5775
1232.154	4928.616
1232.154	5236.6545
1232.154	5544.692999999999
1232.154	5852.731499999999
1232.154	6160.769999999999
1232.154	6468.808499999998
1540.1925	0.0
1540.1925	308.0385
1540.1925	616.077
1540.1925	924.1155
1540.1925	1232.154
1540.1925	1540.1925
1540.1925	1848.2310000000002
1540.1925	2156.2695000000003
1540.1925	2464.3080000000004
1540.1925	2772.3465000000006
1540.1925	3080.3850000000007
1540.1925	4620.5775
1540.1925	4928.616
1540.1925	5236.6545
1540.1925	5544.692999999999
1540.1925	5852.731499999999
1540.1925	6160.769999999999
1540.1925	6468.808499999998
1848.2310000000002	0.0
1848.2310000000002	308.0385
1848.2310000000002	616.077
1848.2310000000002	924.1155
1848.2310000000002	1232.154
1848.2310000000002	1540.1925
1848.2310000000002	1848.2310000000002
1848.2310000000002	2156.2695000000003
1848.2310000000002	2464.3080000000004
1848.2310000000002	2772.3465000000006
1848.2310000000002	3080.3850000000007
1848.2310000000002	4620.5775
1848.2310000000002	4928.616
1848.2310000000002	5236.6545
1848.2310000000002	5544.692999999999
1848.2310000000002	5852.731499999999
1848.2310000000002	6160.769999999999
1848.2310000000002	6468.808499999998
2156.2695000000003	0.0
2156.2695000000003	308.0385
2156.2695000000003	616.077
2156.2695000000003	924.1155
2156.2695000000003	1232.154
2156.2695000000003	1540.1925
2156.2695000000003	1848.2310000000002
2156.2695000000003	2156.2695000000003
2156.2695000000003	2464.3080000000004
2156.2695000000003	2772.3465000000006
2156.2695000000003	3080.3850000000007
2156.2695000000003	4620.5775
2156.2695000000003	4928.616
2156.2695000000003	5236.6545
2156.2695000000003	5544.692999999999
2156.2695000000003	5852.731499999999
2156.2695000000003	6160.769999999999
2156.2695000000003	6468.808499999998
2464.3080000000004	0.0
2464.3080000000004	2464.3080000000004
2464.3080000000004	2772.3465000000006
2464.3080000000004	3080.3850000000007
2464.3080000000004	3388.423500000001
2464.3080000000004	3696.462000000001
2464.3080000000004	4004.500500000001
2464.3080000000004	4312.539000000001
2464.3080000000004	4620.5775
2464.3080000000004	4928.616
2464.3080000000004	5236.6545
2464.3080000000004	5544.692999999999
2464.3080000000004	5852.731499999999
2464.3080000000004	6160.769999999999
2464.3080000000004	6468.808499999998
2772.3465000000006	0.0
2772.3465000000006	2464.3080000000004
2772.3465000000006	2772.3465000000006
2772.3465000000006	3080.3850000000007
2772.3465000000006	3388.423500000001
2772.3465000000006	3696.462000000001
2772.3465000000006	4004.500500000001
2772.3465000000006	4312.539000000001
2772.3465000000006	4620.5775
2772.3465000000006	4928.616
2772.3465000000006	5236.6545
2772.3465000000006	5544.692999999999
2772.3465000000006	5852.731499999999
2772.3465000000006	6160.769999999999
2772.3465000000006	6468.808499999998
3080.3850000000007	0.0
3080.3850000000007	2464.3080000000004
3080.3850000000007	2772.3465000000006
3080.3850000000007	3080.3850000000007
3080.3850000000007	3388.423500000001
3080.3850000000007	3696.462000000001
3080.3850000000007	4004.500500000001
3080.3850000000007	4312.539000000001
3080.3850000000007	4620.5775
3080.3850000000007	4928.616
3080.3850000000007	5236.6545
3080.3850000000007	5544.692999999999
3080.3850000000007	5852.731499999999
3080.3850000000007	6160.769999999999
3080.3850000000007	6468.808499999998
3388.423500000001	0.0
3388.423500000001	2464.3080000000004
3388.423500000001	2772.3465000000006
3388.423500000001	3080.3850000000007
3388.423500000001	3388.423500000001
3388.423500000001	3696.462000000001
3388.423500000001	4004.500500000001
3388.423500000001	4312.539000000001
3388.423500000001	4620.5775
3388.423500000001	4928.616
3388.423500000001	5236.6545
3388.423500000001	5544.692999999999
3388.423500000001	5852.731499999999
3388.423500000001	6160.769999999999
3388.423500000001	6468.808499999998
3696.462000000001	0.0
3696.462000000001	308.0385
3696.462000000001	616.077
3696.462000000001	924.1155
3696.462000000001	1232.154
3696.462000000001	1540.1925
3696.462000000001	1848.2310000000002
3696.462000000001	2156.2695000000003
3696.462000000001	3388.423500000001
3696.462000000001	3696.462000000001
3696.462000000001	4004.500500000001
3696.462000000001	4312.539000000001
3696.462000000001	4620.5775
3696.462000000001	4928.616
3696.462000000001	5236.6545
3696.462000000001	5544.692999999999
3696.462000000001	5852.731499999999
3696.462000000001	6160.769999999999
3696.462000000001	6468.808499999998
4004.500500000001	0.0
4004.500500000001	308.0385
4004.500500000001	616.077
4004.500500000001	924.1155
4004.500500000001	1232.154
4004.500500000001	1540.1925
4004.500500000001	1848.2310000000002
4004.500500000001	2156.2695000000003
4004.500500000001	3388.423500000001
4004.500500000001	3696.462000000001
4004.500500000001	4004.500500000001
4004.500500000001	4312.539000000001
4004.500500000001	4620.5775
4004.500500000001	4928.616
4004.500500000001	5236.6545
4004.500500000001	5544.692999999999
4004.500500000001	5852.731499999999
4004.500500000001	6160.769999999999
4004.500500000001	6468.808499999998
4312.539000000001	0.0
4312.539000000001	308.0385
4312.539000000001	616.077
4312.539000000001	924.1155
4312.539000000001	1232.154
4312.539000000001	1540.1925
4312.539000000001	1848.2310000000002
4312.539000000001	2156.2695000000003
4312.539000000001	3388.423500000001
4312.539000000001	3696.462000000001
4312.539000000001	4004.500500000001
4312.539000000001	4312.539000000001
4312.539000000001	4620.5775
4312.539000000001	4928.616
4312.539000000001	5236.6545
4312.539000000001	5544.692999999999
4312.539000000001	5852.731499999999
4312.539000000001	6160.769999999999
4312.539000000001	6468.808499999998
4620.5775	0.0
4620.5775	308.0385
4620.5775	616.077
4620.5775	924.1155
4620.5775	1232.154
4620.5775	1540.1925
4620.5775	1848.2310000000002
4620.5775	2156.2695000000003
4620.5775	2464.3080000000004
4620.5775	2772.3465000000006
4620.5775	3080.3850000000007
4620.5775	3388.423500000001
4620.5775	3696.462000000001
4620.5775	4004.500500000001
4620.5775	4312.539000000001
4620.5775	4620.5775
4620.5775	4928.616
4620.5775	5236.6545
4620.5775	5544.692999999999
4620.5775	5852.731499999999
4620.5775	6160.769999999999
4620.5775	6468.808499999998
4928.616	0.0
4928.616	308.0385
4928.616	616.077
4928.616	924.1155
4928.616	1232.154
4928.616	1540.1925
4928.616	1848.2310000000002
4928.616	2156.2695000000003
4928.616	2464.3080000000004
4928.616	2772.3465000000006
4928.616	3080.3850000000007
4928.616	3388.423500000001
4928.616	3696.462000000001
4928.616	4004.500500000001
4928.616	4312.539000000001
4928.616	4620.5775
4928.616	4928.616
4928.616	5236.6545
4928.616	5544.692999999999
4928.616	5852.731499999999
4928.616	6160.769999999999
4928.616	6468.808499999998
5236.6545	0.0
5236.6545	308.0385
5236.6545	616.077
5236.6545	924.1155
5236.6545	1232.154
5236.6545	1540.1925
5236.6545	1848.2310000000002
5236.6545	2156.2695000000003
5236.6545	2464.3080000000004
5236.6545	2772.3465000000006
5236.6545	3080.3850000000007
5236.6545	3388.423500000001
5236.6545	3696.462000000001
5236.6545	4004.500500000001
5236.6545	4312.539000000001
5236.6545	4620.5775
5236.6545	4928.616
5236.6545	5236.6545
5236.6545	5544.692999999999
5236.6545	5852.731499999999
5236.6545	6160.769999999999
5236.6545	6468.808499999998
5544.692999999999	0.0
5544.692999999999	308.0385
5544.692999999999	616.077
5544.692999999999	924.1155
5544.692999999999	1232.154
5544.692999999999	1540.1925
5544.692999999999	1848.2310000000002
5544.692999999999	2156.2695000000003
5544.692999999999	2464.3080000000004
5544.692999999999	2772.3465000000006
5544.692999999999	3080.3850000000007
5544.692999999999	3388.423500000001
5544.692999999999	3696.462000000001
5544.692999999999	4004.500500000001
5544.692999999999	4312.539000000001
5544.692999999999	4620.5775
5544.692999999999	4928.616
5544.692999999999	5236.6545
5544.692999999999	5544.692999999999
5544.692999999999	5852.731499999999
5544.692999999999	6160.769999999999
5544.692999999999	6468.808499999998
5852.731499999999	0.0
5852.731499999999	308.0385
5852.731499999999	616.077
5852.731499999999	924.1155
5852.731499999999	1232.154
5852.731499999999	1540.1925
5852.731499999999	1848.2310000000002
5852.731499999999	2156.2695000000003
5852.731499999999	2464.3080000000004
5852.731499999999	2772.3465000000006
5852.731499999999	3080.3850000000007
5852.731499999999	3388.423500000001
5852.731499999999	3696.462000000001
5852.731499999999	4004.500500000001
5852.731499999999	4312.539000000001
5852.731499999999	4620.5775
5852.731499999999	4928.616
5852.731499999999	5236.6545
5852.731499999999	5544.692999999999
5852.731499999999	5852.731499999999
5852.731499999999	6160.769999999999
5852.731499999999	6468.808499999998
6160.769999999999	0.0
6160.769999999999	308.0385
6160.769999999999	616.077
6160.769999999999	924.1155
6160.769999999999	1232.154
6160.769999999999	1540.1925
6160.769999999999	1848.2310000000002
6160.769999999999	2156.2695000000003
6160.769999999999	2464.3080000000004
6160.769999999999	2772.3465000000006
6160.769999999999	3080.3850000000007
6160.769999999999	3388.423500000001
6160.769999999999	3696.462000000001
6160.769999999999	4004.500500000001
6160.769999999999	4312.539000000001
6160.769999999999	4620.5775
6160.769999999999	4928.616
6160.769999999999	5236.6545
6160.769999999999	5544.692999999999
6160.769999999999	5852.731499999999
6160.769999999999	6160.769999999999
6160.769999999999	6468.808499999998
6468.808499999998	0.0
6468.808499999998	308.0385
6468.808499999998	616.077
6468.808499999998	924.1155
6468.808499999998	1232.154
6468.808499999998	1540.1925
6468.808499999998	1848.2310000000002
6468.808499999998	2156.2695000000003
6468.808499999998	2464.3080000000004
6468.808499999998	2772.3465000000006
6468.808499999998	3080.3850000000007
6468.808499999998	3388.423500000001
6468.808499999998	3696.462000000001
6468.808499999998	4004.500500000001
6468.808499999998	4312.539000000001
6468.808499999998	4620.5775
6468.808499999998	4928.616
6468.808499999998	5236.6545
6468.808499999998	5544.692999999999
6468.808499999998	5852.731499999999
6468.808499999998	6160.769999999999
6468.808499999998	6468.808499999998
6776.846999999998	0.0
6776.846999999998	308.0385
6776.846999999998	616.077
6776.846999999998	924.1155
6776.846999999998	1232.154
6776.846999999998	1540.1925
6776.846999999998	1848.2310000000002
6776.846999999998	2156.2695000000003
6776.846999999998	2464.3080000000004
6776.846999999998	2772.3465000000006
6776.846999999998	3080.3850000000007
6776.846999999998	3388.423500000001
6776.846999999998	3696.462000000001
6776.846999999998	4004.500500000001
6776.846999999998	4312.539000000001
6776.846999999998	4620.5775
6776.846999999998	4928.616
6776.846999999998	5236.6545
6776.846999999998	5544.692999999999
6776.846999999998	5852.731499999999
6776.846999999998	6160.769999999999
6776.846999999998	6468.808499999998
7084.885499999998	0.0
7084.885499999998	308.0385
7084.885499999998	616.077
7084.885499999998	924.1155
7084.885499999998	1232.154
7084.885499999998	1540.1925
7084.885499999998	1848.2310000000002
7084.885499999998	2156.2695000000003
7084.885499999998	2464.3080000000004
7084.885499999998	2772.3465000000006
7084.885499999998	3080.3850000000007
7084.885499999998	3388.423500000001
7084.885499999998	3696.462000000001
7084.885499999998	4004.500500000001
7084.885499999998	4312.539000000001
7084.885499999998	4620.5775
7084.885499999998	4928.616
7084.885499999998	5236.6545
7084.885499999998	5544.692999999999
7084.885499999998	5852.731499999999
7084.885499999998	6160.769999999999
7084.885499999998	6468.808499999998
7392.923999999997	0.0
7392.923999999997	308.0385
7392.923999999997	616.077
7392.923999999997	924.1155
7392.923999999997	1232.154
7392.923999999997	1540.1925
7392.923999999997	1848.2310000000002
7392.923999999997	2156.2695000000003
7392.923999999997	2464.3080000000004
7392.923999999997	2772.3465000000006
7392.923999999997	3080.3850000000007
7392.923999999997	3388.423500000001
7392.923999999997	3696.462000000001
7392.923999999997	4004.500500000001
7392.923999999997	4312.539000000001
7392.923999999997	4620.5775
7392.923999999997	4928.616
7392.923999999997	5236.6545
7392.923999999997	5544.692999999999
7392.923999999997	5852.731499999999
7392.923999999997	6160.769999999999
7392.923999999997	6468.808499999998
7700.962499999997	0.0
7700.962499999997	308.0385
7700.962499999997	616.077
7700.962499999997	924.1155
7700.962499999997	1232.154
7700.962499999997	1540.1925
7700.962499999997	1848.2310000000002
7700.962499999997	2156.2695000000003
7700.962499999997	2464.3080000000004
7700.962499999997	2772.3465000000006
7700.962499999997	3080.3850000000007
7700.962499999997	3388.423500000001
7700.962499999997	3696.462000000001
7700.962499999997	4004.500500000001
7700.962499999997	4312.539000000001
7700.962499999997	4620.5775
7700.962499999997	4928.616
7700.962499999997	5236.6545
7700.962499999997	5544.692999999999
7700.962499999997	5852.731499999999
7700.962499999997	6160.769999999999
7700.962499999997	6468.808499999998
8009.000999999997	0.0
8009.000999999997	308.0385
8009.000999999997	616.077
8009.000999999997	924.1155
8009.000999999997	1232.154
8009.000999999997	1540.1925
8009.000999999997	1848.2310000000002
8009.000999999997	2156.2695000000003
8009.000999999997	2464.3080000000004
8009.000999999997	2772.3465000000006
8009.000999999997	3080.3850000000007
8009.000999999997	3388.423500000001
8009.000999999997	3696.462000000001
8009.000999999997	4004.500500000001
8009.000999999997	4312.539000000001
8009.000999999997	4620.5775
8009.000999999997	4928.616
8009.000999999997	5236.6545
8009.000999999997	5544.692999999999
8009.000999999997	5852.731499999999
8009.000999999997	6160.769999999999
8009.000999999997	6468.808499999998
8317.039499999997	0.0
8317.039499999997	308.0385
8317.039499999997	616.077
8317.039499999997	924.1155
8317.039499999997	1232.154
8317.039499999997	1540.1925
8317.039499999997	1848.2310000000002
8317.039499999997	2156.2695000000003
8317.039499999997	2464.3080000000004
8317.039499999997	2772.3465000000006
8317.039499999997	3080.3850000000007
8317.039499999997	3388.423500000001
8317.039499999997	3696.462000000001
8317.039499999997	4004.500500000001
8317.039499999997	4312.539000000001
8317.039499999997	4620.5775
8317.039499999997	4928.616
8317.039499999997	5236.6545
8317.039499999997	5544.692999999999
8317.039499999997	5852.731499999999
8317.039499999997	6160.769999999999
8317.039499999997	6468.808499999998
8625.077999999998	0.0
8625.077999999998	308.0385
8625.077999999998	616.077
8625.077999999998	924.1155
8625.077999999998	1232.154
8625.077999999998	1540.1925
8625.077999999998	1848.2310000000002
8625.077999999998	2156.2695000000003
8625.077999999998	2464.3080000000004
8625.077999999998	2772.3465000000006
8625.077999999998	3080.3850000000007
8625.077999999998	3388.423500000001
8625.077999999998	3696.462000000001
8625.077999999998	4004.500500000001
8625.077999999998	4312.539000000001
8625.077999999998	4620.5775
8625.077999999998	4928.616
8625.077999999998	5236.6545
8625.077999999998	5544.692999999999
8625.077999999998	5852.731499999999
8625.077999999998	6160.769999999999
8625.077999999998	6468.808499999998
8933.116499999998	0.0
8933.116499999998	308.0385
8933.116499999998	616.077
8933.116499999998	924.1155
8933.116499999998	1232.154
8933.116499999998	1540.1925
8933.116499999998	1848.2310000000002
8933.116499999998	2156.2695000000003
8933.116499999998	2464.3080000000004
8933.116499999998	2772.3465000000006
8933.116499999998	3080.3850000000007
8933.116499999998	3388.423500000001
8933.116499999998	3696.462000000001
8933.116499999998	4004.500500000001
8933.116499999998	4312.539000000001
8933.116499999998	4620.5775
8933.116499999998	4928.616
8933.116499999998	5236.6545
8933.116499999998	5544.692999999999
8933.116499999998	5852.731499999999
8933.116499999998	6160.769999999999
8933.116499999998	6468.808499999998
GRID-End
num_of_evaluations 2000
best obj 0.001240700217607759
LLH0	49
LLH1	33
LLH2	41
LLH3	72
LLH4	128
LLH5	85
LLH6	93