Initial objective 0.0013051490128821257	 Seed value 115271647
1	 LLH-0	0.0013036843255859556	0.0013036843255859556
2	 LLH-3	0.001433677976031767	0.001433677976031767
3	 LLH-3	0.0013119140454428478	0.0013119140454428478
4	 LLH-6	0.001312000432459485	0.001312000432459485
5	 LLH-5	0.0013120575602239056	0.0013120575602239056
6	 LLH-5	0.001309771946542019	0.001309771946542019
7	 LLH-4	0.0012877062345309285	0.0012877062345309285
9	 LLH-2	0.001300636158232047	0.001300636158232047
10	 LLH-6	0.0013020257225608122	0.0013020257225608122
11	 LLH-1	0.0013016470448225402	0.0013016470448225402
12	 LLH-1	0.001301828777366441	0.001301828777366441
13	 LLH-5	0.0013024284428108457	0.0013024284428108457
14	 LLH-3	0.0013933334314342946	0.0013933334314342946
15	 LLH-1	0.0013933334314342946	0.0013933334314342946
16	 LLH-0	0.001391241980854609	0.001391241980854609
17	 LLH-4	0.0013888283494397715	0.0013888283494397715
19	 LLH-3	0.00148891869008718	0.00148891869008718
20	 LLH-6	0.001486407000715366	0.001486407000715366
21	 LLH-4	0.0014824267945982373	0.0014824267945982373
23	 LLH-3	0.0016716767530571318	0.0016716767530571318
24	 LLH-2	0.0015259382409025446	0.0015259382409025446
25	 LLH-0	0.0015215321450487611	0.0015215321450487611
26	 LLH-2	0.0014278777400696125	0.0014278777400696125
27	 LLH-4	0.001424907994524658	0.001424907994524658
29	 LLH-4	0.0014217602626033594	0.0014217602626033594
34	 LLH-0	0.0014185780813977158	0.0014185780813977158
35	 LLH-2	0.0013751225980531796	0.0013751225980531796
36	 LLH-5	0.0013742622091716201	0.0013742622091716201
37	 LLH-0	0.0013722463015204865	0.0013722463015204865
38	 LLH-1	0.0013722463015204865	0.0013722463015204865
39	 LLH-1	0.0013722463015204865	0.0013722463015204865
40	 LLH-6	0.0013736124524123565	0.0013736124524123565
41	 LLH-1	0.0013736124524123565	0.0013736124524123565
42	 LLH-5	0.0013735485626262007	0.0013735485626262007
43	 LLH-3	0.0014933850437888066	0.0014933850437888066
44	 LLH-0	0.001497248439665808	0.001497248439665808
45	 LLH-5	0.0014966695872180589	0.0014966695872180589
46	 LLH-4	0.001492553877276022	0.001492553877276022
48	 LLH-4	0.0014883086774952743	0.0014883086774952743
51	 LLH-2	0.0014429806883094365	0.0014429806883094365
52	 LLH-6	0.0014421457550191437	0.0014421457550191437
53	 LLH-0	0.0014100104881640861	0.0014100104881640861
54	 LLH-5	0.0014121717391140964	0.0014121717391140964
55	 LLH-6	0.0014105116982653719	0.0014105116982653719
56	 LLH-4	0.0014105116982653719	0.0014105116982653719
61	 LLH-1	0.0014102034677187726	0.0014102034677187726
62	 LLH-6	0.0014102747926760413	0.0014102747926760413
63	 LLH-0	0.0014422921898414867	0.0014422921898414867
64	 LLH-5	0.0014422166796786273	0.0014422166796786273
65	 LLH-4	0.0014098042897045585	0.0014098042897045585
67	 LLH-6	0.0014102080633664753	0.0014102080633664753
68	 LLH-6	0.001410381806873447	0.001410381806873447
69	 LLH-3	0.0016009268379355004	0.001410381806873447
70	 LLH-2	0.0013737500758578358	0.0013737500758578358
71	 LLH-1	0.0013734791305138401	0.0013734791305138401
72	 LLH-0	0.0013710515180782163	0.0013710515180782163
73	 LLH-5	0.00137088413350935	0.00137088413350935
74	 LLH-6	0.0013702422292663913	0.0013702422292663913
75	 LLH-1	0.0013704821271392797	0.0013704821271392797
76	 LLH-2	0.0013759252076827326	0.0013759252076827326
77	 LLH-6	0.0013745469068797138	0.0013745469068797138
78	 LLH-6	0.0013744741691270933	0.0013744741691270933
79	 LLH-2	0.0013706026039973947	0.0013706026039973947
80	 LLH-0	0.0013686540042349227	0.0013686540042349227
81	 LLH-1	0.0013686505354977524	0.0013686505354977524
82	 LLH-0	0.0013660958665547823	0.0013660958665547823
83	 LLH-4	0.0013638920746390586	0.0013638920746390586
85	 LLH-1	0.0013641865653276342	0.0013641865653276342
86	 LLH-3	0.0012927076281197135	0.0012927076281197135
87	 LLH-6	0.0012933310585021892	0.0012933310585021892
88	 LLH-3	0.0012685826119661911	0.0012685826119661911
89	 LLH-5	0.0012679062349162868	0.0012679062349162868
90	 LLH-0	0.0012688371611223872	0.0012688371611223872
91	 LLH-2	0.0012701133628150532	0.0012701133628150532
92	 LLH-1	0.0012701133628150532	0.0012701133628150532
93	 LLH-2	0.001276440949245703	0.001276440949245703
94	 LLH-3	0.0013470073280950734	0.0013470073280950734
95	 LLH-3	0.001284430049933912	0.001284430049933912
96	 LLH-3	0.0013438250224255014	0.0013438250224255014
97	 LLH-5	0.0013438417236252879	0.0013438417236252879
98	 LLH-6	0.0013456669659509565	0.0013456669659509565
99	 LLH-2	0.0013494717225802878	0.0013494717225802878
100	 LLH-6	0.0013500459337281415	0.0013500459337281415
101	 LLH-4	0.0013480853665747835	0.0013480853665747835
103	 LLH-3	0.001488608132038955	0.001488608132038955
104	 LLH-1	0.0014885206354553469	0.0014885206354553469
105	 LLH-3	0.0013046216494685967	0.0013046216494685967
106	 LLH-6	0.0013059563156989926	0.0013059563156989926
107	 LLH-2	0.001323456252806863	0.001323456252806863
108	 LLH-3	0.0012759672088200466	0.0012759672088200466
109	 LLH-0	0.0012768939596895907	0.0012768939596895907
110	 LLH-4	0.0012757903122256442	0.0012757903122256442
112	 LLH-1	0.001275945394424005	0.001275945394424005
113	 LLH-4	0.0012748855476619639	0.0012748855476619639
116	 LLH-2	0.0012713291658123238	0.0012713291658123238
117	 LLH-5	0.0012719896423916727	0.0012719896423916727
118	 LLH-0	0.0012727890772039941	0.0012727890772039941
119	 LLH-4	0.0012717024237761951	0.0012717024237761951
121	 LLH-4	0.0012705556742102695	0.0012705556742102695
125	 LLH-2	0.0012918238050474166	0.0012918238050474166
126	 LLH-4	0.0012712550507530812	0.0012712550507530812
128	 LLH-4	0.0012712550507530812	0.0012712550507530812
133	 LLH-5	0.0012728945494859373	0.0012728945494859373
134	 LLH-5	0.0012732336495550587	0.0012732336495550587
135	 LLH-6	0.001271839585341396	0.001271839585341396
136	 LLH-3	0.0013682716548503462	0.0013682716548503462
137	 LLH-6	0.0013672281153588053	0.0013672281153588053
138	 LLH-4	0.0013651019477175124	0.0013651019477175124
141	 LLH-0	0.001367346090523979	0.001367346090523979
142	 LLH-4	0.0013651404294691442	0.0013651404294691442
145	 LLH-6	0.0013651095442454642	0.0013651095442454642
146	 LLH-2	0.0013379304938863298	0.0013379304938863298
147	 LLH-2	0.0013383322478955333	0.0013383322478955333
148	 LLH-1	0.0013382129426131551	0.0013382129426131551
149	 LLH-1	0.0013382129426131551	0.0013382129426131551
150	 LLH-5	0.0013381026071551	0.0013381026071551
151	 LLH-2	0.0013185821683055086	0.0013185821683055086
152	 LLH-3	0.001258196766738448	0.001258196766738448
153	 LLH-5	0.0012582469951457026	0.0012582469951457026
154	 LLH-6	0.0012592171729092305	0.0012592171729092305
155	 LLH-4	0.0012592171729092305	0.0012592171729092305
160	 LLH-2	0.001276966982668641	0.001276966982668641
161	 LLH-3	0.00134858102610016	0.00134858102610016
162	 LLH-4	0.001347023334175348	0.001347023334175348
165	 LLH-5	0.001347665224357781	0.001347665224357781
166	 LLH-2	0.0013499734786301743	0.0013499734786301743
167	 LLH-2	0.0013286659770776078	0.0013286659770776078
168	 LLH-5	0.0013297835398938633	0.0013297835398938633
169	 LLH-5	0.001328309432535004	0.001328309432535004
170	 LLH-6	0.0013292187871431697	0.0013292187871431697
171	 LLH-2	0.0013484787986270776	0.0013484787986270776
172	 LLH-1	0.0013484787986270776	0.0013484787986270776
173	 LLH-5	0.0013477668752470578	0.0013477668752470578
174	 LLH-4	0.0013457204591343622	0.0013457204591343622
177	 LLH-1	0.0013460806977296325	0.0013460806977296325
178	 LLH-2	0.0013335787339108676	0.0013335787339108676
179	 LLH-0	0.0013315825183658834	0.0013315825183658834
180	 LLH-3	0.0012852515750639817	0.0012852515750639817
181	 LLH-0	0.0012861466184621846	0.0012861466184621846
182	 LLH-2	0.001275199059338353	0.001275199059338353
183	 LLH-2	0.001273852411081803	0.001273852411081803
184	 LLH-3	0.0013430351916601136	0.0013430351916601136
185	 LLH-1	0.0013437132227027704	0.0013437132227027704
186	 LLH-1	0.0013437132227027704	0.0013437132227027704
187	 LLH-0	0.0013414557782532427	0.0013414557782532427
188	 LLH-0	0.001339728565963937	0.001339728565963937
189	 LLH-1	0.001339728565963937	0.001339728565963937
190	 LLH-3	0.0014821390571330057	0.0014821390571330057
191	 LLH-3	0.0016171045333000286	0.0016171045333000286
192	 LLH-2	0.001510731570788625	0.001510731570788625
193	 LLH-5	0.0015100291416879864	0.0015100291416879864
194	 LLH-3	0.0013280806811785564	0.0013280806811785564
195	 LLH-5	0.0013286706916805472	0.0013286706916805472
196	 LLH-1	0.0013286706916805472	0.0013286706916805472
197	 LLH-5	0.0013278059631905894	0.0013278059631905894
198	 LLH-0	0.0013293429315170701	0.0013293429315170701
199	 LLH-1	0.0013293429315170701	0.0013293429315170701
200	 LLH-5	0.0013294365428101727	0.0013294365428101727
201	 LLH-4	0.0013275322646807155	0.0013275322646807155
203	 LLH-4	0.0013260685415581197	0.0013260685415581197
206	 LLH-4	0.0013245200837101092	0.0013245200837101092
209	 LLH-6	0.0013242702660847274	0.0013242702660847274
210	 LLH-2	0.0013162081870687478	0.0013162081870687478
211	 LLH-4	0.00131481719806273	0.00131481719806273
213	 LLH-3	0.0014135261128984046	0.0014135261128984046
214	 LLH-3	0.001297426791292146	0.001297426791292146
215	 LLH-3	0.0012668446667824208	0.0012668446667824208
216	 LLH-2	0.0012674286608624979	0.0012674286608624979
217	 LLH-0	0.0012663469809383265	0.0012663469809383265
218	 LLH-3	0.0012597524362548507	0.0012597524362548507
219	 LLH-4	0.0012589346165489815	0.0012589346165489815
222	 LLH-4	0.0012582518917415527	0.0012582518917415527
226	 LLH-6	0.001258531951775292	0.001258531951775292
227	 LLH-6	0.0012580049806475968	0.0012580049806475968
228	 LLH-6	0.001257482571252491	0.001257482571252491
229	 LLH-3	0.0012458092334170978	0.0012458092334170978
230	 LLH-0	0.0012463378493099044	0.0012463378493099044
231	 LLH-2	0.00126120890891487	0.00126120890891487
232	 LLH-3	0.0012515780890503382	0.0012515780890503382
233	 LLH-3	0.0012900752529435655	0.0012900752529435655
234	 LLH-1	0.0012900154064496567	0.0012900154064496567
235	 LLH-5	0.0012895487551182225	0.0012895487551182225
236	 LLH-0	0.0012910071236855627	0.0012910071236855627
237	 LLH-4	0.0012898367476318674	0.0012898367476318674
242	 LLH-2	0.001301066590353867	0.001301066590353867
243	 LLH-6	0.001301228631389277	0.001301228631389277
244	 LLH-5	0.00130215368925066	0.00130215368925066
245	 LLH-6	0.0012998900534742061	0.0012998900534742061
246	 LLH-4	0.0012986215722197447	0.0012986215722197447
251	 LLH-2	0.0013052496680375182	0.0013052496680375182
252	 LLH-5	0.0013054555263431941	0.0013054555263431941
253	 LLH-4	0.0012835702508628127	0.0012835702508628127
255	 LLH-2	0.0013052423486335355	0.0013052423486335355
256	 LLH-1	0.001305371672665959	0.001305371672665959
257	 LLH-3	0.0012692142852920823	0.0012692142852920823
258	 LLH-5	0.0012680101072031094	0.0012680101072031094
259	 LLH-1	0.0012680101072031094	0.0012680101072031094
260	 LLH-6	0.0012701631391218834	0.0012701631391218834
261	 LLH-4	0.0012695175402525046	0.0012695175402525046
263	 LLH-2	0.0012608112203610284	0.0012608112203610284
264	 LLH-1	0.0012608112203610284	0.0012608112203610284
265	 LLH-3	0.0012506302031657975	0.0012506302031657975
266	 LLH-3	0.0012907528337532566	0.0012907528337532566
267	 LLH-0	0.0012896139200045628	0.0012896139200045628
268	 LLH-6	0.001287970681442625	0.001287970681442625
269	 LLH-1	0.0012879762820261602	0.0012879762820261602
270	 LLH-5	0.0012877582432259172	0.0012877582432259172
271	 LLH-3	0.0012705074143543418	0.0012705074143543418
272	 LLH-1	0.0012700484639974585	0.0012700484639974585
273	 LLH-1	0.0012700484639974585	0.0012700484639974585
274	 LLH-0	0.0012694091973050577	0.0012694091973050577
275	 LLH-3	0.0013230058260813257	0.0012694091973050577
276	 LLH-4	0.0012685805995055206	0.0012685805995055206
281	 LLH-6	0.0012684647321820242	0.0012684647321820242
282	 LLH-6	0.001268976523556611	0.001268976523556611
283	 LLH-1	0.0012687488545974953	0.0012687488545974953
284	 LLH-0	0.0012679070477230054	0.0012679070477230054
285	 LLH-0	0.0012688960022900259	0.0012688960022900259
286	 LLH-2	0.0012809779218615036	0.0012809779218615036
287	 LLH-1	0.0012809779218615036	0.0012809779218615036
288	 LLH-2	0.0012842590398308333	0.0012842590398308333
289	 LLH-2	0.0012901889589330352	0.0012901889589330352
290	 LLH-2	0.00129956162128971	0.00129956162128971
291	 LLH-3	0.001256970877216035	0.001256970877216035
292	 LLH-2	0.001270209041810228	0.001270209041810228
293	 LLH-6	0.0012709576320796706	0.0012709576320796706
294	 LLH-0	0.0012720506580679288	0.0012720506580679288
295	 LLH-3	0.0012637386006196377	0.0012637386006196377
296	 LLH-3	0.0013199293169535095	0.0013199293169535095
297	 LLH-1	0.0013199293169535095	0.0013199293169535095
298	 LLH-0	0.0013215868852313323	0.0013215868852313323
299	 LLH-2	0.0013085245896899604	0.0013085245896899604
300	 LLH-5	0.0013085426229368976	0.0013085426229368976
301	 LLH-1	0.0013090858835919988	0.0013090858835919988
302	 LLH-4	0.0013071582618649443	0.0013071582618649443
306	 LLH-4	0.0013071582618649443	0.0013071582618649443
311	 LLH-1	0.0013070403662259022	0.0013070403662259022
312	 LLH-2	0.0013188448134143758	0.0013188448134143758
313	 LLH-0	0.001317177097345181	0.001317177097345181
314	 LLH-5	0.0013159323616463172	0.0013159323616463172
315	 LLH-5	0.0013175580028143682	0.0013175580028143682
316	 LLH-1	0.0013172921582204932	0.0013172921582204932
317	 LLH-1	0.0013173626833229033	0.0013173626833229033
318	 LLH-0	0.0013187111145053357	0.0013187111145053357
319	 LLH-1	0.0013184660930440706	0.0013184660930440706
320	 LLH-6	0.0013204491811769736	0.0013204491811769736
321	 LLH-1	0.0013204491811769736	0.0013204491811769736
322	 LLH-0	0.001321988015826388	0.001321988015826388
323	 LLH-6	0.0013233861247576733	0.0013233861247576733
324	 LLH-3	0.001454497026934476	0.001454497026934476
325	 LLH-3	0.0017057359558600663	0.001454497026934476
326	 LLH-0	0.001450931589398889	0.001450931589398889
327	 LLH-4	0.0014470527089712804	0.0014470527089712804
329	 LLH-1	0.0014465979654783906	0.0014465979654783906
330	 LLH-0	0.001443238338057234	0.001443238338057234
331	 LLH-1	0.0014426458690319308	0.0014426458690319308
332	 LLH-6	0.0014418536479935782	0.0014418536479935782
333	 LLH-5	0.001440138921510615	0.001440138921510615
334	 LLH-3	0.0012977084165223664	0.0012977084165223664
335	 LLH-3	0.0012769273710588644	0.0012769273710588644
336	 LLH-0	0.0012759467230016633	0.0012759467230016633
337	 LLH-3	0.0012624396848616931	0.0012624396848616931
338	 LLH-2	0.001264001837157033	0.001264001837157033
339	 LLH-1	0.0012640182736984417	0.0012640182736984417
340	 LLH-6	0.0012656227614516687	0.0012656227614516687
341	 LLH-5	0.0012648230519618675	0.0012648230519618675
342	 LLH-5	0.0012646232899633462	0.0012646232899633462
343	 LLH-0	0.0012639250750325706	0.0012639250750325706
344	 LLH-5	0.001263872527526988	0.001263872527526988
345	 LLH-3	0.0013176443043142097	0.0013176443043142097
346	 LLH-1	0.0013176443043142097	0.0013176443043142097
347	 LLH-5	0.0013170440311112423	0.0013170440311112423
348	 LLH-0	0.0013185693249801657	0.0013185693249801657
349	 LLH-0	0.0013168363892427143	0.0013168363892427143
350	 LLH-5	0.0013161095708135193	0.0013161095708135193
351	 LLH-0	0.0013144617610358917	0.0013144617610358917
352	 LLH-0	0.0013129980109279362	0.0013129980109279362
353	 LLH-0	0.0013148001289519737	0.0013148001289519737
354	 LLH-4	0.0013131818049348376	0.0013131818049348376
356	 LLH-4	0.001311802201533703	0.001311802201533703
358	 LLH-4	0.0013100477863886714	0.0013100477863886714
360	 LLH-2	0.0013202057190765898	0.0013202057190765898
361	 LLH-2	0.0013074990758219183	0.0013074990758219183
362	 LLH-3	0.001279823728400902	0.001279823728400902
363	 LLH-2	0.0012798687151435624	0.0012798687151435624
364	 LLH-5	0.0012802032067745438	0.0012802032067745438
365	 LLH-5	0.0012777958190755296	0.0012777958190755296
366	 LLH-0	0.0012791209389792467	0.0012791209389792467
367	 LLH-1	0.001279014521599248	0.001279014521599248
368	 LLH-2	0.0012932166136751665	0.0012932166136751665
369	 LLH-5	0.0012928233218303313	0.0012928233218303313
370	 LLH-3	0.0012588613037196475	0.0012588613037196475
371	 LLH-4	0.0012579805549885568	0.0012579805549885568
373	 LLH-4	0.0012572503809984102	0.0012572503809984102
376	 LLH-3	0.001258295804425883	0.001258295804425883
377	 LLH-6	0.0012589520196355883	0.0012589520196355883
378	 LLH-4	0.001258271777403699	0.001258271777403699
381	 LLH-1	0.0012582956677506549	0.0012582956677506549
382	 LLH-0	0.0012591248152360379	0.0012591248152360379
383	 LLH-0	0.001258527670645717	0.001258527670645717
384	 LLH-3	0.00125317205147912	0.00125317205147912
385	 LLH-1	0.00125317205147912	0.00125317205147912
386	 LLH-4	0.00125317205147912	0.00125317205147912
391	 LLH-0	0.0012537055430540016	0.0012537055430540016
392	 LLH-2	0.0012495801216647665	0.0012495801216647665
393	 LLH-2	0.0012620427507253895	0.0012620427507253895
394	 LLH-5	0.0012615938688663102	0.0012615938688663102
395	 LLH-3	0.0012581185871333455	0.0012581185871333455
396	 LLH-5	0.0012581258699887932	0.0012581258699887932
397	 LLH-2	0.0012588828869125586	0.0012588828869125586
398	 LLH-2	0.0012569086060623584	0.0012569086060623584
399	 LLH-4	0.0012569086060623584	0.0012569086060623584
404	 LLH-1	0.0012569086060623584	0.0012569086060623584
405	 LLH-5	0.0012572663740789917	0.0012572663740789917
406	 LLH-2	0.001280580480818994	0.001280580480818994
407	 LLH-0	0.0012817729114330614	0.0012817729114330614
408	 LLH-3	0.001343238533967522	0.001343238533967522
409	 LLH-2	0.001328675144087244	0.001328675144087244
410	 LLH-6	0.0013276642671295252	0.0013276642671295252
411	 LLH-5	0.0013273145165197074	0.0013273145165197074
412	 LLH-6	0.001328139310954159	0.001328139310954159
413	 LLH-5	0.0013271380323510355	0.0013271380323510355
414	 LLH-2	0.0013213592600362883	0.0013213592600362883
415	 LLH-5	0.001321869750320757	0.001321869750320757
416	 LLH-0	0.0013200390421540106	0.0013200390421540106
417	 LLH-1	0.001320848830236788	0.001320848830236788
418	 LLH-2	0.0013123562520151598	0.0013123562520151598
419	 LLH-0	0.0013106411768140428	0.0013106411768140428
420	 LLH-3	0.0014417446402525385	0.0014417446402525385
421	 LLH-4	0.0014385737982169264	0.0014385737982169264
423	 LLH-2	0.0014229284976941027	0.0014229284976941027
424	 LLH-2	0.0014028367983833243	0.0014028367983833243
425	 LLH-5	0.0014018705325125576	0.0014018705325125576
426	 LLH-1	0.0014027102084388822	0.0014027102084388822
427	 LLH-6	0.0014042627870157	0.0014042627870157
428	 LLH-5	0.001404177719886563	0.001404177719886563
429	 LLH-2	0.0013657349569221216	0.0013657349569221216
430	 LLH-6	0.0013647511196415137	0.0013647511196415137
431	 LLH-4	0.0013647511196415137	0.0013647511196415137
436	 LLH-1	0.0013645114151835396	0.0013645114151835396
437	 LLH-0	0.001393189760035047	0.001393189760035047
438	 LLH-3	0.0015131276608188117	0.0015131276608188117
439	 LLH-2	0.0014842083766399938	0.0014842083766399938
440	 LLH-5	0.0014857237829018898	0.0014857237829018898
441	 LLH-1	0.0014852548722507246	0.0014852548722507246
442	 LLH-2	0.0014102675439469814	0.0014102675439469814
443	 LLH-5	0.0014088853449297518	0.0014088853449297518
444	 LLH-2	0.001375162450686882	0.001375162450686882
445	 LLH-5	0.0013745344537843072	0.0013745344537843072
446	 LLH-5	0.0013750065741319356	0.0013750065741319356
447	 LLH-4	0.0013731072625014665	0.0013731072625014665
449	 LLH-2	0.0013495239422462277	0.0013495239422462277
450	 LLH-2	0.0013311934524080815	0.0013311934524080815
451	 LLH-4	0.0013311934524080815	0.0013311934524080815
456	 LLH-2	0.0013538495912782304	0.0013538495912782304
457	 LLH-5	0.0013538244467756605	0.0013538244467756605
458	 LLH-0	0.0013557375168412845	0.0013557375168412845
459	 LLH-0	0.001354159719606903	0.001354159719606903
460	 LLH-6	0.0013538494394483545	0.0013538494394483545
461	 LLH-0	0.001351577395765079	0.001351577395765079
462	 LLH-1	0.001351577395765079	0.001351577395765079
463	 LLH-2	0.0013236748014789248	0.0013236748014789248
464	 LLH-6	0.00132393162460695	0.00132393162460695
465	 LLH-6	0.001323792364287915	0.001323792364287915
466	 LLH-3	0.0012861777407458036	0.0012861777407458036
467	 LLH-5	0.0012852662152287456	0.0012852662152287456
468	 LLH-3	0.0013506800325562079	0.0013506800325562079
469	 LLH-0	0.001348611488656913	0.001348611488656913
470	 LLH-5	0.0013480018961287855	0.0013480018961287855
471	 LLH-3	0.0012868506099342947	0.0012868506099342947
472	 LLH-6	0.0012870505519053778	0.0012870505519053778
473	 LLH-1	0.001286723620221512	0.001286723620221512
474	 LLH-5	0.0012868810615694179	0.0012868810615694179
475	 LLH-0	0.0012881195866912335	0.0012881195866912335
476	 LLH-5	0.00128851522739326	0.00128851522739326
477	 LLH-5	0.0012861085841561098	0.0012861085841561098
478	 LLH-0	0.0012873471717731197	0.0012873471717731197
479	 LLH-0	0.0012884999571390477	0.0012884999571390477
480	 LLH-6	0.0012895361471445147	0.0012895361471445147
481	 LLH-1	0.0012895361471445147	0.0012895361471445147
482	 LLH-6	0.0012879967574603007	0.0012879967574603007
483	 LLH-6	0.0012866970786378639	0.0012866970786378639
484	 LLH-5	0.0012879674227501445	0.0012879674227501445
485	 LLH-2	0.0012831435968163535	0.0012831435968163535
486	 LLH-5	0.0012845368027157116	0.0012845368027157116
487	 LLH-2	0.001283576851433133	0.001283576851433133
488	 LLH-0	0.0012851103249718711	0.0012851103249718711
489	 LLH-6	0.0012854325653686768	0.0012854325653686768
490	 LLH-4	0.0012841350467077445	0.0012841350467077445
492	 LLH-5	0.001285385970714971	0.001285385970714971
493	 LLH-1	0.0012852677095685485	0.0012852677095685485
494	 LLH-4	0.0012842784073189679	0.0012842784073189679
498	 LLH-1	0.001284225719162201	0.001284225719162201
499	 LLH-4	0.0012832691878651304	0.0012832691878651304
502	 LLH-5	0.0012819376185536574	0.0012819376185536574
503	 LLH-2	0.0012981537400891545	0.0012819376185536574
504	 LLH-6	0.0012840816574546307	0.0012840816574546307
505	 LLH-1	0.0012840816574546307	0.0012840816574546307
506	 LLH-6	0.0012818633378989166	0.0012818633378989166
507	 LLH-3	0.0013574031906924068	0.0012818633378989166
508	 LLH-5	0.0012816575198659778	0.0012816575198659778
509	 LLH-5	0.001282020542847118	0.001282020542847118
510	 LLH-0	0.001283435782118647	0.001283435782118647
511	 LLH-3	0.001389164127739933	0.001283435782118647
512	 LLH-6	0.001285200064694363	0.001285200064694363
513	 LLH-4	0.001283590922607263	0.001283590922607263
515	 LLH-5	0.0012829661503346687	0.0012829661503346687
516	 LLH-6	0.0012822982994771942	0.0012822982994771942
517	 LLH-4	0.0012812001471264713	0.0012812001471264713
520	 LLH-3	0.0012600329754734996	0.0012600329754734996
521	 LLH-6	0.0012599351514585512	0.0012599351514585512
522	 LLH-3	0.0012566126813590539	0.0012566126813590539
523	 LLH-0	0.0012560909138800878	0.0012560909138800878
524	 LLH-4	0.0012553771365958312	0.0012553771365958312
529	 LLH-5	0.0012560181221613806	0.0012560181221613806
530	 LLH-5	0.0012560435035338182	0.0012560435035338182
531	 LLH-3	0.0012498109174912204	0.0012498109174912204
532	 LLH-2	0.001248959730697261	0.001248959730697261
533	 LLH-0	0.001249769351266223	0.001249769351266223
534	 LLH-3	0.0012885429994066596	0.0012885429994066596
535	 LLH-1	0.001288454315396109	0.001288454315396109
536	 LLH-1	0.0012882467090380633	0.0012882467090380633
537	 LLH-0	0.0012895921151310095	0.0012895921151310095
538	 LLH-4	0.0012879552121936337	0.0012879552121936337
540	 LLH-1	0.0012879552121936337	0.0012879552121936337
541	 LLH-5	0.0012876113309678626	0.0012876113309678626
542	 LLH-5	0.0012872757071107459	0.0012872757071107459
543	 LLH-5	0.0012872716078329996	0.0012872716078329996
544	 LLH-5	0.0012853408448449599	0.0012853408448449599
545	 LLH-3	0.0013894827256616474	0.0013894827256616474
546	 LLH-6	0.0013915402745112834	0.0013915402745112834
547	 LLH-6	0.0013927635878778154	0.0013927635878778154
548	 LLH-1	0.0013927635878778154	0.0013927635878778154
549	 LLH-0	0.0013644056733919862	0.0013644056733919862
550	 LLH-0	0.0013934282300442423	0.0013644056733919862
551	 LLH-5	0.0013643734822699695	0.0013643734822699695
552	 LLH-4	0.0013643734822699695	0.0013643734822699695
557	 LLH-2	0.0013624036214656063	0.0013624036214656063
558	 LLH-3	0.001291356499176069	0.001291356499176069
559	 LLH-4	0.0012709431166038863	0.0012709431166038863
561	 LLH-6	0.001271769725741016	0.001271769725741016
562	 LLH-5	0.0012719203682050309	0.0012719203682050309
563	 LLH-0	0.0012731526644470187	0.0012731526644470187
564	 LLH-5	0.0012745160519489268	0.0012745160519489268
565	 LLH-5	0.0012751231129629237	0.0012751231129629237
566	 LLH-4	0.001273412464552345	0.001273412464552345
569	 LLH-3	0.001273215831759574	0.001273215831759574
570	 LLH-1	0.0012729110206452857	0.0012729110206452857
571	 LLH-2	0.001273836140285891	0.001273836140285891
572	 LLH-4	0.0012727960096277793	0.0012727960096277793
576	 LLH-1	0.0012727960096277793	0.0012727960096277793
577	 LLH-1	0.0012728744420292574	0.0012728744420292574
578	 LLH-3	0.0013533783993420583	0.0012728744420292574
579	 LLH-5	0.0012720746477819685	0.0012720746477819685
580	 LLH-5	0.0012725434553233596	0.0012725434553233596
581	 LLH-4	0.0012725434553233596	0.0012725434553233596
586	 LLH-1	0.0012725434553233596	0.0012725434553233596
587	 LLH-1	0.0012727055628853883	0.0012727055628853883
588	 LLH-1	0.0012724695452316582	0.0012724695452316582
589	 LLH-2	0.0012710739331523928	0.0012710739331523928
590	 LLH-3	0.0012561080936731844	0.0012561080936731844
591	 LLH-0	0.0012567655198771463	0.0012567655198771463
592	 LLH-4	0.001255937849179797	0.001255937849179797
594	 LLH-1	0.0012557655743204667	0.0012557655743204667
595	 LLH-1	0.0012556286786405892	0.0012556286786405892
596	 LLH-3	0.0013138597984566846	0.0013138597984566846
597	 LLH-5	0.0013146467935385465	0.0013146467935385465
598	 LLH-5	0.0013139943994807943	0.0013139943994807943
599	 LLH-6	0.0013141006288202967	0.0013141006288202967
600	 LLH-1	0.0013142613070355027	0.0013142613070355027
601	 LLH-6	0.0013128438662421288	0.0013128438662421288
602	 LLH-0	0.001314103264666194	0.001314103264666194
603	 LLH-2	0.0013181084200519725	0.0013181084200519725
604	 LLH-3	0.001275764730595437	0.001275764730595437
605	 LLH-4	0.0012747317275608066	0.0012747317275608066
608	 LLH-3	0.0012530527941915222	0.0012530527941915222
609	 LLH-6	0.0012530734558581459	0.0012530734558581459
610	 LLH-3	0.001246095666197777	0.001246095666197777
611	 LLH-1	0.001246095666197777	0.001246095666197777
612	 LLH-2	0.0012569960713179201	0.001246095666197777
613	 LLH-3	0.0012738396737362497	0.0012738396737362497
614	 LLH-5	0.0012740558055927655	0.0012740558055927655
615	 LLH-2	0.0012875855298115266	0.0012875855298115266
616	 LLH-6	0.0012874833778616667	0.0012874833778616667
617	 LLH-4	0.0012863507501216446	0.0012863507501216446
620	 LLH-5	0.0012863103064532674	0.0012863103064532674
621	 LLH-1	0.0012863103064532674	0.0012863103064532674
622	 LLH-6	0.0012858521381503953	0.0012858521381503953
623	 LLH-6	0.0012838597139764138	0.0012838597139764138
624	 LLH-5	0.0012841185672101798	0.0012841185672101798
625	 LLH-3	0.001361192803705898	0.001361192803705898
626	 LLH-3	0.0014896284495462546	0.0014896284495462546
627	 LLH-2	0.0014079591446182966	0.0014079591446182966
628	 LLH-5	0.0014072003152431351	0.0014072003152431351
629	 LLH-5	0.0014086813657906	0.0014086813657906
630	 LLH-0	0.0014404495951797452	0.0014404495951797452
631	 LLH-1	0.0014404495951797452	0.0014404495951797452
632	 LLH-3	0.0015680789967711171	0.0015680789967711171
633	 LLH-0	0.0016104033361101096	0.0016104033361101096
634	 LLH-2	0.0015051908972250774	0.0015051908972250774
635	 LLH-5	0.0015042600347938574	0.0015042600347938574
636	 LLH-6	0.0015023550302271857	0.0015023550302271857
637	 LLH-4	0.001498121288338779	0.001498121288338779
639	 LLH-1	0.001498393381377727	0.001498393381377727
640	 LLH-3	0.0017639844463967084	0.001498393381377727
641	 LLH-6	0.001497230895840405	0.001497230895840405
642	 LLH-0	0.001493395507953894	0.001493395507953894
643	 LLH-4	0.0014895531148216706	0.0014895531148216706
646	 LLH-3	0.0013083840692196696	0.0013083840692196696
647	 LLH-1	0.0013083840692196696	0.0013083840692196696
648	 LLH-0	0.0013097511812248802	0.0013097511812248802
649	 LLH-1	0.0013097511812248802	0.0013097511812248802
650	 LLH-6	0.0013087959089515219	0.0013087959089515219
651	 LLH-3	0.0014183124694321044	0.0013087959089515219
652	 LLH-1	0.0013087959089515219	0.0013087959089515219
653	 LLH-6	0.0013077918032991455	0.0013077918032991455
654	 LLH-0	0.0013060512922765713	0.0013060512922765713
655	 LLH-5	0.0013074578317893168	0.0013074578317893168
656	 LLH-4	0.0013063017181788412	0.0013063017181788412
659	 LLH-6	0.0013079195654094212	0.0013079195654094212
660	 LLH-6	0.0013083060205623129	0.0013083060205623129
661	 LLH-3	0.0012682999293994821	0.0012682999293994821
662	 LLH-4	0.0012676687606745444	0.0012676687606745444
666	 LLH-4	0.001266943710641774	0.001266943710641774
669	 LLH-1	0.0012670914748566541	0.0012670914748566541
670	 LLH-1	0.0012670914748566541	0.0012670914748566541
671	 LLH-6	0.0012685077785930183	0.0012685077785930183
672	 LLH-4	0.0012685077785930183	0.0012685077785930183
677	 LLH-3	0.0013531938489923232	0.0012685077785930183
678	 LLH-5	0.0012688182005154444	0.0012688182005154444
679	 LLH-6	0.001267746406447599	0.001267746406447599
680	 LLH-1	0.001267746406447599	0.001267746406447599
681	 LLH-5	0.0012685844375546831	0.0012685844375546831
682	 LLH-4	0.0012685844375546831	0.0012685844375546831
687	 LLH-4	0.0012673294731316927	0.0012673294731316927
690	 LLH-2	0.0012786878619065376	0.0012786878619065376
691	 LLH-6	0.001278268241641248	0.001278268241641248
692	 LLH-3	0.0012555353835129526	0.0012555353835129526
693	 LLH-3	0.00125760696028704	0.00125760696028704
694	 LLH-3	0.0012935288410849846	0.00125760696028704
695	 LLH-5	0.0012575202673382288	0.0012575202673382288
696	 LLH-2	0.0012507403651452862	0.0012507403651452862
697	 LLH-4	0.0012500564103421635	0.0012500564103421635
699	 LLH-0	0.0012505813717661623	0.0012505813717661623
700	 LLH-4	0.0012499966922704204	0.0012499966922704204
704	 LLH-0	0.001250609890845075	0.001250609890845075
705	 LLH-5	0.0012506671268010224	0.0012506671268010224
706	 LLH-1	0.0012506530349230948	0.0012506530349230948
707	 LLH-2	0.0012556150236117845	0.0012556150236117845
708	 LLH-4	0.0012556150236117845	0.0012556150236117845
713	 LLH-1	0.0012556150236117845	0.0012556150236117845
714	 LLH-1	0.0012557601966657664	0.0012557601966657664
715	 LLH-2	0.0012571390552900163	0.0012557601966657664
716	 LLH-2	0.0012670148935891906	0.0012670148935891906
717	 LLH-3	0.0013233469553405126	0.0012670148935891906
718	 LLH-3	0.0013505673468244754	0.0012670148935891906
719	 LLH-0	0.0012663461064390204	0.0012663461064390204
720	 LLH-3	0.001249699752131382	0.001249699752131382
721	 LLH-0	0.0012489876527885298	0.0012489876527885298
722	 LLH-3	0.001286343595868843	0.001286343595868843
723	 LLH-2	0.001296094978202882	0.001296094978202882
724	 LLH-6	0.0012957336170204062	0.0012957336170204062
725	 LLH-3	0.00141256321952711	0.00141256321952711
726	 LLH-5	0.0014134278089961154	0.0014134278089961154
727	 LLH-5	0.0014139510109981112	0.0014139510109981112
728	 LLH-5	0.0014138405887075404	0.0014138405887075404
729	 LLH-2	0.0013773953586943921	0.0013773953586943921
730	 LLH-4	0.0013750103025470099	0.0013750103025470099
732	 LLH-0	0.001377647145491696	0.001377647145491696
733	 LLH-0	0.001375170319585888	0.001375170319585888
734	 LLH-4	0.001372998605344677	0.001372998605344677
736	 LLH-2	0.001361995453147691	0.001361995453147691
737	 LLH-0	0.0013646542478615597	0.0013646542478615597
738	 LLH-1	0.0013648275523561464	0.0013648275523561464
739	 LLH-2	0.0013581015106036657	0.0013581015106036657
740	 LLH-5	0.0013576296919632562	0.0013576296919632562
741	 LLH-5	0.0013583341845949614	0.0013583341845949614
742	 LLH-1	0.0013581395830315926	0.0013581395830315926
743	 LLH-2	0.0013536912063031217	0.0013536912063031217
744	 LLH-3	0.001280805018053971	0.001280805018053971
745	 LLH-3	0.0012592720816325632	0.0012592720816325632
746	 LLH-3	0.0013082948310185823	0.0013082948310185823
747	 LLH-6	0.0013080670985361185	0.0013080670985361185
748	 LLH-5	0.0013091536843744653	0.0013091536843744653
749	 LLH-4	0.0013080408135183917	0.0013080408135183917
751	 LLH-6	0.0013068089214026961	0.0013068089214026961
752	 LLH-2	0.0013037164561047069	0.0013037164561047069
753	 LLH-5	0.001302680390067451	0.001302680390067451
754	 LLH-0	0.001301404067961971	0.001301404067961971
755	 LLH-3	0.001363005186478624	0.001301404067961971
756	 LLH-0	0.0013026685886916686	0.0013026685886916686
757	 LLH-5	0.0013027204853297207	0.0013027204853297207
758	 LLH-0	0.0013041379521174406	0.0013041379521174406
759	 LLH-3	0.001269751542504531	0.001269751542504531
760	 LLH-6	0.0012687635087409667	0.0012687635087409667
761	 LLH-2	0.0012611761068019032	0.0012611761068019032
762	 LLH-4	0.0012611761068019032	0.0012611761068019032
767	 LLH-1	0.0012610713890143781	0.0012610713890143781
768	 LLH-2	0.0012679703775642782	0.0012679703775642782
769	 LLH-6	0.0012686900264326246	0.0012686900264326246
770	 LLH-5	0.0012684554588634866	0.0012684554588634866
771	 LLH-5	0.0012678274157328648	0.0012678274157328648
772	 LLH-5	0.00126811735225654	0.00126811735225654
773	 LLH-5	0.00126791313203416	0.00126791313203416
774	 LLH-0	0.001268826772729702	0.001268826772729702
775	 LLH-4	0.001268826772729702	0.001268826772729702
780	 LLH-2	0.0012828490223749773	0.0012828490223749773
781	 LLH-6	0.0012838656350675564	0.0012838656350675564
782	 LLH-4	0.001282836550161404	0.001282836550161404
784	 LLH-1	0.001282836550161404	0.001282836550161404
785	 LLH-6	0.0012830838666868121	0.0012830838666868121
786	 LLH-4	0.0012820095531484573	0.0012820095531484573
789	 LLH-3	0.0012643187622731285	0.0012643187622731285
790	 LLH-0	0.0012650049349797114	0.0012650049349797114
791	 LLH-5	0.0012645040626460343	0.0012645040626460343
792	 LLH-3	0.0012563962322905907	0.0012563962322905907
793	 LLH-6	0.0012553880513269903	0.0012553880513269903
794	 LLH-2	0.001268968792348766	0.001268968792348766
795	 LLH-5	0.0012686258375590072	0.0012686258375590072
796	 LLH-5	0.0012683516068456723	0.0012683516068456723
797	 LLH-2	0.001269342495848007	0.001269342495848007
798	 LLH-3	0.0012615604859331708	0.0012615604859331708
799	 LLH-0	0.0012624737442993527	0.0012624737442993527
800	 LLH-1	0.0012624737442993527	0.0012624737442993527
801	 LLH-6	0.0012611420241167399	0.0012611420241167399
802	 LLH-3	0.00124856444078804	0.00124856444078804
803	 LLH-2	0.00125259018586312	0.00125259018586312
804	 LLH-5	0.0012538842715718512	0.0012538842715718512
805	 LLH-4	0.0012532643099352207	0.0012532643099352207
808	 LLH-2	0.0012544167401619404	0.0012544167401619404
809	 LLH-2	0.0012764390432350625	0.0012764390432350625
810	 LLH-3	0.0012543473581259899	0.0012543473581259899
811	 LLH-4	0.0012543473581259899	0.0012543473581259899
816	 LLH-3	0.0012926363222488747	0.0012926363222488747
817	 LLH-3	0.001388092904507096	0.0012926363222488747
818	 LLH-6	0.0012919511796036552	0.0012919511796036552
819	 LLH-0	0.0012908248162172946	0.0012908248162172946
820	 LLH-0	0.0012895085175216377	0.0012895085175216377
821	 LLH-1	0.0012895085175216377	0.0012895085175216377
822	 LLH-0	0.001287774986577542	0.001287774986577542
823	 LLH-5	0.0012880653498583993	0.0012880653498583993
824	 LLH-3	0.001260655017712101	0.001260655017712101
825	 LLH-4	0.001260655017712101	0.001260655017712101
830	 LLH-5	0.001261308525535335	0.001261308525535335
831	 LLH-6	0.0012619578845526295	0.0012619578845526295
832	 LLH-0	0.0012611704272584821	0.0012611704272584821
833	 LLH-6	0.0012595925037825774	0.0012595925037825774
834	 LLH-0	0.0012607677812753377	0.0012607677812753377
835	 LLH-0	0.0012599577830421133	0.0012599577830421133
836	 LLH-5	0.0012602754394651643	0.0012602754394651643
837	 LLH-2	0.001280771715631224	0.001280771715631224
838	 LLH-4	0.0012798430341620227	0.0012798430341620227
840	 LLH-4	0.0012787954201947235	0.0012787954201947235
843	 LLH-4	0.0012787954201947235	0.0012787954201947235
848	 LLH-0	0.0012779574397297666	0.0012779574397297666
849	 LLH-1	0.0012779574397297666	0.0012779574397297666
850	 LLH-6	0.0012784251535728009	0.0012784251535728009
851	 LLH-5	0.0012761915490898483	0.0012761915490898483
852	 LLH-1	0.0012760567303498889	0.0012760567303498889
853	 LLH-5	0.0012762458227680705	0.0012762458227680705
854	 LLH-4	0.0012753601739044162	0.0012753601739044162
859	 LLH-5	0.0012754702584561566	0.0012753601739044162
860	 LLH-3	0.0013102962467927254	0.0013102962467927254
861	 LLH-5	0.0013103169518389642	0.0013103169518389642
862	 LLH-1	0.0013103169518389642	0.0013103169518389642
863	 LLH-6	0.001309197755971411	0.001309197755971411
864	 LLH-5	0.0013111680318657853	0.001309197755971411
865	 LLH-4	0.0013076582579020102	0.0013076582579020102
867	 LLH-3	0.001430181999738025	0.0013076582579020102
868	 LLH-5	0.0013072421299170913	0.0013072421299170913
869	 LLH-1	0.0013072421299170913	0.0013072421299170913
870	 LLH-2	0.001317167953226012	0.001317167953226012
871	 LLH-1	0.0013177155116620817	0.0013177155116620817
872	 LLH-2	0.0013141856018883988	0.0013141856018883988
873	 LLH-5	0.0013132064564638623	0.0013132064564638623
874	 LLH-1	0.0013132064564638623	0.0013132064564638623
875	 LLH-6	0.0013149558703594029	0.0013149558703594029
876	 LLH-1	0.001314460560121122	0.001314460560121122
877	 LLH-4	0.0013130847487901995	0.0013130847487901995
881	 LLH-5	0.0013119320508435026	0.0013119320508435026
882	 LLH-5	0.0013124129684515496	0.0013124129684515496
883	 LLH-4	0.0013107864801153	0.0013107864801153
888	 LLH-0	0.0013090369914933926	0.0013090369914933926
889	 LLH-6	0.0013093491740038131	0.0013093491740038131
890	 LLH-1	0.0013095116204257253	0.0013095116204257253
891	 LLH-5	0.0013097028005415927	0.0013097028005415927
892	 LLH-6	0.001308989196774558	0.001308989196774558
893	 LLH-4	0.0013073424581011616	0.0013073424581011616
897	 LLH-4	0.0013058597807663877	0.0013058597807663877
900	 LLH-1	0.0013059579330053635	0.0013059579330053635
901	 LLH-2	0.0013074295276352143	0.0013074295276352143
902	 LLH-1	0.00130723556023581	0.00130723556023581
903	 LLH-0	0.001308769357350191	0.001308769357350191
904	 LLH-6	0.0013065510205716021	0.0013065510205716021
905	 LLH-4	0.001305294495341195	0.001305294495341195
907	 LLH-0	0.001306645562454994	0.001306645562454994
908	 LLH-3	0.001261672281474298	0.001261672281474298
909	 LLH-3	0.0013288297452810024	0.0013288297452810024
910	 LLH-5	0.0013278216655251986	0.0013278216655251986
911	 LLH-4	0.0013278216655251986	0.0013278216655251986
916	 LLH-0	0.0013294878261687808	0.0013294878261687808
917	 LLH-3	0.001264019187004721	0.001264019187004721
918	 LLH-5	0.0012644111551492463	0.0012644111551492463
919	 LLH-3	0.0012549529166665224	0.0012549529166665224
920	 LLH-4	0.0012540346167119118	0.0012540346167119118
922	 LLH-1	0.0012543402155228089	0.0012543402155228089
923	 LLH-5	0.0012551266744385227	0.0012551266744385227
924	 LLH-4	0.0012545459158672132	0.0012545459158672132
927	 LLH-2	0.001257762761267003	0.001257762761267003
928	 LLH-2	0.0012630941969886344	0.0012630941969886344
929	 LLH-2	0.0012862157068854283	0.0012862157068854283
930	 LLH-2	0.0012850055926768565	0.0012850055926768565
931	 LLH-3	0.001383592187608659	0.0012850055926768565
932	 LLH-0	0.001286057794197837	0.001286057794197837
933	 LLH-5	0.0012849948079244938	0.0012849948079244938
934	 LLH-4	0.0012839325980796052	0.0012839325980796052
936	 LLH-6	0.0012847428200735084	0.0012847428200735084
937	 LLH-6	0.0012841017330291887	0.0012841017330291887
938	 LLH-6	0.001284767065580967	0.001284767065580967
939	 LLH-1	0.001284767065580967	0.001284767065580967
940	 LLH-1	0.001284767065580967	0.001284767065580967
941	 LLH-3	0.0012735913274130191	0.0012735913274130191
942	 LLH-5	0.0012739651599997653	0.0012739651599997653
943	 LLH-3	0.0012455684930714594	0.0012455684930714594
944	 LLH-4	0.0012455684930714594	0.0012455684930714594
949	 LLH-6	0.0012463931186496384	0.0012463931186496384
950	 LLH-0	0.001246948521817414	0.001246948521817414
951	 LLH-2	0.0012627101006699839	0.0012627101006699839
952	 LLH-5	0.0012627101006699839	0.0012627101006699839
953	 LLH-6	0.0012612575238035062	0.0012612575238035062
954	 LLH-4	0.0012605769687516581	0.0012605769687516581
957	 LLH-1	0.0012605769687516581	0.0012605769687516581
958	 LLH-4	0.001260005902582793	0.001260005902582793
961	 LLH-5	0.0012598633952046643	0.0012598633952046643
962	 LLH-6	0.0012590723494073132	0.0012590723494073132
963	 LLH-6	0.0012592786575126825	0.0012592786575126825
964	 LLH-1	0.0012592786575126825	0.0012592786575126825
965	 LLH-5	0.0012586208004363069	0.0012586208004363069
966	 LLH-1	0.001258580169036485	0.001258580169036485
967	 LLH-6	0.0012591998659029946	0.0012591998659029946
968	 LLH-1	0.0012593281567317104	0.0012593281567317104
969	 LLH-5	0.0012587465651093758	0.0012587465651093758
970	 LLH-1	0.0012587465651093758	0.0012587465651093758
971	 LLH-4	0.0012587465651093758	0.0012587465651093758
976	 LLH-0	0.0012597092790417174	0.0012597092790417174
977	 LLH-4	0.001259113335740994	0.001259113335740994
979	 LLH-3	0.0012444922689857538	0.0012444922689857538
980	 LLH-1	0.0012444922689857538	0.0012444922689857538
981	 LLH-0	0.001244930828599407	0.001244930828599407
982	 LLH-1	0.001244930828599407	0.001244930828599407
983	 LLH-4	0.0012444369504024185	0.0012444369504024185
985	 LLH-6	0.0012445616180343263	0.0012445616180343263
986	 LLH-5	0.0012446242164745056	0.0012446242164745056
987	 LLH-6	0.001244301625117999	0.001244301625117999
988	 LLH-6	0.0012438182106038348	0.0012438182106038348
989	 LLH-1	0.0012438182106038348	0.0012438182106038348
990	 LLH-1	0.001243990536602785	0.001243990536602785
991	 LLH-6	0.0012442583064288181	0.0012442583064288181
992	 LLH-3	0.0012851215441354066	0.0012442583064288181
993	 LLH-0	0.001244727487303946	0.001244727487303946
994	 LLH-4	0.001244727487303946	0.001244727487303946
999	 LLH-3	0.0012461125191971763	0.0012461125191971763
1000	 LLH-1	0.0012461125191971763	0.0012461125191971763
1001	 LLH-1	0.0012461125191971763	0.0012461125191971763
1002	 LLH-3	0.0012480508542495594	0.0012480508542495594
1003	 LLH-4	0.0012480508542495594	0.0012480508542495594
1008	 LLH-6	0.0012490888613583152	0.0012490888613583152
1009	 LLH-3	0.0012540557233109127	0.0012540557233109127
1010	 LLH-2	0.0012585354486945328	0.0012585354486945328
1011	 LLH-5	0.0012585354486945328	0.0012585354486945328
1012	 LLH-5	0.0012584895411053626	0.0012584895411053626
1013	 LLH-6	0.0012578061542389107	0.0012578061542389107
1014	 LLH-4	0.0012573404066670401	0.0012573404066670401
1019	 LLH-0	0.0012580874482975238	0.0012580874482975238
1020	 LLH-5	0.001258502459924067	0.001258502459924067
1021	 LLH-5	0.0012586578151434374	0.0012586578151434374
1022	 LLH-4	0.0012586578151434374	0.0012586578151434374
1027	 LLH-2	0.001258054201213892	0.001258054201213892
1028	 LLH-5	0.0012587193095070723	0.0012587193095070723
1029	 LLH-3	0.001320418981113511	0.0012587193095070723
1030	 LLH-5	0.0012593626050044283	0.0012593626050044283
1031	 LLH-4	0.001258628647701795	0.001258628647701795
1033	 LLH-1	0.001258628647701795	0.001258628647701795
1034	 LLH-3	0.0012577682297794585	0.0012577682297794585
1035	 LLH-0	0.001257172340787166	0.001257172340787166
1036	 LLH-2	0.0012494464669231306	0.0012494464669231306
1037	 LLH-6	0.0012503071075971224	0.0012503071075971224
1038	 LLH-6	0.0012499977227222912	0.0012499977227222912
1039	 LLH-0	0.0012511812924036652	0.0012511812924036652
1040	 LLH-0	0.0012518037592269817	0.0012518037592269817
1041	 LLH-0	0.0012524537811768495	0.0012524537811768495
1042	 LLH-2	0.0012620192662242604	0.0012620192662242604
1043	 LLH-3	0.001316173113935097	0.001316173113935097
1044	 LLH-1	0.001316173113935097	0.001316173113935097
1045	 LLH-0	0.0013177265129677934	0.0013177265129677934
1046	 LLH-3	0.0012698428949217324	0.0012698428949217324
1047	 LLH-0	0.0012707649756150438	0.0012707649756150438
1048	 LLH-0	0.0012696077571887523	0.0012696077571887523
1049	 LLH-1	0.0012696077571887523	0.0012696077571887523
1050	 LLH-1	0.0012696077571887523	0.0012696077571887523
1051	 LLH-4	0.0012688412846772095	0.0012688412846772095
1054	 LLH-5	0.0012698584205223765	0.0012698584205223765
1055	 LLH-1	0.0012698584205223765	0.0012698584205223765
1056	 LLH-6	0.0012700066752391612	0.0012700066752391612
1057	 LLH-0	0.0012710824001123187	0.0012710824001123187
1058	 LLH-0	0.0012719423888110145	0.0012719423888110145
1059	 LLH-4	0.001271180939669817	0.001271180939669817
1063	 LLH-0	0.0012722296594603324	0.0012722296594603324
1064	 LLH-4	0.0012714057321809484	0.0012714057321809484
1067	 LLH-2	0.001271845072210829	0.001271845072210829
1068	 LLH-3	0.0013541541670789349	0.0013541541670789349
1069	 LLH-3	0.0012665531916887817	0.0012665531916887817
1070	 LLH-2	0.0012666983560736356	0.0012666983560736356
1071	 LLH-4	0.0012660052728204667	0.0012660052728204667
1073	 LLH-2	0.0012814458166457345	0.0012660052728204667
1074	 LLH-2	0.0012693500805292586	0.0012693500805292586
1075	 LLH-1	0.0012693500805292586	0.0012693500805292586
1076	 LLH-1	0.0012693500805292586	0.0012693500805292586
1077	 LLH-5	0.0012698934019675374	0.0012698934019675374
1078	 LLH-0	0.0012690376076819117	0.0012690376076819117
1079	 LLH-0	0.0012699332834615132	0.0012690376076819117
1080	 LLH-2	0.0012713446876385225	0.0012713446876385225
1081	 LLH-4	0.0012704445383063723	0.0012704445383063723
1083	 LLH-3	0.001328500243447044	0.001328500243447044
1084	 LLH-2	0.0013307192739519642	0.0013307192739519642
1085	 LLH-3	0.0014132795374205004	0.0013307192739519642
1086	 LLH-0	0.0013291437824658704	0.0013291437824658704
1087	 LLH-5	0.001329470644753152	0.001329470644753152
1088	 LLH-1	0.001329470644753152	0.001329470644753152
1089	 LLH-2	0.001350250575840288	0.001350250575840288
1090	 LLH-1	0.001350250575840288	0.001350250575840288
1091	 LLH-6	0.0013490184010658429	0.0013490184010658429
1092	 LLH-4	0.0013471123643547375	0.0013471123643547375
1094	 LLH-3	0.0012682770330856143	0.0012682770330856143
1095	 LLH-1	0.001268250519051826	0.001268250519051826
1096	 LLH-4	0.001268250519051826	0.001268250519051826
1101	 LLH-0	0.0012691693032536044	0.0012691693032536044
1102	 LLH-0	0.0012702862127031223	0.0012702862127031223
1103	 LLH-1	0.0012702862127031223	0.0012702862127031223
1104	 LLH-2	0.0012843016200363322	0.0012702862127031223
1105	 LLH-3	0.001264039941368505	0.001264039941368505
1106	 LLH-6	0.0012641909854676332	0.0012641909854676332
1107	 LLH-3	0.0012845081845691926	0.0012641909854676332
1108	 LLH-0	0.0012647471148229197	0.0012647471148229197
1109	 LLH-1	0.00126500712817743	0.00126500712817743
1110	 LLH-6	0.001264605450105736	0.001264605450105736
1111	 LLH-6	0.0012667512726611868	0.0012667512726611868
1112	 LLH-1	0.0012667512726611868	0.0012667512726611868
1113	 LLH-4	0.0012667512726611868	0.0012667512726611868
1118	 LLH-2	0.001259558401517541	0.001259558401517541
1119	 LLH-6	0.0012597251942094401	0.0012597251942094401
1120	 LLH-1	0.0012597251942094401	0.0012597251942094401
1121	 LLH-1	0.0012598551183430273	0.0012598551183430273
1122	 LLH-4	0.0012598551183430273	0.0012598551183430273
1127	 LLH-4	0.0012598551183430273	0.0012598551183430273
1132	 LLH-1	0.0012598859963431747	0.0012598859963431747
1133	 LLH-5	0.0012600329413761668	0.0012600329413761668
1134	 LLH-2	0.0012764299238209112	0.0012600329413761668
1135	 LLH-6	0.0012624386236662181	0.0012600329413761668
1136	 LLH-3	0.0013142339699030998	0.0012600329413761668
1137	 LLH-5	0.0012600937525244083	0.0012600937525244083
1138	 LLH-3	0.0013001784931044751	0.0012600937525244083
1139	 LLH-6	0.0012594272509492196	0.0012594272509492196
1140	 LLH-1	0.0012592981896554145	0.0012592981896554145
1141	 LLH-4	0.001258258772002948	0.001258258772002948
1143	 LLH-1	0.001258258772002948	0.001258258772002948
1144	 LLH-5	0.0012574893914935677	0.0012574893914935677
1145	 LLH-3	0.0012490320560195013	0.0012490320560195013
1146	 LLH-3	0.0012910688318651454	0.0012490320560195013
1147	 LLH-5	0.0012490492899078698	0.0012490492899078698
1148	 LLH-2	0.0012573923749929904	0.0012573923749929904
1149	 LLH-2	0.001255267447630265	0.001255267447630265
1150	 LLH-6	0.001255801886079783	0.001255801886079783
1151	 LLH-6	0.001256157629172513	0.001256157629172513
1152	 LLH-2	0.0012750565317465334	0.001256157629172513
1153	 LLH-3	0.0013047077671584258	0.0013047077671584258
1154	 LLH-4	0.001302815534347676	0.001302815534347676
1158	 LLH-1	0.0013026919394671318	0.0013026919394671318
1159	 LLH-6	0.0013019844651759663	0.0013019844651759663
1160	 LLH-3	0.0012803001741334224	0.0012803001741334224
1161	 LLH-6	0.0012800729657164113	0.0012800729657164113
1162	 LLH-3	0.0013471821111849644	0.0012800729657164113
1163	 LLH-2	0.0012798441863420545	0.0012798441863420545
1164	 LLH-2	0.001288159405726388	0.0012798441863420545
1165	 LLH-1	0.0012794138881150737	0.0012794138881150737
1166	 LLH-2	0.0012792648232599492	0.0012792648232599492
1167	 LLH-2	0.0012729882539348094	0.0012729882539348094
1168	 LLH-6	0.0012737833800504806	0.0012737833800504806
1169	 LLH-0	0.0012940859173901035	0.0012940859173901035
1170	 LLH-2	0.0012919957650151153	0.0012919957650151153
1171	 LLH-4	0.0012908201135207388	0.0012908201135207388
1173	 LLH-3	0.001256612074034044	0.001256612074034044
1174	 LLH-4	0.001255870134476607	0.001255870134476607
1176	 LLH-1	0.001255870134476607	0.001255870134476607
1177	 LLH-0	0.0012566480215547924	0.0012566480215547924
1178	 LLH-5	0.0012559193906876414	0.0012559193906876414
1179	 LLH-1	0.0012559193906876414	0.0012559193906876414
1180	 LLH-2	0.0012648386192194872	0.0012648386192194872
1181	 LLH-3	0.0012573597369017748	0.0012573597369017748
1182	 LLH-2	0.0012721582783435151	0.0012721582783435151
1183	 LLH-0	0.0012729300446216107	0.0012729300446216107
1184	 LLH-5	0.0012726617598722999	0.0012726617598722999
1185	 LLH-6	0.0012730300433107594	0.0012730300433107594
1186	 LLH-4	0.0012720123632369645	0.0012720123632369645
1188	 LLH-3	0.0012611184050475928	0.0012611184050475928
1189	 LLH-4	0.0012601240667244162	0.0012601240667244162
1193	 LLH-5	0.0012601594574340453	0.0012601594574340453
1194	 LLH-0	0.001260777224996951	0.001260777224996951
1195	 LLH-5	0.0012607855377474862	0.0012607855377474862
1196	 LLH-2	0.001257726067522503	0.001257726067522503
1197	 LLH-3	0.0013082291254733341	0.0013082291254733341
1198	 LLH-2	0.0013231290894490664	0.0013231290894490664
1199	 LLH-2	0.0013181785300692157	0.0013181785300692157
1200	 LLH-0	0.0013196786275373026	0.0013196786275373026
1201	 LLH-3	0.0012745263550724229	0.0012745263550724229
1202	 LLH-0	0.0012757862494426502	0.0012757862494426502
1203	 LLH-3	0.0012626515335285096	0.0012626515335285096
1204	 LLH-3	0.0012533731277615356	0.0012533731277615356
1205	 LLH-2	0.0012568156594990059	0.0012568156594990059
1206	 LLH-5	0.0012566729219287748	0.0012566729219287748
1207	 LLH-4	0.0012560820102066686	0.0012560820102066686
1211	 LLH-4	0.0012560820102066686	0.0012560820102066686
1216	 LLH-4	0.001255381380611549	0.001255381380611549
1219	 LLH-3	0.0012511118218992087	0.0012511118218992087
1220	 LLH-0	0.001250587653403554	0.001250587653403554
1221	 LLH-4	0.001250587653403554	0.001250587653403554
1226	 LLH-6	0.001250083956178429	0.001250083956178429
1227	 LLH-1	0.001250083956178429	0.001250083956178429
1228	 LLH-4	0.0012495159853142372	0.0012495159853142372
1233	 LLH-3	0.0012885622992303066	0.0012495159853142372
1234	 LLH-4	0.0012490429596636633	0.0012490429596636633
1239	 LLH-5	0.001248779058186994	0.001248779058186994
1240	 LLH-2	0.0012559476126437897	0.0012559476126437897
1241	 LLH-1	0.0012559476126437897	0.0012559476126437897
1242	 LLH-6	0.001256090688993666	0.001256090688993666
1243	 LLH-5	0.0012560492370466453	0.0012560492370466453
1244	 LLH-4	0.0012553475800263366	0.0012553475800263366
1249	 LLH-3	0.0012519775212432643	0.0012519775212432643
1250	 LLH-1	0.0012519775212432643	0.0012519775212432643
1251	 LLH-5	0.0012521725637202978	0.0012521725637202978
1252	 LLH-6	0.0012522046800956226	0.0012522046800956226
1253	 LLH-5	0.001251949922651134	0.001251949922651134
1254	 LLH-1	0.001251949922651134	0.001251949922651134
1255	 LLH-2	0.0012601319501123179	0.0012601319501123179
1256	 LLH-5	0.0012600947709936919	0.0012600947709936919
1257	 LLH-2	0.0012641930229995522	0.0012600947709936919
1258	 LLH-3	0.0012462043371380687	0.0012462043371380687
1259	 LLH-5	0.0012453006346909046	0.0012453006346909046
1260	 LLH-1	0.0012453006346909046	0.0012453006346909046
1261	 LLH-0	0.001245900863690018	0.001245900863690018
1262	 LLH-3	0.0012505736905564753	0.0012505736905564753
1263	 LLH-4	0.0012505736905564753	0.0012505736905564753
1268	 LLH-5	0.0012507835838601713	0.0012507835838601713
1269	 LLH-4	0.001250360827298104	0.001250360827298104
1274	 LLH-1	0.001250360827298104	0.001250360827298104
1275	 LLH-0	0.0012507899601027883	0.0012507899601027883
1276	 LLH-1	0.0012507899601027883	0.0012507899601027883
1277	 LLH-3	0.0012895150823677222	0.0012895150823677222
1278	 LLH-1	0.0012895902812758845	0.0012895902812758845
1279	 LLH-0	0.001288384781505233	0.001288384781505233
1280	 LLH-1	0.001288384781505233	0.001288384781505233
1281	 LLH-1	0.001288384781505233	0.001288384781505233
1282	 LLH-4	0.0012873670301935501	0.0012873670301935501
1285	 LLH-3	0.0013630735212417872	0.0012873670301935501
1286	 LLH-2	0.0012785456500564124	0.0012785456500564124
1287	 LLH-0	0.0012798471248199757	0.0012798471248199757
1288	 LLH-3	0.0012687850757741631	0.0012687850757741631
1289	 LLH-0	0.0012698235588164625	0.0012698235588164625
1290	 LLH-5	0.0012711294722661613	0.0012698235588164625
1291	 LLH-0	0.0012690442173733363	0.0012690442173733363
1292	 LLH-0	0.001269760393463795	0.001269760393463795
1293	 LLH-6	0.0012701889942925847	0.0012701889942925847
1294	 LLH-3	0.0013234623204429036	0.0012701889942925847
1295	 LLH-0	0.0012711908943446317	0.0012711908943446317
1296	 LLH-0	0.0012703759887604795	0.0012703759887604795
1297	 LLH-3	0.0012478444872583406	0.0012478444872583406
1298	 LLH-0	0.0012484385547064918	0.0012484385547064918
1299	 LLH-1	0.0012484385547064918	0.0012484385547064918
1300	 LLH-2	0.0012487902020688535	0.0012487902020688535
1301	 LLH-0	0.0012497741129634545	0.0012497741129634545
1302	 LLH-4	0.0012491560215487669	0.0012491560215487669
1304	 LLH-4	0.0012491560215487669	0.0012491560215487669
1309	 LLH-5	0.0012489534402398085	0.0012489534402398085
1310	 LLH-6	0.0012483356237731093	0.0012483356237731093
1311	 LLH-2	0.001267122311743506	0.0012483356237731093
1312	 LLH-3	0.0012472897279073004	0.0012472897279073004
1313	 LLH-0	0.0012481606195333995	0.0012481606195333995
1314	 LLH-2	0.0012528961648840017	0.0012528961648840017
1315	 LLH-5	0.00125288936240761	0.00125288936240761
1316	 LLH-2	0.0012654548186773606	0.0012654548186773606
1317	 LLH-0	0.0012661308503971794	0.0012661308503971794
1318	 LLH-2	0.0012689956736662408	0.0012689956736662408
1319	 LLH-0	0.0012698107449004516	0.0012698107449004516
1320	 LLH-1	0.0012696501673156175	0.0012696501673156175
1321	 LLH-2	0.001270736095471088	0.001270736095471088
1322	 LLH-3	0.001346952838248355	0.001270736095471088
1323	 LLH-0	0.0012716603451401992	0.001270736095471088
1324	 LLH-0	0.0012698030703263512	0.0012698030703263512
1325	 LLH-6	0.0012690269543380755	0.0012690269543380755
1326	 LLH-3	0.0013325833849108706	0.0012690269543380755
1327	 LLH-0	0.0012699177965635768	0.0012699177965635768
1328	 LLH-4	0.0012687488617984294	0.0012687488617984294
1330	 LLH-4	0.001267544069349599	0.001267544069349599
1335	 LLH-4	0.0012665077434837523	0.0012665077434837523
1337	 LLH-4	0.0012656244469431616	0.0012656244469431616
1341	 LLH-3	0.001263201480731324	0.001263201480731324
1342	 LLH-6	0.001263370638274533	0.001263370638274533
1343	 LLH-6	0.0012648594629853934	0.0012648594629853934
1344	 LLH-2	0.001255327114519229	0.001255327114519229
1345	 LLH-5	0.001255111842124703	0.001255111842124703
1346	 LLH-6	0.001255096507272081	0.001255096507272081
1347	 LLH-3	0.0012600466624499034	0.0012600466624499034
1348	 LLH-3	0.0012839157822093772	0.0012600466624499034
1349	 LLH-2	0.0012640411350910556	0.0012640411350910556
1350	 LLH-4	0.0012640411350910556	0.0012640411350910556
1355	 LLH-0	0.0012648220289427615	0.0012648220289427615
1356	 LLH-4	0.0012639793667469851	0.0012639793667469851
1360	 LLH-4	0.0012639793667469851	0.0012639793667469851
1365	 LLH-4	0.0012633212461172047	0.0012633212461172047
1370	 LLH-3	0.001310541368167492	0.0012633212461172047
1371	 LLH-5	0.0012635571931932372	0.0012635571931932372
1372	 LLH-0	0.0012643494956281274	0.0012643494956281274
1373	 LLH-4	0.0012635654923078604	0.0012635654923078604
1375	 LLH-1	0.0012635654923078604	0.0012635654923078604
1376	 LLH-0	0.0012642660802210531	0.0012642660802210531
1377	 LLH-2	0.0012691596701001914	0.0012642660802210531
1378	 LLH-5	0.0012647368730363965	0.0012647368730363965
1379	 LLH-4	0.0012640816550065213	0.0012640816550065213
1381	 LLH-4	0.0012629593572541045	0.0012629593572541045
1384	 LLH-0	0.0012637175791296075	0.0012629593572541045
1385	 LLH-5	0.001260285729892441	0.001260285729892441
1386	 LLH-6	0.0012603800707267762	0.0012603800707267762
1387	 LLH-6	0.0012613419732039229	0.0012613419732039229
1388	 LLH-2	0.0012635026587195582	0.0012635026587195582
1389	 LLH-5	0.0012635424884723937	0.0012635424884723937
1390	 LLH-6	0.0012632366989633386	0.0012632366989633386
1391	 LLH-6	0.0012625875697025875	0.0012625875697025875
1392	 LLH-1	0.0012625875697025875	0.0012625875697025875
1393	 LLH-2	0.0012804844728014665	0.0012804844728014665
1394	 LLH-6	0.0012795138721937234	0.0012795138721937234
1395	 LLH-3	0.0012608193851133208	0.0012608193851133208
1396	 LLH-3	0.0013065081073749512	0.0012608193851133208
1397	 LLH-4	0.0012602130583453418	0.0012602130583453418
1399	 LLH-2	0.001260917748094661	0.001260917748094661
1400	 LLH-6	0.0012605868148121131	0.0012605868148121131
1401	 LLH-4	0.0012605868148121131	0.0012605868148121131
1406	 LLH-4	0.0012596147184220918	0.0012596147184220918
1411	 LLH-1	0.001259646549595459	0.001259646549595459
1412	 LLH-6	0.0012615242646124307	0.0012615242646124307
1413	 LLH-5	0.0012611128201135443	0.0012611128201135443
1414	 LLH-4	0.0012604991550003723	0.0012604991550003723
1416	 LLH-4	0.001259730190156292	0.001259730190156292
1421	 LLH-4	0.0012589679158605442	0.0012589679158605442
1423	 LLH-5	0.0012587959523263032	0.0012587959523263032
1424	 LLH-6	0.0012597226411692017	0.0012597226411692017
1425	 LLH-4	0.001258993693482931	0.001258993693482931
1427	 LLH-5	0.0012591378768949388	0.0012591378768949388
1428	 LLH-2	0.0012727159660361126	0.0012727159660361126
1429	 LLH-5	0.0012719006937983786	0.0012719006937983786
1430	 LLH-5	0.001270890220225183	0.001270890220225183
1431	 LLH-5	0.0012708530272958014	0.0012708530272958014
1432	 LLH-5	0.001269909988883296	0.001269909988883296
1433	 LLH-6	0.0012695019936414139	0.0012695019936414139
1434	 LLH-4	0.0012687917025618538	0.0012687917025618538
1436	 LLH-4	0.0012679685016457217	0.0012679685016457217
1438	 LLH-2	0.0012684597416378536	0.0012684597416378536
1439	 LLH-5	0.0012673701255386763	0.0012673701255386763
1440	 LLH-2	0.0012745321307706691	0.0012745321307706691
1441	 LLH-2	0.0012893699402728234	0.0012745321307706691
1442	 LLH-1	0.0012745321307706691	0.0012745321307706691
1443	 LLH-1	0.0012745321307706691	0.0012745321307706691
1444	 LLH-0	0.0012755989969457152	0.0012755989969457152
1445	 LLH-1	0.0012755989969457152	0.0012755989969457152
1446	 LLH-4	0.0012746800276872033	0.0012746800276872033
1451	 LLH-5	0.0012743244451521103	0.0012743244451521103
1452	 LLH-3	0.0013722512600747622	0.0012743244451521103
1453	 LLH-1	0.0012743244451521103	0.0012743244451521103
1454	 LLH-4	0.0012734125960341504	0.0012734125960341504
1456	 LLH-0	0.0012724121942015033	0.0012724121942015033
1457	 LLH-4	0.001271352536180189	0.001271352536180189
1462	 LLH-5	0.0012719985358735047	0.0012719985358735047
1463	 LLH-0	0.001271223059194916	0.001271223059194916
1464	 LLH-5	0.0012690445351247438	0.0012690445351247438
1465	 LLH-0	0.0012680860053148734	0.0012680860053148734
1466	 LLH-3	0.0012498391675386984	0.0012498391675386984
1467	 LLH-4	0.001249127809241773	0.001249127809241773
1470	 LLH-5	0.0012492184401534689	0.0012492184401534689
1471	 LLH-0	0.001249895587941456	0.001249895587941456
1472	 LLH-3	0.0013100450401612247	0.001249895587941456
1473	 LLH-6	0.0012499379344610656	0.0012499379344610656
1474	 LLH-1	0.001249953980042458	0.001249953980042458
1475	 LLH-0	0.001249279746247657	0.001249279746247657
1476	 LLH-4	0.0012486417432487787	0.0012486417432487787
1478	 LLH-4	0.0012486417432487787	0.0012486417432487787
1483	 LLH-2	0.0012620550936340263	0.0012620550936340263
1484	 LLH-1	0.0012620550936340263	0.0012620550936340263
1485	 LLH-0	0.0012628668922684614	0.0012628668922684614
1486	 LLH-0	0.0012635421712190362	0.0012635421712190362
1487	 LLH-6	0.0012637374742169804	0.0012637374742169804
1488	 LLH-4	0.0012629311577857113	0.0012629311577857113
1490	 LLH-2	0.0012794156601036591	0.0012794156601036591
1491	 LLH-3	0.0013335747875621866	0.0012794156601036591
1492	 LLH-2	0.001269774326440107	0.001269774326440107
1493	 LLH-3	0.0012586061184629179	0.0012586061184629179
1494	 LLH-2	0.0012711544808565525	0.0012586061184629179
1495	 LLH-6	0.0012595881430624532	0.0012595881430624532
1496	 LLH-2	0.0012633101791098447	0.0012633101791098447
1497	 LLH-2	0.0012646202556816136	0.0012646202556816136
1498	 LLH-3	0.0013150899465054322	0.0012646202556816136
1499	 LLH-6	0.001265112594704241	0.001265112594704241
1500	 LLH-3	0.0013221171498521368	0.001265112594704241
1501	 LLH-3	0.001327450434398779	0.001265112594704241
1502	 LLH-0	0.0012643674580714145	0.0012643674580714145
1503	 LLH-1	0.0012638024177539198	0.0012638024177539198
1504	 LLH-1	0.0012635254599652644	0.0012635254599652644
1505	 LLH-6	0.0012635448141033716	0.0012635448141033716
1506	 LLH-5	0.0012635898737828942	0.0012635898737828942
1507	 LLH-6	0.001262701380104103	0.001262701380104103
1508	 LLH-1	0.001262701380104103	0.001262701380104103
1509	 LLH-5	0.0012625037352778944	0.0012625037352778944
1510	 LLH-1	0.0012625037352778944	0.0012625037352778944
1511	 LLH-3	0.0012520625691945777	0.0012520625691945777
1512	 LLH-1	0.0012520625691945777	0.0012520625691945777
1513	 LLH-6	0.0012519452137792777	0.0012519452137792777
1514	 LLH-2	0.001260544284831112	0.001260544284831112
1515	 LLH-0	0.0012614025867868047	0.0012614025867868047
1516	 LLH-5	0.0012623517454269618	0.0012614025867868047
1517	 LLH-2	0.0012571278574547676	0.0012571278574547676
1518	 LLH-0	0.0012578919431080146	0.0012578919431080146
1519	 LLH-6	0.0012570665309194424	0.0012570665309194424
1520	 LLH-2	0.0012658307960257376	0.0012570665309194424
1521	 LLH-6	0.0012574914500457465	0.0012574914500457465
1522	 LLH-4	0.0012567208358220095	0.0012567208358220095
1526	 LLH-5	0.0012573947495417442	0.0012573947495417442
1527	 LLH-2	0.001271400286871625	0.0012573947495417442
1528	 LLH-6	0.0012571406052449506	0.0012571406052449506
1529	 LLH-4	0.0012571406052449506	0.0012571406052449506
1534	 LLH-4	0.001256332363137113	0.001256332363137113
1538	 LLH-4	0.001256332363137113	0.001256332363137113
1543	 LLH-1	0.001256332363137113	0.001256332363137113
1544	 LLH-6	0.0012552849700289644	0.0012552849700289644
1545	 LLH-4	0.0012544613161711868	0.0012544613161711868
1547	 LLH-3	0.0012458661920707302	0.0012458661920707302
1548	 LLH-2	0.0012612789523816824	0.0012458661920707302
1549	 LLH-4	0.0012458661920707302	0.0012458661920707302
1554	 LLH-2	0.0012632198813750295	0.0012458661920707302
1555	 LLH-5	0.0012449310505369823	0.0012449310505369823
1556	 LLH-5	0.0012451146826218992	0.0012451146826218992
1557	 LLH-2	0.0012619036231871646	0.0012619036231871646
1558	 LLH-2	0.0012707852549435053	0.0012619036231871646
1559	 LLH-4	0.001261189686472756	0.001261189686472756
1562	 LLH-1	0.001261289090608659	0.001261289090608659
1563	 LLH-3	0.0013244717887879159	0.001261289090608659
1564	 LLH-1	0.0012611787831003107	0.0012611787831003107
1565	 LLH-1	0.0012609432344666525	0.0012609432344666525
1566	 LLH-4	0.001260187900650174	0.001260187900650174
1569	 LLH-4	0.001260187900650174	0.001260187900650174
1574	 LLH-2	0.0012637274254328852	0.0012637274254328852
1575	 LLH-3	0.0012539105224863372	0.0012539105224863372
1576	 LLH-4	0.0012532399282455067	0.0012532399282455067
1581	 LLH-0	0.0012538414550682885	0.0012538414550682885
1582	 LLH-4	0.0012538414550682885	0.0012538414550682885
1587	 LLH-4	0.0012531657014215997	0.0012531657014215997
1591	 LLH-2	0.0012570078460992372	0.0012570078460992372
1592	 LLH-4	0.001256288657334163	0.001256288657334163
1594	 LLH-5	0.0012562840908762053	0.0012562840908762053
1595	 LLH-4	0.0012556348122252025	0.0012556348122252025
1598	 LLH-3	0.0012560500108462988	0.0012560500108462988
1599	 LLH-0	0.0012566822451481338	0.0012566822451481338
1600	 LLH-3	0.001252046408407498	0.001252046408407498
1601	 LLH-0	0.001252560637759436	0.001252560637759436
1602	 LLH-1	0.001252560637759436	0.001252560637759436
1603	 LLH-4	0.001252560637759436	0.001252560637759436
1608	 LLH-5	0.0012515929761790334	0.0012515929761790334
1609	 LLH-1	0.0012515929761790334	0.0012515929761790334
1610	 LLH-1	0.0012515929761790334	0.0012515929761790334
1611	 LLH-1	0.0012515929761790334	0.0012515929761790334
1612	 LLH-0	0.0012520359038518415	0.0012520359038518415
1613	 LLH-4	0.0012520359038518415	0.0012520359038518415
1618	 LLH-1	0.0012520359038518415	0.0012520359038518415
1619	 LLH-6	0.0012516700219803892	0.0012516700219803892
1620	 LLH-5	0.0012516117837409373	0.0012516117837409373
1621	 LLH-1	0.0012516117837409373	0.0012516117837409373
1622	 LLH-1	0.0012516117837409373	0.0012516117837409373
1623	 LLH-5	0.0012522358323670264	0.0012516117837409373
1624	 LLH-0	0.0012520588886106932	0.0012520588886106932
1625	 LLH-6	0.0012526717837959686	0.0012526717837959686
1626	 LLH-0	0.0012531922845158117	0.0012531922845158117
1627	 LLH-5	0.0012532411447506104	0.0012532411447506104
1628	 LLH-3	0.0012548624028007542	0.0012548624028007542
1629	 LLH-4	0.0012548624028007542	0.0012548624028007542
1634	 LLH-4	0.001254425693182459	0.001254425693182459
1637	 LLH-6	0.0012547861617066623	0.0012547861617066623
1638	 LLH-1	0.0012547861617066623	0.0012547861617066623
1639	 LLH-3	0.0012878567801023143	0.0012547861617066623
1640	 LLH-2	0.001252434128004779	0.001252434128004779
1641	 LLH-1	0.001252434128004779	0.001252434128004779
1642	 LLH-0	0.0012519202399554623	0.0012519202399554623
1643	 LLH-4	0.001251171079090073	0.001251171079090073
1646	 LLH-5	0.0012511031243451786	0.0012511031243451786
1647	 LLH-5	0.001250972686883079	0.001250972686883079
1648	 LLH-5	0.0012510289727466833	0.0012510289727466833
1649	 LLH-5	0.0012516388118328037	0.0012516388118328037
1650	 LLH-1	0.0012516388118328037	0.0012516388118328037
1651	 LLH-4	0.0012511185450667561	0.0012511185450667561
1654	 LLH-1	0.0012511185450667561	0.0012511185450667561
1655	 LLH-0	0.0012517437707516015	0.0012517437707516015
1656	 LLH-3	0.0012919645576102833	0.0012517437707516015
1657	 LLH-5	0.0012518009718904613	0.0012518009718904613
1658	 LLH-4	0.0012518009718904613	0.0012518009718904613
1663	 LLH-1	0.0012518009718904613	0.0012518009718904613
1664	 LLH-3	0.0012488848268124226	0.0012488848268124226
1665	 LLH-4	0.0012488848268124226	0.0012488848268124226
1670	 LLH-2	0.0012556026320391543	0.0012488848268124226
1671	 LLH-2	0.0012536150298048843	0.0012536150298048843
1672	 LLH-1	0.0012537986448272248	0.0012537986448272248
1673	 LLH-1	0.0012537986448272248	0.0012537986448272248
1674	 LLH-6	0.0012536899404468878	0.0012536899404468878
1675	 LLH-0	0.0012543143200771344	0.0012543143200771344
1676	 LLH-0	0.0012548470431278972	0.0012548470431278972
1677	 LLH-0	0.0012553117742060895	0.0012553117742060895
1678	 LLH-6	0.0012550512460842926	0.0012550512460842926
1679	 LLH-2	0.0012643097782331979	0.0012643097782331979
1680	 LLH-1	0.0012641514780068353	0.0012641514780068353
1681	 LLH-2	0.001263904852402365	0.001263904852402365
1682	 LLH-5	0.0012638296494463831	0.0012638296494463831
1683	 LLH-4	0.0012629741563008007	0.0012629741563008007
1685	 LLH-6	0.0012626208258284411	0.0012626208258284411
1686	 LLH-3	0.0012453748020204046	0.0012453748020204046
1687	 LLH-4	0.0012453748020204046	0.0012453748020204046
1692	 LLH-2	0.0012514916630239044	0.0012514916630239044
1693	 LLH-3	0.0013081388087626752	0.0012514916630239044
1694	 LLH-5	0.0012519550137656355	0.0012519550137656355
1695	 LLH-3	0.0013122127173659057	0.0012519550137656355
1696	 LLH-1	0.0012519550137656355	0.0012519550137656355
1697	 LLH-0	0.0012512388187314728	0.0012512388187314728
1698	 LLH-3	0.001256043128631719	0.0012512388187314728
1699	 LLH-3	0.0012931113805136315	0.0012512388187314728
1700	 LLH-6	0.0012514311479423512	0.0012514311479423512
1701	 LLH-6	0.001252942076436835	0.0012514311479423512
1702	 LLH-3	0.001310561098717419	0.0012514311479423512
1703	 LLH-1	0.0012514311479423512	0.0012514311479423512
1704	 LLH-5	0.0012510518174848027	0.0012510518174848027
1705	 LLH-4	0.0012501000248616979	0.0012501000248616979
1707	 LLH-1	0.0012501000248616979	0.0012501000248616979
1708	 LLH-2	0.00127035548712387	0.0012501000248616979
1709	 LLH-6	0.0012510054666282282	0.0012510054666282282
1710	 LLH-4	0.0012501482423179556	0.0012501482423179556
1713	 LLH-1	0.0012501482423179556	0.0012501482423179556
1714	 LLH-3	0.0013146341689440747	0.0012501482423179556
1715	 LLH-1	0.0012501482423179556	0.0012501482423179556
1716	 LLH-6	0.0012498193313696042	0.0012498193313696042
1717	 LLH-5	0.001251250378521651	0.001251250378521651
1718	 LLH-1	0.001251250378521651	0.001251250378521651
1719	 LLH-0	0.0012520009348478834	0.0012520009348478834
1720	 LLH-2	0.0012589441719025774	0.0012520009348478834
1721	 LLH-5	0.0012518797976190296	0.0012518797976190296
1722	 LLH-6	0.001251952852339152	0.001251952852339152
1723	 LLH-0	0.001252541398315776	0.001252541398315776
1724	 LLH-1	0.001252541398315776	0.001252541398315776
1725	 LLH-1	0.001252541398315776	0.001252541398315776
1726	 LLH-6	0.0012531864504769926	0.0012531864504769926
1727	 LLH-6	0.001253493934799729	0.001253493934799729
1728	 LLH-0	0.0012541116321576598	0.0012541116321576598
1729	 LLH-6	0.0012561540523969472	0.0012561540523969472
1730	 LLH-1	0.0012560554604481755	0.0012560554604481755
1731	 LLH-6	0.0012543365852156912	0.0012543365852156912
1732	 LLH-5	0.001253594300071193	0.001253594300071193
1733	 LLH-4	0.0012529207303714543	0.0012529207303714543
1735	 LLH-5	0.0012526545952807422	0.0012526545952807422
1736	 LLH-2	0.0012662634454753225	0.0012662634454753225
1737	 LLH-0	0.0012656023854056416	0.0012656023854056416
1738	 LLH-4	0.0012648192506317445	0.0012648192506317445
1742	 LLH-3	0.00132393391546586	0.0012648192506317445
1743	 LLH-3	0.0012561545636183796	0.0012561545636183796
1744	 LLH-3	0.0012523058589592464	0.0012523058589592464
1745	 LLH-1	0.001252187660111019	0.001252187660111019
1746	 LLH-3	0.001250310545272837	0.001250310545272837
1747	 LLH-2	0.001257167712263039	0.001257167712263039
1748	 LLH-6	0.0012577459213580383	0.0012577459213580383
1749	 LLH-6	0.0012597275480805063	0.0012577459213580383
1750	 LLH-2	0.0012549813795001037	0.0012549813795001037
1751	 LLH-6	0.0012552571513210083	0.0012552571513210083
1752	 LLH-2	0.0012598658466715037	0.0012598658466715037
1753	 LLH-0	0.0012607953890123543	0.0012607953890123543
1754	 LLH-2	0.001283143675055534	0.0012607953890123543
1755	 LLH-2	0.0012685338183648844	0.0012685338183648844
1756	 LLH-5	0.0012685301869202097	0.0012685301869202097
1757	 LLH-4	0.0012677414944291061	0.0012677414944291061
1761	 LLH-0	0.0012667806719163786	0.0012667806719163786
1762	 LLH-6	0.0012668075797878304	0.0012668075797878304
1763	 LLH-1	0.0012668075797878304	0.0012668075797878304
1764	 LLH-4	0.0012668075797878304	0.0012668075797878304
1769	 LLH-0	0.0012676431149676484	0.0012676431149676484
1770	 LLH-3	0.001333861905679365	0.0012676431149676484
1771	 LLH-6	0.0012669241874232319	0.0012669241874232319
1772	 LLH-3	0.0013581319948537181	0.0012669241874232319
1773	 LLH-0	0.0012676192300024938	0.0012676192300024938
1774	 LLH-4	0.0012666109702382357	0.0012666109702382357
1776	 LLH-4	0.001265726675889466	0.001265726675889466
1778	 LLH-0	0.00126491884367565	0.00126491884367565
1779	 LLH-1	0.001265138422438388	0.001265138422438388
1780	 LLH-5	0.0012646660193793274	0.0012646660193793274
1781	 LLH-2	0.0012729922271589723	0.0012646660193793274
1782	 LLH-1	0.0012651825963115452	0.0012651825963115452
1783	 LLH-5	0.0012661573968079955	0.0012661573968079955
1784	 LLH-6	0.0012663416568907718	0.0012663416568907718
1785	 LLH-1	0.0012663416568907718	0.0012663416568907718
1786	 LLH-6	0.0012662773968197187	0.0012662773968197187
1787	 LLH-5	0.0012663969317718259	0.0012662773968197187
1788	 LLH-1	0.001266347836764986	0.001266347836764986
1789	 LLH-0	0.0012672729956988247	0.0012672729956988247
1790	 LLH-1	0.001266739505523873	0.001266739505523873
1791	 LLH-0	0.0012679892160532464	0.0012679892160532464
1792	 LLH-3	0.001328554942034834	0.0012679892160532464
1793	 LLH-1	0.0012679892160532464	0.0012679892160532464
1794	 LLH-6	0.0012680112601608558	0.0012680112601608558
1795	 LLH-1	0.0012679071730525193	0.0012679071730525193
1796	 LLH-5	0.001266752117627977	0.001266752117627977
1797	 LLH-4	0.0012658247410497444	0.0012658247410497444
1800	 LLH-1	0.0012658247410497444	0.0012658247410497444
1801	 LLH-6	0.0012667819931206194	0.0012667819931206194
1802	 LLH-4	0.0012658393898556033	0.0012658393898556033
1806	 LLH-5	0.001265615592322462	0.001265615592322462
1807	 LLH-2	0.001264953155389445	0.001264953155389445
1808	 LLH-3	0.0012599772753676733	0.0012599772753676733
1809	 LLH-4	0.0012599772753676733	0.0012599772753676733
1814	 LLH-6	0.001259984436013338	0.001259984436013338
1815	 LLH-1	0.001259984436013338	0.001259984436013338
1816	 LLH-2	0.0012631093940857728	0.001259984436013338
1817	 LLH-0	0.0012593608988793552	0.0012593608988793552
1818	 LLH-0	0.001259973266029403	0.001259973266029403
1819	 LLH-4	0.0012592989169323417	0.0012592989169323417
1821	 LLH-0	0.0012600352291831588	0.0012600352291831588
1822	 LLH-2	0.001254791261684732	0.001254791261684732
1823	 LLH-1	0.0012551674458871685	0.0012551674458871685
1824	 LLH-5	0.0012550947134667661	0.0012550947134667661
1825	 LLH-2	0.001280576212835589	0.0012550947134667661
1826	 LLH-2	0.0012658806970750613	0.0012550947134667661
1827	 LLH-2	0.0012720074607029557	0.0012550947134667661
1828	 LLH-3	0.0013153283126112567	0.0012550947134667661
1829	 LLH-1	0.0012550947134667661	0.0012550947134667661
1830	 LLH-1	0.0012550947134667661	0.0012550947134667661
1831	 LLH-1	0.001255304749532647	0.001255304749532647
1832	 LLH-3	0.0012603678728543683	0.001255304749532647
1833	 LLH-1	0.001255628520462248	0.001255628520462248
1834	 LLH-3	0.00131191448712367	0.001255628520462248
1835	 LLH-2	0.001263774624305201	0.001255628520462248
1836	 LLH-3	0.001250791444660101	0.001250791444660101
1837	 LLH-0	0.0012513418149749196	0.0012513418149749196
1838	 LLH-3	0.0012967086550466544	0.0012513418149749196
1839	 LLH-4	0.0012513418149749196	0.0012513418149749196
1844	 LLH-3	0.0012452127987557383	0.0012452127987557383
1845	 LLH-2	0.0012541218535404809	0.0012452127987557383
1846	 LLH-4	0.0012447361665150944	0.0012447361665150944
1851	 LLH-1	0.0012447361665150944	0.0012447361665150944
1852	 LLH-2	0.0012537604011752899	0.0012447361665150944
1853	 LLH-0	0.0012455429434807955	0.0012455429434807955
1854	 LLH-0	0.0012462783683362987	0.0012462783683362987
1855	 LLH-3	0.0012447638763574617	0.0012447638763574617
1856	 LLH-6	0.0012447741064432866	0.0012447741064432866
1857	 LLH-5	0.0012447038305875078	0.0012447038305875078
1858	 LLH-5	0.0012448581185616283	0.0012448581185616283
1859	 LLH-4	0.0012444349362576957	0.0012444349362576957
1861	 LLH-0	0.0012448268821978325	0.0012448268821978325
1862	 LLH-0	0.0012454692012736149	0.0012454692012736149
1863	 LLH-2	0.001248128505337543	0.001248128505337543
1864	 LLH-0	0.0012486273862796506	0.0012486273862796506
1865	 LLH-1	0.0012486273862796506	0.0012486273862796506
1866	 LLH-5	0.0012484544420645009	0.0012484544420645009
1867	 LLH-0	0.0012493016877944355	0.0012493016877944355
1868	 LLH-0	0.001250218662756747	0.001250218662756747
1869	 LLH-5	0.001250930990811095	0.001250930990811095
1870	 LLH-2	0.0012682707423865645	0.001250930990811095
1871	 LLH-1	0.0012509855047047828	0.0012509855047047828
1872	 LLH-0	0.0012504049479454206	0.0012504049479454206
1873	 LLH-5	0.0012503140429970376	0.0012503140429970376
1874	 LLH-2	0.0012678120708743028	0.0012503140429970376
1875	 LLH-6	0.001249152371225424	0.001249152371225424
1876	 LLH-0	0.00124973800056097	0.00124973800056097
1877	 LLH-6	0.0012500736179063888	0.0012500736179063888
1878	 LLH-4	0.0012495411410884277	0.0012495411410884277
1881	 LLH-4	0.0012490315639790655	0.0012490315639790655
1884	 LLH-2	0.0012711497536400309	0.0012490315639790655
1885	 LLH-3	0.0013012675524420815	0.0012490315639790655
1886	 LLH-1	0.0012490036301522982	0.0012490036301522982
1887	 LLH-0	0.001249788524264034	0.001249788524264034
1888	 LLH-0	0.001250413209076595	0.001250413209076595
1889	 LLH-5	0.0012506800001774968	0.0012506800001774968
1890	 LLH-3	0.0012875564651889336	0.0012506800001774968
1891	 LLH-4	0.0012500135737718038	0.0012500135737718038
1894	 LLH-2	0.001258604031623196	0.0012500135737718038
1895	 LLH-6	0.0012502996958370207	0.0012502996958370207
1896	 LLH-6	0.0012505430874006017	0.0012502996958370207
1897	 LLH-4	0.0012502996958370207	0.0012502996958370207
1902	 LLH-0	0.0012511803324589058	0.0012511803324589058
1903	 LLH-4	0.0012504476648474575	0.0012504476648474575
1905	 LLH-0	0.0012509722989598572	0.0012509722989598572
1906	 LLH-0	0.0012516151333358014	0.0012516151333358014
1907	 LLH-2	0.001256518686710535	0.001256518686710535
1908	 LLH-6	0.0012569820443640632	0.0012569820443640632
1909	 LLH-3	0.001257499005187235	0.001257499005187235
1910	 LLH-0	0.0012580651890887874	0.0012580651890887874
1911	 LLH-4	0.0012573690747318894	0.0012573690747318894
1915	 LLH-6	0.0012568899810230744	0.0012568899810230744
1916	 LLH-6	0.0012565375070453624	0.0012565375070453624
1917	 LLH-3	0.0012953076044347827	0.0012565375070453624
1918	 LLH-5	0.0012569193865913887	0.0012569193865913887
1919	 LLH-1	0.0012569193865913887	0.0012569193865913887
1920	 LLH-3	0.0012879983662310419	0.0012569193865913887
1921	 LLH-4	0.001256385570987241	0.001256385570987241
1923	 LLH-6	0.0012568194985582842	0.0012568194985582842
1924	 LLH-5	0.001256757590320409	0.001256757590320409
1925	 LLH-0	0.0012573789723782283	0.0012573789723782283
1926	 LLH-0	0.0012579753421782535	0.0012579753421782535
1927	 LLH-0	0.0012573940161481573	0.0012573940161481573
1928	 LLH-1	0.0012575496843257616	0.0012575496843257616
1929	 LLH-4	0.0012575496843257616	0.0012575496843257616
1934	 LLH-1	0.0012576208937855548	0.0012576208937855548
1935	 LLH-1	0.0012576208937855548	0.0012576208937855548
1936	 LLH-2	0.0012562574298541334	0.0012562574298541334
1937	 LLH-0	0.001257144179489618	0.001257144179489618
1938	 LLH-1	0.0012568999024435952	0.0012568999024435952
1939	 LLH-6	0.0012576782493190918	0.0012576782493190918
1940	 LLH-6	0.0012571779349744225	0.0012571779349744225
1941	 LLH-5	0.0012577792259383324	0.0012577792259383324
1942	 LLH-1	0.0012579854935982943	0.0012579854935982943
1943	 LLH-3	0.0012549048670522443	0.0012549048670522443
1944	 LLH-5	0.00125456673953359	0.00125456673953359
1945	 LLH-4	0.0012539778371941986	0.0012539778371941986
1947	 LLH-1	0.0012539778371941986	0.0012539778371941986
1948	 LLH-3	0.001293711185944815	0.0012539778371941986
1949	 LLH-0	0.0012548931997135048	0.0012548931997135048
1950	 LLH-3	0.0012968270961941023	0.0012548931997135048
1951	 LLH-0	0.0012556372742681438	0.0012556372742681438
1952	 LLH-5	0.0012551660666638728	0.0012551660666638728
1953	 LLH-5	0.001254932964682485	0.001254932964682485
1954	 LLH-4	0.001254932964682485	0.001254932964682485
1959	 LLH-2	0.0012548816597653064	0.0012548816597653064
1960	 LLH-3	0.0012510265817536636	0.0012510265817536636
1961	 LLH-1	0.0012510265817536636	0.0012510265817536636
1962	 LLH-4	0.0012504601221838658	0.0012504601221838658
1964	 LLH-3	0.001246412097025188	0.001246412097025188
1965	 LLH-2	0.0012528555317238197	0.0012528555317238197
1966	 LLH-4	0.0012528555317238197	0.0012528555317238197
1971	 LLH-5	0.001253090117538521	0.001253090117538521
1972	 LLH-1	0.001252801756645913	0.001252801756645913
1973	 LLH-0	0.0012533734265505916	0.0012533734265505916
1974	 LLH-3	0.0012456468611474192	0.0012456468611474192
1975	 LLH-3	0.0012462775150923876	0.0012462775150923876
1976	 LLH-5	0.0012462357433605437	0.0012462357433605437
1977	 LLH-5	0.0012465564991030998	0.0012465564991030998
1978	 LLH-6	0.0012469309415632551	0.0012469309415632551
1979	 LLH-6	0.001246526675734358	0.001246526675734358
1980	 LLH-2	0.0012472358516572217	0.0012472358516572217
1981	 LLH-4	0.0012466168311366854	0.0012466168311366854
1985	 LLH-4	0.0012458594662138852	0.0012458594662138852
1987	 LLH-0	0.0012464783992508363	0.0012464783992508363
1988	 LLH-5	0.0012477290990607769	0.0012477290990607769
1989	 LLH-4	0.0012471498443516514	0.0012471498443516514
1991	 LLH-3	0.0012726234010144804	0.0012471498443516514
1992	 LLH-3	0.0012813116147512484	0.0012471498443516514
1993	 LLH-4	0.0012471498443516514	0.0012471498443516514
1998	 LLH-3	0.0012561451430269242	0.0012561451430269242
1999	 LLH-0	0.00125659930248357	0.0012561451430269242
GRID-Start
0.0	0.0
0.0	308.0385
0.0	616.077
0.0	924.1155
0.0	1232.154
0.0	1540.1925
0.0	1848.2310000000002
0.0	2156.2695000000003
0.0	2464.3080000000004
0.0	2772.3465000000006
0.0	3080.3850000000007
0.0	3388.423500000001
0.0	3696.462000000001
0.0	4004.500500000001
0.0	4312.539000000001
0.0	4620.5775
0.0	4928.616
0.0	5236.6545
0.0	5544.692999999999
0.0	5852.731499999999
0.0	6160.769999999999
0.0	6468.808499999998
308.0385	0.0
308.0385	308.0385
308.0385	616.077
308.0385	924.1155
308.0385	1232.154
308.0385	1540.1925
308.0385	1848.2310000000002
308.0385	2156.2695000000003
308.0385	2464.3080000000004
308.0385	2772.3465000000006
308.0385	3080.3850000000007
308.0385	3388.423500000001
308.0385	3696.462000000001
308.0385	4004.500500000001
308.0385	4312.539000000001
308.0385	4620.5775
308.0385	4928.616
308.0385	5236.6545
308.0385	5544.692999999999
308.0385	5852.731499999999
308.0385	6160.769999999999
308.0385	6468.808499999998
616.077	0.0
616.077	308.0385
616.077	616.077
616.077	924.1155
616.077	1232.154
616.077	1540.1925
616.077	1848.2310000000002
616.077	2156.2695000000003
616.077	2464.3080000000004
616.077	2772.3465000000006
616.077	3080.3850000000007
616.077	3388.423500000001
616.077	3696.462000000001
616.077	4004.500500000001
616.077	4312.539000000001
616.077	4620.5775
616.077	4928.616
616.077	5236.6545
616.077	5544.692999999999
616.077	5852.731499999999
616.077	6160.769999999999
616.077	6468.808499999998
924.1155	0.0
924.1155	308.0385
924.1155	616.077
924.1155	924.1155
924.1155	1232.154
924.1155	1540.1925
924.1155	1848.2310000000002
924.1155	2156.2695000000003
924.1155	2464.3080000000004
924.1155	2772.3465000000006
924.1155	3080.3850000000007
924.1155	3388.423500000001
924.1155	3696.462000000001
924.1155	4004.500500000001
924.1155	4312.539000000001
924.1155	4620.5775
924.1155	4928.616
924.1155	5236.6545
924.1155	5544.692999999999
924.1155	5852.731499999999
924.1155	6160.769999999999
924.1155	6468.808499999998
1232.154	0.0
1232.154	308.0385
1232.154	616.077
1232.154	924.1155
1232.154	1232.154
1232.154	1540.1925
1232.154	1848.2310000000002
1232.154	2156.2695000000003
1232.154	2464.3080000000004
1232.154	2772.3465000000006
1232.154	3080.3850000000007
1232.154	4620.5775
1232.154	4928.616
1232.154	5236.6545
1232.154	5544.692999999999
1232.154	5852.731499999999
1232.154	6160.769999999999
1232.154	6468.808499999998
1540.1925	0.0
1540.1925	308.0385
1540.1925	616.077
1540.1925	924.1155
1540.1925	1232.154
1540.1925	1540.1925
1540.1925	1848.2310000000002
1540.1925	2156.2695000000003
1540.1925	2464.3080000000004
1540.1925	2772.3465000000006
1540.1925	3080.3850000000007
1540.1925	4620.5775
1540.1925	4928.616
1540.1925	5236.6545
1540.1925	5544.692999999999
1540.1925	5852.731499999999
1540.1925	6160.769999999999
1540.1925	6468.808499999998
1848.2310000000002	0.0
1848.2310000000002	308.0385
1848.2310000000002	616.077
1848.2310000000002	924.1155
1848.2310000000002	1232.154
1848.2310000000002	1540.1925
1848.2310000000002	1848.2310000000002
1848.2310000000002	2156.2695000000003
1848.2310000000002	2464.3080000000004
1848.2310000000002	2772.3465000000006
1848.2310000000002	3080.3850000000007
1848.2310000000002	4620.5775
1848.2310000000002	4928.616
1848.2310000000002	5236.6545
1848.2310000000002	5544.692999999999
1848.2310000000002	5852.731499999999
1848.2310000000002	6160.769999999999
1848.2310000000002	6468.808499999998
2156.2695000000003	0.0
2156.2695000000003	308.0385
2156.2695000000003	616.077
2156.2695000000003	924.1155
2156.2695000000003	1232.154
2156.2695000000003	1540.1925
2156.2695000000003	1848.2310000000002
2156.2695000000003	2156.2695000000003
2156.2695000000003	2464.3080000000004
2156.2695000000003	2772.3465000000006
2156.2695000000003	3080.3850000000007
2156.2695000000003	4620.5775
2156.2695000000003	4928.616
2156.2695000000003	5236.6545
2156.2695000000003	5544.692999999999
2156.2695000000003	5852.731499999999
2156.2695000000003	6160.769999999999
2156.2695000000003	6468.808499999998
2464.3080000000004	0.0
2464.3080000000004	2464.3080000000004
2464.3080000000004	2772.3465000000006
2464.3080000000004	3080.3850000000007
2464.3080000000004	3388.423500000001
2464.3080000000004	3696.462000000001
2464.3080000000004	4004.500500000001
2464.3080000000004	4312.539000000001
2464.3080000000004	4620.5775
2464.3080000000004	4928.616
2464.3080000000004	5236.6545
2464.3080000000004	5544.692999999999
2464.3080000000004	5852.731499999999
2464.3080000000004	6160.769999999999
2464.3080000000004	6468.808499999998
2772.3465000000006	0.0
2772.3465000000006	2464.3080000000004
2772.3465000000006	2772.3465000000006
2772.3465000000006	3080.3850000000007
2772.3465000000006	3388.423500000001
2772.3465000000006	3696.462000000001
2772.3465000000006	4004.500500000001
2772.3465000000006	4312.539000000001
2772.3465000000006	4620.5775
2772.3465000000006	4928.616
2772.3465000000006	5236.6545
2772.3465000000006	5544.692999999999
2772.3465000000006	5852.731499999999
2772.3465000000006	6160.769999999999
2772.3465000000006	6468.808499999998
3080.3850000000007	0.0
3080.3850000000007	2464.3080000000004
3080.3850000000007	2772.3465000000006
3080.3850000000007	3080.3850000000007
3080.3850000000007	3388.423500000001
3080.3850000000007	3696.462000000001
3080.3850000000007	4004.500500000001
3080.3850000000007	4312.539000000001
3080.3850000000007	4620.5775
3080.3850000000007	4928.616
3080.3850000000007	5236.6545
3080.3850000000007	5544.692999999999
3080.3850000000007	5852.731499999999
3080.3850000000007	6160.769999999999
3080.3850000000007	6468.808499999998
3388.423500000001	0.0
3388.423500000001	2464.3080000000004
3388.423500000001	2772.3465000000006
3388.423500000001	3080.3850000000007
3388.423500000001	3388.423500000001
3388.423500000001	3696.462000000001
3388.423500000001	4004.500500000001
3388.423500000001	4312.539000000001
3388.423500000001	4620.5775
3388.423500000001	4928.616
3388.423500000001	5236.6545
3388.423500000001	5544.692999999999
3388.423500000001	5852.731499999999
3388.423500000001	6160.769999999999
3388.423500000001	6468.808499999998
3696.462000000001	0.0
3696.462000000001	308.0385
3696.462000000001	616.077
3696.462000000001	924.1155
3696.462000000001	1232.154
3696.462000000001	1540.1925
3696.462000000001	1848.2310000000002
3696.462000000001	2156.2695000000003
3696.462000000001	3388.423500000001
3696.462000000001	3696.462000000001
3696.462000000001	4004.500500000001
3696.462000000001	4312.539000000001
3696.462000000001	4620.5775
3696.462000000001	4928.616
3696.462000000001	5236.6545
3696.462000000001	5544.692999999999
3696.462000000001	5852.731499999999
3696.462000000001	6160.769999999999
3696.462000000001	6468.808499999998
4004.500500000001	0.0
4004.500500000001	308.0385
4004.500500000001	616.077
4004.500500000001	924.1155
4004.500500000001	1232.154
4004.500500000001	1540.1925
4004.500500000001	1848.2310000000002
4004.500500000001	2156.2695000000003
4004.500500000001	3388.423500000001
4004.500500000001	3696.462000000001
4004.500500000001	4004.500500000001
4004.500500000001	4312.539000000001
4004.500500000001	4620.5775
4004.500500000001	4928.616
4004.500500000001	5236.6545
4004.500500000001	5544.692999999999
4004.500500000001	5852.731499999999
4004.500500000001	6160.769999999999
4004.500500000001	6468.808499999998
4312.539000000001	0.0
4312.539000000001	308.0385
4312.539000000001	616.077
4312.539000000001	924.1155
4312.539000000001	1232.154
4312.539000000001	1540.1925
4312.539000000001	1848.2310000000002
4312.539000000001	2156.2695000000003
4312.539000000001	3388.423500000001
4312.539000000001	3696.462000000001
4312.539000000001	4004.500500000001
4312.539000000001	4312.539000000001
4312.539000000001	4620.5775
4312.539000000001	4928.616
4312.539000000001	5236.6545
4312.539000000001	5544.692999999999
4312.539000000001	5852.731499999999
4312.539000000001	6160.769999999999
4312.539000000001	6468.808499999998
4620.5775	0.0
4620.5775	308.0385
4620.5775	616.077
4620.5775	924.1155
4620.5775	1232.154
4620.5775	1540.1925
4620.5775	1848.2310000000002
4620.5775	2156.2695000000003
4620.5775	2464.3080000000004
4620.5775	2772.3465000000006
4620.5775	3080.3850000000007
4620.5775	3388.423500000001
4620.5775	3696.462000000001
4620.5775	4004.500500000001
4620.5775	4312.539000000001
4620.5775	4620.5775
4620.5775	4928.616
4620.5775	5236.6545
4620.5775	5544.692999999999
4620.5775	5852.731499999999
4620.5775	6160.769999999999
4620.5775	6468.808499999998
4928.616	0.0
4928.616	308.0385
4928.616	616.077
4928.616	924.1155
4928.616	1232.154
4928.616	1540.1925
4928.616	1848.2310000000002
4928.616	2156.2695000000003
4928.616	2464.3080000000004
4928.616	2772.3465000000006
4928.616	3080.3850000000007
4928.616	3388.423500000001
4928.616	3696.462000000001
4928.616	4004.500500000001
4928.616	4312.539000000001
4928.616	4620.5775
4928.616	4928.616
4928.616	5236.6545
4928.616	5544.692999999999
4928.616	5852.731499999999
4928.616	6160.769999999999
4928.616	6468.808499999998
5236.6545	0.0
5236.6545	308.0385
5236.6545	616.077
5236.6545	924.1155
5236.6545	1232.154
5236.6545	1540.1925
5236.6545	1848.2310000000002
5236.6545	2156.2695000000003
5236.6545	2464.3080000000004
5236.6545	2772.3465000000006
5236.6545	3080.3850000000007
5236.6545	3388.423500000001
5236.6545	3696.462000000001
5236.6545	4004.500500000001
5236.6545	4312.539000000001
5236.6545	4620.5775
5236.6545	4928.616
5236.6545	5236.6545
5236.6545	5544.692999999999
5236.6545	5852.731499999999
5236.6545	6160.769999999999
5236.6545	6468.808499999998
5544.692999999999	0.0
5544.692999999999	308.0385
5544.692999999999	616.077
5544.692999999999	924.1155
5544.692999999999	1232.154
5544.692999999999	1540.1925
5544.692999999999	1848.2310000000002
5544.692999999999	2156.2695000000003
5544.692999999999	2464.3080000000004
5544.692999999999	2772.3465000000006
5544.692999999999	3080.3850000000007
5544.692999999999	3388.423500000001
5544.692999999999	3696.462000000001
5544.692999999999	4004.500500000001
5544.692999999999	4312.539000000001
5544.692999999999	4620.5775
5544.692999999999	4928.616
5544.692999999999	5236.6545
5544.692999999999	5544.692999999999
5544.692999999999	5852.731499999999
5544.692999999999	6160.769999999999
5544.692999999999	6468.808499999998
5852.731499999999	0.0
5852.731499999999	308.0385
5852.731499999999	616.077
5852.731499999999	924.1155
5852.731499999999	1232.154
5852.731499999999	1540.1925
5852.731499999999	1848.2310000000002
5852.731499999999	2156.2695000000003
5852.731499999999	2464.3080000000004
5852.731499999999	2772.3465000000006
5852.731499999999	3080.3850000000007
5852.731499999999	3388.423500000001
5852.731499999999	3696.462000000001
5852.731499999999	4004.500500000001
5852.731499999999	4312.539000000001
5852.731499999999	4620.5775
5852.731499999999	4928.616
5852.731499999999	5236.6545
5852.731499999999	5544.692999999999
5852.731499999999	5852.731499999999
5852.731499999999	6160.769999999999
5852.731499999999	6468.808499999998
6160.769999999999	0.0
6160.769999999999	308.0385
6160.769999999999	616.077
6160.769999999999	924.1155
6160.769999999999	1232.154
6160.769999999999	1540.1925
6160.769999999999	1848.2310000000002
6160.769999999999	2156.2695000000003
6160.769999999999	2464.3080000000004
6160.769999999999	2772.3465000000006
6160.769999999999	3080.3850000000007
6160.769999999999	3388.423500000001
6160.769999999999	3696.462000000001
6160.769999999999	4004.500500000001
6160.769999999999	4312.539000000001
6160.769999999999	4620.5775
6160.769999999999	4928.616
6160.769999999999	5236.6545
6160.769999999999	5544.692999999999
6160.769999999999	5852.731499999999
6160.769999999999	6160.769999999999
6160.769999999999	6468.808499999998
6468.808499999998	0.0
6468.808499999998	308.0385
6468.808499999998	616.077
6468.808499999998	924.1155
6468.808499999998	1232.154
6468.808499999998	1540.1925
6468.808499999998	1848.2310000000002
6468.808499999998	2156.2695000000003
6468.808499999998	2464.3080000000004
6468.808499999998	2772.3465000000006
6468.808499999998	3080.3850000000007
6468.808499999998	3388.423500000001
6468.808499999998	3696.462000000001
6468.808499999998	4004.500500000001
6468.808499999998	4312.539000000001
6468.808499999998	4620.5775
6468.808499999998	4928.616
6468.808499999998	5236.6545
6468.808499999998	5544.692999999999
6468.808499999998	5852.731499999999
6468.808499999998	6160.769999999999
6468.808499999998	6468.808499999998
6776.846999999998	0.0
6776.846999999998	308.0385
6776.846999999998	616.077
6776.846999999998	924.1155
6776.846999999998	1232.154
6776.846999999998	1540.1925
6776.846999999998	1848.2310000000002
6776.846999999998	2156.2695000000003
6776.846999999998	2464.3080000000004
6776.846999999998	2772.3465000000006
6776.846999999998	3080.3850000000007
6776.846999999998	3388.423500000001
6776.846999999998	3696.462000000001
6776.846999999998	4004.500500000001
6776.846999999998	4312.539000000001
6776.846999999998	4620.5775
6776.846999999998	4928.616
6776.846999999998	5236.6545
6776.846999999998	5544.692999999999
6776.846999999998	5852.731499999999
6776.846999999998	6160.769999999999
6776.846999999998	6468.808499999998
7084.885499999998	0.0
7084.885499999998	308.0385
7084.885499999998	616.077
7084.885499999998	924.1155
7084.885499999998	1232.154
7084.885499999998	1540.1925
7084.885499999998	1848.2310000000002
7084.885499999998	2156.2695000000003
7084.885499999998	2464.3080000000004
7084.885499999998	2772.3465000000006
7084.885499999998	3080.3850000000007
7084.885499999998	3388.423500000001
7084.885499999998	3696.462000000001
7084.885499999998	4004.500500000001
7084.885499999998	4312.539000000001
7084.885499999998	4620.5775
7084.885499999998	4928.616
7084.885499999998	5236.6545
7084.885499999998	5544.692999999999
7084.885499999998	5852.731499999999
7084.885499999998	6160.769999999999
7084.885499999998	6468.808499999998
7392.923999999997	0.0
7392.923999999997	308.0385
7392.923999999997	616.077
7392.923999999997	924.1155
7392.923999999997	1232.154
7392.923999999997	1540.1925
7392.923999999997	1848.2310000000002
7392.923999999997	2156.2695000000003
7392.923999999997	2464.3080000000004
7392.923999999997	2772.3465000000006
7392.923999999997	3080.3850000000007
7392.923999999997	3388.423500000001
7392.923999999997	3696.462000000001
7392.923999999997	4004.500500000001
7392.923999999997	4312.539000000001
7392.923999999997	4620.5775
7392.923999999997	4928.616
7392.923999999997	5236.6545
7392.923999999997	5544.692999999999
7392.923999999997	5852.731499999999
7392.923999999997	6160.769999999999
7392.923999999997	6468.808499999998
7700.962499999997	0.0
7700.962499999997	308.0385
7700.962499999997	616.077
7700.962499999997	924.1155
7700.962499999997	1232.154
7700.962499999997	1540.1925
7700.962499999997	1848.2310000000002
7700.962499999997	2156.2695000000003
7700.962499999997	2464.3080000000004
7700.962499999997	2772.3465000000006
7700.962499999997	3080.3850000000007
7700.962499999997	3388.423500000001
7700.962499999997	3696.462000000001
7700.962499999997	4004.500500000001
7700.962499999997	4312.539000000001
7700.962499999997	4620.5775
7700.962499999997	4928.616
7700.962499999997	5236.6545
7700.962499999997	5544.692999999999
7700.962499999997	5852.731499999999
7700.962499999997	6160.769999999999
7700.962499999997	6468.808499999998
8009.000999999997	0.0
8009.000999999997	308.0385
8009.000999999997	616.077
8009.000999999997	924.1155
8009.000999999997	1232.154
8009.000999999997	1540.1925
8009.000999999997	1848.2310000000002
8009.000999999997	2156.2695000000003
8009.000999999997	2464.3080000000004
8009.000999999997	2772.3465000000006
8009.000999999997	3080.3850000000007
8009.000999999997	3388.423500000001
8009.000999999997	3696.462000000001
8009.000999999997	4004.500500000001
8009.000999999997	4312.539000000001
8009.000999999997	4620.5775
8009.000999999997	4928.616
8009.000999999997	5236.6545
8009.000999999997	5544.692999999999
8009.000999999997	5852.731499999999
8009.000999999997	6160.769999999999
8009.000999999997	6468.808499999998
8317.039499999997	0.0
8317.039499999997	308.0385
8317.039499999997	616.077
8317.039499999997	924.1155
8317.039499999997	1232.154
8317.039499999997	1540.1925
8317.039499999997	1848.2310000000002
8317.039499999997	2156.2695000000003
8317.039499999997	2464.3080000000004
8317.039499999997	2772.3465000000006
8317.039499999997	3080.3850000000007
8317.039499999997	3388.423500000001
8317.039499999997	3696.462000000001
8317.039499999997	4004.500500000001
8317.039499999997	4312.539000000001
8317.039499999997	4620.5775
8317.039499999997	4928.616
8317.039499999997	5236.6545
8317.039499999997	5544.692999999999
8317.039499999997	5852.731499999999
8317.039499999997	6160.769999999999
8317.039499999997	6468.808499999998
8625.077999999998	0.0
8625.077999999998	308.0385
8625.077999999998	616.077
8625.077999999998	924.1155
8625.077999999998	1232.154
8625.077999999998	1540.1925
8625.077999999998	1848.2310000000002
8625.077999999998	2156.2695000000003
8625.077999999998	2464.3080000000004
8625.077999999998	2772.3465000000006
8625.077999999998	3080.3850000000007
8625.077999999998	3388.423500000001
8625.077999999998	3696.462000000001
8625.077999999998	4004.500500000001
8625.077999999998	4312.539000000001
8625.077999999998	4620.5775
8625.077999999998	4928.616
8625.077999999998	5236.6545
8625.077999999998	5544.692999999999
8625.077999999998	5852.731499999999
8625.077999999998	6160.769999999999
8625.077999999998	6468.808499999998
8933.116499999998	0.0
8933.116499999998	308.0385
8933.116499999998	616.077
8933.116499999998	924.1155
8933.116499999998	1232.154
8933.116499999998	1540.1925
8933.116499999998	1848.2310000000002
8933.116499999998	2156.2695000000003
8933.116499999998	2464.3080000000004
8933.116499999998	2772.3465000000006
8933.116499999998	3080.3850000000007
8933.116499999998	3388.423500000001
8933.116499999998	3696.462000000001
8933.116499999998	4004.500500000001
8933.116499999998	4312.539000000001
8933.116499999998	4620.5775
8933.116499999998	4928.616
8933.116499999998	5236.6545
8933.116499999998	5544.692999999999
8933.116499999998	5852.731499999999
8933.116499999998	6160.769999999999
8933.116499999998	6468.808499999998
GRID-End
num_of_evaluations 2000
best obj 0.0012438182106038348
LLH0	67
LLH1	50
LLH2	69
LLH3	96
LLH4	164
LLH5	115
LLH6	85