Initial objective 0.0013237376752460608	 Seed value 252436622
1	 LLH-3	0.0014336386376548275	0.0014336386376548275
2	 LLH-3	0.0013023147195865277	0.0013023147195865277
3	 LLH-5	0.0013023465171786638	0.0013023465171786638
4	 LLH-4	0.0013010677928287958	0.0013010677928287958
8	 LLH-3	0.0012683644904171532	0.0012683644904171532
9	 LLH-1	0.0012687936961122612	0.0012687936961122612
10	 LLH-1	0.0012687936961122612	0.0012687936961122612
11	 LLH-5	0.0012687579897144952	0.0012687579897144952
12	 LLH-3	0.0012462058361914637	0.0012462058361914637
13	 LLH-3	0.001250684853762366	0.001250684853762366
14	 LLH-5	0.001250816091629228	0.001250816091629228
15	 LLH-3	0.0012790726445228227	0.0012790726445228227
16	 LLH-2	0.0012813516189896495	0.0012813516189896495
17	 LLH-3	0.0012708247478030732	0.0012708247478030732
18	 LLH-5	0.0012708743572537474	0.0012708743572537474
19	 LLH-4	0.0012698744848903465	0.0012698744848903465
23	 LLH-0	0.0012688138080436343	0.0012688138080436343
24	 LLH-0	0.001269556825102336	0.001269556825102336
25	 LLH-1	0.0012694828484686028	0.0012694828484686028
26	 LLH-5	0.001270416055678703	0.001270416055678703
27	 LLH-6	0.0012689050278622475	0.0012689050278622475
28	 LLH-1	0.0012689050278622475	0.0012689050278622475
29	 LLH-2	0.0012694124884678425	0.0012694124884678425
30	 LLH-1	0.0012694124884678425	0.0012694124884678425
31	 LLH-1	0.0012694124884678425	0.0012694124884678425
32	 LLH-5	0.0012689134370181062	0.0012689134370181062
33	 LLH-6	0.0012698098930615208	0.0012698098930615208
34	 LLH-4	0.0012687058189168614	0.0012687058189168614
36	 LLH-4	0.0012679208866892744	0.0012679208866892744
39	 LLH-4	0.0012669782981026207	0.0012669782981026207
41	 LLH-6	0.0012667374858243408	0.0012667374858243408
42	 LLH-1	0.0012668236876458004	0.0012668236876458004
43	 LLH-2	0.0012825618996954683	0.0012825618996954683
44	 LLH-0	0.0012837614223634105	0.0012837614223634105
45	 LLH-1	0.0012839386872480131	0.0012839386872480131
46	 LLH-6	0.0012816651604435033	0.0012816651604435033
47	 LLH-4	0.0012807255149326667	0.0012807255149326667
49	 LLH-3	0.0013689937936285249	0.0013689937936285249
50	 LLH-0	0.0013714598796424964	0.0013714598796424964
51	 LLH-2	0.001339871342029694	0.001339871342029694
52	 LLH-3	0.0014712715365552155	0.0014712715365552155
53	 LLH-6	0.0014714910610820636	0.0014714910610820636
54	 LLH-0	0.0014676855722214766	0.0014676855722214766
55	 LLH-5	0.0014672798806875513	0.0014672798806875513
56	 LLH-1	0.0014672798806875513	0.0014672798806875513
57	 LLH-2	0.0014393253023461906	0.0014393253023461906
58	 LLH-6	0.0014378313349170592	0.0014378313349170592
59	 LLH-4	0.0014347960018416595	0.0014347960018416595
61	 LLH-0	0.0014317558593016353	0.0014317558593016353
62	 LLH-6	0.0014328512341013908	0.0014328512341013908
63	 LLH-4	0.0014295835075388637	0.0014295835075388637
65	 LLH-6	0.001431247356667404	0.001431247356667404
66	 LLH-4	0.0014282578014120728	0.0014282578014120728
69	 LLH-1	0.0014282015057424735	0.0014282015057424735
70	 LLH-6	0.001429948788480379	0.001429948788480379
71	 LLH-3	0.00129623428160366	0.00129623428160366
72	 LLH-3	0.0013772732281437988	0.0013772732281437988
73	 LLH-1	0.0013766810750047778	0.0013766810750047778
74	 LLH-2	0.0013717503460820612	0.0013717503460820612
75	 LLH-1	0.0013717503460820612	0.0013717503460820612
76	 LLH-0	0.0013692493082650954	0.0013692493082650954
77	 LLH-1	0.0013692493082650954	0.0013692493082650954
78	 LLH-5	0.0013693776546253875	0.0013693776546253875
79	 LLH-4	0.0013671632427745147	0.0013671632427745147
81	 LLH-4	0.0013646625957799315	0.0013646625957799315
84	 LLH-3	0.0012847667578395716	0.0012847667578395716
85	 LLH-3	0.0013731321735245417	0.0013731321735245417
86	 LLH-0	0.0013757700632429553	0.0013757700632429553
87	 LLH-5	0.0013762836089501833	0.0013762836089501833
88	 LLH-4	0.0013737376561972557	0.0013737376561972557
90	 LLH-6	0.0013744569568462156	0.0013744569568462156
91	 LLH-6	0.0013728290285357052	0.0013728290285357052
92	 LLH-1	0.0013730686906173865	0.0013730686906173865
93	 LLH-2	0.0013467594667956042	0.0013467594667956042
94	 LLH-6	0.001348906208925363	0.001348906208925363
95	 LLH-3	0.001270623317120133	0.001270623317120133
96	 LLH-5	0.0012712511618016347	0.0012712511618016347
97	 LLH-3	0.0012502017460764416	0.0012502017460764416
98	 LLH-6	0.0012492902444806839	0.0012492902444806839
99	 LLH-3	0.0012498181719981794	0.0012498181719981794
100	 LLH-5	0.0012500014028280673	0.0012500014028280673
101	 LLH-0	0.0012508628440187676	0.0012508628440187676
102	 LLH-1	0.0012508628440187676	0.0012508628440187676
103	 LLH-6	0.0012501196054001682	0.0012501196054001682
104	 LLH-0	0.0012505975686924323	0.0012505975686924323
105	 LLH-6	0.0012506186301505867	0.0012506186301505867
106	 LLH-5	0.001250528217708057	0.001250528217708057
107	 LLH-3	0.0012869677068914913	0.0012869677068914913
108	 LLH-6	0.001286745262054101	0.001286745262054101
109	 LLH-4	0.0012856702850720584	0.0012856702850720584
111	 LLH-5	0.001286894124005445	0.001286894124005445
112	 LLH-6	0.0012875733870557331	0.0012875733870557331
113	 LLH-6	0.0012875169781950378	0.0012875169781950378
114	 LLH-3	0.0013335204551579323	0.0013335204551579323
115	 LLH-5	0.0013328731074165375	0.0013328731074165375
116	 LLH-4	0.0013310116720230433	0.0013310116720230433
118	 LLH-2	0.001343208408404304	0.001343208408404304
119	 LLH-0	0.0013448066159409357	0.0013448066159409357
120	 LLH-6	0.001344574271606655	0.001344574271606655
121	 LLH-6	0.0013454375799471763	0.0013454375799471763
122	 LLH-2	0.0013228488605102448	0.0013228488605102448
123	 LLH-2	0.0013162650727356466	0.0013162650727356466
124	 LLH-0	0.0013144885968749288	0.0013144885968749288
125	 LLH-5	0.0013150212250398997	0.0013150212250398997
126	 LLH-6	0.0013143468316213058	0.0013143468316213058
127	 LLH-5	0.0013138431890955652	0.0013138431890955652
128	 LLH-1	0.001313606512892757	0.001313606512892757
129	 LLH-4	0.0013122485545546407	0.0013122485545546407
131	 LLH-1	0.0013122485545546407	0.0013122485545546407
132	 LLH-3	0.0014187409947353426	0.0014187409947353426
133	 LLH-2	0.0014046361296172188	0.0014046361296172188
134	 LLH-1	0.0014043986020083519	0.0014043986020083519
135	 LLH-0	0.0014017324826128726	0.0014017324826128726
136	 LLH-0	0.0013991782782536413	0.0013991782782536413
137	 LLH-6	0.0013977171492160906	0.0013977171492160906
138	 LLH-3	0.001606594590763899	0.001606594590763899
139	 LLH-0	0.0016132692961839282	0.001606594590763899
140	 LLH-0	0.0016006039425501047	0.0016006039425501047
141	 LLH-4	0.0015944479060705627	0.0015944479060705627
143	 LLH-1	0.0015944479060705627	0.0015944479060705627
144	 LLH-0	0.0015887365914262414	0.0015887365914262414
145	 LLH-6	0.0015917798048055223	0.0015917798048055223
146	 LLH-2	0.001467698315206711	0.001467698315206711
147	 LLH-2	0.0014343502555273528	0.0014343502555273528
148	 LLH-1	0.0014343397935003379	0.0014343397935003379
149	 LLH-0	0.0014316168620824626	0.0014316168620824626
150	 LLH-5	0.0014312636055524922	0.0014312636055524922
151	 LLH-5	0.0014319819977520536	0.0014319819977520536
152	 LLH-3	0.0012998987213245733	0.0012998987213245733
153	 LLH-4	0.0012984079504540502	0.0012984079504540502
155	 LLH-4	0.001297145144018369	0.001297145144018369
157	 LLH-6	0.0012976257196353317	0.0012976257196353317
158	 LLH-2	0.001290157431095689	0.001290157431095689
159	 LLH-6	0.001290982230174664	0.001290982230174664
160	 LLH-0	0.0012897008057616431	0.0012897008057616431
161	 LLH-0	0.0012884483553696803	0.0012884483553696803
162	 LLH-2	0.0013011247794338673	0.0013011247794338673
163	 LLH-5	0.0013013217650868103	0.0013013217650868103
164	 LLH-2	0.001301780357684201	0.001301780357684201
165	 LLH-5	0.0013012465179719672	0.0013012465179719672
166	 LLH-0	0.0012998279759334286	0.0012998279759334286
167	 LLH-1	0.0012998279759334286	0.0012998279759334286
168	 LLH-2	0.0013250527545657343	0.0013250527545657343
169	 LLH-1	0.0013250527545657343	0.0013250527545657343
170	 LLH-2	0.0013094731871887756	0.0013094731871887756
171	 LLH-6	0.0013088439652370232	0.0013088439652370232
172	 LLH-4	0.0013075980957994214	0.0013075980957994214
174	 LLH-5	0.0013078418139404408	0.0013078418139404408
175	 LLH-5	0.0013083412976232847	0.0013083412976232847
176	 LLH-4	0.0013070703347033844	0.0013070703347033844
179	 LLH-1	0.0013070703347033844	0.0013070703347033844
180	 LLH-3	0.0014357536810285516	0.0014357536810285516
181	 LLH-5	0.0014354613065773992	0.0014354613065773992
182	 LLH-2	0.001360606626043849	0.001360606626043849
183	 LLH-1	0.001360606626043849	0.001360606626043849
184	 LLH-5	0.0013601671372075992	0.0013601671372075992
185	 LLH-1	0.0013601671372075992	0.0013601671372075992
186	 LLH-1	0.0013606060339585156	0.0013606060339585156
187	 LLH-5	0.0013587729515256034	0.0013587729515256034
188	 LLH-5	0.0013601738370977987	0.0013601738370977987
189	 LLH-2	0.0013690735980500868	0.0013690735980500868
190	 LLH-3	0.0012809627433550707	0.0012809627433550707
191	 LLH-0	0.0012820669586945405	0.0012820669586945405
192	 LLH-1	0.0012820669586945405	0.0012820669586945405
193	 LLH-5	0.001282303487846542	0.001282303487846542
194	 LLH-3	0.0013674578037022435	0.001282303487846542
195	 LLH-4	0.0012812550874595193	0.0012812550874595193
199	 LLH-1	0.0012812550874595193	0.0012812550874595193
200	 LLH-2	0.0013027014919008695	0.0013027014919008695
201	 LLH-3	0.0012620019973914366	0.0012620019973914366
202	 LLH-1	0.0012620019973914366	0.0012620019973914366
203	 LLH-1	0.0012620019973914366	0.0012620019973914366
204	 LLH-2	0.0012608151330207424	0.0012608151330207424
205	 LLH-1	0.0012608151330207424	0.0012608151330207424
206	 LLH-3	0.0013241433224591341	0.0013241433224591341
207	 LLH-4	0.0013229018594760602	0.0013229018594760602
210	 LLH-4	0.0013209125497276072	0.0013209125497276072
212	 LLH-1	0.0013209125497276072	0.0013209125497276072
213	 LLH-6	0.0013207004730862485	0.0013207004730862485
214	 LLH-3	0.001275592106775336	0.001275592106775336
215	 LLH-0	0.0012764642747305184	0.0012764642747305184
216	 LLH-6	0.00127770152779841	0.00127770152779841
217	 LLH-1	0.00127770152779841	0.00127770152779841
218	 LLH-1	0.0012778379303609293	0.0012778379303609293
219	 LLH-0	0.0012790443046284614	0.0012790443046284614
220	 LLH-0	0.0012798309878019579	0.0012798309878019579
221	 LLH-6	0.0012777059293865292	0.0012777059293865292
222	 LLH-3	0.0013432837629649438	0.0013432837629649438
223	 LLH-4	0.0013413771855907495	0.0013413771855907495
225	 LLH-3	0.0014640984766859549	0.0014640984766859549
226	 LLH-3	0.0012882141726998611	0.0012882141726998611
227	 LLH-6	0.0012884770964753513	0.0012884770964753513
228	 LLH-0	0.001287273823993775	0.001287273823993775
229	 LLH-1	0.001287309650142251	0.001287309650142251
230	 LLH-4	0.001285941779773633	0.001285941779773633
235	 LLH-2	0.0012973415156633823	0.0012973415156633823
236	 LLH-3	0.0012764648707367632	0.0012764648707367632
237	 LLH-1	0.0012762565730572635	0.0012762565730572635
238	 LLH-1	0.0012760382702348063	0.0012760382702348063
239	 LLH-0	0.0012772876996927354	0.0012772876996927354
240	 LLH-1	0.0012772391265811387	0.0012772391265811387
241	 LLH-5	0.0012773095466336525	0.0012773095466336525
242	 LLH-6	0.0012784291588416536	0.0012784291588416536
243	 LLH-6	0.0012765767118351021	0.0012765767118351021
244	 LLH-2	0.0012676894852561957	0.0012676894852561957
245	 LLH-4	0.0012667314828832452	0.0012667314828832452
247	 LLH-5	0.0012666121464944172	0.0012666121464944172
248	 LLH-2	0.001270548755823976	0.001270548755823976
249	 LLH-2	0.001271455950544348	0.001271455950544348
250	 LLH-5	0.0012721767725377164	0.0012721767725377164
251	 LLH-4	0.0012721767725377164	0.0012721767725377164
256	 LLH-2	0.0012793157394219638	0.0012793157394219638
257	 LLH-6	0.001277872156751938	0.001277872156751938
258	 LLH-6	0.0012787917470383245	0.0012787917470383245
259	 LLH-3	0.0012573785412458276	0.0012573785412458276
260	 LLH-2	0.0012582233255055326	0.0012582233255055326
261	 LLH-1	0.001258193045006043	0.001258193045006043
262	 LLH-0	0.0012590937220102794	0.0012590937220102794
263	 LLH-6	0.0012583408505272746	0.0012583408505272746
264	 LLH-6	0.0012566762427634326	0.0012566762427634326
265	 LLH-5	0.0012560337822023187	0.0012560337822023187
266	 LLH-4	0.0012549452502408176	0.0012549452502408176
268	 LLH-3	0.0012606239536905386	0.0012606239536905386
269	 LLH-3	0.0012539000897020041	0.0012539000897020041
270	 LLH-6	0.0012531581570144094	0.0012531581570144094
271	 LLH-3	0.0012523572746832132	0.0012523572746832132
272	 LLH-2	0.0012578564284830929	0.0012578564284830929
273	 LLH-1	0.0012578564284830929	0.0012578564284830929
274	 LLH-0	0.0012583590439391242	0.0012583590439391242
275	 LLH-1	0.0012583590439391242	0.0012583590439391242
276	 LLH-3	0.0012431560094935353	0.0012431560094935353
277	 LLH-4	0.0012431560094935353	0.0012431560094935353
282	 LLH-1	0.0012432130050514766	0.0012432130050514766
283	 LLH-6	0.0012430929008372116	0.0012430929008372116
284	 LLH-1	0.0012430929008372116	0.0012430929008372116
285	 LLH-1	0.0012430929008372116	0.0012430929008372116
286	 LLH-6	0.001243802478900367	0.001243802478900367
287	 LLH-2	0.0012501589527697703	0.0012501589527697703
288	 LLH-0	0.001250700737814105	0.001250700737814105
289	 LLH-6	0.0012514272046593906	0.0012514272046593906
290	 LLH-0	0.0012525835740947618	0.0012525835740947618
291	 LLH-3	0.001245542933806804	0.001245542933806804
292	 LLH-3	0.0012525889000370113	0.0012525889000370113
293	 LLH-6	0.001252533732591119	0.001252533732591119
294	 LLH-2	0.0012522035344889875	0.0012522035344889875
295	 LLH-6	0.001252302111932997	0.001252302111932997
296	 LLH-2	0.0012650101880208294	0.001252302111932997
297	 LLH-1	0.001252302111932997	0.001252302111932997
298	 LLH-4	0.0012517158735779355	0.0012517158735779355
303	 LLH-5	0.0012521970466925793	0.0012521970466925793
304	 LLH-6	0.0012529453389614421	0.0012529453389614421
305	 LLH-6	0.0012522477338765025	0.0012522477338765025
306	 LLH-6	0.0012503817872204202	0.0012503817872204202
307	 LLH-4	0.0012503817872204202	0.0012503817872204202
312	 LLH-1	0.0012503817872204202	0.0012503817872204202
313	 LLH-2	0.001253341255071817	0.001253341255071817
314	 LLH-4	0.0012526041090454	0.0012526041090454
319	 LLH-0	0.0012520046507172567	0.0012520046507172567
320	 LLH-2	0.0012541448735843947	0.0012541448735843947
321	 LLH-3	0.0012599567181526905	0.0012599567181526905
322	 LLH-0	0.0012608537534422896	0.0012608537534422896
323	 LLH-1	0.0012608537534422896	0.0012608537534422896
324	 LLH-6	0.0012617154608465246	0.0012617154608465246
325	 LLH-4	0.0012617154608465246	0.0012617154608465246
330	 LLH-1	0.0012619276220862726	0.0012619276220862726
331	 LLH-0	0.0012610250217995513	0.0012610250217995513
332	 LLH-0	0.0012615963454893032	0.0012615963454893032
333	 LLH-6	0.0012608428445209405	0.0012608428445209405
334	 LLH-0	0.0012614365820131834	0.0012614365820131834
335	 LLH-6	0.0012609627065191915	0.0012609627065191915
336	 LLH-6	0.001260791203667096	0.001260791203667096
337	 LLH-4	0.001260791203667096	0.001260791203667096
342	 LLH-4	0.0012603116044656005	0.0012603116044656005
347	 LLH-1	0.0012603116044656005	0.0012603116044656005
348	 LLH-1	0.0012602893213496755	0.0012602893213496755
349	 LLH-3	0.0012502489607317342	0.0012502489607317342
350	 LLH-6	0.0012517115261399397	0.0012517115261399397
351	 LLH-5	0.00125142566424065	0.00125142566424065
352	 LLH-4	0.00125142566424065	0.00125142566424065
357	 LLH-6	0.0012519728769994675	0.0012519728769994675
358	 LLH-6	0.001250961948520261	0.001250961948520261
359	 LLH-4	0.001250961948520261	0.001250961948520261
364	 LLH-0	0.0012516702492075288	0.0012516702492075288
365	 LLH-6	0.0012512243075566364	0.0012512243075566364
366	 LLH-0	0.0012516606610163713	0.0012516606610163713
367	 LLH-5	0.0012515469432358736	0.0012515469432358736
368	 LLH-4	0.0012509147432491102	0.0012509147432491102
373	 LLH-5	0.0012508886899326936	0.0012508886899326936
374	 LLH-0	0.0012514802748514694	0.0012514802748514694
375	 LLH-4	0.0012504686513081838	0.0012504686513081838
378	 LLH-6	0.0012508167817951786	0.0012508167817951786
379	 LLH-5	0.0012508288207051688	0.0012508288207051688
380	 LLH-6	0.0012494672628712666	0.0012494672628712666
381	 LLH-1	0.0012494672628712666	0.0012494672628712666
382	 LLH-3	0.0012752967572817204	0.0012752967572817204
383	 LLH-1	0.0012754225572035082	0.0012754225572035082
384	 LLH-4	0.0012740305570285314	0.0012740305570285314
387	 LLH-4	0.0012727427583347842	0.0012727427583347842
389	 LLH-0	0.0012740394416354574	0.0012740394416354574
390	 LLH-4	0.0012730377603204644	0.0012730377603204644
392	 LLH-6	0.001273225559838752	0.001273225559838752
393	 LLH-0	0.0012741918392001274	0.0012741918392001274
394	 LLH-5	0.0012738805603823334	0.0012738805603823334
395	 LLH-6	0.0012738338849397869	0.0012738338849397869
396	 LLH-1	0.0012738338849397869	0.0012738338849397869
397	 LLH-4	0.0012726132931283698	0.0012726132931283698
400	 LLH-3	0.0013731548455409406	0.0013731548455409406
401	 LLH-3	0.0014836035293358206	0.0013731548455409406
402	 LLH-4	0.0013731548455409406	0.0013731548455409406
407	 LLH-6	0.0013748936051490269	0.0013748936051490269
408	 LLH-4	0.0013730120270339606	0.0013730120270339606
411	 LLH-0	0.0013709411734699035	0.0013709411734699035
412	 LLH-4	0.0013685495229106312	0.0013685495229106312
415	 LLH-6	0.0013685277015405618	0.0013685277015405618
416	 LLH-1	0.0013681156328158002	0.0013681156328158002
417	 LLH-3	0.0012894284939970562	0.0012894284939970562
418	 LLH-4	0.0012883863069000812	0.0012883863069000812
420	 LLH-6	0.001289354437337522	0.001289354437337522
421	 LLH-6	0.0012880740593664542	0.0012880740593664542
422	 LLH-5	0.00128870588621876	0.00128870588621876
423	 LLH-1	0.00128870588621876	0.00128870588621876
424	 LLH-2	0.001286939089843976	0.001286939089843976
425	 LLH-6	0.001286759346816538	0.001286759346816538
426	 LLH-2	0.0012784209417343307	0.0012784209417343307
427	 LLH-1	0.0012784209417343307	0.0012784209417343307
428	 LLH-2	0.0012969473615648936	0.0012969473615648936
429	 LLH-4	0.0012969473615648936	0.0012969473615648936
434	 LLH-3	0.0013742526116780859	0.0013742526116780859
435	 LLH-6	0.0013729060341197506	0.0013729060341197506
436	 LLH-2	0.0013570995800776106	0.0013570995800776106
437	 LLH-2	0.0013225935541209006	0.0013225935541209006
438	 LLH-3	0.001284983725344721	0.001284983725344721
439	 LLH-2	0.0012717513263449296	0.0012717513263449296
440	 LLH-0	0.0012728656042742571	0.0012728656042742571
441	 LLH-5	0.0012727367856353142	0.0012727367856353142
442	 LLH-5	0.001273325281299976	0.001273325281299976
443	 LLH-3	0.001362446678344894	0.001362446678344894
444	 LLH-2	0.0013530207841304506	0.0013530207841304506
445	 LLH-2	0.001334875694397851	0.001334875694397851
446	 LLH-2	0.0013257015573881878	0.0013257015573881878
447	 LLH-1	0.0013252746053608127	0.0013252746053608127
448	 LLH-4	0.001323435913207072	0.001323435913207072
451	 LLH-3	0.00142429288515285	0.00142429288515285
452	 LLH-2	0.0014200443543546742	0.0014200443543546742
453	 LLH-4	0.0014167432068803026	0.0014167432068803026
455	 LLH-4	0.001413730083106377	0.001413730083106377
458	 LLH-1	0.001413730083106377	0.001413730083106377
459	 LLH-0	0.0014163121617506904	0.0014163121617506904
460	 LLH-6	0.0014165502004597232	0.0014165502004597232
461	 LLH-6	0.0014185674649720421	0.0014185674649720421
462	 LLH-6	0.0014166333562071673	0.0014166333562071673
463	 LLH-4	0.0014136391753661148	0.0014136391753661148
465	 LLH-2	0.0013649598223472647	0.0013649598223472647
466	 LLH-1	0.0013650168724772351	0.0013650168724772351
467	 LLH-3	0.0012885107926193127	0.0012885107926193127
468	 LLH-5	0.0012901146425156444	0.0012901146425156444
469	 LLH-6	0.0012896952557741727	0.0012896952557741727
470	 LLH-3	0.0012626491799094448	0.0012626491799094448
471	 LLH-5	0.0012620153318900805	0.0012620153318900805
472	 LLH-3	0.0012565549148634433	0.0012565549148634433
473	 LLH-4	0.0012565549148634433	0.0012565549148634433
478	 LLH-1	0.0012567299103832855	0.0012567299103832855
479	 LLH-1	0.0012567299103832855	0.0012567299103832855
480	 LLH-3	0.0012960408102489348	0.0012960408102489348
481	 LLH-3	0.0013782915447058607	0.0013782915447058607
482	 LLH-5	0.0013779272648551772	0.0013779272648551772
483	 LLH-5	0.0013797620345737136	0.0013797620345737136
484	 LLH-5	0.001378734283812724	0.001378734283812724
485	 LLH-0	0.0013764149971990675	0.0013764149971990675
486	 LLH-0	0.0013742417739399187	0.0013742417739399187
487	 LLH-6	0.0013750706320544374	0.0013750706320544374
488	 LLH-2	0.0013924668294597214	0.0013924668294597214
489	 LLH-6	0.0013905281400319143	0.0013905281400319143
490	 LLH-6	0.0013908429717730837	0.0013908429717730837
491	 LLH-3	0.0012858575885811878	0.0012858575885811878
492	 LLH-2	0.0012834306461960803	0.0012834306461960803
493	 LLH-3	0.0013606756589481365	0.0013606756589481365
494	 LLH-4	0.0013584213058850784	0.0013584213058850784
496	 LLH-5	0.001359062088531811	0.001359062088531811
497	 LLH-3	0.001545569956015624	0.001359062088531811
498	 LLH-3	0.001294778659584162	0.001294778659584162
499	 LLH-6	0.0012937650653867948	0.0012937650653867948
500	 LLH-6	0.0012947903919558442	0.0012947903919558442
501	 LLH-1	0.0012946783136416106	0.0012946783136416106
502	 LLH-4	0.0012946783136416106	0.0012946783136416106
507	 LLH-5	0.0012942525389032413	0.0012942525389032413
508	 LLH-0	0.001295255205352184	0.001295255205352184
509	 LLH-1	0.001295255205352184	0.001295255205352184
510	 LLH-0	0.00129390461762026	0.00129390461762026
511	 LLH-0	0.0012950600704551725	0.0012950600704551725
512	 LLH-3	0.001365915169198294	0.0012950600704551725
513	 LLH-0	0.0012940695842289184	0.0012940695842289184
514	 LLH-2	0.0012988080369849026	0.0012988080369849026
515	 LLH-6	0.0012985152523555725	0.0012985152523555725
516	 LLH-0	0.001299507655683145	0.001299507655683145
517	 LLH-6	0.0012985219361979228	0.0012985219361979228
518	 LLH-3	0.001258834277408842	0.001258834277408842
519	 LLH-4	0.0012578739048742982	0.0012578739048742982
524	 LLH-1	0.0012581906819984277	0.0012581906819984277
525	 LLH-2	0.0012759366254912904	0.0012759366254912904
526	 LLH-2	0.001269338768957698	0.001269338768957698
527	 LLH-0	0.0012701854455537188	0.0012701854455537188
528	 LLH-0	0.001271155322917297	0.001271155322917297
529	 LLH-3	0.0013486718844572545	0.0013486718844572545
530	 LLH-4	0.0013468288833173177	0.0013468288833173177
534	 LLH-2	0.0013316397384546361	0.0013316397384546361
535	 LLH-2	0.0013210469976641514	0.0013210469976641514
536	 LLH-6	0.0013192825376099548	0.0013192825376099548
537	 LLH-4	0.0013177696798598426	0.0013177696798598426
540	 LLH-5	0.0013171454693332296	0.0013171454693332296
541	 LLH-0	0.0013189628013561038	0.0013189628013561038
542	 LLH-1	0.0013189628013561038	0.0013189628013561038
543	 LLH-6	0.0013199420753731111	0.0013199420753731111
544	 LLH-1	0.0013199930537721196	0.0013199930537721196
545	 LLH-1	0.0013199930537721196	0.0013199930537721196
546	 LLH-4	0.001318575788602954	0.001318575788602954
548	 LLH-4	0.0013168093370625419	0.0013168093370625419
550	 LLH-6	0.001316886943373972	0.001316886943373972
551	 LLH-0	0.0013184440862703888	0.0013184440862703888
552	 LLH-4	0.0013166177683459628	0.0013166177683459628
554	 LLH-4	0.0013149810771378818	0.0013149810771378818
559	 LLH-5	0.0013141596572246025	0.0013141596572246025
560	 LLH-1	0.0013141596572246025	0.0013141596572246025
561	 LLH-6	0.0013121534120802089	0.0013121534120802089
562	 LLH-2	0.0013083644019928355	0.0013083644019928355
563	 LLH-4	0.0013083644019928355	0.0013083644019928355
568	 LLH-2	0.0013238629161738654	0.0013238629161738654
569	 LLH-5	0.0013242208776959778	0.0013242208776959778
570	 LLH-3	0.0014238214178605192	0.0014238214178605192
571	 LLH-4	0.0014209045614026923	0.0014209045614026923
573	 LLH-0	0.0014179587499025055	0.0014179587499025055
574	 LLH-5	0.0014165014494398435	0.0014165014494398435
575	 LLH-5	0.001417050282335758	0.001417050282335758
576	 LLH-3	0.0013051808153484732	0.0013051808153484732
577	 LLH-0	0.001306827638145212	0.001306827638145212
578	 LLH-4	0.00128468238897292	0.00128468238897292
580	 LLH-5	0.0012859443439306628	0.0012859443439306628
581	 LLH-0	0.0013078849339375562	0.0013078849339375562
582	 LLH-2	0.0012966359407105212	0.0012966359407105212
583	 LLH-4	0.0012954102953820874	0.0012954102953820874
586	 LLH-4	0.0012939001450982545	0.0012939001450982545
588	 LLH-0	0.0012956816020945762	0.0012956816020945762
589	 LLH-5	0.0012963099091370441	0.0012963099091370441
590	 LLH-0	0.0012951293191427447	0.0012951293191427447
591	 LLH-6	0.0012958481130014134	0.0012958481130014134
592	 LLH-2	0.0012915987003951244	0.0012915987003951244
593	 LLH-3	0.0012648846060638484	0.0012648846060638484
594	 LLH-1	0.0012648549175363533	0.0012648549175363533
595	 LLH-2	0.0012790403955652038	0.0012790403955652038
596	 LLH-6	0.0012787846974910717	0.0012787846974910717
597	 LLH-4	0.0012775500894919227	0.0012775500894919227
601	 LLH-5	0.001277266748818322	0.001277266748818322
602	 LLH-0	0.0012759793189658392	0.0012759793189658392
603	 LLH-3	0.0013460043036264864	0.0013460043036264864
604	 LLH-0	0.0013440545903682653	0.0013440545903682653
605	 LLH-4	0.0013425105168080663	0.0013425105168080663
607	 LLH-6	0.0013451476319847216	0.0013451476319847216
608	 LLH-1	0.0013453242593250603	0.0013453242593250603
609	 LLH-1	0.0013453242593250603	0.0013453242593250603
610	 LLH-2	0.0013349597527798566	0.0013349597527798566
611	 LLH-3	0.0014739219111827714	0.0013349597527798566
612	 LLH-3	0.0014814047434006166	0.0013349597527798566
613	 LLH-5	0.0013353721411420913	0.0013353721411420913
614	 LLH-1	0.0013352928295589756	0.0013352928295589756
615	 LLH-0	0.0013369913518076156	0.0013369913518076156
616	 LLH-3	0.0012715396123795222	0.0012715396123795222
617	 LLH-6	0.001270413738669468	0.001270413738669468
618	 LLH-0	0.001271602940982237	0.001271602940982237
619	 LLH-4	0.0012707037992530097	0.0012707037992530097
622	 LLH-2	0.0012889114804580982	0.0012889114804580982
623	 LLH-4	0.0012878683688235643	0.0012878683688235643
625	 LLH-2	0.0012877886268607168	0.0012877886268607168
626	 LLH-6	0.001287478708683319	0.001287478708683319
627	 LLH-1	0.0012871257749529576	0.0012871257749529576
628	 LLH-6	0.0012869420226713894	0.0012869420226713894
629	 LLH-1	0.0012869481873240707	0.0012869481873240707
630	 LLH-5	0.0012866259038821892	0.0012866259038821892
631	 LLH-2	0.0012891011135477287	0.0012891011135477287
632	 LLH-4	0.0012880934290629307	0.0012880934290629307
635	 LLH-3	0.0012714868304162543	0.0012714868304162543
636	 LLH-1	0.0012714036601943356	0.0012714036601943356
637	 LLH-6	0.0012716634653423824	0.0012716634653423824
638	 LLH-0	0.0012725841929353092	0.0012725841929353092
639	 LLH-4	0.0012716193608296672	0.0012716193608296672
642	 LLH-2	0.0012733817616685124	0.0012733817616685124
643	 LLH-6	0.0012716951910010787	0.0012716951910010787
644	 LLH-5	0.001272050005031581	0.001272050005031581
645	 LLH-1	0.001272050005031581	0.001272050005031581
646	 LLH-3	0.0012520360054672933	0.0012520360054672933
647	 LLH-4	0.0012520360054672933	0.0012520360054672933
652	 LLH-6	0.0012525834737025102	0.0012525834737025102
653	 LLH-6	0.0012533489700664523	0.0012533489700664523
654	 LLH-2	0.0012683145850294379	0.0012683145850294379
655	 LLH-2	0.0012756433794817302	0.0012756433794817302
656	 LLH-4	0.0012744553632949164	0.0012744553632949164
659	 LLH-2	0.0012696315334795403	0.0012696315334795403
660	 LLH-4	0.0012687175271750939	0.0012687175271750939
662	 LLH-6	0.0012689527940154576	0.0012689527940154576
663	 LLH-0	0.001269997321569081	0.001269997321569081
664	 LLH-1	0.001269997321569081	0.001269997321569081
665	 LLH-0	0.0012709892466077001	0.0012709892466077001
666	 LLH-0	0.001270068857024099	0.001270068857024099
667	 LLH-1	0.001270068857024099	0.001270068857024099
668	 LLH-4	0.0012690946148068807	0.0012690946148068807
670	 LLH-6	0.0012688808621893785	0.0012688808621893785
671	 LLH-3	0.001342355074535496	0.001342355074535496
672	 LLH-5	0.001342615328417951	0.001342615328417951
673	 LLH-1	0.001342615328417951	0.001342615328417951
674	 LLH-4	0.001340526699684339	0.001340526699684339
676	 LLH-0	0.0013387054016797174	0.0013387054016797174
677	 LLH-0	0.0013406661179946942	0.0013406661179946942
678	 LLH-2	0.00133776641566475	0.00133776641566475
679	 LLH-1	0.0013374603797756	0.0013374603797756
680	 LLH-4	0.001335806386563338	0.001335806386563338
682	 LLH-1	0.001335931515919797	0.001335931515919797
683	 LLH-4	0.0013337869195765946	0.0013337869195765946
685	 LLH-0	0.001335486311334124	0.001335486311334124
686	 LLH-6	0.0013365741617733047	0.0013365741617733047
687	 LLH-1	0.0013365741617733047	0.0013365741617733047
688	 LLH-4	0.0013365741617733047	0.0013365741617733047
693	 LLH-1	0.0013366200466577468	0.0013366200466577468
694	 LLH-6	0.001337168909734531	0.001337168909734531
695	 LLH-0	0.0013352188508794108	0.0013352188508794108
696	 LLH-6	0.0013353515225200522	0.0013353515225200522
697	 LLH-4	0.0013330898982256113	0.0013330898982256113
700	 LLH-1	0.0013332904515546027	0.0013332904515546027
701	 LLH-6	0.0013334378790046408	0.0013334378790046408
702	 LLH-6	0.0013351159184702556	0.0013351159184702556
703	 LLH-5	0.0013341918131767189	0.0013341918131767189
704	 LLH-2	0.001353048381179273	0.001353048381179273
705	 LLH-3	0.0014350369873484014	0.0014350369873484014
706	 LLH-4	0.0014318528026913443	0.0014318528026913443
709	 LLH-5	0.0014309131697715664	0.0014309131697715664
710	 LLH-1	0.0014309131697715664	0.0014309131697715664
711	 LLH-5	0.001432177805105556	0.001432177805105556
712	 LLH-6	0.0014297708077405573	0.0014297708077405573
713	 LLH-0	0.0014268511182047759	0.0014268511182047759
714	 LLH-4	0.0014238430662449476	0.0014238430662449476
716	 LLH-2	0.0014142128571962287	0.0014142128571962287
717	 LLH-2	0.0013854073765246866	0.0013854073765246866
718	 LLH-5	0.0013837475191382056	0.0013837475191382056
719	 LLH-1	0.0013837475191382056	0.0013837475191382056
720	 LLH-0	0.0013813170202339024	0.0013813170202339024
721	 LLH-2	0.0013303976793582477	0.0013303976793582477
722	 LLH-3	0.001282606758037149	0.001282606758037149
723	 LLH-4	0.0012817525799581465	0.0012817525799581465
727	 LLH-6	0.0012825631936235473	0.0012825631936235473
728	 LLH-6	0.0012813564948175058	0.0012813564948175058
729	 LLH-1	0.0012813564948175058	0.0012813564948175058
730	 LLH-5	0.0012802219347023715	0.0012802219347023715
731	 LLH-6	0.0012794956586661074	0.0012794956586661074
732	 LLH-6	0.0012799043399433095	0.0012799043399433095
733	 LLH-3	0.001258853444704536	0.001258853444704536
734	 LLH-4	0.0012580186749129208	0.0012580186749129208
737	 LLH-6	0.0012575430924158637	0.0012575430924158637
738	 LLH-5	0.0012574675164126626	0.0012574675164126626
739	 LLH-4	0.0012574675164126626	0.0012574675164126626
744	 LLH-6	0.0012587346694149688	0.0012587346694149688
745	 LLH-4	0.0012580855046689275	0.0012580855046689275
747	 LLH-1	0.0012580855046689275	0.0012580855046689275
748	 LLH-0	0.001257516950403638	0.001257516950403638
749	 LLH-3	0.0013220748952194289	0.0013220748952194289
750	 LLH-3	0.001417119452161756	0.0013220748952194289
751	 LLH-2	0.001328248238781671	0.001328248238781671
752	 LLH-3	0.0014122044816040637	0.0014122044816040637
753	 LLH-1	0.0014122044816040637	0.0014122044816040637
754	 LLH-0	0.0014091822249157442	0.0014091822249157442
755	 LLH-1	0.0014091822249157442	0.0014091822249157442
756	 LLH-1	0.0014091822249157442	0.0014091822249157442
757	 LLH-2	0.0013867419521922859	0.0013867419521922859
758	 LLH-5	0.0013864871863943464	0.0013864871863943464
759	 LLH-2	0.0013889516162260403	0.0013889516162260403
760	 LLH-3	0.0012810263664824214	0.0012810263664824214
761	 LLH-3	0.00138108030284098	0.0012810263664824214
762	 LLH-0	0.0012826946656469972	0.0012826946656469972
763	 LLH-6	0.0012813273397050398	0.0012813273397050398
764	 LLH-0	0.0012829252586261104	0.0012829252586261104
765	 LLH-5	0.001282972378597994	0.001282972378597994
766	 LLH-1	0.0012828485278470639	0.0012828485278470639
767	 LLH-4	0.0012816018320965916	0.0012816018320965916
770	 LLH-6	0.001282578430993339	0.001282578430993339
771	 LLH-5	0.0012830477075396044	0.0012830477075396044
772	 LLH-1	0.0012829341349757445	0.0012829341349757445
773	 LLH-1	0.0012831006071350455	0.0012831006071350455
774	 LLH-5	0.0012828496100688123	0.0012828496100688123
775	 LLH-1	0.0012829153202917063	0.0012829153202917063
776	 LLH-1	0.0012829153202917063	0.0012829153202917063
777	 LLH-6	0.0012827804216881664	0.0012827804216881664
778	 LLH-2	0.001285600904334272	0.001285600904334272
779	 LLH-2	0.0013010952599519239	0.0013010952599519239
780	 LLH-1	0.0013011323890445023	0.0013011323890445023
781	 LLH-2	0.0012886977688321324	0.0012886977688321324
782	 LLH-5	0.0012893599268789318	0.0012893599268789318
783	 LLH-3	0.0013876019657600837	0.0013876019657600837
784	 LLH-4	0.0013854627370376374	0.0013854627370376374
787	 LLH-3	0.0012858476297446153	0.0012858476297446153
788	 LLH-0	0.0012867945443402469	0.0012867945443402469
789	 LLH-4	0.0012867945443402469	0.0012867945443402469
794	 LLH-6	0.001289191690549207	0.001289191690549207
795	 LLH-3	0.001254981932410071	0.001254981932410071
796	 LLH-2	0.0012572360607099966	0.0012572360607099966
797	 LLH-1	0.0012572360607099966	0.0012572360607099966
798	 LLH-1	0.0012572360607099966	0.0012572360607099966
799	 LLH-3	0.0013098042907310381	0.0012572360607099966
800	 LLH-0	0.001258159749646044	0.001258159749646044
801	 LLH-5	0.001258048240536405	0.001258048240536405
802	 LLH-3	0.0013107896603888527	0.0013107896603888527
803	 LLH-6	0.001309806692394167	0.001309806692394167
804	 LLH-3	0.0014210220914868904	0.0014210220914868904
805	 LLH-6	0.001424821810083478	0.001424821810083478
806	 LLH-3	0.001294730735120202	0.001294730735120202
807	 LLH-3	0.0012691696985780813	0.0012691696985780813
808	 LLH-4	0.0012683775191051508	0.0012683775191051508
810	 LLH-4	0.0012674596432561372	0.0012674596432561372
813	 LLH-0	0.001268360888779021	0.001268360888779021
814	 LLH-1	0.001268360888779021	0.001268360888779021
815	 LLH-5	0.0012692571751382845	0.0012692571751382845
816	 LLH-3	0.0013056070948224323	0.0013056070948224323
817	 LLH-2	0.0013150682820241967	0.0013150682820241967
818	 LLH-6	0.0013118830211153462	0.0013118830211153462
819	 LLH-2	0.0013021499363729443	0.0013021499363729443
820	 LLH-6	0.0013045145494789952	0.0013045145494789952
821	 LLH-5	0.0013040893102081704	0.0013040893102081704
822	 LLH-0	0.0013059179257957744	0.0013059179257957744
823	 LLH-2	0.0013075563053232668	0.0013075563053232668
824	 LLH-3	0.0012754446008179045	0.0012754446008179045
825	 LLH-5	0.0012743697648648705	0.0012743697648648705
826	 LLH-0	0.0012732656891051891	0.0012732656891051891
827	 LLH-0	0.001272066364384494	0.001272066364384494
828	 LLH-6	0.0012731746534301652	0.0012731746534301652
829	 LLH-1	0.0012731746534301652	0.0012731746534301652
830	 LLH-4	0.001272342199858458	0.001272342199858458
832	 LLH-6	0.0012733783278158013	0.0012733783278158013
833	 LLH-0	0.0012723654487718375	0.0012723654487718375
834	 LLH-5	0.001272787468668116	0.001272787468668116
835	 LLH-3	0.0013301229345489807	0.001272787468668116
836	 LLH-5	0.0012744786002741831	0.0012744786002741831
837	 LLH-6	0.00127411212094437	0.00127411212094437
838	 LLH-6	0.001273415385943564	0.001273415385943564
839	 LLH-1	0.001273415385943564	0.001273415385943564
840	 LLH-6	0.001274461929368679	0.001274461929368679
841	 LLH-6	0.0012737373825922223	0.0012737373825922223
842	 LLH-0	0.0012749863769287145	0.0012749863769287145
843	 LLH-1	0.0012749863769287145	0.0012749863769287145
844	 LLH-2	0.001270548118163614	0.001270548118163614
845	 LLH-3	0.0013562984397228644	0.001270548118163614
846	 LLH-1	0.001270548118163614	0.001270548118163614
847	 LLH-4	0.001269680743373893	0.001269680743373893
849	 LLH-1	0.001269680743373893	0.001269680743373893
850	 LLH-0	0.0012686198677014013	0.0012686198677014013
851	 LLH-1	0.0012686198677014013	0.0012686198677014013
852	 LLH-0	0.0012695037789784913	0.0012695037789784913
853	 LLH-5	0.0012697314157742114	0.0012697314157742114
854	 LLH-1	0.0012697314157742114	0.0012697314157742114
855	 LLH-3	0.0013444355544350941	0.0012697314157742114
856	 LLH-0	0.0012708114043502574	0.0012708114043502574
857	 LLH-3	0.0012589089814420465	0.0012589089814420465
858	 LLH-2	0.0012746115363411114	0.0012746115363411114
859	 LLH-6	0.0012756129346276773	0.0012756129346276773
860	 LLH-6	0.0012756814416014972	0.0012756814416014972
861	 LLH-2	0.0012743725301236665	0.0012743725301236665
862	 LLH-0	0.0012735516414975534	0.0012735516414975534
863	 LLH-0	0.0012747532087055591	0.0012747532087055591
864	 LLH-2	0.0012893980598007388	0.0012893980598007388
865	 LLH-4	0.0012883893252217315	0.0012883893252217315
867	 LLH-4	0.0012870604631512444	0.0012870604631512444
869	 LLH-0	0.0012880391998518139	0.0012880391998518139
870	 LLH-5	0.001286801229710205	0.001286801229710205
871	 LLH-3	0.0013456538240549376	0.0013456538240549376
872	 LLH-5	0.0013465409917835685	0.0013465409917835685
873	 LLH-1	0.0013465409917835685	0.0013465409917835685
874	 LLH-5	0.001346934383927221	0.001346934383927221
875	 LLH-1	0.00134699464318719	0.00134699464318719
876	 LLH-2	0.0013329795038319664	0.0013329795038319664
877	 LLH-3	0.0012680232818809477	0.0012680232818809477
878	 LLH-1	0.0012680232818809477	0.0012680232818809477
879	 LLH-1	0.0012680232818809477	0.0012680232818809477
880	 LLH-1	0.0012680232818809477	0.0012680232818809477
881	 LLH-2	0.0012806543794326851	0.0012806543794326851
882	 LLH-6	0.0012819770705553505	0.0012819770705553505
883	 LLH-5	0.0012821904764720035	0.0012821904764720035
884	 LLH-1	0.0012821904764720035	0.0012821904764720035
885	 LLH-3	0.0013597353976970384	0.0013597353976970384
886	 LLH-2	0.0013582976547758994	0.0013582976547758994
887	 LLH-0	0.0013563211769989092	0.0013563211769989092
888	 LLH-3	0.0012808747727379097	0.0012808747727379097
889	 LLH-1	0.001280546034957059	0.001280546034957059
890	 LLH-5	0.0012802583525431083	0.0012802583525431083
891	 LLH-0	0.001279208232461429	0.001279208232461429
892	 LLH-2	0.0012835318980661445	0.0012835318980661445
893	 LLH-4	0.0012823135191245446	0.0012823135191245446
897	 LLH-5	0.0012815686110278506	0.0012815686110278506
898	 LLH-5	0.0012817379267357413	0.0012817379267357413
899	 LLH-2	0.0012962028068960478	0.0012962028068960478
900	 LLH-0	0.0012949165467820588	0.0012949165467820588
901	 LLH-5	0.0012936985767502567	0.0012936985767502567
902	 LLH-1	0.0012942305903153209	0.0012942305903153209
903	 LLH-4	0.0012930940833830464	0.0012930940833830464
905	 LLH-1	0.0012930940833830464	0.0012930940833830464
906	 LLH-6	0.0012928242658328676	0.0012928242658328676
907	 LLH-3	0.0012703644469438515	0.0012703644469438515
908	 LLH-4	0.0012696020782956212	0.0012696020782956212
913	 LLH-0	0.0012686998030420657	0.0012686998030420657
914	 LLH-0	0.0012675447173728567	0.0012675447173728567
915	 LLH-1	0.0012672507810197278	0.0012672507810197278
916	 LLH-2	0.0012641854559679033	0.0012641854559679033
917	 LLH-3	0.001252493483283232	0.001252493483283232
918	 LLH-4	0.0012518121204873603	0.0012518121204873603
920	 LLH-0	0.0012529086124407878	0.0012529086124407878
921	 LLH-0	0.001253551604009285	0.001253551604009285
922	 LLH-2	0.0012565433258351548	0.0012565433258351548
923	 LLH-5	0.0012565870950741781	0.0012565870950741781
924	 LLH-2	0.0012689302996512532	0.0012689302996512532
925	 LLH-1	0.0012686717981721263	0.0012686717981721263
926	 LLH-0	0.0012680546096180798	0.0012680546096180798
927	 LLH-5	0.0012677605092101577	0.0012677605092101577
928	 LLH-6	0.0012686886955497326	0.0012686886955497326
929	 LLH-6	0.0012691285500834957	0.0012691285500834957
930	 LLH-5	0.001269244143376843	0.001269244143376843
931	 LLH-4	0.001269244143376843	0.001269244143376843
936	 LLH-1	0.0012687604960747053	0.0012687604960747053
937	 LLH-6	0.0012690210187061718	0.0012690210187061718
938	 LLH-1	0.0012692979119038625	0.0012692979119038625
939	 LLH-6	0.0012678109205103401	0.0012678109205103401
940	 LLH-2	0.0012677263187666316	0.0012677263187666316
941	 LLH-2	0.0012792646327947593	0.0012792646327947593
942	 LLH-3	0.0012616214289320128	0.0012616214289320128
943	 LLH-5	0.0012614559526089317	0.0012614559526089317
944	 LLH-3	0.0013024398849944552	0.0012614559526089317
945	 LLH-3	0.0013048004697938946	0.0013048004697938946
946	 LLH-4	0.0013033710443125155	0.0013033710443125155
949	 LLH-6	0.0013033558783959957	0.0013033558783959957
950	 LLH-0	0.0013045539345507718	0.0013045539345507718
951	 LLH-0	0.0013060652378381582	0.0013060652378381582
952	 LLH-3	0.0012629350014072202	0.0012629350014072202
953	 LLH-3	0.0012517991559627666	0.0012517991559627666
954	 LLH-0	0.0012524368581666317	0.0012524368581666317
955	 LLH-3	0.0012966835777042276	0.0012966835777042276
956	 LLH-6	0.0012971678820218316	0.0012971678820218316
957	 LLH-4	0.0012959462194034178	0.0012959462194034178
959	 LLH-3	0.0014229951018971188	0.0012959462194034178
960	 LLH-2	0.0013052951207538654	0.0013052951207538654
961	 LLH-1	0.0013052951207538654	0.0013052951207538654
962	 LLH-5	0.0013045663548706893	0.0013045663548706893
963	 LLH-3	0.0012724946572759447	0.0012724946572759447
964	 LLH-2	0.0012655131823744253	0.0012655131823744253
965	 LLH-4	0.0012644712340802687	0.0012644712340802687
969	 LLH-4	0.0012644712340802687	0.0012644712340802687
974	 LLH-5	0.0012645744605138923	0.0012645744605138923
975	 LLH-2	0.0012751067090292383	0.0012751067090292383
976	 LLH-2	0.0012787659195371242	0.0012787659195371242
977	 LLH-6	0.0012765481938271735	0.0012765481938271735
978	 LLH-6	0.0012774475694137175	0.0012774475694137175
979	 LLH-3	0.001372182146623345	0.0012774475694137175
980	 LLH-6	0.0012761705052340834	0.0012761705052340834
981	 LLH-0	0.0012772549612146786	0.0012772549612146786
982	 LLH-0	0.001278317674120142	0.001278317674120142
983	 LLH-5	0.0012777644195910093	0.0012777644195910093
984	 LLH-2	0.001287855470473049	0.001287855470473049
985	 LLH-4	0.0012866905881062467	0.0012866905881062467
988	 LLH-6	0.0012867907081296926	0.0012867907081296926
989	 LLH-2	0.0013014301756926468	0.0012867907081296926
990	 LLH-4	0.0012855690646025424	0.0012855690646025424
994	 LLH-6	0.00128468925822557	0.00128468925822557
995	 LLH-0	0.0012831666688253897	0.0012831666688253897
996	 LLH-4	0.0012821533986186514	0.0012821533986186514
999	 LLH-4	0.0012809722611825248	0.0012809722611825248
1002	 LLH-6	0.0012819120624568774	0.0012819120624568774
1003	 LLH-0	0.0012807512955822441	0.0012807512955822441
1004	 LLH-3	0.0013788976129158557	0.0012807512955822441
1005	 LLH-1	0.0012806377502189914	0.0012806377502189914
1006	 LLH-1	0.0012806434735103986	0.0012806434735103986
1007	 LLH-6	0.0012791656647818	0.0012791656647818
1008	 LLH-0	0.001277800243826867	0.001277800243826867
1009	 LLH-4	0.0012766866005998333	0.0012766866005998333
1011	 LLH-5	0.0012767332389416837	0.0012767332389416837
1012	 LLH-6	0.0012765732635736794	0.0012765732635736794
1013	 LLH-6	0.001277171908507145	0.001277171908507145
1014	 LLH-2	0.0012984852553873526	0.0012984852553873526
1015	 LLH-5	0.0012986025532410845	0.0012986025532410845
1016	 LLH-1	0.001298516590228879	0.001298516590228879
1017	 LLH-1	0.00129845554622257	0.00129845554622257
1018	 LLH-6	0.0013015740604414299	0.0013015740604414299
1019	 LLH-2	0.0012958388556894769	0.0012958388556894769
1020	 LLH-3	0.0012793301013628035	0.0012793301013628035
1021	 LLH-1	0.0012793301013628035	0.0012793301013628035
1022	 LLH-5	0.0012807648760481496	0.0012807648760481496
1023	 LLH-0	0.0012816498778075826	0.0012816498778075826
1024	 LLH-3	0.0013461107058414796	0.0012816498778075826
1025	 LLH-6	0.0012834345392370712	0.0012834345392370712
1026	 LLH-0	0.0012822831360168616	0.0012822831360168616
1027	 LLH-4	0.001281396467984722	0.001281396467984722
1029	 LLH-3	0.0013458426327122267	0.001281396467984722
1030	 LLH-0	0.0012824348419689816	0.0012824348419689816
1031	 LLH-6	0.0012818323332481223	0.0012818323332481223
1032	 LLH-1	0.001282247086812294	0.001282247086812294
1033	 LLH-3	0.0012643159928955728	0.0012643159928955728
1034	 LLH-5	0.0012635804276610008	0.0012635804276610008
1035	 LLH-4	0.0012635804276610008	0.0012635804276610008
1040	 LLH-2	0.0012587424101104714	0.0012587424101104714
1041	 LLH-6	0.0012595710906402944	0.0012595710906402944
1042	 LLH-5	0.0012591243784988628	0.0012591243784988628
1043	 LLH-0	0.0012597531847080166	0.0012597531847080166
1044	 LLH-3	0.001317722123677941	0.0012597531847080166
1045	 LLH-0	0.0012604960947327501	0.0012604960947327501
1046	 LLH-3	0.0013169139553719008	0.0013169139553719008
1047	 LLH-4	0.0013155271827511126	0.0013155271827511126
1049	 LLH-3	0.0012750318172473779	0.0012750318172473779
1050	 LLH-0	0.0012759916991463421	0.0012759916991463421
1051	 LLH-0	0.0012772156730748714	0.0012772156730748714
1052	 LLH-2	0.0012692145777578852	0.0012692145777578852
1053	 LLH-5	0.0012692016508356093	0.0012692016508356093
1054	 LLH-5	0.0012693695090212624	0.0012693695090212624
1055	 LLH-6	0.0012693981066281515	0.0012693981066281515
1056	 LLH-2	0.0012876704734854872	0.0012876704734854872
1057	 LLH-3	0.0012497316685021666	0.0012497316685021666
1058	 LLH-5	0.0012500257300062448	0.0012500257300062448
1059	 LLH-0	0.0012505557237382627	0.0012505557237382627
1060	 LLH-0	0.0012514181771729619	0.0012514181771729619
1061	 LLH-1	0.0012514181771729619	0.0012514181771729619
1062	 LLH-5	0.001252600766090371	0.001252600766090371
1063	 LLH-0	0.0012519007614744692	0.0012519007614744692
1064	 LLH-0	0.001252543865606903	0.001252543865606903
1065	 LLH-6	0.0012527385061103303	0.0012527385061103303
1066	 LLH-6	0.0012528532304257472	0.0012528532304257472
1067	 LLH-6	0.0012523084670766494	0.0012523084670766494
1068	 LLH-1	0.00125291241475659	0.00125291241475659
1069	 LLH-1	0.001252899688526552	0.001252899688526552
1070	 LLH-0	0.0012537936045810725	0.0012537936045810725
1071	 LLH-6	0.001253172519269597	0.001253172519269597
1072	 LLH-0	0.0012525983262560375	0.0012525983262560375
1073	 LLH-3	0.0012545018774898207	0.0012545018774898207
1074	 LLH-4	0.0012533796077980532	0.0012533796077980532
1076	 LLH-4	0.001252894052077469	0.001252894052077469
1080	 LLH-4	0.001252894052077469	0.001252894052077469
1085	 LLH-1	0.001252894052077469	0.001252894052077469
1086	 LLH-0	0.0012537230623588618	0.0012537230623588618
1087	 LLH-2	0.0012500773989614937	0.0012500773989614937
1088	 LLH-6	0.0012505240524325635	0.0012505240524325635
1089	 LLH-3	0.0013199635364093245	0.0012505240524325635
1090	 LLH-6	0.0012503937993999683	0.0012503937993999683
1091	 LLH-2	0.0012639168185400963	0.0012639168185400963
1092	 LLH-5	0.0012633536496367613	0.0012633536496367613
1093	 LLH-4	0.001262583894673788	0.001262583894673788
1096	 LLH-0	0.0012636470685322802	0.0012636470685322802
1097	 LLH-3	0.0012564724087772508	0.0012564724087772508
1098	 LLH-4	0.0012558249656333237	0.0012558249656333237
1101	 LLH-5	0.0012554269257583032	0.0012554269257583032
1102	 LLH-4	0.0012554269257583032	0.0012554269257583032
1107	 LLH-1	0.0012554269257583032	0.0012554269257583032
1108	 LLH-6	0.0012555299863984874	0.0012555299863984874
1109	 LLH-0	0.001256204550296467	0.001256204550296467
1110	 LLH-4	0.001256204550296467	0.001256204550296467
1115	 LLH-4	0.001256204550296467	0.001256204550296467
1120	 LLH-2	0.0012734061261599693	0.0012734061261599693
1121	 LLH-4	0.0012722885959668938	0.0012722885959668938
1123	 LLH-0	0.0012732714159829426	0.0012732714159829426
1124	 LLH-0	0.001274005082921558	0.001274005082921558
1125	 LLH-0	0.0012748705871953505	0.0012748705871953505
1126	 LLH-0	0.0012568197402111892	0.0012568197402111892
1127	 LLH-3	0.0012495068943245901	0.0012495068943245901
1128	 LLH-0	0.001250342264637814	0.001250342264637814
1129	 LLH-3	0.0012465976694244455	0.0012465976694244455
1130	 LLH-2	0.0012656972642803915	0.0012656972642803915
1131	 LLH-4	0.0012650602456627943	0.0012650602456627943
1133	 LLH-4	0.001264303957317253	0.001264303957317253
1135	 LLH-5	0.0012641649209700384	0.0012641649209700384
1136	 LLH-5	0.0012635052304054613	0.0012635052304054613
1137	 LLH-6	0.0012632555410803208	0.0012632555410803208
1138	 LLH-4	0.0012632555410803208	0.0012632555410803208
1143	 LLH-3	0.0012926703727478594	0.0012632555410803208
1144	 LLH-4	0.0012626809740002012	0.0012626809740002012
1146	 LLH-2	0.0012657100872443883	0.0012657100872443883
1147	 LLH-5	0.0012640121359343494	0.0012640121359343494
1148	 LLH-3	0.0012492348641473723	0.0012492348641473723
1149	 LLH-1	0.0012498152525215387	0.0012498152525215387
1150	 LLH-3	0.0013034293705261144	0.0012498152525215387
1151	 LLH-0	0.0012493032472669975	0.0012493032472669975
1152	 LLH-4	0.0012493032472669975	0.0012493032472669975
1157	 LLH-1	0.0012493032472669975	0.0012493032472669975
1158	 LLH-0	0.0012501598317677396	0.0012501598317677396
1159	 LLH-1	0.0012501598317677396	0.0012501598317677396
1160	 LLH-1	0.0012501598317677396	0.0012501598317677396
1161	 LLH-0	0.0012506648167308954	0.0012506648167308954
1162	 LLH-0	0.001251332675553126	0.001251332675553126
1163	 LLH-1	0.001251332675553126	0.001251332675553126
1164	 LLH-3	0.0013061553727891717	0.001251332675553126
1165	 LLH-6	0.0012502856251354892	0.0012502856251354892
1166	 LLH-3	0.0013055176075060996	0.0012502856251354892
1167	 LLH-4	0.0012502856251354892	0.0012502856251354892
1172	 LLH-5	0.001250214600516387	0.001250214600516387
1173	 LLH-4	0.0012496316901931329	0.0012496316901931329
1178	 LLH-2	0.0012566676319053626	0.0012566676319053626
1179	 LLH-3	0.0013048787249489682	0.0012566676319053626
1180	 LLH-6	0.0012565511556114697	0.0012565511556114697
1181	 LLH-4	0.0012554481403556652	0.0012554481403556652
1186	 LLH-6	0.0012565327024830473	0.0012565327024830473
1187	 LLH-5	0.0012568679351697605	0.0012568679351697605
1188	 LLH-0	0.0012558593185575282	0.0012558593185575282
1189	 LLH-1	0.0012562696817450516	0.0012562696817450516
1190	 LLH-4	0.0012556232121786308	0.0012556232121786308
1194	 LLH-5	0.0012552430080112957	0.0012552430080112957
1195	 LLH-3	0.0013078786313038947	0.0012552430080112957
1196	 LLH-0	0.0012542282202014934	0.0012542282202014934
1197	 LLH-5	0.0012544381286869353	0.0012544381286869353
1198	 LLH-0	0.0012553319928823143	0.0012553319928823143
1199	 LLH-3	0.0013143015532167054	0.0012553319928823143
1200	 LLH-4	0.0012553319928823143	0.0012553319928823143
1205	 LLH-4	0.0012544611409109694	0.0012544611409109694
1207	 LLH-0	0.0012550522504008606	0.0012550522504008606
1208	 LLH-3	0.0012492122187526006	0.0012492122187526006
1209	 LLH-4	0.0012485913344930184	0.0012485913344930184
1213	 LLH-6	0.0012488217248825212	0.0012488217248825212
1214	 LLH-5	0.001249047405193254	0.001249047405193254
1215	 LLH-4	0.001249047405193254	0.001249047405193254
1220	 LLH-6	0.0012495886670260631	0.0012495886670260631
1221	 LLH-0	0.0012500579082858599	0.0012500579082858599
1222	 LLH-1	0.0012500579082858599	0.0012500579082858599
1223	 LLH-4	0.0012495874124377573	0.0012495874124377573
1228	 LLH-6	0.0012488102976199794	0.0012488102976199794
1229	 LLH-3	0.0012462269835978141	0.0012462269835978141
1230	 LLH-5	0.0012467179166876503	0.0012467179166876503
1231	 LLH-0	0.0012471473557845894	0.0012471473557845894
1232	 LLH-5	0.001246767741831748	0.001246767741831748
1233	 LLH-5	0.001246766552852404	0.001246766552852404
1234	 LLH-3	0.0012506308739431557	0.0012506308739431557
1235	 LLH-2	0.0012486384696970452	0.0012486384696970452
1236	 LLH-4	0.0012486384696970452	0.0012486384696970452
1241	 LLH-4	0.0012478499344513246	0.0012478499344513246
1243	 LLH-2	0.00126246106034128	0.00126246106034128
1244	 LLH-1	0.00126246106034128	0.00126246106034128
1245	 LLH-6	0.0012637531960378522	0.0012637531960378522
1246	 LLH-5	0.0012632363141943132	0.0012632363141943132
1247	 LLH-2	0.0012653548963901808	0.0012653548963901808
1248	 LLH-6	0.001264111059300695	0.001264111059300695
1249	 LLH-0	0.001263194274532082	0.001263194274532082
1250	 LLH-1	0.001263288088308383	0.001263288088308383
1251	 LLH-5	0.001263707537638539	0.001263707537638539
1252	 LLH-0	0.001264788307246248	0.001264788307246248
1253	 LLH-3	0.0012526912478946278	0.0012526912478946278
1254	 LLH-1	0.0012526912478946278	0.0012526912478946278
1255	 LLH-0	0.0012532320882912844	0.0012532320882912844
1256	 LLH-4	0.0012532320882912844	0.0012532320882912844
1261	 LLH-5	0.0012537521381160465	0.0012537521381160465
1262	 LLH-3	0.0012599545976326393	0.0012599545976326393
1263	 LLH-0	0.001244822468028131	0.001244822468028131
1264	 LLH-5	0.0012446804278333074	0.0012446804278333074
1265	 LLH-6	0.0012430591149389242	0.0012430591149389242
1266	 LLH-0	0.0012435732372931677	0.0012435732372931677
1267	 LLH-3	0.0012446268458463897	0.0012446268458463897
1268	 LLH-2	0.0012555166439352753	0.0012555166439352753
1269	 LLH-2	0.001266050369238648	0.001266050369238648
1270	 LLH-2	0.0012588242516766311	0.0012588242516766311
1271	 LLH-3	0.0013064412504968654	0.0012588242516766311
1272	 LLH-5	0.0012598359213259473	0.0012598359213259473
1273	 LLH-6	0.0012593622452164968	0.0012593622452164968
1274	 LLH-2	0.001265269053419285	0.001265269053419285
1275	 LLH-6	0.0012634527003789458	0.0012634527003789458
1276	 LLH-3	0.0012587525213440013	0.0012587525213440013
1277	 LLH-2	0.0012541665616612784	0.0012541665616612784
1278	 LLH-3	0.0012552303396981186	0.0012552303396981186
1279	 LLH-0	0.0012546640236787427	0.0012546640236787427
1280	 LLH-2	0.0012590987048259983	0.0012590987048259983
1281	 LLH-6	0.00125936361982538	0.00125936361982538
1282	 LLH-0	0.0012583751235405523	0.0012583751235405523
1283	 LLH-3	0.0013128457091723536	0.0012583751235405523
1284	 LLH-6	0.0012590143400713048	0.0012590143400713048
1285	 LLH-1	0.0012590143400713048	0.0012590143400713048
1286	 LLH-1	0.0012591734642890475	0.0012591734642890475
1287	 LLH-1	0.0012591734642890475	0.0012591734642890475
1288	 LLH-4	0.0012591734642890475	0.0012591734642890475
1293	 LLH-6	0.0012595945605934841	0.0012595945605934841
1294	 LLH-3	0.0013153957658194849	0.0012595945605934841
1295	 LLH-4	0.0012588523158629373	0.0012588523158629373
1297	 LLH-2	0.001271458429898304	0.001271458429898304
1298	 LLH-5	0.0012722616032771845	0.0012722616032771845
1299	 LLH-6	0.0012728027727382314	0.0012728027727382314
1300	 LLH-6	0.001273310239363445	0.001273310239363445
1301	 LLH-0	0.0012726190295140147	0.0012726190295140147
1302	 LLH-5	0.0012730745147004356	0.0012730745147004356
1303	 LLH-3	0.0012580226919542835	0.0012580226919542835
1304	 LLH-1	0.0012579795032171106	0.0012579795032171106
1305	 LLH-1	0.0012579795032171106	0.0012579795032171106
1306	 LLH-6	0.0012584287634867808	0.0012584287634867808
1307	 LLH-5	0.0012586810627869649	0.0012586810627869649
1308	 LLH-3	0.001249821771568178	0.001249821771568178
1309	 LLH-5	0.0012497425511023915	0.0012497425511023915
1310	 LLH-3	0.001250330702535044	0.001250330702535044
1311	 LLH-4	0.001250330702535044	0.001250330702535044
1316	 LLH-4	0.001250330702535044	0.001250330702535044
1321	 LLH-6	0.0012502153793332645	0.0012502153793332645
1322	 LLH-3	0.0012467106394731641	0.0012467106394731641
1323	 LLH-6	0.001246042159419883	0.001246042159419883
1324	 LLH-6	0.0012460211827044682	0.0012460211827044682
1325	 LLH-4	0.0012460211827044682	0.0012460211827044682
1330	 LLH-4	0.0012460211827044682	0.0012460211827044682
1335	 LLH-6	0.001246549302948373	0.001246549302948373
1336	 LLH-0	0.0012471919985298666	0.0012471919985298666
1337	 LLH-6	0.00124782857193503	0.00124782857193503
1338	 LLH-5	0.00124782857193503	0.00124782857193503
1339	 LLH-3	0.0012565871846129755	0.00124782857193503
1340	 LLH-1	0.00124782857193503	0.00124782857193503
1341	 LLH-0	0.001248533685353464	0.001248533685353464
1342	 LLH-3	0.0012721390105226015	0.001248533685353464
1343	 LLH-5	0.0012479169969650552	0.0012479169969650552
1344	 LLH-1	0.0012479169969650552	0.0012479169969650552
1345	 LLH-2	0.0012438837708783265	0.0012438837708783265
1346	 LLH-5	0.00124363137058087	0.00124363137058087
1347	 LLH-5	0.0012425853503906339	0.0012425853503906339
1348	 LLH-3	0.0012773394088155285	0.0012773394088155285
1349	 LLH-0	0.0012761629612755795	0.0012761629612755795
1350	 LLH-3	0.001351746458110049	0.0012761629612755795
1351	 LLH-3	0.0013717803688483516	0.0012761629612755795
1352	 LLH-0	0.001275028509048144	0.001275028509048144
1353	 LLH-2	0.0012808232047037656	0.0012808232047037656
1354	 LLH-3	0.0013810715247363384	0.0012808232047037656
1355	 LLH-4	0.0012797577191502848	0.0012797577191502848
1358	 LLH-0	0.0012810016714917716	0.0012810016714917716
1359	 LLH-6	0.001279728199992599	0.001279728199992599
1360	 LLH-2	0.0012926938733548118	0.0012926938733548118
1361	 LLH-2	0.0012991383556309316	0.0012991383556309316
1362	 LLH-3	0.001263550079837775	0.001263550079837775
1363	 LLH-5	0.0012640421395038205	0.0012640421395038205
1364	 LLH-4	0.001263041264818297	0.001263041264818297
1366	 LLH-3	0.0013249032880997763	0.001263041264818297
1367	 LLH-2	0.0012759810226165731	0.0012759810226165731
1368	 LLH-5	0.001275444693786073	0.001275444693786073
1369	 LLH-4	0.0012743475513513633	0.0012743475513513633
1371	 LLH-1	0.0012743475513513633	0.0012743475513513633
1372	 LLH-5	0.0012744018329751091	0.0012744018329751091
1373	 LLH-3	0.0012537126162279074	0.0012537126162279074
1374	 LLH-0	0.0012543785195820534	0.0012543785195820534
1375	 LLH-5	0.0012541864600432511	0.0012541864600432511
1376	 LLH-3	0.0012440965890556702	0.0012440965890556702
1377	 LLH-5	0.001244571303947859	0.001244571303947859
1378	 LLH-6	0.0012447175319554023	0.0012447175319554023
1379	 LLH-5	0.0012448661772230026	0.0012448661772230026
1380	 LLH-1	0.0012448661772230026	0.0012448661772230026
1381	 LLH-0	0.001245329784033401	0.001245329784033401
1382	 LLH-3	0.001244497439461017	0.001244497439461017
1383	 LLH-3	0.0012507043878733056	0.0012507043878733056
1384	 LLH-2	0.0012527845606989784	0.0012527845606989784
1385	 LLH-2	0.0012623302744221223	0.0012623302744221223
1386	 LLH-0	0.001261716288350188	0.001261716288350188
1387	 LLH-1	0.001261716288350188	0.001261716288350188
1388	 LLH-2	0.0012635135326080629	0.0012635135326080629
1389	 LLH-1	0.0012635393719793867	0.0012635393719793867
1390	 LLH-5	0.0012636864570332105	0.0012636864570332105
1391	 LLH-0	0.001264500286887541	0.001264500286887541
1392	 LLH-5	0.0012629924913320704	0.0012629924913320704
1393	 LLH-4	0.0012621576621191543	0.0012621576621191543
1397	 LLH-4	0.001261362156457252	0.001261362156457252
1402	 LLH-6	0.0012610619239056817	0.0012610619239056817
1403	 LLH-6	0.0012603187763485792	0.0012603187763485792
1404	 LLH-2	0.0012733756405239691	0.0012603187763485792
1405	 LLH-5	0.001262085581795615	0.001262085581795615
1406	 LLH-0	0.0012633074865501493	0.0012633074865501493
1407	 LLH-0	0.0012643790015405814	0.0012643790015405814
1408	 LLH-5	0.0012638182985126414	0.0012638182985126414
1409	 LLH-4	0.0012630127051644472	0.0012630127051644472
1413	 LLH-2	0.0012789002589349001	0.0012789002589349001
1414	 LLH-0	0.0012797124814625104	0.0012797124814625104
1415	 LLH-5	0.0012805905658029959	0.0012805905658029959
1416	 LLH-6	0.0012809560080611058	0.0012809560080611058
1417	 LLH-6	0.0012800163742584837	0.0012800163742584837
1418	 LLH-6	0.0012801854408970947	0.0012801854408970947
1419	 LLH-0	0.0012611575896425277	0.0012611575896425277
1420	 LLH-5	0.0012606873351930859	0.0012606873351930859
1421	 LLH-5	0.001261245838389514	0.001261245838389514
1422	 LLH-1	0.0012614931349184107	0.0012614931349184107
1423	 LLH-5	0.0012603571589643512	0.0012603571589643512
1424	 LLH-6	0.00125867551872761	0.00125867551872761
1425	 LLH-3	0.0013456190682047595	0.00125867551872761
1426	 LLH-4	0.00125867551872761	0.00125867551872761
1431	 LLH-6	0.001257722900583024	0.001257722900583024
1432	 LLH-1	0.001257722900583024	0.001257722900583024
1433	 LLH-1	0.001257722900583024	0.001257722900583024
1434	 LLH-2	0.001269866530236442	0.001257722900583024
1435	 LLH-3	0.0012581568460142236	0.001257722900583024
1436	 LLH-4	0.001257722900583024	0.001257722900583024
1441	 LLH-3	0.0012560250907626281	0.0012560250907626281
1442	 LLH-3	0.0012895304262788268	0.0012560250907626281
1443	 LLH-2	0.0012600668218389756	0.0012600668218389756
1444	 LLH-6	0.00126225746035234	0.00126225746035234
1445	 LLH-4	0.001261093420377552	0.001261093420377552
1447	 LLH-3	0.0012509627296789468	0.0012509627296789468
1448	 LLH-3	0.0012598292188973706	0.0012598292188973706
1449	 LLH-4	0.0012593264090690185	0.0012593264090690185
1451	 LLH-5	0.001259013958519773	0.001259013958519773
1452	 LLH-2	0.0012591809044562158	0.0012591809044562158
1453	 LLH-3	0.0012543418186273599	0.0012543418186273599
1454	 LLH-0	0.0012550549091187883	0.0012550549091187883
1455	 LLH-6	0.001255187088449193	0.001255187088449193
1456	 LLH-6	0.0012558714337893386	0.0012558714337893386
1457	 LLH-4	0.0012558714337893386	0.0012558714337893386
1462	 LLH-6	0.0012561102066178137	0.0012561102066178137
1463	 LLH-4	0.0012561102066178137	0.0012561102066178137
1468	 LLH-5	0.0012559498706529047	0.0012559498706529047
1469	 LLH-2	0.0012612987067287902	0.0012559498706529047
1470	 LLH-1	0.0012559498706529047	0.0012559498706529047
1471	 LLH-5	0.0012559498706529047	0.0012559498706529047
1472	 LLH-3	0.0012554709257576355	0.0012554709257576355
1473	 LLH-1	0.0012554709257576355	0.0012554709257576355
1474	 LLH-2	0.0012489538790100964	0.0012489538790100964
1475	 LLH-6	0.0012482957959015775	0.0012482957959015775
1476	 LLH-4	0.0012476345616354045	0.0012476345616354045
1479	 LLH-5	0.001247791870905829	0.001247791870905829
1480	 LLH-4	0.0012472723068547862	0.0012472723068547862
1483	 LLH-3	0.001275751930439174	0.0012472723068547862
1484	 LLH-4	0.0012472723068547862	0.0012472723068547862
1489	 LLH-5	0.0012466044945195663	0.0012466044945195663
1490	 LLH-0	0.001247324762570161	0.001247324762570161
1491	 LLH-3	0.0012909555315524096	0.001247324762570161
1492	 LLH-0	0.001247788129713505	0.001247788129713505
1493	 LLH-1	0.0012477200270334722	0.0012477200270334722
1494	 LLH-2	0.0012588517064499804	0.0012588517064499804
1495	 LLH-2	0.001254503914605102	0.001254503914605102
1496	 LLH-5	0.0012546747853904674	0.0012546747853904674
1497	 LLH-6	0.001255180998124338	0.001255180998124338
1498	 LLH-6	0.0012541377613729445	0.0012541377613729445
1499	 LLH-3	0.0013159603404682184	0.0012541377613729445
1500	 LLH-0	0.0012548315835595341	0.0012548315835595341
1501	 LLH-6	0.0012552535591408356	0.0012552535591408356
1502	 LLH-6	0.0012558420834275419	0.0012558420834275419
1503	 LLH-4	0.0012558420834275419	0.0012558420834275419
1508	 LLH-2	0.0012764050099389685	0.0012558420834275419
1509	 LLH-6	0.001256997243048839	0.0012558420834275419
1510	 LLH-4	0.0012551632672647846	0.0012551632672647846
1514	 LLH-1	0.0012551632672647846	0.0012551632672647846
1515	 LLH-1	0.0012551632672647846	0.0012551632672647846
1516	 LLH-0	0.001256102700329144	0.001256102700329144
1517	 LLH-5	0.0012560075543230943	0.0012560075543230943
1518	 LLH-6	0.001255783340429066	0.001255783340429066
1519	 LLH-2	0.0012641249673210598	0.0012641249673210598
1520	 LLH-2	0.001282776061639665	0.0012641249673210598
1521	 LLH-1	0.0012638961514890253	0.0012638961514890253
1522	 LLH-4	0.0012638961514890253	0.0012638961514890253
1527	 LLH-2	0.0012923158139136483	0.0012638961514890253
1528	 LLH-6	0.001265759701505863	0.0012638961514890253
1529	 LLH-5	0.0012624840437806344	0.0012624840437806344
1530	 LLH-0	0.0012633290867879073	0.0012633290867879073
1531	 LLH-4	0.001262343957959617	0.001262343957959617
1534	 LLH-2	0.0012697788017141855	0.0012697788017141855
1535	 LLH-1	0.0012696308035792636	0.0012696308035792636
1536	 LLH-6	0.0012715596162891252	0.0012715596162891252
1537	 LLH-1	0.0012715600485714944	0.0012715600485714944
1538	 LLH-4	0.0012705149849206597	0.0012705149849206597
1540	 LLH-3	0.001254904926779427	0.001254904926779427
1541	 LLH-6	0.0012532076591944786	0.0012532076591944786
1542	 LLH-3	0.0012515688528525726	0.0012515688528525726
1543	 LLH-6	0.0012513044033725265	0.0012513044033725265
1544	 LLH-2	0.0012508851029719677	0.0012508851029719677
1545	 LLH-1	0.0012508851029719677	0.0012508851029719677
1546	 LLH-2	0.001259310633914656	0.001259310633914656
1547	 LLH-0	0.0012605053088457845	0.0012605053088457845
1548	 LLH-2	0.0012716096256505673	0.0012605053088457845
1549	 LLH-3	0.001319052933289976	0.0012605053088457845
1550	 LLH-2	0.0012616868963631054	0.0012616868963631054
1551	 LLH-6	0.0012608220623621282	0.0012608220623621282
1552	 LLH-2	0.0012679759444779422	0.0012608220623621282
1553	 LLH-5	0.00126097167782834	0.00126097167782834
1554	 LLH-0	0.0012799848010337318	0.0012799848010337318
1555	 LLH-3	0.0013298018902821293	0.0012799848010337318
1556	 LLH-1	0.0012799848010337318	0.0012799848010337318
1557	 LLH-6	0.001279406879169198	0.001279406879169198
1558	 LLH-4	0.00126042455399453	0.00126042455399453
1560	 LLH-3	0.0013499235087632748	0.00126042455399453
1561	 LLH-0	0.001279147144185406	0.00126042455399453
1562	 LLH-5	0.0012612148615700114	0.0012612148615700114
1563	 LLH-0	0.0012798138246129373	0.0012612148615700114
1564	 LLH-3	0.0013391197250961916	0.0012612148615700114
1565	 LLH-0	0.001262027896572936	0.001262027896572936
1566	 LLH-2	0.0012869879871975473	0.001262027896572936
1567	 LLH-5	0.001263653245842222	0.001263653245842222
1568	 LLH-3	0.0012605193958513483	0.0012605193958513483
1569	 LLH-5	0.0012603555193531138	0.0012603555193531138
1570	 LLH-1	0.0012604998454466708	0.0012604998454466708
1571	 LLH-1	0.0012603529170870618	0.0012603529170870618
1572	 LLH-2	0.0012639010209756578	0.0012639010209756578
1573	 LLH-2	0.001266167599772299	0.001266167599772299
1574	 LLH-0	0.0012673866757561601	0.0012673866757561601
1575	 LLH-5	0.0012679804344532825	0.0012679804344532825
1576	 LLH-4	0.0012679804344532825	0.0012679804344532825
1581	 LLH-3	0.0013260258011103697	0.0012679804344532825
1582	 LLH-4	0.0012672175387424417	0.0012672175387424417
1585	 LLH-0	0.0012678822677395058	0.0012678822677395058
1586	 LLH-3	0.001329775424577215	0.0012678822677395058
1587	 LLH-1	0.0012678822677395058	0.0012678822677395058
1588	 LLH-0	0.0012669186751586494	0.0012669186751586494
1589	 LLH-0	0.0012658879085986285	0.0012658879085986285
1590	 LLH-2	0.001273136127907269	0.0012658879085986285
1591	 LLH-6	0.0012658125350358197	0.0012658125350358197
1592	 LLH-1	0.0012658117981958856	0.0012658117981958856
1593	 LLH-1	0.0012658117981958856	0.0012658117981958856
1594	 LLH-1	0.0012659859203423256	0.0012659859203423256
1595	 LLH-3	0.0013095234991176612	0.0012659859203423256
1596	 LLH-1	0.0012658159307037873	0.0012658159307037873
1597	 LLH-1	0.0012656081410603141	0.0012656081410603141
1598	 LLH-3	0.0012583251499780118	0.0012583251499780118
1599	 LLH-2	0.0012656047325262853	0.0012656047325262853
1600	 LLH-3	0.0012587176329808042	0.0012587176329808042
1601	 LLH-4	0.0012587176329808042	0.0012587176329808042
1606	 LLH-5	0.0012580524158339395	0.0012580524158339395
1607	 LLH-1	0.0012580524158339395	0.0012580524158339395
1608	 LLH-3	0.001251656221648175	0.001251656221648175
1609	 LLH-5	0.001251632443631448	0.001251632443631448
1610	 LLH-1	0.001251632443631448	0.001251632443631448
1611	 LLH-2	0.0012613087656183092	0.0012613087656183092
1612	 LLH-2	0.0012636958043238395	0.0012636958043238395
1613	 LLH-3	0.0013019663630950665	0.0012636958043238395
1614	 LLH-6	0.0012640079807312299	0.0012640079807312299
1615	 LLH-5	0.0012648002885907016	0.0012648002885907016
1616	 LLH-1	0.0012644423452757693	0.0012644423452757693
1617	 LLH-2	0.0012674950119725536	0.0012644423452757693
1618	 LLH-2	0.001255040460971694	0.001255040460971694
1619	 LLH-5	0.0012552059964572382	0.0012552059964572382
1620	 LLH-0	0.0012561145545543482	0.0012561145545543482
1621	 LLH-2	0.0012820875465889127	0.0012561145545543482
1622	 LLH-3	0.0013050835052787367	0.0012561145545543482
1623	 LLH-3	0.0013158741370466352	0.0012561145545543482
1624	 LLH-6	0.0012564910896865479	0.0012564910896865479
1625	 LLH-0	0.0012573017031584299	0.0012573017031584299
1626	 LLH-3	0.00125387987806322	0.00125387987806322
1627	 LLH-0	0.0012531392647298198	0.0012531392647298198
1628	 LLH-6	0.001252349512927786	0.001252349512927786
1629	 LLH-5	0.0012537546068150409	0.0012537546068150409
1630	 LLH-5	0.001254186023388844	0.001254186023388844
1631	 LLH-0	0.0012553834562626758	0.0012553834562626758
1632	 LLH-0	0.0012559880625674258	0.0012559880625674258
1633	 LLH-1	0.0012562997768814442	0.0012562997768814442
1634	 LLH-4	0.0012562997768814442	0.0012562997768814442
1639	 LLH-5	0.00125693174766414	0.00125693174766414
1640	 LLH-5	0.001257438929250745	0.001257438929250745
1641	 LLH-5	0.001257431827138012	0.001257431827138012
1642	 LLH-1	0.0012574367216759072	0.0012574367216759072
1643	 LLH-6	0.001257124461359577	0.001257124461359577
1644	 LLH-1	0.001257124461359577	0.001257124461359577
1645	 LLH-3	0.0013050997966999368	0.001257124461359577
1646	 LLH-1	0.001257124461359577	0.001257124461359577
1647	 LLH-6	0.0012578071149482394	0.001257124461359577
1648	 LLH-6	0.001257205673096285	0.001257205673096285
1649	 LLH-1	0.001257205673096285	0.001257205673096285
1650	 LLH-6	0.0012570025314455145	0.0012570025314455145
1651	 LLH-1	0.0012570025314455145	0.0012570025314455145
1652	 LLH-1	0.0012570025314455145	0.0012570025314455145
1653	 LLH-1	0.0012570025314455145	0.0012570025314455145
1654	 LLH-3	0.0012920549674939798	0.0012570025314455145
1655	 LLH-0	0.0012575667411448043	0.0012575667411448043
1656	 LLH-6	0.0012576783177634385	0.0012576783177634385
1657	 LLH-3	0.0012974937972209848	0.0012576783177634385
1658	 LLH-6	0.0012566632883731247	0.0012566632883731247
1659	 LLH-2	0.0012688260706048378	0.0012566632883731247
1660	 LLH-3	0.0013127808835558142	0.0012566632883731247
1661	 LLH-1	0.0012568579793985827	0.0012568579793985827
1662	 LLH-6	0.0012573526511749933	0.0012573526511749933
1663	 LLH-2	0.0012601253809558875	0.0012601253809558875
1664	 LLH-5	0.0012599582139732296	0.0012599582139732296
1665	 LLH-0	0.0012610155229198857	0.0012610155229198857
1666	 LLH-4	0.0012603421784027047	0.0012603421784027047
1669	 LLH-0	0.0012609172103007255	0.0012609172103007255
1670	 LLH-0	0.0012603067422084944	0.0012603067422084944
1671	 LLH-1	0.0012595828482712622	0.0012595828482712622
1672	 LLH-6	0.0012596110855848997	0.0012596110855848997
1673	 LLH-5	0.0012601335597759332	0.0012601335597759332
1674	 LLH-0	0.0012609432359806287	0.0012609432359806287
1675	 LLH-3	0.0013282845031225227	0.0012609432359806287
1676	 LLH-4	0.0012609432359806287	0.0012609432359806287
1681	 LLH-6	0.0012587366909347	0.0012587366909347
1682	 LLH-5	0.0012593241721021902	0.0012593241721021902
1683	 LLH-6	0.0012597666178476318	0.0012597666178476318
1684	 LLH-1	0.0012597666178476318	0.0012597666178476318
1685	 LLH-1	0.0012597666178476318	0.0012597666178476318
1686	 LLH-3	0.0013234401422521846	0.0012597666178476318
1687	 LLH-2	0.0012534490081614314	0.0012534490081614314
1688	 LLH-0	0.00125417654603772	0.00125417654603772
1689	 LLH-1	0.00125417654603772	0.00125417654603772
1690	 LLH-3	0.001246926992072957	0.001246926992072957
1691	 LLH-0	0.0012474831150333743	0.0012474831150333743
1692	 LLH-6	0.0012501269210646526	0.0012501269210646526
1693	 LLH-5	0.0012510212551797492	0.0012501269210646526
1694	 LLH-1	0.0012498568223826489	0.0012498568223826489
1695	 LLH-5	0.0012501597570813347	0.0012498568223826489
1696	 LLH-4	0.0012490210957487964	0.0012490210957487964
1700	 LLH-0	0.0012496863203870963	0.0012496863203870963
1701	 LLH-6	0.0012499333080032455	0.0012499333080032455
1702	 LLH-6	0.0012499095811058097	0.0012499095811058097
1703	 LLH-3	0.0012561783971812442	0.0012561783971812442
1704	 LLH-2	0.0012545484659963859	0.0012545484659963859
1705	 LLH-4	0.0012539469646882795	0.0012539469646882795
1709	 LLH-4	0.0012527416569392768	0.0012527416569392768
1712	 LLH-2	0.0012527546011600512	0.0012527546011600512
1713	 LLH-3	0.0013057955222217973	0.0012527546011600512
1714	 LLH-6	0.001251593788327237	0.001251593788327237
1715	 LLH-6	0.0012515400590341207	0.0012515400590341207
1716	 LLH-3	0.001300396864246398	0.0012515400590341207
1717	 LLH-0	0.0012521234015785148	0.0012521234015785148
1718	 LLH-0	0.0012515561163685004	0.0012515561163685004
1719	 LLH-4	0.001250843352722525	0.001250843352722525
1721	 LLH-1	0.001250843352722525	0.001250843352722525
1722	 LLH-0	0.0012514920972360086	0.0012514920972360086
1723	 LLH-3	0.0012521342852026785	0.0012521342852026785
1724	 LLH-2	0.0012548509621856097	0.0012548509621856097
1725	 LLH-1	0.0012548509621856097	0.0012548509621856097
1726	 LLH-2	0.0012676438370674747	0.0012548509621856097
1727	 LLH-4	0.0012537585187931488	0.0012537585187931488
1730	 LLH-6	0.0012520156630306265	0.0012520156630306265
1731	 LLH-0	0.0012527655572053566	0.0012520156630306265
1732	 LLH-3	0.001255290546291225	0.0012520156630306265
1733	 LLH-4	0.0012520156630306265	0.0012520156630306265
1738	 LLH-6	0.0012517424687685335	0.0012517424687685335
1739	 LLH-6	0.0012514830897788001	0.0012514830897788001
1740	 LLH-1	0.0012514831836248359	0.0012514831836248359
1741	 LLH-5	0.001251270574091592	0.001251270574091592
1742	 LLH-5	0.0012513497406340063	0.0012513497406340063
1743	 LLH-0	0.0012519840440474341	0.0012519840440474341
1744	 LLH-2	0.0012550691347414512	0.0012519840440474341
1745	 LLH-5	0.0012518977403782703	0.0012518977403782703
1746	 LLH-2	0.00126867109285775	0.0012518977403782703
1747	 LLH-4	0.0012512972000088762	0.0012512972000088762
1749	 LLH-4	0.0012506651651357052	0.0012506651651357052
1751	 LLH-2	0.0012718176499684464	0.0012506651651357052
1752	 LLH-0	0.0012497000563846154	0.0012497000563846154
1753	 LLH-2	0.0012598227317968651	0.0012497000563846154
1754	 LLH-1	0.0012498187742146897	0.0012498187742146897
1755	 LLH-3	0.0012548492619474294	0.0012548492619474294
1756	 LLH-2	0.0012593264118011813	0.0012548492619474294
1757	 LLH-0	0.001255770598774682	0.001255770598774682
1758	 LLH-5	0.001255594055396146	0.001255594055396146
1759	 LLH-2	0.0012638270396799402	0.001255594055396146
1760	 LLH-5	0.001255337865884365	0.001255337865884365
1761	 LLH-3	0.0012972996296169526	0.001255337865884365
1762	 LLH-2	0.0012640745024335486	0.001255337865884365
1763	 LLH-1	0.001255337865884365	0.001255337865884365
1764	 LLH-4	0.001255337865884365	0.001255337865884365
1769	 LLH-5	0.0012558258714427232	0.0012558258714427232
1770	 LLH-3	0.001302901206032246	0.0012558258714427232
1771	 LLH-4	0.0012553361773874683	0.0012553361773874683
1774	 LLH-5	0.0012559483085585535	0.0012559483085585535
1775	 LLH-0	0.0012568471114060584	0.0012568471114060584
1776	 LLH-6	0.0012566165625908599	0.0012566165625908599
1777	 LLH-3	0.00125035500392592	0.00125035500392592
1778	 LLH-4	0.00125035500392592	0.00125035500392592
1783	 LLH-0	0.0012508900036744387	0.0012508900036744387
1784	 LLH-5	0.0012511804784674627	0.0012511804784674627
1785	 LLH-3	0.0012918752967890988	0.0012511804784674627
1786	 LLH-6	0.0012507397248684624	0.0012507397248684624
1787	 LLH-3	0.001288478195318459	0.0012507397248684624
1788	 LLH-0	0.001251232171477275	0.001251232171477275
1789	 LLH-0	0.0012517424926399168	0.0012517424926399168
1790	 LLH-1	0.0012517424926399168	0.0012517424926399168
1791	 LLH-4	0.0012517424926399168	0.0012517424926399168
1796	 LLH-3	0.0012543034172706577	0.0012543034172706577
1797	 LLH-6	0.0012545961683102834	0.0012545961683102834
1798	 LLH-0	0.0012551062668556523	0.0012551062668556523
1799	 LLH-4	0.0012551062668556523	0.0012551062668556523
1804	 LLH-5	0.0012548373558698693	0.0012548373558698693
1805	 LLH-5	0.0012542419215525085	0.0012542419215525085
1806	 LLH-1	0.0012542419215525085	0.0012542419215525085
1807	 LLH-3	0.001244272290811096	0.001244272290811096
1808	 LLH-2	0.001249049286615077	0.001244272290811096
1809	 LLH-3	0.0012766585995919438	0.001244272290811096
1810	 LLH-2	0.001243853291177536	0.001243853291177536
1811	 LLH-3	0.0012880340867885984	0.001243853291177536
1812	 LLH-3	0.0012452517279647045	0.0012452517279647045
1813	 LLH-6	0.001245753747987606	0.001245753747987606
1814	 LLH-2	0.0012515283128288308	0.0012515283128288308
1815	 LLH-0	0.001252355058907993	0.0012515283128288308
1816	 LLH-4	0.0012515283128288308	0.0012515283128288308
1821	 LLH-0	0.0012523481482736047	0.0012523481482736047
1822	 LLH-4	0.001251853422419411	0.001251853422419411
1826	 LLH-5	0.0012517496889237845	0.0012517496889237845
1827	 LLH-3	0.0012948526547195477	0.0012517496889237845
1828	 LLH-5	0.0012512677302398843	0.0012512677302398843
1829	 LLH-2	0.0012591234069747122	0.0012512677302398843
1830	 LLH-6	0.0012508275385177566	0.0012508275385177566
1831	 LLH-3	0.001249942327254538	0.001249942327254538
1832	 LLH-1	0.001249942327254538	0.001249942327254538
1833	 LLH-1	0.001249847571393613	0.001249847571393613
1834	 LLH-1	0.001249847571393613	0.001249847571393613
1835	 LLH-3	0.001292714559178391	0.001249847571393613
1836	 LLH-2	0.0012617723121761733	0.001249847571393613
1837	 LLH-0	0.0012503579876930136	0.0012503579876930136
1838	 LLH-6	0.0012504359080104392	0.0012504359080104392
1839	 LLH-5	0.0012499428591202415	0.0012499428591202415
1840	 LLH-2	0.0012583132285557603	0.0012499428591202415
1841	 LLH-1	0.0012499428591202415	0.0012499428591202415
1842	 LLH-5	0.0012499428591202415	0.0012499428591202415
1843	 LLH-0	0.0012504830867040577	0.0012504830867040577
1844	 LLH-0	0.0012510523934560736	0.0012510523934560736
1845	 LLH-2	0.001262577893416803	0.001262577893416803
1846	 LLH-4	0.001261682635815325	0.001261682635815325
1851	 LLH-4	0.0012611877623211107	0.0012611877623211107
1855	 LLH-4	0.0012605308002893913	0.0012605308002893913
1859	 LLH-4	0.0012598365847913161	0.0012598365847913161
1861	 LLH-5	0.0012599719272800823	0.0012599719272800823
1862	 LLH-6	0.0012594970013746298	0.0012594970013746298
1863	 LLH-4	0.0012588780010480477	0.0012588780010480477
1865	 LLH-2	0.0012607973857825445	0.0012607973857825445
1866	 LLH-4	0.001259796661950862	0.001259796661950862
1868	 LLH-5	0.0012599365189939564	0.0012599365189939564
1869	 LLH-5	0.0012610558918458635	0.0012610558918458635
1870	 LLH-2	0.0012673140858820587	0.0012610558918458635
1871	 LLH-2	0.0012686767420334478	0.0012610558918458635
1872	 LLH-5	0.001261597932553618	0.001261597932553618
1873	 LLH-6	0.0012602306000874769	0.0012602306000874769
1874	 LLH-4	0.001259603874345374	0.001259603874345374
1878	 LLH-4	0.001259603874345374	0.001259603874345374
1883	 LLH-1	0.001259603874345374	0.001259603874345374
1884	 LLH-0	0.0012606821282907389	0.0012606821282907389
1885	 LLH-2	0.0012673159721716606	0.0012673159721716606
1886	 LLH-2	0.0012660059959663111	0.0012660059959663111
1887	 LLH-5	0.0012659630378034587	0.0012659630378034587
1888	 LLH-0	0.0012650166844200633	0.0012650166844200633
1889	 LLH-3	0.0013160139919561483	0.0012650166844200633
1890	 LLH-0	0.0012661058185936757	0.0012650166844200633
1891	 LLH-2	0.0012668041242585462	0.0012650166844200633
1892	 LLH-4	0.00126418875871907	0.00126418875871907
1896	 LLH-2	0.0012678106904424403	0.00126418875871907
1897	 LLH-1	0.00126418875871907	0.00126418875871907
1898	 LLH-4	0.0012634332514947083	0.0012634332514947083
1901	 LLH-2	0.0012796775697090064	0.0012634332514947083
1902	 LLH-3	0.001317218464349859	0.0012634332514947083
1903	 LLH-1	0.0012634332514947083	0.0012634332514947083
1904	 LLH-4	0.0012627074040455347	0.0012627074040455347
1907	 LLH-1	0.0012631483995071053	0.0012627074040455347
1908	 LLH-3	0.0013266526143969344	0.0012627074040455347
1909	 LLH-6	0.0012628835357496723	0.0012628835357496723
1910	 LLH-4	0.0012628835357496723	0.0012628835357496723
1915	 LLH-5	0.001261816642013635	0.001261816642013635
1916	 LLH-1	0.001261816642013635	0.001261816642013635
1917	 LLH-4	0.0012607373959665213	0.0012607373959665213
1922	 LLH-1	0.0012607373959665213	0.0012607373959665213
1923	 LLH-0	0.0012615583824006347	0.0012615583824006347
1924	 LLH-2	0.001271440914022203	0.0012615583824006347
1925	 LLH-6	0.0012615785960810037	0.0012615785960810037
1926	 LLH-5	0.0012622371615351514	0.0012622371615351514
1927	 LLH-4	0.0012612719548627624	0.0012612719548627624
1931	 LLH-6	0.0012603732868060296	0.0012603732868060296
1932	 LLH-4	0.0012596958022167524	0.0012596958022167524
1934	 LLH-4	0.0012588194807870894	0.0012588194807870894
1937	 LLH-3	0.0012534063725662113	0.0012534063725662113
1938	 LLH-2	0.0012609267477434781	0.0012534063725662113
1939	 LLH-0	0.0012527204630556213	0.0012527204630556213
1940	 LLH-1	0.0012526450921373626	0.0012526450921373626
1941	 LLH-2	0.0012602251060472897	0.0012526450921373626
1942	 LLH-2	0.0012606472571367808	0.0012526450921373626
1943	 LLH-3	0.0012592891386890446	0.0012526450921373626
1944	 LLH-0	0.0012534898568945401	0.0012534898568945401
1945	 LLH-0	0.001254341500300812	0.001254341500300812
1946	 LLH-5	0.0012544124940431396	0.0012544124940431396
1947	 LLH-5	0.0012542117432219483	0.0012542117432219483
1948	 LLH-0	0.0012548025288429301	0.0012548025288429301
1949	 LLH-2	0.0012543859088587131	0.0012543859088587131
1950	 LLH-4	0.0012535692500942389	0.0012535692500942389
1952	 LLH-2	0.0012559470673961617	0.0012559470673961617
1953	 LLH-3	0.0012519954785577571	0.0012519954785577571
1954	 LLH-5	0.0012505023599979968	0.0012505023599979968
1955	 LLH-5	0.0012498690494767044	0.0012498690494767044
1956	 LLH-4	0.0012498690494767044	0.0012498690494767044
1961	 LLH-4	0.0012490010383964735	0.0012490010383964735
1964	 LLH-2	0.0012560807035732673	0.0012490010383964735
1965	 LLH-4	0.001248417652748968	0.001248417652748968
1967	 LLH-2	0.0012565677114765557	0.001248417652748968
1968	 LLH-4	0.001248417652748968	0.001248417652748968
1973	 LLH-2	0.0012653056999113426	0.001248417652748968
1974	 LLH-4	0.001248417652748968	0.001248417652748968
1979	 LLH-4	0.001247933830803431	0.001247933830803431
1981	 LLH-2	0.0012606122276313612	0.001247933830803431
1982	 LLH-3	0.001290213778403985	0.001247933830803431
1983	 LLH-4	0.001247933830803431	0.001247933830803431
1988	 LLH-1	0.0012478471575286996	0.0012478471575286996
1989	 LLH-5	0.0012477708618797482	0.0012477708618797482
1990	 LLH-3	0.0012528656671906765	0.0012477708618797482
1991	 LLH-6	0.0012469497439584658	0.0012469497439584658
1992	 LLH-5	0.0012471288378218853	0.0012471288378218853
1993	 LLH-0	0.0012463317527332274	0.0012463317527332274
1994	 LLH-1	0.0012463317527332274	0.0012463317527332274
1995	 LLH-6	0.0012460400655387438	0.0012460400655387438
1996	 LLH-2	0.0012545313875308756	0.0012460400655387438
1997	 LLH-3	0.0012977265773228752	0.0012460400655387438
1998	 LLH-5	0.0012464464222222155	0.0012464464222222155
1999	 LLH-6	0.0012470554109827554	0.0012470554109827554
GRID-Start
0.0	0.0
0.0	308.0385
0.0	616.077
0.0	924.1155
0.0	1232.154
0.0	1540.1925
0.0	1848.2310000000002
0.0	2156.2695000000003
0.0	2464.3080000000004
0.0	2772.3465000000006
0.0	3080.3850000000007
0.0	3388.423500000001
0.0	3696.462000000001
0.0	4004.500500000001
0.0	4312.539000000001
0.0	4620.5775
0.0	4928.616
0.0	5236.6545
0.0	5544.692999999999
0.0	5852.731499999999
0.0	6160.769999999999
0.0	6468.808499999998
308.0385	0.0
308.0385	308.0385
308.0385	616.077
308.0385	924.1155
308.0385	1232.154
308.0385	1540.1925
308.0385	1848.2310000000002
308.0385	2156.2695000000003
308.0385	2464.3080000000004
308.0385	2772.3465000000006
308.0385	3080.3850000000007
308.0385	3388.423500000001
308.0385	3696.462000000001
308.0385	4004.500500000001
308.0385	4312.539000000001
308.0385	4620.5775
308.0385	4928.616
308.0385	5236.6545
308.0385	5544.692999999999
308.0385	5852.731499999999
308.0385	6160.769999999999
308.0385	6468.808499999998
616.077	0.0
616.077	308.0385
616.077	616.077
616.077	924.1155
616.077	1232.154
616.077	1540.1925
616.077	1848.2310000000002
616.077	2156.2695000000003
616.077	2464.3080000000004
616.077	2772.3465000000006
616.077	3080.3850000000007
616.077	3388.423500000001
616.077	3696.462000000001
616.077	4004.500500000001
616.077	4312.539000000001
616.077	4620.5775
616.077	4928.616
616.077	5236.6545
616.077	5544.692999999999
616.077	5852.731499999999
616.077	6160.769999999999
616.077	6468.808499999998
924.1155	0.0
924.1155	308.0385
924.1155	616.077
924.1155	924.1155
924.1155	1232.154
924.1155	1540.1925
924.1155	1848.2310000000002
924.1155	2156.2695000000003
924.1155	2464.3080000000004
924.1155	2772.3465000000006
924.1155	3080.3850000000007
924.1155	3388.423500000001
924.1155	3696.462000000001
924.1155	4004.500500000001
924.1155	4312.539000000001
924.1155	4620.5775
924.1155	4928.616
924.1155	5236.6545
924.1155	5544.692999999999
924.1155	5852.731499999999
924.1155	6160.769999999999
924.1155	6468.808499999998
1232.154	0.0
1232.154	308.0385
1232.154	616.077
1232.154	924.1155
1232.154	1232.154
1232.154	1540.1925
1232.154	1848.2310000000002
1232.154	2156.2695000000003
1232.154	2464.3080000000004
1232.154	2772.3465000000006
1232.154	3080.3850000000007
1232.154	4620.5775
1232.154	4928.616
1232.154	5236.6545
1232.154	5544.692999999999
1232.154	5852.731499999999
1232.154	6160.769999999999
1232.154	6468.808499999998
1540.1925	0.0
1540.1925	308.0385
1540.1925	616.077
1540.1925	924.1155
1540.1925	1232.154
1540.1925	1540.1925
1540.1925	1848.2310000000002
1540.1925	2156.2695000000003
1540.1925	2464.3080000000004
1540.1925	2772.3465000000006
1540.1925	3080.3850000000007
1540.1925	4620.5775
1540.1925	4928.616
1540.1925	5236.6545
1540.1925	5544.692999999999
1540.1925	5852.731499999999
1540.1925	6160.769999999999
1540.1925	6468.808499999998
1848.2310000000002	0.0
1848.2310000000002	308.0385
1848.2310000000002	616.077
1848.2310000000002	924.1155
1848.2310000000002	1232.154
1848.2310000000002	1540.1925
1848.2310000000002	1848.2310000000002
1848.2310000000002	2156.2695000000003
1848.2310000000002	2464.3080000000004
1848.2310000000002	2772.3465000000006
1848.2310000000002	3080.3850000000007
1848.2310000000002	4620.5775
1848.2310000000002	4928.616
1848.2310000000002	5236.6545
1848.2310000000002	5544.692999999999
1848.2310000000002	5852.731499999999
1848.2310000000002	6160.769999999999
1848.2310000000002	6468.808499999998
2156.2695000000003	0.0
2156.2695000000003	308.0385
2156.2695000000003	616.077
2156.2695000000003	924.1155
2156.2695000000003	1232.154
2156.2695000000003	1540.1925
2156.2695000000003	1848.2310000000002
2156.2695000000003	2156.2695000000003
2156.2695000000003	2464.3080000000004
2156.2695000000003	2772.3465000000006
2156.2695000000003	3080.3850000000007
2156.2695000000003	4620.5775
2156.2695000000003	4928.616
2156.2695000000003	5236.6545
2156.2695000000003	5544.692999999999
2156.2695000000003	5852.731499999999
2156.2695000000003	6160.769999999999
2156.2695000000003	6468.808499999998
2464.3080000000004	0.0
2464.3080000000004	2464.3080000000004
2464.3080000000004	2772.3465000000006
2464.3080000000004	3080.3850000000007
2464.3080000000004	3388.423500000001
2464.3080000000004	3696.462000000001
2464.3080000000004	4004.500500000001
2464.3080000000004	4312.539000000001
2464.3080000000004	4620.5775
2464.3080000000004	4928.616
2464.3080000000004	5236.6545
2464.3080000000004	5544.692999999999
2464.3080000000004	5852.731499999999
2464.3080000000004	6160.769999999999
2464.3080000000004	6468.808499999998
2772.3465000000006	0.0
2772.3465000000006	2464.3080000000004
2772.3465000000006	2772.3465000000006
2772.3465000000006	3080.3850000000007
2772.3465000000006	3388.423500000001
2772.3465000000006	3696.462000000001
2772.3465000000006	4004.500500000001
2772.3465000000006	4312.539000000001
2772.3465000000006	4620.5775
2772.3465000000006	4928.616
2772.3465000000006	5236.6545
2772.3465000000006	5544.692999999999
2772.3465000000006	5852.731499999999
2772.3465000000006	6160.769999999999
2772.3465000000006	6468.808499999998
3080.3850000000007	0.0
3080.3850000000007	2464.3080000000004
3080.3850000000007	2772.3465000000006
3080.3850000000007	3080.3850000000007
3080.3850000000007	3388.423500000001
3080.3850000000007	3696.462000000001
3080.3850000000007	4004.500500000001
3080.3850000000007	4312.539000000001
3080.3850000000007	4620.5775
3080.3850000000007	4928.616
3080.3850000000007	5236.6545
3080.3850000000007	5544.692999999999
3080.3850000000007	5852.731499999999
3080.3850000000007	6160.769999999999
3080.3850000000007	6468.808499999998
3388.423500000001	0.0
3388.423500000001	2464.3080000000004
3388.423500000001	2772.3465000000006
3388.423500000001	3080.3850000000007
3388.423500000001	3388.423500000001
3388.423500000001	3696.462000000001
3388.423500000001	4004.500500000001
3388.423500000001	4312.539000000001
3388.423500000001	4620.5775
3388.423500000001	4928.616
3388.423500000001	5236.6545
3388.423500000001	5544.692999999999
3388.423500000001	5852.731499999999
3388.423500000001	6160.769999999999
3388.423500000001	6468.808499999998
3696.462000000001	0.0
3696.462000000001	308.0385
3696.462000000001	616.077
3696.462000000001	924.1155
3696.462000000001	1232.154
3696.462000000001	1540.1925
3696.462000000001	1848.2310000000002
3696.462000000001	2156.2695000000003
3696.462000000001	3388.423500000001
3696.462000000001	3696.462000000001
3696.462000000001	4004.500500000001
3696.462000000001	4312.539000000001
3696.462000000001	4620.5775
3696.462000000001	4928.616
3696.462000000001	5236.6545
3696.462000000001	5544.692999999999
3696.462000000001	5852.731499999999
3696.462000000001	6160.769999999999
3696.462000000001	6468.808499999998
4004.500500000001	0.0
4004.500500000001	308.0385
4004.500500000001	616.077
4004.500500000001	924.1155
4004.500500000001	1232.154
4004.500500000001	1540.1925
4004.500500000001	1848.2310000000002
4004.500500000001	2156.2695000000003
4004.500500000001	3388.423500000001
4004.500500000001	3696.462000000001
4004.500500000001	4004.500500000001
4004.500500000001	4312.539000000001
4004.500500000001	4620.5775
4004.500500000001	4928.616
4004.500500000001	5236.6545
4004.500500000001	5544.692999999999
4004.500500000001	5852.731499999999
4004.500500000001	6160.769999999999
4004.500500000001	6468.808499999998
4312.539000000001	0.0
4312.539000000001	308.0385
4312.539000000001	616.077
4312.539000000001	924.1155
4312.539000000001	1232.154
4312.539000000001	1540.1925
4312.539000000001	1848.2310000000002
4312.539000000001	2156.2695000000003
4312.539000000001	3388.423500000001
4312.539000000001	3696.462000000001
4312.539000000001	4004.500500000001
4312.539000000001	4312.539000000001
4312.539000000001	4620.5775
4312.539000000001	4928.616
4312.539000000001	5236.6545
4312.539000000001	5544.692999999999
4312.539000000001	5852.731499999999
4312.539000000001	6160.769999999999
4312.539000000001	6468.808499999998
4620.5775	0.0
4620.5775	308.0385
4620.5775	616.077
4620.5775	924.1155
4620.5775	1232.154
4620.5775	1540.1925
4620.5775	1848.2310000000002
4620.5775	2156.2695000000003
4620.5775	2464.3080000000004
4620.5775	2772.3465000000006
4620.5775	3080.3850000000007
4620.5775	3388.423500000001
4620.5775	3696.462000000001
4620.5775	4004.500500000001
4620.5775	4312.539000000001
4620.5775	4620.5775
4620.5775	4928.616
4620.5775	5236.6545
4620.5775	5544.692999999999
4620.5775	5852.731499999999
4620.5775	6160.769999999999
4620.5775	6468.808499999998
4928.616	0.0
4928.616	308.0385
4928.616	616.077
4928.616	924.1155
4928.616	1232.154
4928.616	1540.1925
4928.616	1848.2310000000002
4928.616	2156.2695000000003
4928.616	2464.3080000000004
4928.616	2772.3465000000006
4928.616	3080.3850000000007
4928.616	3388.423500000001
4928.616	3696.462000000001
4928.616	4004.500500000001
4928.616	4312.539000000001
4928.616	4620.5775
4928.616	4928.616
4928.616	5236.6545
4928.616	5544.692999999999
4928.616	5852.731499999999
4928.616	6160.769999999999
4928.616	6468.808499999998
5236.6545	0.0
5236.6545	308.0385
5236.6545	616.077
5236.6545	924.1155
5236.6545	1232.154
5236.6545	1540.1925
5236.6545	1848.2310000000002
5236.6545	2156.2695000000003
5236.6545	2464.3080000000004
5236.6545	2772.3465000000006
5236.6545	3080.3850000000007
5236.6545	3388.423500000001
5236.6545	3696.462000000001
5236.6545	4004.500500000001
5236.6545	4312.539000000001
5236.6545	4620.5775
5236.6545	4928.616
5236.6545	5236.6545
5236.6545	5544.692999999999
5236.6545	5852.731499999999
5236.6545	6160.769999999999
5236.6545	6468.808499999998
5544.692999999999	0.0
5544.692999999999	308.0385
5544.692999999999	616.077
5544.692999999999	924.1155
5544.692999999999	1232.154
5544.692999999999	1540.1925
5544.692999999999	1848.2310000000002
5544.692999999999	2156.2695000000003
5544.692999999999	2464.3080000000004
5544.692999999999	2772.3465000000006
5544.692999999999	3080.3850000000007
5544.692999999999	3388.423500000001
5544.692999999999	3696.462000000001
5544.692999999999	4004.500500000001
5544.692999999999	4312.539000000001
5544.692999999999	4620.5775
5544.692999999999	4928.616
5544.692999999999	5236.6545
5544.692999999999	5544.692999999999
5544.692999999999	5852.731499999999
5544.692999999999	6160.769999999999
5544.692999999999	6468.808499999998
5852.731499999999	0.0
5852.731499999999	308.0385
5852.731499999999	616.077
5852.731499999999	924.1155
5852.731499999999	1232.154
5852.731499999999	1540.1925
5852.731499999999	1848.2310000000002
5852.731499999999	2156.2695000000003
5852.731499999999	2464.3080000000004
5852.731499999999	2772.3465000000006
5852.731499999999	3080.3850000000007
5852.731499999999	3388.423500000001
5852.731499999999	3696.462000000001
5852.731499999999	4004.500500000001
5852.731499999999	4312.539000000001
5852.731499999999	4620.5775
5852.731499999999	4928.616
5852.731499999999	5236.6545
5852.731499999999	5544.692999999999
5852.731499999999	5852.731499999999
5852.731499999999	6160.769999999999
5852.731499999999	6468.808499999998
6160.769999999999	0.0
6160.769999999999	308.0385
6160.769999999999	616.077
6160.769999999999	924.1155
6160.769999999999	1232.154
6160.769999999999	1540.1925
6160.769999999999	1848.2310000000002
6160.769999999999	2156.2695000000003
6160.769999999999	2464.3080000000004
6160.769999999999	2772.3465000000006
6160.769999999999	3080.3850000000007
6160.769999999999	3388.423500000001
6160.769999999999	3696.462000000001
6160.769999999999	4004.500500000001
6160.769999999999	4312.539000000001
6160.769999999999	4620.5775
6160.769999999999	4928.616
6160.769999999999	5236.6545
6160.769999999999	5544.692999999999
6160.769999999999	5852.731499999999
6160.769999999999	6160.769999999999
6160.769999999999	6468.808499999998
6468.808499999998	0.0
6468.808499999998	308.0385
6468.808499999998	616.077
6468.808499999998	924.1155
6468.808499999998	1232.154
6468.808499999998	1540.1925
6468.808499999998	1848.2310000000002
6468.808499999998	2156.2695000000003
6468.808499999998	2464.3080000000004
6468.808499999998	2772.3465000000006
6468.808499999998	3080.3850000000007
6468.808499999998	3388.423500000001
6468.808499999998	3696.462000000001
6468.808499999998	4004.500500000001
6468.808499999998	4312.539000000001
6468.808499999998	4620.5775
6468.808499999998	4928.616
6468.808499999998	5236.6545
6468.808499999998	5544.692999999999
6468.808499999998	5852.731499999999
6468.808499999998	6160.769999999999
6468.808499999998	6468.808499999998
6776.846999999998	0.0
6776.846999999998	308.0385
6776.846999999998	616.077
6776.846999999998	924.1155
6776.846999999998	1232.154
6776.846999999998	1540.1925
6776.846999999998	1848.2310000000002
6776.846999999998	2156.2695000000003
6776.846999999998	2464.3080000000004
6776.846999999998	2772.3465000000006
6776.846999999998	3080.3850000000007
6776.846999999998	3388.423500000001
6776.846999999998	3696.462000000001
6776.846999999998	4004.500500000001
6776.846999999998	4312.539000000001
6776.846999999998	4620.5775
6776.846999999998	4928.616
6776.846999999998	5236.6545
6776.846999999998	5544.692999999999
6776.846999999998	5852.731499999999
6776.846999999998	6160.769999999999
6776.846999999998	6468.808499999998
7084.885499999998	0.0
7084.885499999998	308.0385
7084.885499999998	616.077
7084.885499999998	924.1155
7084.885499999998	1232.154
7084.885499999998	1540.1925
7084.885499999998	1848.2310000000002
7084.885499999998	2156.2695000000003
7084.885499999998	2464.3080000000004
7084.885499999998	2772.3465000000006
7084.885499999998	3080.3850000000007
7084.885499999998	3388.423500000001
7084.885499999998	3696.462000000001
7084.885499999998	4004.500500000001
7084.885499999998	4312.539000000001
7084.885499999998	4620.5775
7084.885499999998	4928.616
7084.885499999998	5236.6545
7084.885499999998	5544.692999999999
7084.885499999998	5852.731499999999
7084.885499999998	6160.769999999999
7084.885499999998	6468.808499999998
7392.923999999997	0.0
7392.923999999997	308.0385
7392.923999999997	616.077
7392.923999999997	924.1155
7392.923999999997	1232.154
7392.923999999997	1540.1925
7392.923999999997	1848.2310000000002
7392.923999999997	2156.2695000000003
7392.923999999997	2464.3080000000004
7392.923999999997	2772.3465000000006
7392.923999999997	3080.3850000000007
7392.923999999997	3388.423500000001
7392.923999999997	3696.462000000001
7392.923999999997	4004.500500000001
7392.923999999997	4312.539000000001
7392.923999999997	4620.5775
7392.923999999997	4928.616
7392.923999999997	5236.6545
7392.923999999997	5544.692999999999
7392.923999999997	5852.731499999999
7392.923999999997	6160.769999999999
7392.923999999997	6468.808499999998
7700.962499999997	0.0
7700.962499999997	308.0385
7700.962499999997	616.077
7700.962499999997	924.1155
7700.962499999997	1232.154
7700.962499999997	1540.1925
7700.962499999997	1848.2310000000002
7700.962499999997	2156.2695000000003
7700.962499999997	2464.3080000000004
7700.962499999997	2772.3465000000006
7700.962499999997	3080.3850000000007
7700.962499999997	3388.423500000001
7700.962499999997	3696.462000000001
7700.962499999997	4004.500500000001
7700.962499999997	4312.539000000001
7700.962499999997	4620.5775
7700.962499999997	4928.616
7700.962499999997	5236.6545
7700.962499999997	5544.692999999999
7700.962499999997	5852.731499999999
7700.962499999997	6160.769999999999
7700.962499999997	6468.808499999998
8009.000999999997	0.0
8009.000999999997	308.0385
8009.000999999997	616.077
8009.000999999997	924.1155
8009.000999999997	1232.154
8009.000999999997	1540.1925
8009.000999999997	1848.2310000000002
8009.000999999997	2156.2695000000003
8009.000999999997	2464.3080000000004
8009.000999999997	2772.3465000000006
8009.000999999997	3080.3850000000007
8009.000999999997	3388.423500000001
8009.000999999997	3696.462000000001
8009.000999999997	4004.500500000001
8009.000999999997	4312.539000000001
8009.000999999997	4620.5775
8009.000999999997	4928.616
8009.000999999997	5236.6545
8009.000999999997	5544.692999999999
8009.000999999997	5852.731499999999
8009.000999999997	6160.769999999999
8009.000999999997	6468.808499999998
8317.039499999997	0.0
8317.039499999997	308.0385
8317.039499999997	616.077
8317.039499999997	924.1155
8317.039499999997	1232.154
8317.039499999997	1540.1925
8317.039499999997	1848.2310000000002
8317.039499999997	2156.2695000000003
8317.039499999997	2464.3080000000004
8317.039499999997	2772.3465000000006
8317.039499999997	3080.3850000000007
8317.039499999997	3388.423500000001
8317.039499999997	3696.462000000001
8317.039499999997	4004.500500000001
8317.039499999997	4312.539000000001
8317.039499999997	4620.5775
8317.039499999997	4928.616
8317.039499999997	5236.6545
8317.039499999997	5544.692999999999
8317.039499999997	5852.731499999999
8317.039499999997	6160.769999999999
8317.039499999997	6468.808499999998
8625.077999999998	0.0
8625.077999999998	308.0385
8625.077999999998	616.077
8625.077999999998	924.1155
8625.077999999998	1232.154
8625.077999999998	1540.1925
8625.077999999998	1848.2310000000002
8625.077999999998	2156.2695000000003
8625.077999999998	2464.3080000000004
8625.077999999998	2772.3465000000006
8625.077999999998	3080.3850000000007
8625.077999999998	3388.423500000001
8625.077999999998	3696.462000000001
8625.077999999998	4004.500500000001
8625.077999999998	4312.539000000001
8625.077999999998	4620.5775
8625.077999999998	4928.616
8625.077999999998	5236.6545
8625.077999999998	5544.692999999999
8625.077999999998	5852.731499999999
8625.077999999998	6160.769999999999
8625.077999999998	6468.808499999998
8933.116499999998	0.0
8933.116499999998	308.0385
8933.116499999998	616.077
8933.116499999998	924.1155
8933.116499999998	1232.154
8933.116499999998	1540.1925
8933.116499999998	1848.2310000000002
8933.116499999998	2156.2695000000003
8933.116499999998	2464.3080000000004
8933.116499999998	2772.3465000000006
8933.116499999998	3080.3850000000007
8933.116499999998	3388.423500000001
8933.116499999998	3696.462000000001
8933.116499999998	4004.500500000001
8933.116499999998	4312.539000000001
8933.116499999998	4620.5775
8933.116499999998	4928.616
8933.116499999998	5236.6545
8933.116499999998	5544.692999999999
8933.116499999998	5852.731499999999
8933.116499999998	6160.769999999999
8933.116499999998	6468.808499999998
GRID-End
num_of_evaluations 2000
best obj 0.0012425853503906339
LLH0	71
LLH1	43
LLH2	66
LLH3	86
LLH4	154
LLH5	94
LLH6	116