Initial objective 0.0013105094734534607
1	 LLH-5	0.0013093153716327113	0.0013093153716327113
2	 LLH-0	0.0013076517370912597	0.0013076517370912597
3	 LLH-3	0.0014284230446394714	0.0014284230446394714
4	 LLH-0	0.001431881486471573	0.001431881486471573
5	 LLH-3	0.0016339075274300345	0.001431881486471573
6	 LLH-5	0.0014314948921157178	0.0014314948921157178
7	 LLH-2	0.0014288420831848497	0.0014288420831848497
8	 LLH-4	0.0014256517197576818	0.0014256517197576818
12	 LLH-1	0.0014258606748790504	0.0014258606748790504
13	 LLH-1	0.001425654883409663	0.001425654883409663
14	 LLH-5	0.0014260444214339082	0.0014260444214339082
15	 LLH-4	0.0014233504132112457	0.0014233504132112457
18	 LLH-4	0.0014204323978761909	0.0014204323978761909
20	 LLH-6	0.0014199924385546354	0.0014199924385546354
21	 LLH-5	0.0014208448547105112	0.0014208448547105112
22	 LLH-0	0.0014176528357184568	0.0014176528357184568
23	 LLH-6	0.0014158401624595955	0.0014158401624595955
24	 LLH-3	0.0012939804600968791	0.0012939804600968791
25	 LLH-0	0.0012952508347629772	0.0012952508347629772
26	 LLH-0	0.0012967970434808267	0.0012967970434808267
27	 LLH-0	0.0012983613737703376	0.0012983613737703376
28	 LLH-5	0.001298724064237883	0.001298724064237883
29	 LLH-0	0.0012998951960764608	0.0012998951960764608
30	 LLH-0	0.001301461967933909	0.001301461967933909
31	 LLH-2	0.0013070627010518998	0.0013070627010518998
32	 LLH-6	0.0013068305516428617	0.0013068305516428617
33	 LLH-5	0.001303771687871462	0.001303771687871462
34	 LLH-1	0.0013033303187615388	0.0013033303187615388
35	 LLH-3	0.0012706452301601142	0.0012706452301601142
36	 LLH-6	0.0012716040269423162	0.0012716040269423162
37	 LLH-0	0.001270725857459995	0.001270725857459995
38	 LLH-1	0.001270725857459995	0.001270725857459995
39	 LLH-0	0.001271585955311437	0.001271585955311437
40	 LLH-1	0.001271585955311437	0.001271585955311437
41	 LLH-1	0.001271585955311437	0.001271585955311437
42	 LLH-3	0.0012547582471867462	0.0012547582471867462
43	 LLH-5	0.0012557590365998629	0.0012557590365998629
44	 LLH-3	0.0012591100290400932	0.0012591100290400932
45	 LLH-6	0.0012596967581072233	0.0012596967581072233
46	 LLH-5	0.0012594401751325859	0.0012594401751325859
47	 LLH-1	0.0012594401751325859	0.0012594401751325859
48	 LLH-1	0.0012590732183494849	0.0012590732183494849
49	 LLH-2	0.0012512636092978603	0.0012512636092978603
50	 LLH-1	0.0012511518666469068	0.0012511518666469068
51	 LLH-6	0.0012518137310527908	0.0012518137310527908
52	 LLH-4	0.0012518137310527908	0.0012518137310527908
57	 LLH-3	0.0012952026659712656	0.0012952026659712656
58	 LLH-1	0.0012953221849496045	0.0012953221849496045
59	 LLH-6	0.001294946939253725	0.001294946939253725
60	 LLH-6	0.001296399554344306	0.001296399554344306
61	 LLH-1	0.001296399554344306	0.001296399554344306
62	 LLH-0	0.001297530527252248	0.001297530527252248
63	 LLH-1	0.0012977364557905271	0.0012977364557905271
64	 LLH-2	0.0012983802095055202	0.0012983802095055202
65	 LLH-6	0.0012974876166884331	0.0012974876166884331
66	 LLH-6	0.0012964023649996836	0.0012964023649996836
67	 LLH-3	0.0013749896910868304	0.0013749896910868304
68	 LLH-5	0.00137880562173277	0.00137880562173277
69	 LLH-5	0.0013788669429574997	0.0013788669429574997
70	 LLH-2	0.0013710422222283228	0.0013710422222283228
71	 LLH-5	0.0013708361495806398	0.0013708361495806398
72	 LLH-0	0.0013687995337760455	0.0013687995337760455
73	 LLH-6	0.001367156125480988	0.001367156125480988
74	 LLH-0	0.001364837003379477	0.001364837003379477
75	 LLH-5	0.0013641552553647486	0.0013641552553647486
76	 LLH-1	0.0013641552553647486	0.0013641552553647486
77	 LLH-0	0.0013658738480411999	0.0013658738480411999
78	 LLH-6	0.0013657732101675357	0.0013657732101675357
79	 LLH-1	0.0013657732101675357	0.0013657732101675357
80	 LLH-0	0.0013631767299099825	0.0013631767299099825
81	 LLH-6	0.0013621891140285936	0.0013621891140285936
82	 LLH-1	0.0013622043789944282	0.0013622043789944282
83	 LLH-5	0.0013628875985198185	0.0013628875985198185
84	 LLH-1	0.0013636426535845521	0.0013636426535845521
85	 LLH-0	0.0013616458166583172	0.0013616458166583172
86	 LLH-6	0.001363191329627588	0.001363191329627588
87	 LLH-4	0.001361237173037717	0.001361237173037717
89	 LLH-4	0.0013591929797990383	0.0013591929797990383
91	 LLH-6	0.0013593000629929474	0.0013593000629929474
92	 LLH-4	0.0013574026145143803	0.0013574026145143803
94	 LLH-1	0.0013574026145143803	0.0013574026145143803
95	 LLH-3	0.0015173884475575311	0.0015173884475575311
96	 LLH-6	0.0015173162645046568	0.0015173162645046568
97	 LLH-4	0.0015130092710177138	0.0015130092710177138
99	 LLH-2	0.0014486848486081846	0.0014486848486081846
100	 LLH-6	0.0014474873575777833	0.0014474873575777833
101	 LLH-3	0.0013125900747880063	0.0013125900747880063
102	 LLH-1	0.0013125900747880063	0.0013125900747880063
103	 LLH-1	0.0013125900747880063	0.0013125900747880063
104	 LLH-2	0.00132504799447098	0.00132504799447098
105	 LLH-4	0.0013233939144871379	0.0013233939144871379
107	 LLH-6	0.0013230239555399282	0.0013230239555399282
108	 LLH-0	0.0013247983825708754	0.0013247983825708754
109	 LLH-6	0.0013233897815135567	0.0013233897815135567
110	 LLH-6	0.001323977752470448	0.001323977752470448
111	 LLH-0	0.001325553754956572	0.001325553754956572
112	 LLH-5	0.001324991253732082	0.001324991253732082
113	 LLH-6	0.0013248335891383174	0.0013248335891383174
114	 LLH-0	0.0013233232527100319	0.0013233232527100319
115	 LLH-4	0.001321677664595739	0.001321677664595739
117	 LLH-4	0.0013204429525430978	0.0013204429525430978
121	 LLH-3	0.0012652888403606873	0.0012652888403606873
122	 LLH-1	0.0012652888403606873	0.0012652888403606873
123	 LLH-5	0.0012661589672340818	0.0012661589672340818
124	 LLH-4	0.0012651076861242465	0.0012651076861242465
128	 LLH-4	0.0012642128549264044	0.0012642128549264044
131	 LLH-0	0.0012650302215279517	0.0012650302215279517
132	 LLH-3	0.0012535165003770548	0.0012535165003770548
133	 LLH-2	0.0012706107029110127	0.0012706107029110127
134	 LLH-6	0.0012709544544302123	0.0012709544544302123
135	 LLH-1	0.0012709544544302123	0.0012709544544302123
136	 LLH-3	0.0012477461311317507	0.0012477461311317507
137	 LLH-2	0.001256589069409711	0.001256589069409711
138	 LLH-3	0.001324975812434234	0.001324975812434234
139	 LLH-1	0.001324975812434234	0.001324975812434234
140	 LLH-5	0.0013242570334685334	0.0013242570334685334
141	 LLH-0	0.0013258122651397886	0.0013258122651397886
142	 LLH-0	0.001324114853747015	0.001324114853747015
143	 LLH-5	0.0013244832433479208	0.0013244832433479208
144	 LLH-4	0.00132304377403586	0.00132304377403586
146	 LLH-6	0.001322757276463563	0.001322757276463563
147	 LLH-1	0.0013226365044858208	0.0013226365044858208
148	 LLH-5	0.0013236853741702807	0.0013236853741702807
149	 LLH-1	0.0013237148161822697	0.0013237148161822697
150	 LLH-6	0.0013232764337323428	0.0013232764337323428
151	 LLH-6	0.0013238139004254073	0.0013238139004254073
152	 LLH-1	0.0013238139004254073	0.0013238139004254073
153	 LLH-4	0.0013222926799180685	0.0013222926799180685
157	 LLH-5	0.0013230752732292287	0.0013230752732292287
158	 LLH-5	0.0013227183887442055	0.0013227183887442055
159	 LLH-6	0.0013241569148061975	0.0013241569148061975
160	 LLH-3	0.0012797506570191171	0.0012797506570191171
161	 LLH-2	0.0012781576701521294	0.0012781576701521294
162	 LLH-5	0.0012785191030987085	0.0012785191030987085
163	 LLH-2	0.0012930804237726858	0.0012930804237726858
164	 LLH-5	0.0012928912703178879	0.0012928912703178879
165	 LLH-6	0.001292682792922876	0.001292682792922876
166	 LLH-4	0.0012721917016577516	0.0012721917016577516
168	 LLH-4	0.0012721917016577516	0.0012721917016577516
173	 LLH-6	0.0012713917237347123	0.0012713917237347123
174	 LLH-1	0.0012713917237347123	0.0012713917237347123
175	 LLH-0	0.0012920004999849672	0.0012920004999849672
176	 LLH-1	0.0012920004999849672	0.0012920004999849672
177	 LLH-2	0.001282636486554763	0.001282636486554763
178	 LLH-0	0.0012837613690859827	0.0012837613690859827
179	 LLH-2	0.001302871342264237	0.001302871342264237
180	 LLH-1	0.0013025968642710805	0.0013025968642710805
181	 LLH-1	0.0013030406183407901	0.0013030406183407901
182	 LLH-3	0.0012615916492009728	0.0012615916492009728
183	 LLH-2	0.0012767593646218374	0.0012767593646218374
184	 LLH-5	0.0012772715682790715	0.0012772715682790715
185	 LLH-2	0.0012688612478160912	0.0012688612478160912
186	 LLH-6	0.0012678178048650913	0.0012678178048650913
187	 LLH-4	0.0012678178048650913	0.0012678178048650913
192	 LLH-1	0.0012678178048650913	0.0012678178048650913
193	 LLH-1	0.0012678178048650913	0.0012678178048650913
194	 LLH-5	0.0012673101193970437	0.0012673101193970437
195	 LLH-6	0.001266920444184965	0.001266920444184965
196	 LLH-1	0.0012667248143037309	0.0012667248143037309
197	 LLH-6	0.0012668112336388297	0.0012668112336388297
198	 LLH-2	0.001279899678804052	0.001279899678804052
199	 LLH-3	0.0013683691147298182	0.0013683691147298182
200	 LLH-5	0.0013713595050841663	0.0013713595050841663
201	 LLH-2	0.0013409161919861882	0.0013409161919861882
202	 LLH-5	0.0013409439142614465	0.0013409439142614465
203	 LLH-1	0.0013410384213189417	0.0013410384213189417
204	 LLH-2	0.0013434821375888258	0.0013434821375888258
205	 LLH-5	0.0013419350117237505	0.0013419350117237505
206	 LLH-1	0.0013417642074193788	0.0013417642074193788
207	 LLH-1	0.0013417880710732606	0.0013417880710732606
208	 LLH-3	0.001449583446710033	0.001449583446710033
209	 LLH-4	0.0014462891181888132	0.0014462891181888132
212	 LLH-0	0.00144975043709382	0.00144975043709382
213	 LLH-4	0.0014462984238250579	0.0014462984238250579
215	 LLH-1	0.001446884292064902	0.001446884292064902
216	 LLH-3	0.0016497244116304352	0.0016497244116304352
217	 LLH-1	0.0016497244116304352	0.0016497244116304352
218	 LLH-6	0.0016508506238117123	0.0016508506238117123
219	 LLH-1	0.0016508102631049	0.0016508102631049
220	 LLH-4	0.001644610723184244	0.001644610723184244
222	 LLH-0	0.0016517531961854545	0.0016517531961854545
223	 LLH-5	0.0016513252736958832	0.0016513252736958832
224	 LLH-1	0.0016512897414632552	0.0016512897414632552
225	 LLH-3	0.0013301493583749604	0.0013301493583749604
226	 LLH-6	0.0013312589982684387	0.0013312589982684387
227	 LLH-1	0.0013310124386126132	0.0013310124386126132
228	 LLH-6	0.0013307667536263325	0.0013307667536263325
229	 LLH-6	0.0013306688868699077	0.0013306688868699077
230	 LLH-2	0.001331877293123555	0.001331877293123555
231	 LLH-2	0.0013122815043497124	0.0013122815043497124
232	 LLH-3	0.0012651376716198825	0.0012651376716198825
233	 LLH-1	0.0012652870355475692	0.0012652870355475692
234	 LLH-6	0.0012676606726322774	0.0012676606726322774
235	 LLH-4	0.0012664375784900983	0.0012664375784900983
237	 LLH-0	0.0012671934118817512	0.0012671934118817512
238	 LLH-0	0.0012680926126090422	0.0012680926126090422
239	 LLH-2	0.0012939818882786076	0.0012939818882786076
240	 LLH-1	0.0012939818882786076	0.0012939818882786076
241	 LLH-6	0.0012937528527491586	0.0012937528527491586
242	 LLH-4	0.0012925749336069846	0.0012925749336069846
244	 LLH-4	0.001291469809535721	0.001291469809535721
247	 LLH-3	0.0013733938043979097	0.0013733938043979097
248	 LLH-2	0.0013397947543670563	0.0013397947543670563
249	 LLH-2	0.0013429805736568648	0.0013429805736568648
250	 LLH-6	0.0013417684444908514	0.0013417684444908514
251	 LLH-0	0.0013399530797842936	0.0013399530797842936
252	 LLH-1	0.0013399114545056788	0.0013399114545056788
253	 LLH-2	0.0013492640562195438	0.0013492640562195438
254	 LLH-4	0.0013475085968731335	0.0013475085968731335
257	 LLH-4	0.0013454052977000923	0.0013454052977000923
260	 LLH-4	0.0013432437040236994	0.0013432437040236994
262	 LLH-6	0.0013428197955727827	0.0013428197955727827
263	 LLH-4	0.001341068576653079	0.001341068576653079
267	 LLH-5	0.0013386764600377384	0.0013386764600377384
268	 LLH-3	0.001450567055584716	0.0013386764600377384
269	 LLH-0	0.0013405721939136295	0.0013405721939136295
270	 LLH-2	0.0013358175414423332	0.0013358175414423332
271	 LLH-2	0.0013404642584996483	0.0013404642584996483
272	 LLH-6	0.0013423398840000495	0.0013423398840000495
273	 LLH-2	0.0013429682954561556	0.0013429682954561556
274	 LLH-5	0.0013435164422358299	0.0013435164422358299
275	 LLH-1	0.0013434817902727254	0.0013434817902727254
276	 LLH-6	0.0013450778859649768	0.0013450778859649768
277	 LLH-1	0.0013450778859649768	0.0013450778859649768
278	 LLH-3	0.0012727705608398072	0.0012727705608398072
279	 LLH-5	0.0012728838350591996	0.0012728838350591996
280	 LLH-0	0.0012740945966294055	0.0012740945966294055
281	 LLH-6	0.0012711938280101829	0.0012711938280101829
282	 LLH-0	0.0012703415128961098	0.0012703415128961098
283	 LLH-5	0.001271085626628194	0.001271085626628194
284	 LLH-2	0.0012843033656542854	0.0012843033656542854
285	 LLH-5	0.0012847074099878214	0.0012847074099878214
286	 LLH-6	0.0012851077352091802	0.0012851077352091802
287	 LLH-1	0.0012851077352091802	0.0012851077352091802
288	 LLH-4	0.0012836994609563945	0.0012836994609563945
291	 LLH-6	0.0012861755050114308	0.0012861755050114308
292	 LLH-6	0.001285698356706032	0.001285698356706032
293	 LLH-1	0.001285698356706032	0.001285698356706032
294	 LLH-0	0.001284799389239759	0.001284799389239759
295	 LLH-4	0.0012837707315484447	0.0012837707315484447
299	 LLH-0	0.0012852221699385744	0.0012852221699385744
300	 LLH-4	0.0012842178959591483	0.0012842178959591483
302	 LLH-4	0.001283193397126295	0.001283193397126295
305	 LLH-2	0.0012772611887019224	0.0012772611887019224
306	 LLH-5	0.0012780501346507168	0.0012780501346507168
307	 LLH-3	0.0013613874389215728	0.0012780501346507168
308	 LLH-1	0.0012780501346507168	0.0012780501346507168
309	 LLH-2	0.0012950810175615998	0.0012950810175615998
310	 LLH-2	0.0012882282588707122	0.0012882282588707122
311	 LLH-3	0.001387432925451539	0.001387432925451539
312	 LLH-0	0.0013900417890443254	0.001387432925451539
313	 LLH-3	0.0015156201847187222	0.001387432925451539
314	 LLH-5	0.0013863423098628871	0.0013863423098628871
315	 LLH-2	0.0013612348767171665	0.0013612348767171665
316	 LLH-0	0.0013635501371837585	0.0013635501371837585
317	 LLH-0	0.0013610232687253458	0.0013610232687253458
318	 LLH-5	0.0013605922436572037	0.0013605922436572037
319	 LLH-4	0.0013582128113157187	0.0013582128113157187
321	 LLH-2	0.0013723049764197855	0.0013723049764197855
322	 LLH-2	0.0013497948557451877	0.0013497948557451877
323	 LLH-3	0.0012712307090479021	0.0012712307090479021
324	 LLH-3	0.001258471173316653	0.001258471173316653
325	 LLH-6	0.0012575232627003584	0.0012575232627003584
326	 LLH-6	0.001258195038116066	0.001258195038116066
327	 LLH-1	0.0012585523599270613	0.0012585523599270613
328	 LLH-4	0.0012578153718321395	0.0012578153718321395
331	 LLH-6	0.0012574562363689753	0.0012574562363689753
332	 LLH-0	0.0012585782883160013	0.0012585782883160013
333	 LLH-6	0.0012580709622660115	0.0012580709622660115
334	 LLH-4	0.0012580709622660115	0.0012580709622660115
339	 LLH-1	0.0012580709622660115	0.0012580709622660115
340	 LLH-5	0.001258238029457561	0.001258238029457561
341	 LLH-2	0.0012637769722053007	0.0012637769722053007
342	 LLH-3	0.0012471315189399952	0.0012471315189399952
343	 LLH-0	0.0012478466162201933	0.0012478466162201933
344	 LLH-3	0.0012541167579298408	0.0012541167579298408
345	 LLH-4	0.0012541167579298408	0.0012541167579298408
350	 LLH-2	0.00125724088517028	0.00125724088517028
351	 LLH-4	0.001256614292311813	0.001256614292311813
354	 LLH-2	0.0012482241059028965	0.0012482241059028965
355	 LLH-5	0.0012488158429648777	0.0012488158429648777
356	 LLH-5	0.0012475398302664988	0.0012475398302664988
357	 LLH-5	0.0012472602714962103	0.0012472602714962103
358	 LLH-4	0.001246590654025749	0.001246590654025749
362	 LLH-4	0.0012458520532479943	0.0012458520532479943
367	 LLH-3	0.0013047043043605557	0.0012458520532479943
368	 LLH-6	0.0012474972612301722	0.0012474972612301722
369	 LLH-6	0.001247821322763897	0.001247821322763897
370	 LLH-2	0.0012674752356431776	0.0012674752356431776
371	 LLH-0	0.0012680780029682304	0.0012680780029682304
372	 LLH-6	0.0012678503369738144	0.0012678503369738144
373	 LLH-4	0.0012678503369738144	0.0012678503369738144
378	 LLH-2	0.0012664418454165249	0.0012664418454165249
379	 LLH-4	0.0012652819455719188	0.0012652819455719188
381	 LLH-5	0.0012653491622463173	0.0012653491622463173
382	 LLH-5	0.0012651827491437272	0.0012651827491437272
383	 LLH-3	0.001322533810903827	0.001322533810903827
384	 LLH-4	0.001321019491068761	0.001321019491068761
387	 LLH-0	0.0013227461283888942	0.0013227461283888942
388	 LLH-4	0.0013208636672423905	0.0013208636672423905
391	 LLH-1	0.0013208636672423905	0.0013208636672423905
392	 LLH-4	0.001319074625428474	0.001319074625428474
394	 LLH-0	0.0013205241727611938	0.0013205241727611938
395	 LLH-1	0.001320677571641087	0.001320677571641087
396	 LLH-2	0.0013151637701354665	0.0013151637701354665
397	 LLH-6	0.001316093116918676	0.001316093116918676
398	 LLH-2	0.0013207030574981487	0.0013207030574981487
399	 LLH-3	0.0014269447706099217	0.0013207030574981487
400	 LLH-0	0.001319158326111338	0.001319158326111338
401	 LLH-3	0.001405274162036238	0.001319158326111338
402	 LLH-4	0.001319158326111338	0.001319158326111338
407	 LLH-6	0.0013195106960746544	0.0013195106960746544
408	 LLH-6	0.0013195382504056006	0.0013195382504056006
409	 LLH-3	0.0014106933506890294	0.0013195382504056006
410	 LLH-6	0.0013201148916589921	0.0013201148916589921
411	 LLH-6	0.0013199579102695694	0.0013199579102695694
412	 LLH-4	0.0013183094571453157	0.0013183094571453157
416	 LLH-1	0.0013183806708244922	0.0013183806708244922
417	 LLH-2	0.0013115845978863433	0.0013115845978863433
418	 LLH-1	0.0013115845978863433	0.0013115845978863433
419	 LLH-1	0.001311501720690677	0.001311501720690677
420	 LLH-2	0.0013230471419013986	0.0013230471419013986
421	 LLH-6	0.0013233125148058625	0.0013233125148058625
422	 LLH-5	0.0013246270919510432	0.0013246270919510432
423	 LLH-0	0.0013263601088841005	0.0013263601088841005
424	 LLH-1	0.001326537749936571	0.001326537749936571
425	 LLH-5	0.0013247836945866629	0.0013247836945866629
426	 LLH-3	0.0012672090589343616	0.0012672090589343616
427	 LLH-6	0.0012656914771544405	0.0012656914771544405
428	 LLH-4	0.0012647102737774552	0.0012647102737774552
430	 LLH-1	0.0012647102737774552	0.0012647102737774552
431	 LLH-0	0.0012656060863062038	0.0012656060863062038
432	 LLH-0	0.0012666462435748668	0.0012666462435748668
433	 LLH-6	0.0012669058431022133	0.0012669058431022133
434	 LLH-5	0.0012667765720978054	0.0012667765720978054
435	 LLH-0	0.0012657145921828267	0.0012657145921828267
436	 LLH-6	0.001263277423469506	0.001263277423469506
437	 LLH-0	0.00126200583430268	0.00126200583430268
438	 LLH-4	0.0012610487266238755	0.0012610487266238755
443	 LLH-3	0.0012511765374839678	0.0012511765374839678
444	 LLH-6	0.0012507232665651105	0.0012507232665651105
445	 LLH-1	0.0012507232665651105	0.0012507232665651105
446	 LLH-3	0.0012480149910620696	0.0012480149910620696
447	 LLH-3	0.001246188448952565	0.001246188448952565
448	 LLH-6	0.001245557837043317	0.001245557837043317
449	 LLH-6	0.0012460686717476364	0.0012460686717476364
450	 LLH-1	0.0012457393466473459	0.0012457393466473459
451	 LLH-1	0.0012457393466473459	0.0012457393466473459
452	 LLH-6	0.0012461219831368232	0.0012461219831368232
453	 LLH-5	0.0012464061157937052	0.0012464061157937052
454	 LLH-3	0.0012422603425211978	0.0012422603425211978
455	 LLH-2	0.0012508777783642744	0.0012508777783642744
456	 LLH-3	0.0012928907746227545	0.0012928907746227545
457	 LLH-5	0.0012933517515171945	0.0012933517515171945
458	 LLH-3	0.0012557751185102498	0.0012557751185102498
459	 LLH-0	0.0012566355124441655	0.0012566355124441655
460	 LLH-2	0.0012672175859753066	0.0012672175859753066
461	 LLH-0	0.0012683002406996434	0.0012672175859753066
462	 LLH-4	0.0012658796657841697	0.0012658796657841697
464	 LLH-5	0.0012656074609892294	0.0012656074609892294
465	 LLH-6	0.0012642508369433082	0.0012642508369433082
466	 LLH-0	0.0012651797937285577	0.0012651797937285577
467	 LLH-0	0.0012640895430511975	0.0012640895430511975
468	 LLH-6	0.0012631616527912976	0.0012631616527912976
469	 LLH-2	0.0012800167211794644	0.0012800167211794644
470	 LLH-6	0.0012813230302708366	0.0012813230302708366
471	 LLH-1	0.0012813230302708366	0.0012813230302708366
472	 LLH-3	0.0012558947725744053	0.0012558947725744053
473	 LLH-6	0.001257592644128002	0.001257592644128002
474	 LLH-2	0.0012735784178344125	0.0012735784178344125
475	 LLH-5	0.0012732038702341947	0.0012732038702341947
476	 LLH-2	0.0012802418699399921	0.0012802418699399921
477	 LLH-6	0.0012802403191711255	0.0012802403191711255
478	 LLH-0	0.0012792912405219844	0.0012792912405219844
479	 LLH-1	0.0012792912405219844	0.0012792912405219844
480	 LLH-0	0.0012782386312720755	0.0012782386312720755
481	 LLH-0	0.0012791491325601055	0.0012791491325601055
482	 LLH-5	0.001278112275862935	0.001278112275862935
483	 LLH-5	0.0012779040214135839	0.0012779040214135839
484	 LLH-0	0.0012789534258461099	0.0012789534258461099
485	 LLH-4	0.0012789534258461099	0.0012789534258461099
490	 LLH-1	0.0012787194725493137	0.0012787194725493137
491	 LLH-3	0.0013663647025994419	0.0012787194725493137
492	 LLH-0	0.0012774795310983435	0.0012774795310983435
493	 LLH-3	0.0013469466459397467	0.0013469466459397467
494	 LLH-2	0.0013404564283616438	0.0013404564283616438
495	 LLH-6	0.0013377657056877286	0.0013377657056877286
496	 LLH-0	0.0013359599939050117	0.0013359599939050117
497	 LLH-6	0.0013356590666562355	0.0013356590666562355
498	 LLH-2	0.0013350720585939076	0.0013350720585939076
499	 LLH-5	0.0013353149021216582	0.0013353149021216582
500	 LLH-5	0.0013352325132366925	0.0013352325132366925
501	 LLH-0	0.0013335814665424734	0.0013335814665424734
502	 LLH-0	0.0013318791154721399	0.0013318791154721399
503	 LLH-4	0.0013301405738954477	0.0013301405738954477
505	 LLH-2	0.0013183733172370403	0.0013183733172370403
506	 LLH-3	0.0014339475429470598	0.0013183733172370403
507	 LLH-6	0.0013185774307618245	0.0013185774307618245
508	 LLH-0	0.0013201291369570529	0.0013201291369570529
509	 LLH-4	0.0013185966502434374	0.0013185966502434374
511	 LLH-3	0.0012612788829410076	0.0012612788829410076
512	 LLH-2	0.0012823208755721	0.0012612788829410076
513	 LLH-3	0.0013547974088025205	0.0012612788829410076
514	 LLH-1	0.0012612170824614422	0.0012612170824614422
515	 LLH-1	0.0012612170824614422	0.0012612170824614422
516	 LLH-4	0.0012612170824614422	0.0012612170824614422
521	 LLH-5	0.0012616586213644405	0.0012616586213644405
522	 LLH-4	0.0012616586213644405	0.0012616586213644405
527	 LLH-3	0.001336888214578302	0.0012616586213644405
528	 LLH-2	0.001275394433730928	0.0012616586213644405
529	 LLH-2	0.0012700846823283135	0.0012700846823283135
530	 LLH-1	0.0012700846823283135	0.0012700846823283135
531	 LLH-6	0.0012713224430347273	0.0012713224430347273
532	 LLH-5	0.0012712410610285429	0.0012712410610285429
533	 LLH-2	0.0012873354561405007	0.0012873354561405007
534	 LLH-5	0.0012871114329802572	0.0012871114329802572
535	 LLH-3	0.0013484160566256229	0.0013484160566256229
536	 LLH-6	0.0013487211892710062	0.0013487211892710062
537	 LLH-2	0.0013541482946046268	0.0013541482946046268
538	 LLH-1	0.001354162805394168	0.001354162805394168
539	 LLH-6	0.0013555804578102675	0.0013555804578102675
540	 LLH-0	0.0013578007354183804	0.0013578007354183804
541	 LLH-0	0.0013557807804798368	0.0013557807804798368
542	 LLH-1	0.0013558496123268681	0.0013558496123268681
543	 LLH-0	0.0013579140671363251	0.0013579140671363251
544	 LLH-2	0.0013473346684303522	0.0013473346684303522
545	 LLH-6	0.0013464293767944987	0.0013464293767944987
546	 LLH-1	0.0013461206600079738	0.0013461206600079738
547	 LLH-0	0.0013438970170520023	0.0013438970170520023
548	 LLH-0	0.0013418426779734424	0.0013418426779734424
549	 LLH-5	0.0013416470150455966	0.0013416470150455966
550	 LLH-3	0.001478756542925429	0.0013416470150455966
551	 LLH-2	0.001348222333531016	0.001348222333531016
552	 LLH-0	0.0013500619164043895	0.0013500619164043895
553	 LLH-3	0.001285089248955292	0.001285089248955292
554	 LLH-3	0.0013935747811848174	0.001285089248955292
555	 LLH-2	0.001278058920175343	0.001278058920175343
556	 LLH-5	0.0012765556840975331	0.0012765556840975331
557	 LLH-1	0.0012764137052155072	0.0012764137052155072
558	 LLH-2	0.0012833211703257626	0.0012833211703257626
559	 LLH-4	0.0012821827916044228	0.0012821827916044228
564	 LLH-1	0.0012823695852135237	0.0012823695852135237
565	 LLH-5	0.0012821268284617885	0.0012821268284617885
566	 LLH-4	0.0012810066982077673	0.0012810066982077673
568	 LLH-1	0.0012810066982077673	0.0012810066982077673
569	 LLH-0	0.0012823067313236388	0.0012823067313236388
570	 LLH-0	0.0012812414416650843	0.0012812414416650843
571	 LLH-3	0.0012693683079634142	0.0012693683079634142
572	 LLH-2	0.0012740520212971874	0.0012740520212971874
573	 LLH-0	0.0012748793971623488	0.0012748793971623488
574	 LLH-0	0.0012741720707059464	0.0012741720707059464
575	 LLH-4	0.001273382829064803	0.001273382829064803
577	 LLH-5	0.0012732498680381313	0.0012732498680381313
578	 LLH-5	0.0012734863435854814	0.0012734863435854814
579	 LLH-3	0.001262467350388921	0.001262467350388921
580	 LLH-4	0.0012617743438918395	0.0012617743438918395
582	 LLH-3	0.0012533932222332591	0.0012533932222332591
583	 LLH-4	0.0012522595905884932	0.0012522595905884932
587	 LLH-6	0.001251738370766068	0.001251738370766068
588	 LLH-0	0.0012523077875000782	0.0012523077875000782
589	 LLH-3	0.0012484356777322186	0.0012484356777322186
590	 LLH-0	0.0012489586061023381	0.0012489586061023381
591	 LLH-0	0.0012493871340747832	0.0012493871340747832
592	 LLH-2	0.0012509526463872582	0.0012493871340747832
593	 LLH-5	0.0012500171935703698	0.0012500171935703698
594	 LLH-5	0.001249691720469974	0.001249691720469974
595	 LLH-3	0.0012558851807878062	0.0012558851807878062
596	 LLH-0	0.0012563969867998822	0.0012563969867998822
597	 LLH-1	0.0012563969867998822	0.0012563969867998822
598	 LLH-3	0.0012444137420039606	0.0012444137420039606
599	 LLH-2	0.0012460189091735594	0.0012460189091735594
600	 LLH-4	0.0012460189091735594	0.0012460189091735594
605	 LLH-3	0.001245613425546533	0.001245613425546533
606	 LLH-3	0.0012519059520599372	0.0012519059520599372
607	 LLH-3	0.0012756507485169228	0.0012519059520599372
608	 LLH-3	0.0012453657376482108	0.0012453657376482108
609	 LLH-1	0.0012453657376482108	0.0012453657376482108
610	 LLH-5	0.00124577219125234	0.00124577219125234
611	 LLH-3	0.001254389958166087	0.001254389958166087
612	 LLH-2	0.0012473647940680409	0.0012473647940680409
613	 LLH-6	0.0012474130253061237	0.0012474130253061237
614	 LLH-2	0.0012548600445521276	0.0012548600445521276
615	 LLH-2	0.0012630113670937448	0.0012630113670937448
616	 LLH-6	0.001262707580387277	0.001262707580387277
617	 LLH-5	0.0012627951799862372	0.0012627951799862372
618	 LLH-5	0.001263561199423606	0.001263561199423606
619	 LLH-0	0.0012643670178506	0.0012643670178506
620	 LLH-6	0.001263174148776078	0.001263174148776078
621	 LLH-5	0.0012622387107841773	0.0012622387107841773
622	 LLH-4	0.0012613412289696918	0.0012613412289696918
625	 LLH-0	0.0012603937073670055	0.0012603937073670055
626	 LLH-5	0.0012602437615712244	0.0012602437615712244
627	 LLH-6	0.0012607514855693235	0.0012607514855693235
628	 LLH-0	0.0012614207566730804	0.0012614207566730804
629	 LLH-4	0.0012606847533856416	0.0012606847533856416
634	 LLH-4	0.001259675545236402	0.001259675545236402
636	 LLH-3	0.0012533720024338532	0.0012533720024338532
637	 LLH-1	0.0012533720024338532	0.0012533720024338532
638	 LLH-6	0.001253137064324119	0.001253137064324119
639	 LLH-3	0.0012478491563909233	0.0012478491563909233
640	 LLH-0	0.001248347547892536	0.001248347547892536
641	 LLH-0	0.001248863216424752	0.001248863216424752
642	 LLH-0	0.001248138823822947	0.001248138823822947
643	 LLH-6	0.0012482963292073227	0.0012482963292073227
644	 LLH-6	0.0012480384027360864	0.0012480384027360864
645	 LLH-3	0.0012790730919285264	0.0012480384027360864
646	 LLH-2	0.0012469453260943006	0.0012469453260943006
647	 LLH-5	0.0012470943048427515	0.0012470943048427515
648	 LLH-1	0.0012470232729136785	0.0012470232729136785
649	 LLH-0	0.0012478069397887832	0.0012478069397887832
650	 LLH-3	0.0012487969590274893	0.0012487969590274893
651	 LLH-4	0.0012480617338704347	0.0012480617338704347
653	 LLH-2	0.0012504774966638952	0.0012504774966638952
654	 LLH-4	0.0012504774966638952	0.0012504774966638952
659	 LLH-1	0.0012504774966638952	0.0012504774966638952
660	 LLH-3	0.0013021397581007307	0.0012504774966638952
661	 LLH-4	0.0012504774966638952	0.0012504774966638952
666	 LLH-0	0.0012493850169604834	0.0012493850169604834
667	 LLH-5	0.0012492302555745967	0.0012492302555745967
668	 LLH-1	0.0012492302555745967	0.0012492302555745967
669	 LLH-5	0.0012491303080898462	0.0012491303080898462
670	 LLH-5	0.001248853652882533	0.001248853652882533
671	 LLH-3	0.0012555097472470417	0.0012555097472470417
672	 LLH-4	0.0012555097472470417	0.0012555097472470417
677	 LLH-4	0.0012555097472470417	0.0012555097472470417
682	 LLH-3	0.0012773246349215095	0.0012555097472470417
683	 LLH-3	0.001279139040236741	0.0012555097472470417
684	 LLH-1	0.0012555097472470417	0.0012555097472470417
685	 LLH-1	0.0012555097472470417	0.0012555097472470417
686	 LLH-0	0.0012565275844677295	0.0012565275844677295
687	 LLH-2	0.001258277916795147	0.0012565275844677295
688	 LLH-4	0.0012565275844677295	0.0012565275844677295
693	 LLH-3	0.0012562065455520922	0.0012562065455520922
694	 LLH-2	0.0012469948155627002	0.0012469948155627002
695	 LLH-2	0.0012570432592453398	0.0012570432592453398
696	 LLH-4	0.0012563817914301929	0.0012563817914301929
701	 LLH-6	0.0012562498504648445	0.0012562498504648445
702	 LLH-0	0.0012569068230726833	0.0012569068230726833
703	 LLH-3	0.0013105177993776886	0.0012569068230726833
704	 LLH-4	0.001256261638691923	0.001256261638691923
708	 LLH-2	0.0012611240801416281	0.0012611240801416281
709	 LLH-1	0.0012609543512950294	0.0012609543512950294
710	 LLH-6	0.0012618198439461896	0.0012618198439461896
711	 LLH-2	0.0012824133332899055	0.0012824133332899055
712	 LLH-1	0.0012822075160983542	0.0012822075160983542
713	 LLH-1	0.0012822075160983542	0.0012822075160983542
714	 LLH-1	0.0012822254403534654	0.0012822254403534654
715	 LLH-0	0.0012834260823644387	0.0012834260823644387
716	 LLH-0	0.0012639744813797646	0.0012639744813797646
717	 LLH-4	0.0012639744813797646	0.0012639744813797646
722	 LLH-5	0.001264743305581391	0.001264743305581391
723	 LLH-4	0.001264743305581391	0.001264743305581391
728	 LLH-4	0.001264743305581391	0.001264743305581391
733	 LLH-5	0.0012655553770982804	0.0012655553770982804
734	 LLH-2	0.0012851852153581496	0.0012655553770982804
735	 LLH-0	0.001284779181311685	0.0012655553770982804
736	 LLH-1	0.0012655553770982804	0.0012655553770982804
737	 LLH-3	0.0012593106751752133	0.0012593106751752133
738	 LLH-1	0.0012593106751752133	0.0012593106751752133
739	 LLH-0	0.0012586053823422847	0.0012586053823422847
740	 LLH-6	0.0012590567198328293	0.0012586053823422847
741	 LLH-3	0.0013099520860782089	0.0012586053823422847
742	 LLH-0	0.0012592463961964369	0.0012592463961964369
743	 LLH-6	0.001257795445619476	0.001257795445619476
744	 LLH-0	0.001258394419025365	0.001258394419025365
745	 LLH-0	0.0012574131750577211	0.0012574131750577211
746	 LLH-2	0.001260333199629873	0.001260333199629873
747	 LLH-4	0.0012593494420592975	0.0012593494420592975
750	 LLH-5	0.0012594486275757724	0.0012594486275757724
751	 LLH-1	0.0012594486275757724	0.0012594486275757724
752	 LLH-4	0.0012585559502576304	0.0012585559502576304
754	 LLH-6	0.0012579162897517811	0.0012579162897517811
755	 LLH-5	0.0012581015187519788	0.0012581015187519788
756	 LLH-4	0.0012581015187519788	0.0012581015187519788
761	 LLH-2	0.0012610421526332428	0.0012610421526332428
762	 LLH-0	0.0012600247973816856	0.0012600247973816856
763	 LLH-2	0.0012654389614631567	0.0012600247973816856
764	 LLH-5	0.0012606871871863093	0.0012606871871863093
765	 LLH-3	0.0012602215153036862	0.0012602215153036862
766	 LLH-4	0.0012596850713284071	0.0012596850713284071
769	 LLH-2	0.0012576071460297458	0.0012576071460297458
770	 LLH-6	0.001257783336310367	0.001257783336310367
771	 LLH-4	0.0012571956528088072	0.0012571956528088072
775	 LLH-4	0.0012566634142675969	0.0012566634142675969
780	 LLH-4	0.0012566634142675969	0.0012566634142675969
785	 LLH-3	0.0012941167846442967	0.0012566634142675969
786	 LLH-3	0.0012437251024574115	0.0012437251024574115
787	 LLH-0	0.0012442381536466366	0.0012442381536466366
788	 LLH-1	0.0012442381536466366	0.0012442381536466366
789	 LLH-5	0.0012447313714272531	0.0012447313714272531
790	 LLH-0	0.0012452263232077064	0.0012452263232077064
791	 LLH-4	0.001244538192358456	0.001244538192358456
795	 LLH-0	0.0012453925157654732	0.001244538192358456
796	 LLH-4	0.0012439192155957936	0.0012439192155957936
799	 LLH-5	0.001243673457373425	0.001243673457373425
800	 LLH-2	0.0012531361748882321	0.001243673457373425
801	 LLH-6	0.0012422270519411637	0.0012422270519411637
802	 LLH-4	0.0012422270519411637	0.0012422270519411637
807	 LLH-4	0.0012422270519411637	0.0012422270519411637
812	 LLH-3	0.0012855044573106295	0.0012422270519411637
813	 LLH-3	0.0012414774747398715	0.0012414774747398715
814	 LLH-4	0.0012414774747398715	0.0012414774747398715
819	 LLH-5	0.00124079296894888	0.00124079296894888
820	 LLH-0	0.0012417985755313198	0.0012417985755313198
821	 LLH-0	0.0012425057268367205	0.0012425057268367205
822	 LLH-2	0.0012466585603399024	0.0012425057268367205
823	 LLH-4	0.0012425057268367205	0.0012425057268367205
828	 LLH-1	0.0012423596707345477	0.0012423596707345477
829	 LLH-5	0.001242460667861585	0.001242460667861585
830	 LLH-0	0.001243057878929516	0.001243057878929516
831	 LLH-3	0.0012707961484666383	0.001243057878929516
832	 LLH-2	0.0012496867045092477	0.001243057878929516
833	 LLH-4	0.0012426589656552903	0.0012426589656552903
837	 LLH-0	0.0012431696495020699	0.0012431696495020699
838	 LLH-6	0.0012434962557947903	0.0012434962557947903
839	 LLH-4	0.0012434962557947903	0.0012434962557947903
844	 LLH-4	0.0012434962557947903	0.0012434962557947903
849	 LLH-4	0.0012434962557947903	0.0012434962557947903
854	 LLH-1	0.0012434962557947903	0.0012434962557947903
855	 LLH-4	0.0012434962557947903	0.0012434962557947903
860	 LLH-6	0.0012432559521147772	0.0012432559521147772
861	 LLH-5	0.0012432222523009282	0.0012432222523009282
862	 LLH-3	0.0012471457419133323	0.0012432222523009282
863	 LLH-3	0.001247646746503841	0.0012432222523009282
864	 LLH-3	0.0012912587201972983	0.0012432222523009282
865	 LLH-0	0.0012440523283554336	0.0012440523283554336
866	 LLH-6	0.0012447865331769838	0.0012447865331769838
867	 LLH-3	0.0012497528011248147	0.0012497528011248147
868	 LLH-6	0.0012497152529219492	0.0012497152529219492
869	 LLH-5	0.0012492142930991307	0.0012492142930991307
870	 LLH-1	0.0012492142930991307	0.0012492142930991307
871	 LLH-3	0.0012688111891717428	0.0012492142930991307
872	 LLH-1	0.0012492998940996118	0.0012492998940996118
873	 LLH-6	0.0012499342659538853	0.0012492998940996118
874	 LLH-1	0.0012492998940996118	0.0012492998940996118
875	 LLH-5	0.0012492591337962958	0.0012492591337962958
876	 LLH-5	0.0012494843926316422	0.0012494843926316422
877	 LLH-4	0.0012494843926316422	0.0012494843926316422
882	 LLH-3	0.0012424753933010977	0.0012424753933010977
883	 LLH-3	0.0012526814709013945	0.0012424753933010977
884	 LLH-0	0.0012431475911887503	0.0012424753933010977
885	 LLH-0	0.0012428939631784976	0.0012428939631784976
886	 LLH-6	0.001243028136582604	0.001243028136582604
887	 LLH-1	0.001243028136582604	0.001243028136582604
888	 LLH-0	0.001243585016005926	0.001243028136582604
889	 LLH-5	0.0012430002337785995	0.0012430002337785995
890	 LLH-3	0.001250674622651787	0.0012430002337785995
891	 LLH-3	0.0012523874848494872	0.0012430002337785995
892	 LLH-4	0.0012430002337785995	0.0012430002337785995
897	 LLH-0	0.0012434221417523981	0.0012430002337785995
898	 LLH-5	0.0012430152550283648	0.0012430152550283648
899	 LLH-1	0.0012430152550283648	0.0012430152550283648
900	 LLH-6	0.0012425404742061833	0.0012425404742061833
901	 LLH-0	0.0012429181629347742	0.0012429181629347742
902	 LLH-1	0.0012429448829461682	0.0012429448829461682
903	 LLH-2	0.001242496936113797	0.001242496936113797
904	 LLH-3	0.0012547323368138582	0.001242496936113797
905	 LLH-2	0.0012465599813373033	0.001242496936113797
906	 LLH-4	0.001242496936113797	0.001242496936113797
911	 LLH-0	0.0012429589283975144	0.0012429589283975144
912	 LLH-4	0.0012429589283975144	0.0012429589283975144
917	 LLH-2	0.0012486569071069658	0.0012429589283975144
918	 LLH-4	0.0012429589283975144	0.0012429589283975144
923	 LLH-5	0.0012435152311142947	0.0012435152311142947
924	 LLH-1	0.0012435152311142947	0.0012435152311142947
925	 LLH-0	0.0012442866512565318	0.0012435152311142947
926	 LLH-5	0.0012432127273110376	0.0012432127273110376
927	 LLH-2	0.0012583079424790102	0.0012432127273110376
928	 LLH-3	0.0012461391806793617	0.0012461391806793617
929	 LLH-3	0.0012477866083997434	0.0012477866083997434
930	 LLH-4	0.0012473645344406046	0.0012473645344406046
934	 LLH-2	0.0012457498260962452	0.0012457498260962452
935	 LLH-0	0.0012462958820281358	0.0012462958820281358
936	 LLH-3	0.0012474132768495734	0.0012474132768495734
937	 LLH-3	0.0012515022935234385	0.0012474132768495734
938	 LLH-6	0.0012478960145622592	0.0012478960145622592
939	 LLH-5	0.0012483386180093755	0.0012478960145622592
940	 LLH-2	0.0012545342680878584	0.0012478960145622592
941	 LLH-3	0.001254072602445646	0.0012478960145622592
942	 LLH-5	0.0012481413487972107	0.0012481413487972107
943	 LLH-3	0.001250029428706927	0.0012481413487972107
944	 LLH-1	0.0012481413487972107	0.0012481413487972107
945	 LLH-2	0.0012477943841089332	0.0012477943841089332
946	 LLH-5	0.0012477411965448372	0.0012477411965448372
947	 LLH-6	0.0012470110564680005	0.0012470110564680005
948	 LLH-0	0.0012474807734989156	0.0012474807734989156
949	 LLH-4	0.0012474807734989156	0.0012474807734989156
954	 LLH-5	0.0012474356427734016	0.0012474356427734016
955	 LLH-4	0.0012474356427734016	0.0012474356427734016
960	 LLH-6	0.0012475021234829814	0.0012475021234829814
961	 LLH-1	0.001247328771566285	0.001247328771566285
962	 LLH-5	0.0012473759331949798	0.0012473759331949798
963	 LLH-1	0.0012473759331949798	0.0012473759331949798
964	 LLH-1	0.0012475582060432321	0.0012473759331949798
965	 LLH-6	0.0012468544089510795	0.0012468544089510795
966	 LLH-3	0.0012802564539655323	0.0012468544089510795
967	 LLH-6	0.0012474569988116762	0.0012474569988116762
968	 LLH-5	0.0012472252982286738	0.0012472252982286738
969	 LLH-4	0.001246647267486484	0.001246647267486484
971	 LLH-2	0.0012580116076831155	0.001246647267486484
972	 LLH-2	0.0012553250259613924	0.001246647267486484
973	 LLH-3	0.0012449853782130322	0.0012449853782130322
974	 LLH-5	0.001245056626653556	0.001245056626653556
975	 LLH-0	0.0012458569819734295	0.001245056626653556
976	 LLH-0	0.0012445854864066071	0.0012445854864066071
977	 LLH-3	0.0012914106624517553	0.0012445854864066071
978	 LLH-4	0.0012445854864066071	0.0012445854864066071
983	 LLH-0	0.001245091403137256	0.001245091403137256
984	 LLH-3	0.0012756864513292776	0.001245091403137256
985	 LLH-4	0.001245091403137256	0.001245091403137256
990	 LLH-0	0.0012456121374005192	0.0012456121374005192
991	 LLH-0	0.0012463306485444676	0.0012463306485444676
992	 LLH-0	0.0012457575589283829	0.0012457575589283829
993	 LLH-0	0.001245308795405645	0.001245308795405645
994	 LLH-1	0.001245308795405645	0.001245308795405645
995	 LLH-4	0.001245308795405645	0.001245308795405645
1000	 LLH-1	0.001245308795405645	0.001245308795405645
1001	 LLH-5	0.0012460109437758059	0.0012460109437758059
1002	 LLH-6	0.0012475955004183736	0.0012475955004183736
1003	 LLH-5	0.0012485122384182166	0.0012475955004183736
1004	 LLH-6	0.0012480340084812939	0.0012480340084812939
1005	 LLH-1	0.0012479871376272571	0.0012479871376272571
1006	 LLH-1	0.0012479871376272571	0.0012479871376272571
1007	 LLH-3	0.0012849860486340563	0.0012479871376272571
1008	 LLH-2	0.0012670922047090158	0.0012479871376272571
1009	 LLH-1	0.0012479871376272571	0.0012479871376272571
1010	 LLH-6	0.0012469210242053942	0.0012469210242053942
1011	 LLH-1	0.0012469210242053942	0.0012469210242053942
1012	 LLH-1	0.0012469210242053942	0.0012469210242053942
1013	 LLH-0	0.0012477444682069485	0.0012469210242053942
1014	 LLH-0	0.0012475248095369712	0.0012469210242053942
1015	 LLH-3	0.0012940981384213064	0.0012469210242053942
1016	 LLH-6	0.0012470453243017122	0.0012470453243017122
1017	 LLH-4	0.0012470453243017122	0.0012470453243017122
1022	 LLH-0	0.0012464488308173323	0.0012464488308173323
1023	 LLH-0	0.0012470421629416232	0.0012470421629416232
1024	 LLH-3	0.0012718327732207104	0.0012470421629416232
1025	 LLH-6	0.0012461795298453306	0.0012461795298453306
1026	 LLH-3	0.0012727689736032636	0.0012461795298453306
1027	 LLH-5	0.0012463363382444119	0.0012463363382444119
1028	 LLH-2	0.001260042001026675	0.0012463363382444119
1029	 LLH-4	0.0012463363382444119	0.0012463363382444119
1034	 LLH-1	0.0012463363382444119	0.0012463363382444119
1035	 LLH-2	0.0012531663088002488	0.0012463363382444119
1036	 LLH-1	0.0012463363382444119	0.0012463363382444119
1037	 LLH-1	0.0012464058250614403	0.0012464058250614403
1038	 LLH-2	0.0012548137851100582	0.0012464058250614403
1039	 LLH-5	0.0012467237939031853	0.0012467237939031853
1040	 LLH-5	0.001246781183942696	0.001246781183942696
1041	 LLH-2	0.0012479957334781571	0.0012479957334781571
1042	 LLH-2	0.0012608234008324557	0.0012479957334781571
1043	 LLH-6	0.0012477949826888181	0.0012477949826888181
1044	 LLH-6	0.0012482027288513015	0.0012482027288513015
1045	 LLH-4	0.0012482027288513015	0.0012482027288513015
1050	 LLH-6	0.0012488543470804494	0.0012488543470804494
1051	 LLH-1	0.0012486761542305554	0.0012486761542305554
1052	 LLH-5	0.0012484881285857446	0.0012484881285857446
1053	 LLH-3	0.0012567971677541203	0.0012484881285857446
1054	 LLH-5	0.0012489706480532572	0.0012489706480532572
1055	 LLH-3	0.0012447668842209363	0.0012447668842209363
1056	 LLH-4	0.0012447668842209363	0.0012447668842209363
1061	 LLH-2	0.001261117665690928	0.0012447668842209363
1062	 LLH-4	0.0012447668842209363	0.0012447668842209363
1067	 LLH-2	0.0012543277268979758	0.0012447668842209363
1068	 LLH-3	0.001288067733896051	0.0012447668842209363
1069	 LLH-2	0.0012490232817839292	0.0012447668842209363
1070	 LLH-1	0.0012447668842209363	0.0012447668842209363
1071	 LLH-6	0.0012448465902846304	0.0012448465902846304
1072	 LLH-0	0.001245271999275233	0.001245271999275233
1073	 LLH-6	0.001244466007882898	0.001244466007882898
1074	 LLH-2	0.001254867556215888	0.001244466007882898
1075	 LLH-5	0.0012437397595371066	0.0012437397595371066
1076	 LLH-5	0.0012445418301614867	0.0012437397595371066
1077	 LLH-5	0.0012437950578996686	0.0012437950578996686
1078	 LLH-6	0.0012439883584082138	0.0012439883584082138
1079	 LLH-2	0.001252584207831696	0.0012439883584082138
1080	 LLH-4	0.0012439883584082138	0.0012439883584082138
1085	 LLH-5	0.001243497737134862	0.001243497737134862
1086	 LLH-3	0.001292601811953917	0.001243497737134862
1087	 LLH-2	0.001261290010605093	0.001243497737134862
1088	 LLH-1	0.001243497737134862	0.001243497737134862
1089	 LLH-6	0.0012435754023927181	0.0012435754023927181
1090	 LLH-6	0.0012433264251322487	0.0012433264251322487
1091	 LLH-1	0.0012433264251322487	0.0012433264251322487
1092	 LLH-3	0.00128161678653711	0.0012433264251322487
1093	 LLH-3	0.0012556865549168115	0.0012433264251322487
1094	 LLH-1	0.0012438997764211064	0.0012438997764211064
1095	 LLH-4	0.0012434255961237246	0.0012434255961237246
1098	 LLH-0	0.0012589226144717443	0.0012434255961237246
1099	 LLH-1	0.0012434255961237246	0.0012434255961237246
1100	 LLH-5	0.0012431817976050813	0.0012431817976050813
1101	 LLH-4	0.0012431817976050813	0.0012431817976050813
1106	 LLH-1	0.0012431817976050813	0.0012431817976050813
1107	 LLH-6	0.0012438945779712465	0.0012438945779712465
1108	 LLH-1	0.0012438945779712465	0.0012438945779712465
1109	 LLH-5	0.001244528074954452	0.001244528074954452
1110	 LLH-2	0.0012502481819740804	0.001244528074954452
1111	 LLH-1	0.001244413848208856	0.001244413848208856
1112	 LLH-5	0.0012435193676724493	0.0012435193676724493
1113	 LLH-2	0.0012602837914925918	0.0012435193676724493
1114	 LLH-1	0.0012435193676724493	0.0012435193676724493
1115	 LLH-4	0.0012435193676724493	0.0012435193676724493
1120	 LLH-0	0.0012439926622683762	0.0012439926622683762
1121	 LLH-1	0.0012439926622683762	0.0012439926622683762
1122	 LLH-1	0.0012439926622683762	0.0012439926622683762
1123	 LLH-4	0.0012439926622683762	0.0012439926622683762
1128	 LLH-2	0.0012485148788667839	0.0012439926622683762
1129	 LLH-1	0.0012439926622683762	0.0012439926622683762
1130	 LLH-1	0.0012437092706647605	0.0012437092706647605
1131	 LLH-6	0.0012437105945721462	0.0012437105945721462
1132	 LLH-3	0.0012570505826082542	0.0012437105945721462
1133	 LLH-5	0.0012436184619230158	0.0012436184619230158
1134	 LLH-4	0.0012431875887100386	0.0012431875887100386
1139	 LLH-0	0.0012435947471053192	0.0012435947471053192
1140	 LLH-2	0.0012484845194094313	0.0012435947471053192
1141	 LLH-6	0.0012427892886573118	0.0012427892886573118
1142	 LLH-3	0.001274040005387905	0.0012427892886573118
1143	 LLH-0	0.0012434400028826142	0.0012427892886573118
1144	 LLH-2	0.0012565503204510174	0.0012427892886573118
1145	 LLH-4	0.0012420529685900458	0.0012420529685900458
1149	 LLH-1	0.0012420529685900458	0.0012420529685900458
1150	 LLH-2	0.0012563761584484642	0.0012420529685900458
1151	 LLH-3	0.001278015047147965	0.0012420529685900458
1152	 LLH-0	0.0012425202461280082	0.0012425202461280082
1153	 LLH-2	0.0012567966198989268	0.0012425202461280082
1154	 LLH-3	0.0012435631549471118	0.0012425202461280082
1155	 LLH-3	0.0012905994395859557	0.0012425202461280082
1156	 LLH-5	0.0012425273500158056	0.0012425273500158056
1157	 LLH-5	0.0012420191470429766	0.0012420191470429766
1158	 LLH-2	0.0012467200777492057	0.0012420191470429766
1159	 LLH-4	0.0012420191470429766	0.0012420191470429766
1164	 LLH-0	0.0012425560935514287	0.0012420191470429766
1165	 LLH-2	0.001259859940150118	0.0012420191470429766
1166	 LLH-6	0.001242579157371474	0.0012420191470429766
1167	 LLH-0	0.0012427053132787267	0.0012427053132787267
1168	 LLH-6	0.0012435733030978465	0.0012427053132787267
1169	 LLH-4	0.0012419522754398803	0.0012419522754398803
1173	 LLH-5	0.0012420135338689017	0.0012420135338689017
1174	 LLH-5	0.001241959193091437	0.001241959193091437
1175	 LLH-5	0.0012416026384419875	0.0012416026384419875
1176	 LLH-2	0.0012527795034079309	0.0012416026384419875
1177	 LLH-4	0.0012408398402665884	0.0012408398402665884
1180	 LLH-3	0.0012413716439675878	0.0012413716439675878
1181	 LLH-1	0.0012413716439675878	0.0012413716439675878
1182	 LLH-0	0.0012420400990145238	0.0012420400990145238
1183	 LLH-6	0.0012421392294275407	0.0012421392294275407
1184	 LLH-1	0.0012421392294275407	0.0012421392294275407
1185	 LLH-6	0.001243113810476056	0.0012421392294275407
1186	 LLH-2	0.0012555295218039527	0.0012421392294275407
1187	 LLH-0	0.0012428997343512172	0.0012421392294275407
1188	 LLH-5	0.0012418423763458487	0.0012418423763458487
1189	 LLH-5	0.0012420937241731094	0.0012420937241731094
1190	 LLH-5	0.0012421821761369387	0.0012421821761369387
1191	 LLH-3	0.001246952218924569	0.0012421821761369387
1192	 LLH-4	0.0012421821761369387	0.0012421821761369387
1197	 LLH-3	0.0012513327287872252	0.0012421821761369387
1198	 LLH-3	0.001244010570978712	0.0012421821761369387
1199	 LLH-0	0.0012425901336292919	0.0012421821761369387
1200	 LLH-5	0.0012424439585384571	0.0012424439585384571
1201	 LLH-5	0.001242248434589585	0.001242248434589585
1202	 LLH-1	0.0012422116005635906	0.0012422116005635906
1203	 LLH-1	0.0012422116005635906	0.0012422116005635906
1204	 LLH-2	0.0012550451925969661	0.0012422116005635906
1205	 LLH-2	0.0012537140359977095	0.0012422116005635906
1206	 LLH-3	0.001289519464317743	0.0012422116005635906
1207	 LLH-0	0.0012426857433173774	0.0012422116005635906
1208	 LLH-5	0.0012421531086121362	0.0012421531086121362
1209	 LLH-3	0.0012474153769364527	0.0012421531086121362
1210	 LLH-5	0.0012417492565817605	0.0012417492565817605
1211	 LLH-1	0.0012417492565817605	0.0012417492565817605
1212	 LLH-0	0.001242147094980447	0.001242147094980447
1213	 LLH-3	0.0012793720600568304	0.001242147094980447
1214	 LLH-4	0.0012417091953178152	0.0012417091953178152
1216	 LLH-3	0.0012459199152642856	0.0012417091953178152
1217	 LLH-6	0.0012423774951904056	0.0012417091953178152
1218	 LLH-2	0.001247547316957506	0.0012417091953178152
1219	 LLH-1	0.0012419041881964047	0.0012419041881964047
1220	 LLH-3	0.0012468093351671711	0.0012419041881964047
1221	 LLH-3	0.0012502857224421264	0.0012419041881964047
1222	 LLH-2	0.0012594641362353193	0.0012419041881964047
1223	 LLH-6	0.0012425945540195963	0.0012419041881964047
1224	 LLH-4	0.0012419041881964047	0.0012419041881964047
1229	 LLH-0	0.0012428927595190826	0.0012419041881964047
1230	 LLH-3	0.001270366643028235	0.0012419041881964047
1231	 LLH-5	0.0012418339895812348	0.0012418339895812348
1232	 LLH-1	0.0012418339895812348	0.0012418339895812348
1233	 LLH-5	0.0012419893161453937	0.0012419893161453937
1234	 LLH-1	0.0012419893161453937	0.0012419893161453937
1235	 LLH-3	0.0012767188905628308	0.0012419893161453937
1236	 LLH-2	0.001252739632278447	0.0012419893161453937
1237	 LLH-6	0.0012425038008476573	0.0012425038008476573
1238	 LLH-0	0.0012429948154734354	0.0012429948154734354
1239	 LLH-0	0.0012436570240318494	0.0012429948154734354
1240	 LLH-5	0.001243095168452677	0.001243095168452677
1241	 LLH-6	0.0012438198642478414	0.001243095168452677
1242	 LLH-1	0.0012428025972128786	0.0012428025972128786
1243	 LLH-1	0.0012428191819856124	0.0012428191819856124
1244	 LLH-5	0.0012429441846418586	0.0012429441846418586
1245	 LLH-6	0.0012440480553426586	0.0012429441846418586
1246	 LLH-0	0.0012433554919473668	0.0012429441846418586
1247	 LLH-1	0.0012429441846418586	0.0012429441846418586
1248	 LLH-6	0.001243764342721878	0.001243764342721878
1249	 LLH-0	0.001243090349907583	0.001243090349907583
1250	 LLH-5	0.0012430648185219268	0.0012430648185219268
1251	 LLH-3	0.0012656110989654884	0.0012430648185219268
1252	 LLH-5	0.0012426419025249238	0.0012426419025249238
1253	 LLH-3	0.0012481222489882317	0.0012426419025249238
1254	 LLH-4	0.0012426419025249238	0.0012426419025249238
1259	 LLH-2	0.0012523305914711182	0.0012426419025249238
1260	 LLH-0	0.0012433023020536442	0.0012426419025249238
1261	 LLH-5	0.0012424947285934306	0.0012424947285934306
1262	 LLH-1	0.0012421696595617516	0.0012421696595617516
1263	 LLH-0	0.0012429737111521724	0.0012421696595617516
1264	 LLH-3	0.0012771558239985604	0.0012421696595617516
1265	 LLH-0	0.001242648681892394	0.0012421696595617516
1266	 LLH-2	0.0012501996445435045	0.0012421696595617516
1267	 LLH-3	0.0012777478466028075	0.0012421696595617516
1268	 LLH-3	0.001245628926551925	0.0012421696595617516
1269	 LLH-2	0.0012500720108166987	0.0012421696595617516
1270	 LLH-1	0.0012423384883823955	0.0012421696595617516
1271	 LLH-3	0.0012485164610960436	0.0012421696595617516
1272	 LLH-6	0.0012425055918853785	0.0012421696595617516
1273	 LLH-2	0.0012485545013614986	0.0012421696595617516
1274	 LLH-6	0.0012416276635562992	0.0012416276635562992
1275	 LLH-0	0.001242045280628218	0.0012416276635562992
1276	 LLH-1	0.0012416322520192246	0.0012416322520192246
1277	 LLH-4	0.0012416322520192246	0.0012416322520192246
1282	 LLH-3	0.0012450331844070647	0.0012416322520192246
1283	 LLH-6	0.0012421506489287406	0.0012416322520192246
1284	 LLH-5	0.0012415721077293827	0.0012415721077293827
1285	 LLH-6	0.0012408928248124056	0.0012408928248124056
1286	 LLH-5	0.0012408019908928263	0.0012408019908928263
1287	 LLH-6	0.0012406247410750193	0.0012406247410750193
1288	 LLH-0	0.0012401499650483438	0.0012401499650483438
1289	 LLH-6	0.0012414422545616317	0.0012401499650483438
1290	 LLH-6	0.0012402751150550992	0.0012401499650483438
1291	 LLH-6	0.0012403801359344628	0.0012401499650483438
1292	 LLH-3	0.0012641748557271613	0.0012401499650483438
1293	 LLH-5	0.001240325712055905	0.001240325712055905
1294	 LLH-5	0.0012403215041609265	0.0012403215041609265
1295	 LLH-5	0.0012401375718008394	0.0012401375718008394
1296	 LLH-3	0.0012468803468648412	0.0012401375718008394
1297	 LLH-3	0.001280171187171459	0.0012401375718008394
1298	 LLH-6	0.0012412155345303847	0.0012401375718008394
1299	 LLH-0	0.0012407992228489252	0.0012401375718008394
1300	 LLH-6	0.0012400485685513099	0.0012400485685513099
1301	 LLH-4	0.0012400485685513099	0.0012400485685513099
1306	 LLH-6	0.0012411618280497813	0.0012400485685513099
1307	 LLH-6	0.0012409924438702927	0.0012400485685513099
1308	 LLH-0	0.0012409260835562982	0.0012400485685513099
1309	 LLH-5	0.0012411128361171713	0.0012400485685513099
1310	 LLH-5	0.0012402052343289732	0.0012400485685513099
1311	 LLH-0	0.0012404875704599783	0.0012404875704599783
1312	 LLH-4	0.0012404875704599783	0.0012404875704599783
1317	 LLH-4	0.0012404875704599783	0.0012404875704599783
1322	 LLH-1	0.0012404875704599783	0.0012404875704599783
1323	 LLH-2	0.0012505920455268057	0.0012404875704599783
1324	 LLH-6	0.0012409445516951261	0.0012404875704599783
1325	 LLH-6	0.0012412844215666143	0.0012404875704599783
1326	 LLH-4	0.0012400633643049979	0.0012400633643049979
1330	 LLH-6	0.0012408144794319516	0.0012400633643049979
1331	 LLH-1	0.0012400633643049979	0.0012400633643049979
1332	 LLH-0	0.0012407247339441226	0.0012400633643049979
1333	 LLH-1	0.0012400633643049979	0.0012400633643049979
1334	 LLH-2	0.0012492791463253336	0.0012400633643049979
1335	 LLH-3	0.0012833836898336292	0.0012400633643049979
1336	 LLH-2	0.0012521263743821354	0.0012400633643049979
1337	 LLH-5	0.0012404902127808736	0.0012400633643049979
1338	 LLH-2	0.0012563586144438436	0.0012400633643049979
1339	 LLH-5	0.0012406638988164645	0.0012400633643049979
1340	 LLH-1	0.0012400633643049979	0.0012400633643049979
1341	 LLH-2	0.0012574718232990518	0.0012400633643049979
1342	 LLH-3	0.001280602994484879	0.0012400633643049979
1343	 LLH-3	0.0012701341566586062	0.0012400633643049979
1344	 LLH-6	0.0012406847420235218	0.0012400633643049979
1345	 LLH-4	0.0012400633643049979	0.0012400633643049979
1350	 LLH-0	0.0012407817600444872	0.0012407817600444872
1351	 LLH-0	0.0012412798008101366	0.0012407817600444872
1352	 LLH-6	0.0012409918872495034	0.0012409918872495034
1353	 LLH-6	0.0012415440259076465	0.0012409918872495034
1354	 LLH-2	0.0012442243114079324	0.0012409918872495034
1355	 LLH-0	0.0012414044551952133	0.0012409918872495034
1356	 LLH-4	0.0012405324592676557	0.0012405324592676557
1361	 LLH-1	0.0012405830504701538	0.0012405324592676557
1362	 LLH-2	0.001257350606980337	0.0012405324592676557
1363	 LLH-1	0.0012405324592676557	0.0012405324592676557
1364	 LLH-2	0.00125600383026162	0.0012405324592676557
1365	 LLH-1	0.0012405324592676557	0.0012405324592676557
1366	 LLH-0	0.0012410049328308247	0.0012405324592676557
1367	 LLH-0	0.0012410506184294017	0.0012405324592676557
1368	 LLH-4	0.0012400080241533246	0.0012400080241533246
1372	 LLH-3	0.0012459323233234604	0.0012400080241533246
1373	 LLH-0	0.00124081029293737	0.0012400080241533246
1374	 LLH-3	0.0012459928899439554	0.0012400080241533246
1375	 LLH-0	0.001240426128455685	0.0012400080241533246
1376	 LLH-6	0.0012405148742424084	0.0012400080241533246
1377	 LLH-3	0.0012454750995204826	0.0012400080241533246
1378	 LLH-6	0.0012405599974591372	0.0012400080241533246
1379	 LLH-2	0.0012541566137542614	0.0012400080241533246
1380	 LLH-4	0.0012400080241533246	0.0012400080241533246
1385	 LLH-4	0.0012400080241533246	0.0012400080241533246
1390	 LLH-3	0.001243905825208342	0.0012400080241533246
1391	 LLH-1	0.0012400080241533246	0.0012400080241533246
1392	 LLH-1	0.0012400080241533246	0.0012400080241533246
1393	 LLH-3	0.0012424678272981377	0.0012400080241533246
1394	 LLH-4	0.0012400080241533246	0.0012400080241533246
1399	 LLH-5	0.001240183461633058	0.0012400080241533246
1400	 LLH-0	0.0012405125588660262	0.0012400080241533246
1401	 LLH-5	0.0012401080811172646	0.0012401080811172646
1402	 LLH-1	0.0012401390214099187	0.0012401390214099187
1403	 LLH-4	0.0012401390214099187	0.0012401390214099187
1408	 LLH-5	0.0012398538345349001	0.0012398538345349001
1409	 LLH-5	0.001240309795015761	0.0012398538345349001
1410	 LLH-4	0.0012398538345349001	0.0012398538345349001
1415	 LLH-1	0.0012398538345349001	0.0012398538345349001
1416	 LLH-0	0.0012403265513606977	0.0012398538345349001
1417	 LLH-0	0.0012545121203962587	0.0012398538345349001
1418	 LLH-1	0.0012398538345349001	0.0012398538345349001
1419	 LLH-2	0.0012534144399447597	0.0012398538345349001
1420	 LLH-2	0.0012465738083788504	0.0012398538345349001
1421	 LLH-1	0.001239906956798686	0.001239906956798686
1422	 LLH-5	0.0012402164740620359	0.001239906956798686
1423	 LLH-5	0.0012400873494625697	0.001239906956798686
1424	 LLH-4	0.001239906956798686	0.001239906956798686
1429	 LLH-1	0.001239906956798686	0.001239906956798686
1430	 LLH-4	0.001239906956798686	0.001239906956798686
1435	 LLH-6	0.0012419463580847444	0.001239906956798686
1436	 LLH-2	0.0012559020477679475	0.001239906956798686
1437	 LLH-4	0.001239906956798686	0.001239906956798686
1442	 LLH-0	0.0012403185522088446	0.001239906956798686
1443	 LLH-6	0.0012402249303673852	0.001239906956798686
1444	 LLH-1	0.0012399193906871024	0.0012399193906871024
1445	 LLH-6	0.0012403966229542003	0.0012399193906871024
1446	 LLH-3	0.0012471783710702304	0.0012399193906871024
1447	 LLH-5	0.001240407326301799	0.0012399193906871024
1448	 LLH-3	0.0012478803128760812	0.0012399193906871024
1449	 LLH-0	0.0012406305272755897	0.0012399193906871024
1450	 LLH-3	0.001287069323816949	0.0012399193906871024
1451	 LLH-6	0.0012410487239581343	0.0012399193906871024
1452	 LLH-2	0.0012555958485637897	0.0012399193906871024
1453	 LLH-1	0.0012399193906871024	0.0012399193906871024
1454	 LLH-1	0.0012399193906871024	0.0012399193906871024
1455	 LLH-0	0.0012405850585530198	0.0012399193906871024
1456	 LLH-4	0.0012399193906871024	0.0012399193906871024
1461	 LLH-3	0.0012426575717551709	0.0012399193906871024
1462	 LLH-0	0.0012545627409310865	0.0012399193906871024
1463	 LLH-1	0.0012399193906871024	0.0012399193906871024
1464	 LLH-6	0.001240247432352586	0.0012399193906871024
1465	 LLH-5	0.001240622391760963	0.0012399193906871024
1466	 LLH-2	0.001257528222840477	0.0012399193906871024
1467	 LLH-3	0.0012809143503775	0.0012399193906871024
1468	 LLH-6	0.0012401417787724367	0.0012399193906871024
1469	 LLH-1	0.0012399193906871024	0.0012399193906871024
1470	 LLH-0	0.0012404254057554953	0.0012399193906871024
1471	 LLH-1	0.0012399193906871024	0.0012399193906871024
1472	 LLH-0	0.0012403734205456705	0.0012399193906871024
1473	 LLH-3	0.0012721114207984792	0.0012399193906871024
1474	 LLH-3	0.001272871098631625	0.0012399193906871024
1475	 LLH-1	0.0012399193906871024	0.0012399193906871024
1476	 LLH-2	0.0012541787957018402	0.0012399193906871024
1477	 LLH-5	0.0012400676394162032	0.0012399193906871024
1478	 LLH-0	0.001240471840955706	0.0012399193906871024
1479	 LLH-6	0.0012401079424977186	0.0012399193906871024
1480	 LLH-3	0.0012854565985221916	0.0012399193906871024
1481	 LLH-0	0.0012403682162405733	0.0012399193906871024
1482	 LLH-0	0.0012403314486001636	0.0012399193906871024
1483	 LLH-0	0.001240320334595866	0.0012399193906871024
1484	 LLH-1	0.0012399193906871024	0.0012399193906871024
1485	 LLH-1	0.0012399193906871024	0.0012399193906871024
1486	 LLH-3	0.0012464697760552314	0.0012399193906871024
1487	 LLH-2	0.0012544545685129196	0.0012399193906871024
1488	 LLH-4	0.0012399193906871024	0.0012399193906871024
1493	 LLH-6	0.0012413576652110481	0.0012399193906871024
1494	 LLH-5	0.0012402983022670412	0.0012399193906871024
1495	 LLH-5	0.0012398970737985031	0.0012398970737985031
1496	 LLH-2	0.0012563939806224925	0.0012398970737985031
1497	 LLH-4	0.0012398970737985031	0.0012398970737985031
1502	 LLH-2	0.0012573459271589084	0.0012398970737985031
1503	 LLH-5	0.001240202853294734	0.0012398970737985031
1504	 LLH-4	0.0012398970737985031	0.0012398970737985031
1509	 LLH-1	0.0012398970737985031	0.0012398970737985031
1510	 LLH-2	0.0012553844289444087	0.0012398970737985031
1511	 LLH-4	0.0012398970737985031	0.0012398970737985031
1516	 LLH-6	0.0012413216641438407	0.0012398970737985031
1517	 LLH-5	0.0012407812058321374	0.0012398970737985031
1518	 LLH-2	0.0012531284929124431	0.0012398970737985031
1519	 LLH-0	0.0012406170127491033	0.0012398970737985031
1520	 LLH-4	0.0012398970737985031	0.0012398970737985031
1525	 LLH-3	0.0012472862551516986	0.0012398970737985031
1526	 LLH-4	0.0012398970737985031	0.0012398970737985031
1531	 LLH-5	0.0012401010564312219	0.0012401010564312219
1532	 LLH-4	0.0012401010564312219	0.0012401010564312219
1537	 LLH-6	0.0012416118261073792	0.0012401010564312219
1538	 LLH-0	0.0012405743739343801	0.0012401010564312219
1539	 LLH-5	0.0012402942045804115	0.0012401010564312219
1540	 LLH-1	0.0012401010564312219	0.0012401010564312219
1541	 LLH-3	0.0012726277869684168	0.0012401010564312219
1542	 LLH-4	0.0012401010564312219	0.0012401010564312219
1547	 LLH-5	0.0012400443904052058	0.0012400443904052058
1548	 LLH-3	0.0012638671678454594	0.0012400443904052058
1549	 LLH-0	0.0012406156236757246	0.0012400443904052058
1550	 LLH-1	0.0012400443904052058	0.0012400443904052058
1551	 LLH-5	0.0012401577751524186	0.0012401577751524186
1552	 LLH-5	0.0012405172329859996	0.0012401577751524186
1553	 LLH-6	0.0012411156105679776	0.0012401577751524186
1554	 LLH-1	0.0012401577751524186	0.0012401577751524186
1555	 LLH-0	0.0012406164816410464	0.0012401577751524186
1556	 LLH-3	0.0012863896305213137	0.0012401577751524186
1557	 LLH-4	0.0012401577751524186	0.0012401577751524186
1562	 LLH-5	0.001241126886836404	0.0012401577751524186
1563	 LLH-4	0.0012401577751524186	0.0012401577751524186
1568	 LLH-6	0.0012407127512178147	0.0012401577751524186
1569	 LLH-6	0.001241556177950381	0.0012401577751524186
1570	 LLH-5	0.001239923217909504	0.001239923217909504
1571	 LLH-1	0.001239923217909504	0.001239923217909504
1572	 LLH-4	0.001239923217909504	0.001239923217909504
1577	 LLH-6	0.0012423524385152705	0.001239923217909504
1578	 LLH-2	0.001249744858915671	0.001239923217909504
1579	 LLH-5	0.0012400969446778472	0.001239923217909504
1580	 LLH-4	0.001239923217909504	0.001239923217909504
1585	 LLH-1	0.001239923217909504	0.001239923217909504
1586	 LLH-2	0.001247979978276595	0.001239923217909504
1587	 LLH-4	0.001239923217909504	0.001239923217909504
1592	 LLH-1	0.001239923217909504	0.001239923217909504
1593	 LLH-5	0.0012407202181042311	0.001239923217909504
1594	 LLH-4	0.001239923217909504	0.001239923217909504
1599	 LLH-3	0.001246626124797447	0.001239923217909504
1600	 LLH-2	0.0012551000902943337	0.001239923217909504
1601	 LLH-4	0.001239923217909504	0.001239923217909504
1606	 LLH-5	0.0012398411674651177	0.0012398411674651177
1607	 LLH-3	0.0012453178639671523	0.0012398411674651177
1608	 LLH-2	0.001255619965271992	0.0012398411674651177
1609	 LLH-4	0.0012398411674651177	0.0012398411674651177
1614	 LLH-0	0.0012402168843202027	0.0012398411674651177
1615	 LLH-5	0.0012399489559134019	0.0012398411674651177
1616	 LLH-2	0.001244931456383672	0.0012398411674651177
1617	 LLH-3	0.0012444977008510567	0.0012398411674651177
1618	 LLH-0	0.0012402847832239255	0.0012398411674651177
1619	 LLH-2	0.001252163576076605	0.0012398411674651177
1620	 LLH-1	0.0012399269875478214	0.0012399269875478214
1621	 LLH-4	0.0012399269875478214	0.0012399269875478214
1626	 LLH-4	0.0012399269875478214	0.0012399269875478214
1631	 LLH-0	0.0012406980755824872	0.0012399269875478214
1632	 LLH-2	0.001249800333496755	0.0012399269875478214
1633	 LLH-2	0.0012500914902572892	0.0012399269875478214
1634	 LLH-5	0.001240368739629862	0.0012399269875478214
1635	 LLH-6	0.001240827647190794	0.0012399269875478214
1636	 LLH-3	0.001274087095574508	0.0012399269875478214
1637	 LLH-3	0.0012817626409169429	0.0012399269875478214
1638	 LLH-5	0.001240075120014517	0.0012399269875478214
1639	 LLH-4	0.0012399269875478214	0.0012399269875478214
1644	 LLH-6	0.001240152991853041	0.0012399269875478214
1645	 LLH-3	0.0012662104745256822	0.0012399269875478214
1646	 LLH-6	0.0012412072511740853	0.0012399269875478214
1647	 LLH-0	0.0012403597407980116	0.0012399269875478214
1648	 LLH-4	0.0012399269875478214	0.0012399269875478214
1653	 LLH-2	0.0012456625876251142	0.0012399269875478214
1654	 LLH-1	0.0012399269875478214	0.0012399269875478214
1655	 LLH-6	0.0012404904778288298	0.0012399269875478214
1656	 LLH-5	0.001240112649505448	0.0012399269875478214
1657	 LLH-5	0.0012402472639645864	0.0012399269875478214
1658	 LLH-2	0.0012460534208985259	0.0012399269875478214
1659	 LLH-3	0.0012726668589266568	0.0012399269875478214
1660	 LLH-1	0.0012399269875478214	0.0012399269875478214
1661	 LLH-0	0.0012406529808380478	0.0012399269875478214
1662	 LLH-2	0.0012527486113737755	0.0012399269875478214
1663	 LLH-2	0.001256185533589517	0.0012399269875478214
1664	 LLH-1	0.0012399269875478214	0.0012399269875478214
1665	 LLH-1	0.001239840901135692	0.001239840901135692
1666	 LLH-2	0.0012470466570121035	0.001239840901135692
1667	 LLH-6	0.0012409199350416102	0.001239840901135692
1668	 LLH-1	0.001239840901135692	0.001239840901135692
1669	 LLH-2	0.001255396052498934	0.001239840901135692
1670	 LLH-1	0.001239840901135692	0.001239840901135692
1671	 LLH-4	0.001239840901135692	0.001239840901135692
1676	 LLH-2	0.001252829149591902	0.001239840901135692
1677	 LLH-1	0.001239880880190814	0.001239880880190814
1678	 LLH-4	0.001239880880190814	0.001239880880190814
1683	 LLH-0	0.0012402847579096302	0.001239880880190814
1684	 LLH-6	0.0012409417021972005	0.001239880880190814
1685	 LLH-5	0.0012402423372874425	0.001239880880190814
1686	 LLH-2	0.001243557248778684	0.001239880880190814
1687	 LLH-2	0.0012578992954973248	0.001239880880190814
1688	 LLH-5	0.0012399373441769651	0.001239880880190814
1689	 LLH-1	0.001239880880190814	0.001239880880190814
1690	 LLH-3	0.0012448516759607808	0.001239880880190814
1691	 LLH-2	0.0012521827210006517	0.001239880880190814
1692	 LLH-3	0.0012670965518317575	0.001239880880190814
1693	 LLH-4	0.001239880880190814	0.001239880880190814
1698	 LLH-5	0.0012403595359523143	0.001239880880190814
1699	 LLH-2	0.00125867973134166	0.001239880880190814
1700	 LLH-4	0.001239880880190814	0.001239880880190814
1705	 LLH-6	0.0012406018320874968	0.001239880880190814
1706	 LLH-5	0.0012400944457500861	0.001239880880190814
1707	 LLH-2	0.0012474942282340938	0.001239880880190814
1708	 LLH-1	0.001239880880190814	0.001239880880190814
1709	 LLH-2	0.0012505069289099001	0.001239880880190814
1710	 LLH-0	0.0012409496292386615	0.001239880880190814
1711	 LLH-6	0.001239954301627852	0.001239880880190814
1712	 LLH-5	0.0012398185390464728	0.0012398185390464728
1713	 LLH-2	0.0012514715143102826	0.0012398185390464728
1714	 LLH-2	0.0012551880954250255	0.0012398185390464728
1715	 LLH-3	0.0012664888792957413	0.0012398185390464728
1716	 LLH-6	0.001240402217849516	0.0012398185390464728
1717	 LLH-0	0.001240523760093721	0.0012398185390464728
1718	 LLH-3	0.001286250570200184	0.0012398185390464728
1719	 LLH-2	0.0012550211167639612	0.0012398185390464728
1720	 LLH-3	0.0012488902129127735	0.0012398185390464728
1721	 LLH-6	0.0012395973698022655	0.0012395973698022655
1722	 LLH-4	0.0012395973698022655	0.0012395973698022655
1727	 LLH-4	0.0012395973698022655	0.0012395973698022655
1732	 LLH-4	0.0012395973698022655	0.0012395973698022655
1737	 LLH-4	0.0012395973698022655	0.0012395973698022655
1742	 LLH-6	0.0012406717810245973	0.0012395973698022655
1743	 LLH-4	0.0012395973698022655	0.0012395973698022655
1748	 LLH-1	0.0012395973698022655	0.0012395973698022655
1749	 LLH-4	0.0012395973698022655	0.0012395973698022655
1754	 LLH-2	0.0012420798952872702	0.0012395973698022655
1755	 LLH-5	0.0012396739576196936	0.0012395973698022655
1756	 LLH-3	0.0012598869979571342	0.0012395973698022655
1757	 LLH-0	0.0012542729042173658	0.0012395973698022655
1758	 LLH-4	0.0012395973698022655	0.0012395973698022655
1763	 LLH-5	0.0012397000830384748	0.0012395973698022655
1764	 LLH-6	0.0012403067903058742	0.0012395973698022655
1765	 LLH-6	0.001240089717110207	0.0012395973698022655
1766	 LLH-4	0.0012395973698022655	0.0012395973698022655
1771	 LLH-5	0.001239845701967492	0.0012395973698022655
1772	 LLH-3	0.0012454527555063625	0.0012395973698022655
1773	 LLH-1	0.0012400764490102102	0.0012395973698022655
1774	 LLH-0	0.0012402065425914453	0.0012395973698022655
1775	 LLH-1	0.0012395973698022655	0.0012395973698022655
1776	 LLH-2	0.00124310859378147	0.0012395973698022655
1777	 LLH-6	0.0012404912525451617	0.0012395973698022655
1778	 LLH-5	0.0012402057915582724	0.0012395973698022655
1779	 LLH-3	0.0012435619533365879	0.0012395973698022655
1780	 LLH-3	0.0012406577777658249	0.0012395973698022655
1781	 LLH-6	0.001239820086441941	0.0012395973698022655
1782	 LLH-3	0.0012436597157031804	0.0012395973698022655
1783	 LLH-0	0.0012400918854381315	0.0012395973698022655
1784	 LLH-4	0.0012395973698022655	0.0012395973698022655
1789	 LLH-3	0.001247090361332328	0.0012395973698022655
1790	 LLH-6	0.0012399934675716901	0.0012395973698022655
1791	 LLH-3	0.001275099490184318	0.0012395973698022655
1792	 LLH-0	0.0012399917647360405	0.0012395973698022655
1793	 LLH-2	0.001246200222283566	0.0012395973698022655
1794	 LLH-4	0.0012395973698022655	0.0012395973698022655
1799	 LLH-1	0.0012395973698022655	0.0012395973698022655
1800	 LLH-2	0.0012447229701376674	0.0012395973698022655
1801	 LLH-0	0.0012402666797294184	0.0012395973698022655
1802	 LLH-3	0.001244810602270721	0.0012395973698022655
1803	 LLH-3	0.0012459996505680485	0.0012395973698022655
1804	 LLH-4	0.0012395973698022655	0.0012395973698022655
1809	 LLH-0	0.001240047771672784	0.0012395973698022655
1810	 LLH-5	0.0012404966564013862	0.0012395973698022655
1811	 LLH-6	0.0012398668896109952	0.0012395973698022655
1812	 LLH-4	0.0012395973698022655	0.0012395973698022655
1817	 LLH-0	0.0012399971347443568	0.0012395973698022655
1818	 LLH-1	0.0012395973698022655	0.0012395973698022655
1819	 LLH-3	0.0012462185143846977	0.0012395973698022655
1820	 LLH-5	0.0012395954546728719	0.0012395954546728719
1821	 LLH-3	0.0012658182288463402	0.0012395954546728719
1822	 LLH-1	0.0012395954546728719	0.0012395954546728719
1823	 LLH-0	0.0012401390000885196	0.0012395954546728719
1824	 LLH-4	0.0012395954546728719	0.0012395954546728719
1829	 LLH-1	0.0012396638748142362	0.0012395954546728719
1830	 LLH-5	0.0012397522783162765	0.0012395954546728719
1831	 LLH-0	0.001240074207774086	0.0012395954546728719
1832	 LLH-6	0.0012400673276461245	0.0012395954546728719
1833	 LLH-2	0.0012525172245429366	0.0012395954546728719
1834	 LLH-0	0.0012403024950692807	0.0012395954546728719
1835	 LLH-0	0.0012542066226498907	0.0012395954546728719
1836	 LLH-2	0.0012474597687584796	0.0012395954546728719
1837	 LLH-1	0.0012395954546728719	0.0012395954546728719
1838	 LLH-1	0.0012396720960595473	0.0012395954546728719
1839	 LLH-5	0.0012397606518070937	0.0012395954546728719
1840	 LLH-2	0.0012479480359541908	0.0012395954546728719
1841	 LLH-3	0.0012687765556851183	0.0012395954546728719
1842	 LLH-2	0.0012490740524878506	0.0012395954546728719
1843	 LLH-2	0.0012443933309730611	0.0012395954546728719
1844	 LLH-2	0.0012533947092139316	0.0012395954546728719
1845	 LLH-4	0.0012395954546728719	0.0012395954546728719
1850	 LLH-2	0.0012458424119575129	0.0012395954546728719
1851	 LLH-4	0.0012395954546728719	0.0012395954546728719
1856	 LLH-3	0.0012709688489708278	0.0012395954546728719
1857	 LLH-2	0.0012485885510556732	0.0012395954546728719
1858	 LLH-3	0.0012437003338182163	0.0012395954546728719
1859	 LLH-1	0.0012395954546728719	0.0012395954546728719
1860	 LLH-0	0.0012403859666729783	0.0012395954546728719
1861	 LLH-4	0.0012395954546728719	0.0012395954546728719
1866	 LLH-2	0.0012558874465982653	0.0012395954546728719
1867	 LLH-2	0.0012511851554907083	0.0012395954546728719
1868	 LLH-6	0.0012404971510210565	0.0012395954546728719
1869	 LLH-2	0.0012518095756739135	0.0012395954546728719
1870	 LLH-6	0.0012406495711463161	0.0012395954546728719
1871	 LLH-3	0.001263695895486467	0.0012395954546728719
1872	 LLH-1	0.0012395954546728719	0.0012395954546728719
1873	 LLH-6	0.0012403178200609411	0.0012395954546728719
1874	 LLH-5	0.0012396319550938765	0.0012395954546728719
1875	 LLH-4	0.0012395954546728719	0.0012395954546728719
1880	 LLH-4	0.0012395954546728719	0.0012395954546728719
1885	 LLH-3	0.0012630981801678666	0.0012395954546728719
1886	 LLH-1	0.0012395954546728719	0.0012395954546728719
1887	 LLH-1	0.0012395954546728719	0.0012395954546728719
1888	 LLH-5	0.0012400401036774126	0.0012395954546728719
1889	 LLH-5	0.0012406514341583709	0.0012395954546728719
1890	 LLH-0	0.0012404694089695877	0.0012395954546728719
1891	 LLH-2	0.0012541583072790575	0.0012395954546728719
1892	 LLH-3	0.0012743162199008958	0.0012395954546728719
1893	 LLH-6	0.0012402673767373763	0.0012395954546728719
1894	 LLH-3	0.0012461672511617223	0.0012395954546728719
1895	 LLH-4	0.0012395954546728719	0.0012395954546728719
1900	 LLH-6	0.0012407291557362087	0.0012395954546728719
1901	 LLH-0	0.0012540367525595065	0.0012395954546728719
1902	 LLH-4	0.0012395954546728719	0.0012395954546728719
1907	 LLH-0	0.0012539968916816014	0.0012395954546728719
1908	 LLH-6	0.0012402067072389738	0.0012395954546728719
1909	 LLH-1	0.0012395954546728719	0.0012395954546728719
1910	 LLH-6	0.0012407013052068195	0.0012395954546728719
1911	 LLH-5	0.0012398523957511906	0.0012395954546728719
1912	 LLH-1	0.0012395954546728719	0.0012395954546728719
1913	 LLH-5	0.001240610792743794	0.0012395954546728719
1914	 LLH-1	0.0012395954546728719	0.0012395954546728719
1915	 LLH-0	0.0012402732544499536	0.0012395954546728719
1916	 LLH-1	0.0012395954546728719	0.0012395954546728719
1917	 LLH-6	0.001239784745124085	0.0012395954546728719
1918	 LLH-2	0.0012517894186542468	0.0012395954546728719
1919	 LLH-0	0.0012400443432267901	0.0012395954546728719
1920	 LLH-1	0.0012395954546728719	0.0012395954546728719
1921	 LLH-5	0.0012403228796028238	0.0012395954546728719
1922	 LLH-4	0.0012395954546728719	0.0012395954546728719
1927	 LLH-0	0.001240013261435146	0.0012395954546728719
1928	 LLH-0	0.0012402538124436674	0.0012395954546728719
1929	 LLH-6	0.0012402661791480634	0.0012395954546728719
1930	 LLH-1	0.0012395954546728719	0.0012395954546728719
1931	 LLH-2	0.0012514041546346911	0.0012395954546728719
1932	 LLH-1	0.0012395954546728719	0.0012395954546728719
1933	 LLH-5	0.0012402229394481209	0.0012395954546728719
1934	 LLH-2	0.001243334614050527	0.0012395954546728719
1935	 LLH-4	0.0012395954546728719	0.0012395954546728719
1940	 LLH-3	0.0012772417731482634	0.0012395954546728719
1941	 LLH-3	0.0012455436638329734	0.0012395954546728719
1942	 LLH-4	0.0012395954546728719	0.0012395954546728719
1947	 LLH-3	0.0012454423720345085	0.0012395954546728719
1948	 LLH-0	0.0012402650991095194	0.0012395954546728719
1949	 LLH-4	0.0012395954546728719	0.0012395954546728719
1954	 LLH-0	0.0012399684227114994	0.0012395954546728719
1955	 LLH-1	0.0012395954546728719	0.0012395954546728719
1956	 LLH-6	0.001239981510008218	0.0012395954546728719
1957	 LLH-0	0.0012400022870866076	0.0012395954546728719
1958	 LLH-6	0.001240942804847283	0.0012395954546728719
1959	 LLH-1	0.0012395954546728719	0.0012395954546728719
1960	 LLH-1	0.0012395954546728719	0.0012395954546728719
1961	 LLH-2	0.0012452553906387492	0.0012395954546728719
1962	 LLH-1	0.0012395893188661992	0.0012395893188661992
1963	 LLH-3	0.0012450315531679283	0.0012395893188661992
1964	 LLH-6	0.0012397961352448251	0.0012395893188661992
1965	 LLH-2	0.001253070573217916	0.0012395893188661992
1966	 LLH-0	0.0012399640367746875	0.0012395893188661992
1967	 LLH-5	0.001239860072791856	0.0012395893188661992
1968	 LLH-1	0.0012395893188661992	0.0012395893188661992
1969	 LLH-3	0.0012447227259970372	0.0012395893188661992
1970	 LLH-1	0.0012396551608300347	0.0012395893188661992
1971	 LLH-0	0.001240032969892557	0.0012395893188661992
1972	 LLH-3	0.0012734827185940092	0.0012395893188661992
1973	 LLH-5	0.0012401586836056913	0.0012395893188661992
1974	 LLH-6	0.001240619638475745	0.0012395893188661992
1975	 LLH-1	0.00123967381750206	0.0012395893188661992
1976	 LLH-0	0.0012402535351808365	0.0012395893188661992
1977	 LLH-0	0.001239964059320502	0.0012395893188661992
1978	 LLH-2	0.001247065733477381	0.0012395893188661992
1979	 LLH-4	0.0012395893188661992	0.0012395893188661992
1984	 LLH-0	0.0012400253654239438	0.0012395893188661992
1985	 LLH-0	0.001240065233989629	0.0012395893188661992
1986	 LLH-0	0.0012399945910016202	0.0012395893188661992
1987	 LLH-1	0.0012396190749034836	0.0012395893188661992
1988	 LLH-5	0.0012394537520876343	0.0012394537520876343
1989	 LLH-0	0.00124019897863348	0.0012394537520876343
1990	 LLH-4	0.0012394537520876343	0.0012394537520876343
1995	 LLH-1	0.0012394537520876343	0.0012394537520876343
1996	 LLH-6	0.0012410448612934861	0.0012394537520876343
1997	 LLH-3	0.001245376257437261	0.0012394537520876343
1998	 LLH-0	0.0012398482598698986	0.0012394537520876343
1999	 LLH-0	0.0012402039295672921	0.0012394537520876343