Initial objective 0.0013105094734534607
1	 LLH-5	0.0013093153716327113	0.0013093153716327113
2	 LLH-0	0.0013076517370912597	0.0013076517370912597
3	 LLH-3	0.0014284230446394714	0.0014284230446394714
4	 LLH-0	0.001431881486471573	0.001431881486471573
5	 LLH-3	0.0016339075274300345	0.001431881486471573
6	 LLH-5	0.0014314948921157178	0.0014314948921157178
7	 LLH-2	0.0014288420831848497	0.0014288420831848497
8	 LLH-4	0.0014256517197576818	0.0014256517197576818
12	 LLH-1	0.0014258606748790504	0.0014258606748790504
13	 LLH-1	0.001425654883409663	0.001425654883409663
14	 LLH-5	0.0014260444214339082	0.0014260444214339082
15	 LLH-4	0.0014233504132112457	0.0014233504132112457
18	 LLH-4	0.0014204323978761909	0.0014204323978761909
20	 LLH-6	0.0014199924385546354	0.0014199924385546354
21	 LLH-5	0.0014208448547105112	0.0014208448547105112
22	 LLH-0	0.0014176528357184568	0.0014176528357184568
23	 LLH-6	0.0014158401624595955	0.0014158401624595955
24	 LLH-3	0.0012939804600968791	0.0012939804600968791
25	 LLH-0	0.0012952508347629772	0.0012952508347629772
26	 LLH-0	0.0012967970434808267	0.0012967970434808267
27	 LLH-0	0.0012983613737703376	0.0012983613737703376
28	 LLH-5	0.001298724064237883	0.001298724064237883
29	 LLH-0	0.0012998951960764608	0.0012998951960764608
30	 LLH-0	0.001301461967933909	0.001301461967933909
31	 LLH-2	0.0013070627010518998	0.0013070627010518998
32	 LLH-6	0.0013068305516428617	0.0013068305516428617
33	 LLH-5	0.001303771687871462	0.001303771687871462
34	 LLH-1	0.0013033303187615388	0.0013033303187615388
35	 LLH-3	0.0012706452301601142	0.0012706452301601142
36	 LLH-6	0.0012716040269423162	0.0012716040269423162
37	 LLH-0	0.001270725857459995	0.001270725857459995
38	 LLH-1	0.001270725857459995	0.001270725857459995
39	 LLH-0	0.001271585955311437	0.001271585955311437
40	 LLH-1	0.001271585955311437	0.001271585955311437
41	 LLH-1	0.001271585955311437	0.001271585955311437
42	 LLH-3	0.0012547582471867462	0.0012547582471867462
43	 LLH-5	0.0012557590365998629	0.0012557590365998629
44	 LLH-3	0.0012591100290400932	0.0012591100290400932
45	 LLH-6	0.0012596967581072233	0.0012596967581072233
46	 LLH-5	0.0012594401751325859	0.0012594401751325859
47	 LLH-1	0.0012594401751325859	0.0012594401751325859
48	 LLH-1	0.0012590732183494849	0.0012590732183494849
49	 LLH-2	0.0012512636092978603	0.0012512636092978603
50	 LLH-1	0.0012511518666469068	0.0012511518666469068
51	 LLH-6	0.0012518137310527908	0.0012518137310527908
52	 LLH-4	0.0012518137310527908	0.0012518137310527908
57	 LLH-3	0.0012952026659712656	0.0012952026659712656
58	 LLH-1	0.0012953221849496045	0.0012953221849496045
59	 LLH-6	0.001294946939253725	0.001294946939253725
60	 LLH-6	0.001296399554344306	0.001296399554344306
61	 LLH-1	0.001296399554344306	0.001296399554344306
62	 LLH-0	0.001297530527252248	0.001297530527252248
63	 LLH-1	0.0012977364557905271	0.0012977364557905271
64	 LLH-2	0.0012983802095055202	0.0012983802095055202
65	 LLH-6	0.0012974876166884331	0.0012974876166884331
66	 LLH-6	0.0012964023649996836	0.0012964023649996836
67	 LLH-3	0.0013749896910868304	0.0013749896910868304
68	 LLH-5	0.00137880562173277	0.00137880562173277
69	 LLH-5	0.0013788669429574997	0.0013788669429574997
70	 LLH-2	0.0013710422222283228	0.0013710422222283228
71	 LLH-5	0.0013708361495806398	0.0013708361495806398
72	 LLH-0	0.0013687995337760455	0.0013687995337760455
73	 LLH-6	0.001367156125480988	0.001367156125480988
74	 LLH-0	0.001364837003379477	0.001364837003379477
75	 LLH-5	0.0013641552553647486	0.0013641552553647486
76	 LLH-1	0.0013641552553647486	0.0013641552553647486
77	 LLH-0	0.0013658738480411999	0.0013658738480411999
78	 LLH-6	0.0013657732101675357	0.0013657732101675357
79	 LLH-1	0.0013657732101675357	0.0013657732101675357
80	 LLH-0	0.0013631767299099825	0.0013631767299099825
81	 LLH-6	0.0013621891140285936	0.0013621891140285936
82	 LLH-1	0.0013622043789944282	0.0013622043789944282
83	 LLH-5	0.0013628875985198185	0.0013628875985198185
84	 LLH-1	0.0013636426535845521	0.0013636426535845521
85	 LLH-0	0.0013616458166583172	0.0013616458166583172
86	 LLH-6	0.001363191329627588	0.001363191329627588
87	 LLH-4	0.001361237173037717	0.001361237173037717
89	 LLH-4	0.0013591929797990383	0.0013591929797990383
91	 LLH-6	0.0013593000629929474	0.0013593000629929474
92	 LLH-4	0.0013574026145143803	0.0013574026145143803
94	 LLH-1	0.0013574026145143803	0.0013574026145143803
95	 LLH-3	0.0015173884475575311	0.0015173884475575311
96	 LLH-6	0.0015173162645046568	0.0015173162645046568
97	 LLH-4	0.0015130092710177138	0.0015130092710177138
99	 LLH-2	0.0014486848486081846	0.0014486848486081846
100	 LLH-6	0.0014474873575777833	0.0014474873575777833
101	 LLH-3	0.0013125900747880063	0.0013125900747880063
102	 LLH-1	0.0013125900747880063	0.0013125900747880063
103	 LLH-1	0.0013125900747880063	0.0013125900747880063
104	 LLH-2	0.00132504799447098	0.00132504799447098
105	 LLH-4	0.0013233939144871379	0.0013233939144871379
107	 LLH-6	0.0013230239555399282	0.0013230239555399282
108	 LLH-0	0.0013247983825708754	0.0013247983825708754
109	 LLH-6	0.0013233897815135567	0.0013233897815135567
110	 LLH-6	0.001323977752470448	0.001323977752470448
111	 LLH-0	0.001325553754956572	0.001325553754956572
112	 LLH-5	0.001324991253732082	0.001324991253732082
113	 LLH-6	0.0013248335891383174	0.0013248335891383174
114	 LLH-0	0.0013233232527100319	0.0013233232527100319
115	 LLH-4	0.001321677664595739	0.001321677664595739
117	 LLH-4	0.0013204429525430978	0.0013204429525430978
121	 LLH-3	0.0012652888403606873	0.0012652888403606873
122	 LLH-1	0.0012652888403606873	0.0012652888403606873
123	 LLH-5	0.0012661589672340818	0.0012661589672340818
124	 LLH-4	0.0012651076861242465	0.0012651076861242465
128	 LLH-4	0.0012642128549264044	0.0012642128549264044
131	 LLH-0	0.0012650302215279517	0.0012650302215279517
132	 LLH-3	0.0012535165003770548	0.0012535165003770548
133	 LLH-2	0.0012706107029110127	0.0012706107029110127
134	 LLH-6	0.0012709544544302123	0.0012709544544302123
135	 LLH-1	0.0012709544544302123	0.0012709544544302123
136	 LLH-3	0.0012477461311317507	0.0012477461311317507
137	 LLH-2	0.001256589069409711	0.001256589069409711
138	 LLH-3	0.001324975812434234	0.001324975812434234
139	 LLH-1	0.001324975812434234	0.001324975812434234
140	 LLH-5	0.0013242570334685334	0.0013242570334685334
141	 LLH-0	0.0013258122651397886	0.0013258122651397886
142	 LLH-0	0.001324114853747015	0.001324114853747015
143	 LLH-5	0.0013244832433479208	0.0013244832433479208
144	 LLH-4	0.00132304377403586	0.00132304377403586
146	 LLH-6	0.001322757276463563	0.001322757276463563
147	 LLH-1	0.0013226365044858208	0.0013226365044858208
148	 LLH-5	0.0013236853741702807	0.0013236853741702807
149	 LLH-1	0.0013237148161822697	0.0013237148161822697
150	 LLH-6	0.0013232764337323428	0.0013232764337323428
151	 LLH-6	0.0013238139004254073	0.0013238139004254073
152	 LLH-1	0.0013238139004254073	0.0013238139004254073
153	 LLH-4	0.0013222926799180685	0.0013222926799180685
157	 LLH-5	0.0013230752732292287	0.0013230752732292287
158	 LLH-5	0.0013227183887442055	0.0013227183887442055
159	 LLH-6	0.0013241569148061975	0.0013241569148061975
160	 LLH-3	0.0012797506570191171	0.0012797506570191171
161	 LLH-2	0.0012781576701521294	0.0012781576701521294
162	 LLH-5	0.0012785191030987085	0.0012785191030987085
163	 LLH-2	0.0012930804237726858	0.0012930804237726858
164	 LLH-5	0.0012928912703178879	0.0012928912703178879
165	 LLH-6	0.001292682792922876	0.001292682792922876
166	 LLH-4	0.0012721917016577516	0.0012721917016577516
168	 LLH-4	0.0012721917016577516	0.0012721917016577516
173	 LLH-6	0.0012713917237347123	0.0012713917237347123
174	 LLH-1	0.0012713917237347123	0.0012713917237347123
175	 LLH-0	0.0012920004999849672	0.0012920004999849672
176	 LLH-1	0.0012920004999849672	0.0012920004999849672
177	 LLH-2	0.001282636486554763	0.001282636486554763
178	 LLH-0	0.0012837613690859827	0.0012837613690859827
179	 LLH-2	0.001302871342264237	0.001302871342264237
180	 LLH-1	0.0013025968642710805	0.0013025968642710805
181	 LLH-1	0.0013030406183407901	0.0013030406183407901
182	 LLH-3	0.0012615916492009728	0.0012615916492009728
183	 LLH-2	0.0012767593646218374	0.0012767593646218374
184	 LLH-5	0.0012772715682790715	0.0012772715682790715
185	 LLH-2	0.0012688612478160912	0.0012688612478160912
186	 LLH-6	0.0012678178048650913	0.0012678178048650913
187	 LLH-4	0.0012678178048650913	0.0012678178048650913
192	 LLH-1	0.0012678178048650913	0.0012678178048650913
193	 LLH-1	0.0012678178048650913	0.0012678178048650913
194	 LLH-5	0.0012673101193970437	0.0012673101193970437
195	 LLH-6	0.001266920444184965	0.001266920444184965
196	 LLH-1	0.0012667248143037309	0.0012667248143037309
197	 LLH-6	0.0012668112336388297	0.0012668112336388297
198	 LLH-2	0.001279899678804052	0.001279899678804052
199	 LLH-3	0.0013683691147298182	0.0013683691147298182
200	 LLH-5	0.0013713595050841663	0.0013713595050841663
201	 LLH-2	0.0013409161919861882	0.0013409161919861882
202	 LLH-5	0.0013409439142614465	0.0013409439142614465
203	 LLH-1	0.0013410384213189417	0.0013410384213189417
204	 LLH-2	0.0013434821375888258	0.0013434821375888258
205	 LLH-5	0.0013419350117237505	0.0013419350117237505
206	 LLH-1	0.0013417642074193788	0.0013417642074193788
207	 LLH-1	0.0013417880710732606	0.0013417880710732606
208	 LLH-3	0.001449583446710033	0.001449583446710033
209	 LLH-4	0.0014462891181888132	0.0014462891181888132
212	 LLH-0	0.00144975043709382	0.00144975043709382
213	 LLH-4	0.0014462984238250579	0.0014462984238250579
215	 LLH-1	0.001446884292064902	0.001446884292064902
216	 LLH-3	0.0016497244116304352	0.0016497244116304352
217	 LLH-1	0.0016497244116304352	0.0016497244116304352
218	 LLH-6	0.0016508506238117123	0.0016508506238117123
219	 LLH-1	0.0016508102631049	0.0016508102631049
220	 LLH-4	0.001644610723184244	0.001644610723184244
222	 LLH-0	0.0016517531961854545	0.0016517531961854545
223	 LLH-5	0.0016513252736958832	0.0016513252736958832
224	 LLH-1	0.0016512897414632552	0.0016512897414632552
225	 LLH-3	0.0013301493583749604	0.0013301493583749604
226	 LLH-6	0.0013312589982684387	0.0013312589982684387
227	 LLH-1	0.0013310124386126132	0.0013310124386126132
228	 LLH-6	0.0013307667536263325	0.0013307667536263325
229	 LLH-6	0.0013306688868699077	0.0013306688868699077
230	 LLH-2	0.001331877293123555	0.001331877293123555
231	 LLH-2	0.0013122815043497124	0.0013122815043497124
232	 LLH-3	0.0012651376716198825	0.0012651376716198825
233	 LLH-1	0.0012652870355475692	0.0012652870355475692
234	 LLH-6	0.0012676606726322774	0.0012676606726322774
235	 LLH-4	0.0012664375784900983	0.0012664375784900983
237	 LLH-0	0.0012671934118817512	0.0012671934118817512
238	 LLH-0	0.0012680926126090422	0.0012680926126090422
239	 LLH-2	0.0012939818882786076	0.0012939818882786076
240	 LLH-1	0.0012939818882786076	0.0012939818882786076
241	 LLH-6	0.0012937528527491586	0.0012937528527491586
242	 LLH-4	0.0012925749336069846	0.0012925749336069846
244	 LLH-4	0.001291469809535721	0.001291469809535721
247	 LLH-3	0.0013733938043979097	0.0013733938043979097
248	 LLH-2	0.0013397947543670563	0.0013397947543670563
249	 LLH-2	0.0013429805736568648	0.0013429805736568648
250	 LLH-6	0.0013417684444908514	0.0013417684444908514
251	 LLH-0	0.0013399530797842936	0.0013399530797842936
252	 LLH-1	0.0013399114545056788	0.0013399114545056788
253	 LLH-2	0.0013492640562195438	0.0013492640562195438
254	 LLH-4	0.0013475085968731335	0.0013475085968731335
257	 LLH-4	0.0013454052977000923	0.0013454052977000923
260	 LLH-4	0.0013432437040236994	0.0013432437040236994
262	 LLH-6	0.0013428197955727827	0.0013428197955727827
263	 LLH-4	0.001341068576653079	0.001341068576653079
267	 LLH-5	0.0013386764600377384	0.0013386764600377384
268	 LLH-3	0.001450567055584716	0.0013386764600377384
269	 LLH-0	0.0013405721939136295	0.0013405721939136295
270	 LLH-2	0.0013358175414423332	0.0013358175414423332
271	 LLH-2	0.0013404642584996483	0.0013404642584996483
272	 LLH-6	0.0013423398840000495	0.0013423398840000495
273	 LLH-2	0.0013429682954561556	0.0013429682954561556
274	 LLH-5	0.0013435164422358299	0.0013435164422358299
275	 LLH-1	0.0013434817902727254	0.0013434817902727254
276	 LLH-6	0.0013450778859649768	0.0013450778859649768
277	 LLH-1	0.0013450778859649768	0.0013450778859649768
278	 LLH-3	0.0012727705608398072	0.0012727705608398072
279	 LLH-5	0.0012728838350591996	0.0012728838350591996
280	 LLH-0	0.0012740945966294055	0.0012740945966294055
281	 LLH-6	0.0012711938280101829	0.0012711938280101829
282	 LLH-0	0.0012703415128961098	0.0012703415128961098
283	 LLH-5	0.001271085626628194	0.001271085626628194
284	 LLH-2	0.0012843033656542854	0.0012843033656542854
285	 LLH-5	0.0012847074099878214	0.0012847074099878214
286	 LLH-6	0.0012851077352091802	0.0012851077352091802
287	 LLH-1	0.0012851077352091802	0.0012851077352091802
288	 LLH-4	0.0012836994609563945	0.0012836994609563945
291	 LLH-6	0.0012861755050114308	0.0012861755050114308
292	 LLH-6	0.001285698356706032	0.001285698356706032
293	 LLH-1	0.001285698356706032	0.001285698356706032
294	 LLH-0	0.001284799389239759	0.001284799389239759
295	 LLH-4	0.0012837707315484447	0.0012837707315484447
299	 LLH-0	0.0012852221699385744	0.0012852221699385744
300	 LLH-4	0.0012842178959591483	0.0012842178959591483
302	 LLH-4	0.001283193397126295	0.001283193397126295
305	 LLH-2	0.0012772611887019224	0.0012772611887019224
306	 LLH-5	0.0012780501346507168	0.0012780501346507168
307	 LLH-3	0.0013613874389215728	0.0012780501346507168
308	 LLH-1	0.0012780501346507168	0.0012780501346507168
309	 LLH-2	0.0012950810175615998	0.0012950810175615998
310	 LLH-2	0.0012882282588707122	0.0012882282588707122
311	 LLH-3	0.001387432925451539	0.001387432925451539
312	 LLH-0	0.0013900417890443254	0.0013900417890443254
313	 LLH-3	0.0015201977621565918	0.0015201977621565918
314	 LLH-5	0.0015193781719346068	0.0015193781719346068
315	 LLH-2	0.001463207640108526	0.001463207640108526
316	 LLH-0	0.0014596764114706215	0.0014596764114706215
317	 LLH-0	0.0014558282423349856	0.0014558282423349856
318	 LLH-5	0.0014565599319479774	0.0014565599319479774
319	 LLH-4	0.0014531022671401051	0.0014531022671401051
321	 LLH-2	0.001422167585700904	0.001422167585700904
322	 LLH-2	0.0013962628278964555	0.0013962628278964555
323	 LLH-3	0.0013000668385106657	0.0013000668385106657
324	 LLH-3	0.0012712759665162144	0.0012712759665162144
325	 LLH-6	0.001269981061394085	0.001269981061394085
326	 LLH-6	0.0012702003132586035	0.0012702003132586035
327	 LLH-1	0.0012704146562645198	0.0012704146562645198
328	 LLH-4	0.0012694764523209867	0.0012694764523209867
331	 LLH-6	0.0012695586362531435	0.0012695586362531435
332	 LLH-0	0.001270670928546649	0.001270670928546649
333	 LLH-6	0.0012698507565852995	0.0012698507565852995
334	 LLH-4	0.0012698507565852995	0.0012698507565852995
339	 LLH-1	0.0012698507565852995	0.0012698507565852995
340	 LLH-5	0.0012698935079403736	0.0012698935079403736
341	 LLH-2	0.001275148826642043	0.001275148826642043
342	 LLH-3	0.0012529476323473012	0.0012529476323473012
343	 LLH-0	0.0012536876296947795	0.0012536876296947795
344	 LLH-3	0.001257493860582133	0.001257493860582133
345	 LLH-4	0.001257493860582133	0.001257493860582133
350	 LLH-2	0.0012585647729902926	0.0012585647729902926
351	 LLH-4	0.0012579335597894608	0.0012579335597894608
354	 LLH-2	0.0012471360848746948	0.0012471360848746948
355	 LLH-5	0.0012476742704769191	0.0012476742704769191
356	 LLH-5	0.0012461521490614166	0.0012461521490614166
357	 LLH-5	0.0012464744936272042	0.0012464744936272042
358	 LLH-4	0.0012464744936272042	0.0012464744936272042
363	 LLH-4	0.0012464744936272042	0.0012464744936272042
368	 LLH-4	0.0012464744936272042	0.0012464744936272042
373	 LLH-3	0.001318952461098631	0.0012464744936272042
374	 LLH-4	0.0012464744936272042	0.0012464744936272042
379	 LLH-6	0.001246174713545526	0.001246174713545526
380	 LLH-4	0.001246174713545526	0.001246174713545526
385	 LLH-0	0.0012632223987508327	0.0012632223987508327
386	 LLH-5	0.001264240911236829	0.001264240911236829
387	 LLH-5	0.0012635948818417863	0.0012635948818417863
388	 LLH-3	0.0012972980746682157	0.0012972980746682157
389	 LLH-2	0.001304267511927473	0.001304267511927473
390	 LLH-3	0.001273969311552865	0.001273969311552865
391	 LLH-1	0.0012743212325318856	0.0012743212325318856
392	 LLH-0	0.0012751895051554504	0.0012751895051554504
393	 LLH-1	0.0012751895051554504	0.0012751895051554504
394	 LLH-6	0.0012751410038436678	0.0012751410038436678
395	 LLH-1	0.0012752703415280467	0.0012752703415280467
396	 LLH-2	0.0012830931824607172	0.0012830931824607172
397	 LLH-1	0.001283808735474377	0.001283808735474377
398	 LLH-4	0.0012828487643399369	0.0012828487643399369
400	 LLH-2	0.0012895052264382183	0.0012895052264382183
401	 LLH-1	0.0012896069456765592	0.0012896069456765592
402	 LLH-3	0.0012608198024424513	0.0012608198024424513
403	 LLH-1	0.0012608198024424513	0.0012608198024424513
404	 LLH-3	0.0012537198052933942	0.0012537198052933942
405	 LLH-1	0.0012537198052933942	0.0012537198052933942
406	 LLH-4	0.0012537198052933942	0.0012537198052933942
411	 LLH-4	0.0012532602995313084	0.0012532602995313084
416	 LLH-0	0.0012540565124470491	0.0012540565124470491
417	 LLH-3	0.0012942465894521028	0.0012942465894521028
418	 LLH-6	0.0012946508595828945	0.0012946508595828945
419	 LLH-6	0.0012958256498555296	0.0012958256498555296
420	 LLH-2	0.0012977928393821288	0.0012977928393821288
421	 LLH-5	0.0012982932556262021	0.0012982932556262021
422	 LLH-6	0.0012978542014217662	0.0012978542014217662
423	 LLH-3	0.0012656946792128708	0.0012656946792128708
424	 LLH-4	0.001264708506627467	0.001264708506627467
427	 LLH-2	0.0012765796627698448	0.0012765796627698448
428	 LLH-3	0.0012615850575313763	0.0012615850575313763
429	 LLH-2	0.0012687965992821345	0.0012687965992821345
430	 LLH-0	0.0012694934944134893	0.0012694934944134893
431	 LLH-3	0.0012464173775580411	0.0012464173775580411
432	 LLH-4	0.0012459208989012251	0.0012459208989012251
435	 LLH-5	0.001244971993759057	0.001244971993759057
436	 LLH-5	0.0012447908647439533	0.0012447908647439533
437	 LLH-1	0.0012447216676373	0.0012447216676373
438	 LLH-3	0.0012985758641961454	0.0012985758641961454
439	 LLH-1	0.0012980682037605584	0.0012980682037605584
440	 LLH-1	0.001298457309020692	0.001298457309020692
441	 LLH-1	0.001298457309020692	0.001298457309020692
442	 LLH-6	0.0012989055538865446	0.0012989055538865446
443	 LLH-2	0.0012897302975980185	0.0012897302975980185
444	 LLH-4	0.0012885964308947178	0.0012885964308947178
448	 LLH-6	0.0012895564861454554	0.0012895564861454554
449	 LLH-1	0.0012895564861454554	0.0012895564861454554
450	 LLH-2	0.0013050829533470987	0.0013050829533470987
451	 LLH-1	0.0013050829533470987	0.0013050829533470987
452	 LLH-5	0.001305559983735904	0.001305559983735904
453	 LLH-3	0.0013900137285733916	0.0013900137285733916
454	 LLH-1	0.001390717586759016	0.001390717586759016
455	 LLH-2	0.0013823395307419703	0.0013823395307419703
456	 LLH-5	0.001382645656626613	0.001382645656626613
457	 LLH-6	0.0013832419747978179	0.0013832419747978179
458	 LLH-6	0.0013832017285404013	0.0013832017285404013
459	 LLH-2	0.001344241617581314	0.001344241617581314
460	 LLH-3	0.0012854775607665358	0.0012854775607665358
461	 LLH-1	0.0012854775607665358	0.0012854775607665358
462	 LLH-5	0.0012849606506669061	0.0012849606506669061
463	 LLH-1	0.0012847996299978365	0.0012847996299978365
464	 LLH-4	0.0012835098792520513	0.0012835098792520513
466	 LLH-1	0.0012835098792520513	0.0012835098792520513
467	 LLH-4	0.0012835098792520513	0.0012835098792520513
472	 LLH-3	0.0013501003869504818	0.0013501003869504818
473	 LLH-2	0.0013340559164959328	0.0013340559164959328
474	 LLH-2	0.0013289021936155065	0.0013289021936155065
475	 LLH-4	0.0013289021936155065	0.0013289021936155065
480	 LLH-3	0.0012847941969250116	0.0012847941969250116
481	 LLH-5	0.001285292113252283	0.001285292113252283
482	 LLH-4	0.0012843245557868463	0.0012843245557868463
484	 LLH-0	0.0012852271645776019	0.0012852271645776019
485	 LLH-4	0.00128397232661959	0.00128397232661959
487	 LLH-2	0.0012734205427577757	0.0012734205427577757
488	 LLH-5	0.0012731046715132276	0.0012731046715132276
489	 LLH-4	0.0012719532613457126	0.0012719532613457126
494	 LLH-1	0.0012719532613457126	0.0012719532613457126
495	 LLH-1	0.0012719532613457126	0.0012719532613457126
496	 LLH-6	0.001273164324165356	0.001273164324165356
497	 LLH-6	0.0012726382538678577	0.0012726382538678577
498	 LLH-1	0.0012726382538678577	0.0012726382538678577
499	 LLH-4	0.0012726382538678577	0.0012726382538678577
504	 LLH-5	0.0012727764342891905	0.0012727764342891905
505	 LLH-2	0.0012944490489262674	0.0012944490489262674
506	 LLH-2	0.0013083791412781395	0.0013083791412781395
507	 LLH-1	0.0013082626478592237	0.0013082626478592237
508	 LLH-3	0.0012701989082965497	0.0012701989082965497
509	 LLH-2	0.001292308776319178	0.001292308776319178
510	 LLH-4	0.001292308776319178	0.001292308776319178
515	 LLH-3	0.0012626441591150276	0.0012626441591150276
516	 LLH-0	0.0012617740476534049	0.0012617740476534049
517	 LLH-1	0.00126188829347551	0.00126188829347551
518	 LLH-5	0.001260406737219311	0.001260406737219311
519	 LLH-1	0.0012607120728937288	0.0012607120728937288
520	 LLH-2	0.0012649981986797237	0.0012649981986797237
521	 LLH-5	0.0012652558185288303	0.0012652558185288303
522	 LLH-1	0.0012653359461237358	0.0012653359461237358
523	 LLH-1	0.0012653359461237358	0.0012653359461237358
524	 LLH-0	0.0012664202311261526	0.0012664202311261526
525	 LLH-5	0.0012664510886643623	0.0012664510886643623
526	 LLH-4	0.0012664510886643623	0.0012664510886643623
531	 LLH-3	0.0012600803072157485	0.0012600803072157485
532	 LLH-4	0.0012591166481957612	0.0012591166481957612
537	 LLH-0	0.0012597593776325047	0.0012597593776325047
538	 LLH-6	0.001260355866868953	0.001260355866868953
539	 LLH-1	0.001260355866868953	0.001260355866868953
540	 LLH-3	0.0012454846849702865	0.0012454846849702865
541	 LLH-6	0.0012457139080297229	0.0012457139080297229
542	 LLH-1	0.0012457139080297229	0.0012457139080297229
543	 LLH-4	0.0012451916507873612	0.0012451916507873612
545	 LLH-6	0.001245122079757454	0.001245122079757454
546	 LLH-4	0.001245122079757454	0.001245122079757454
551	 LLH-5	0.001244678111675603	0.001244678111675603
552	 LLH-1	0.001244678111675603	0.001244678111675603
553	 LLH-4	0.0012440830702838603	0.0012440830702838603
557	 LLH-3	0.0012422571501582327	0.0012422571501582327
558	 LLH-1	0.0012422571501582327	0.0012422571501582327
559	 LLH-5	0.0012423891919581748	0.0012423891919581748
560	 LLH-4	0.0012423891919581748	0.0012423891919581748
565	 LLH-1	0.0012423252019306272	0.0012423252019306272
566	 LLH-3	0.0012803356635239886	0.0012803356635239886
567	 LLH-0	0.0012609341607114496	0.0012609341607114496
568	 LLH-5	0.00126152371968492	0.00126152371968492
569	 LLH-4	0.00126152371968492	0.00126152371968492
574	 LLH-3	0.0013484878308910823	0.0013484878308910823
575	 LLH-2	0.0013337663098474208	0.0013337663098474208
576	 LLH-5	0.0013335358929529133	0.0013335358929529133
577	 LLH-2	0.0013428472820021244	0.0013428472820021244
578	 LLH-2	0.001341130900084047	0.001341130900084047
579	 LLH-5	0.0013407236681994247	0.0013407236681994247
580	 LLH-6	0.0013391820676109099	0.0013391820676109099
581	 LLH-4	0.0013373599356041065	0.0013373599356041065
583	 LLH-6	0.0013372272734972735	0.0013372272734972735
584	 LLH-0	0.0013356650384104853	0.0013356650384104853
585	 LLH-3	0.0014655148962489145	0.0013356650384104853
586	 LLH-2	0.0013250458841211855	0.0013250458841211855
587	 LLH-3	0.001478168472207895	0.0013250458841211855
588	 LLH-0	0.001323208309504657	0.001323208309504657
589	 LLH-3	0.0014958296320533313	0.001323208309504657
590	 LLH-0	0.0013216652490656972	0.0013216652490656972
591	 LLH-6	0.0013238279202195235	0.0013238279202195235
592	 LLH-0	0.0013223025017919652	0.0013223025017919652
593	 LLH-1	0.0013223025017919652	0.0013223025017919652
594	 LLH-4	0.0013203358902073076	0.0013203358902073076
598	 LLH-0	0.0013189434787454152	0.0013189434787454152
599	 LLH-2	0.001313598405871222	0.001313598405871222
600	 LLH-3	0.0013832851330895079	0.001313598405871222
601	 LLH-2	0.0013068389084587599	0.0013068389084587599
602	 LLH-0	0.001308202848114759	0.001308202848114759
603	 LLH-3	0.0014078826178002318	0.0014078826178002318
604	 LLH-2	0.0014119503750846397	0.0014119503750846397
605	 LLH-1	0.0014119503750846397	0.0014119503750846397
606	 LLH-5	0.001412331635312309	0.001412331635312309
607	 LLH-0	0.001415018175781878	0.001415018175781878
608	 LLH-1	0.001415018175781878	0.001415018175781878
609	 LLH-3	0.0013005100716089615	0.0013005100716089615
610	 LLH-5	0.001299829957780178	0.001299829957780178
611	 LLH-6	0.0012979885407960125	0.0012979885407960125
612	 LLH-4	0.0012965838471809118	0.0012965838471809118
614	 LLH-3	0.001257661530660033	0.001257661530660033
615	 LLH-1	0.001257661530660033	0.001257661530660033
616	 LLH-0	0.001256800357501126	0.001256800357501126
617	 LLH-0	0.0012576620912624413	0.0012576620912624413
618	 LLH-3	0.001252079992846939	0.001252079992846939
619	 LLH-2	0.0012717502222731256	0.001252079992846939
620	 LLH-0	0.001252656647277122	0.001252656647277122
621	 LLH-0	0.0012532128718657255	0.0012532128718657255
622	 LLH-4	0.0012532128718657255	0.0012532128718657255
627	 LLH-4	0.0012532128718657255	0.0012532128718657255
632	 LLH-0	0.0012526384864764532	0.0012526384864764532
633	 LLH-4	0.001252108738703623	0.001252108738703623
637	 LLH-6	0.0012522921819761337	0.0012522921819761337
638	 LLH-1	0.0012524228303037307	0.0012524228303037307
639	 LLH-5	0.001252817021750619	0.001252817021750619
640	 LLH-3	0.0012548135287127327	0.0012548135287127327
641	 LLH-2	0.0012587909574200142	0.0012587909574200142
642	 LLH-0	0.001259422780006809	0.001259422780006809
643	 LLH-6	0.0012591672890173316	0.0012591672890173316
644	 LLH-5	0.0012590920709058427	0.0012590920709058427
645	 LLH-3	0.001287803682431791	0.0012590920709058427
646	 LLH-1	0.0012590920709058427	0.0012590920709058427
647	 LLH-1	0.0012590920709058427	0.0012590920709058427
648	 LLH-4	0.0012590920709058427	0.0012590920709058427
653	 LLH-4	0.0012590920709058427	0.0012590920709058427
658	 LLH-1	0.0012590920709058427	0.0012590920709058427
659	 LLH-0	0.0012599384607938978	0.0012599384607938978
660	 LLH-3	0.0013061859723267227	0.0013061859723267227
661	 LLH-4	0.001304405448508606	0.001304405448508606
663	 LLH-0	0.0013031543914783013	0.0013031543914783013
664	 LLH-0	0.0013046253914694292	0.0013046253914694292
665	 LLH-1	0.0013046253914694292	0.0013046253914694292
666	 LLH-5	0.0013040654429618131	0.0013040654429618131
667	 LLH-6	0.0013028123334337025	0.0013028123334337025
668	 LLH-2	0.0012883390201118175	0.0012883390201118175
669	 LLH-0	0.0012869678080168437	0.0012869678080168437
670	 LLH-6	0.0012874649131357505	0.0012874649131357505
671	 LLH-4	0.0012863304752660683	0.0012863304752660683
673	 LLH-0	0.0013082452376062693	0.0012863304752660683
674	 LLH-2	0.001297948078459996	0.001297948078459996
675	 LLH-2	0.0013213733670398562	0.001297948078459996
676	 LLH-4	0.0012963947566540816	0.0012963947566540816
680	 LLH-2	0.0013046628209003644	0.0013046628209003644
681	 LLH-6	0.0013053804195620603	0.0013053804195620603
682	 LLH-1	0.0013050015305051364	0.0013050015305051364
683	 LLH-3	0.0012638685135162608	0.0012638685135162608
684	 LLH-0	0.0012647339437593724	0.0012647339437593724
685	 LLH-1	0.0012650735280387718	0.0012650735280387718
686	 LLH-1	0.0012650735280387718	0.0012650735280387718
687	 LLH-2	0.0012706501437223388	0.0012706501437223388
688	 LLH-5	0.0012704138195540266	0.0012704138195540266
689	 LLH-5	0.0012701523244816213	0.0012701523244816213
690	 LLH-5	0.0012701658103084009	0.0012701658103084009
691	 LLH-5	0.001270238265151062	0.001270238265151062
692	 LLH-2	0.0012757207630634834	0.0012757207630634834
693	 LLH-1	0.0012755327352937718	0.0012755327352937718
694	 LLH-2	0.0012799725710672535	0.0012799725710672535
695	 LLH-3	0.0012540373527360866	0.0012540373527360866
696	 LLH-5	0.001254335072566899	0.001254335072566899
697	 LLH-1	0.001254335072566899	0.001254335072566899
698	 LLH-2	0.0012566961780555524	0.0012566961780555524
699	 LLH-5	0.0012571133248345625	0.0012571133248345625
700	 LLH-0	0.0012581906446257475	0.0012581906446257475
701	 LLH-6	0.0012584437441834047	0.0012584437441834047
702	 LLH-3	0.0013071492908813015	0.0013071492908813015
703	 LLH-3	0.0012811509324177138	0.0012811509324177138
704	 LLH-3	0.0012513100529153354	0.0012513100529153354
705	 LLH-5	0.0012512969055097462	0.0012512969055097462
706	 LLH-6	0.0012537109323958497	0.0012537109323958497
707	 LLH-1	0.0012537608224126057	0.0012537608224126057
708	 LLH-1	0.0012537608224126057	0.0012537608224126057
709	 LLH-3	0.0012529808700791761	0.0012529808700791761
710	 LLH-0	0.0012534595575096827	0.0012534595575096827
711	 LLH-1	0.0012534595575096827	0.0012534595575096827
712	 LLH-4	0.0012534595575096827	0.0012534595575096827
717	 LLH-3	0.0012500154524651328	0.0012500154524651328
718	 LLH-2	0.001263304238241431	0.001263304238241431
719	 LLH-2	0.001258252269516459	0.001258252269516459
720	 LLH-6	0.001256586036506246	0.001256586036506246
721	 LLH-3	0.0013162680666103624	0.001256586036506246
722	 LLH-6	0.0012583028906773032	0.0012583028906773032
723	 LLH-0	0.00125899029404747	0.00125899029404747
724	 LLH-6	0.0012575821722556	0.0012575821722556
725	 LLH-3	0.0012588511709192493	0.0012588511709192493
726	 LLH-3	0.0012554504184874992	0.0012554504184874992
727	 LLH-5	0.0012554504184874992	0.0012554504184874992
728	 LLH-1	0.0012554504184874992	0.0012554504184874992
729	 LLH-3	0.0012560094123785677	0.0012560094123785677
730	 LLH-4	0.0012554703538829107	0.0012554703538829107
734	 LLH-1	0.0012554703538829107	0.0012554703538829107
735	 LLH-5	0.001255525757832505	0.001255525757832505
736	 LLH-6	0.001255760542703239	0.001255760542703239
737	 LLH-6	0.00125537773801595	0.00125537773801595
738	 LLH-0	0.001255776142816731	0.001255776142816731
739	 LLH-5	0.0012559849427414237	0.0012559849427414237
740	 LLH-5	0.0012558185645068058	0.0012558185645068058
741	 LLH-3	0.0012478890752749446	0.0012478890752749446
742	 LLH-5	0.0012478546886033133	0.0012478546886033133
743	 LLH-3	0.001254543487388219	0.001254543487388219
744	 LLH-0	0.0012549134052256621	0.0012549134052256621
745	 LLH-3	0.001271256997797514	0.001271256997797514
746	 LLH-5	0.0012705132628695204	0.0012705132628695204
747	 LLH-0	0.0012715665437881207	0.0012715665437881207
748	 LLH-2	0.0012716265909227273	0.0012716265909227273
749	 LLH-4	0.0012708320371179807	0.0012708320371179807
751	 LLH-4	0.001269716551528463	0.001269716551528463
755	 LLH-4	0.0012688478015850263	0.0012688478015850263
758	 LLH-0	0.001269855995425797	0.001269855995425797
759	 LLH-3	0.0013452377024022108	0.001269855995425797
760	 LLH-3	0.0013610579806275758	0.001269855995425797
761	 LLH-0	0.001271125839878047	0.001271125839878047
762	 LLH-0	0.0012720836801455434	0.0012720836801455434
763	 LLH-0	0.0012733071305181445	0.0012733071305181445
764	 LLH-2	0.0012805207916032298	0.0012805207916032298
765	 LLH-1	0.0012805207916032298	0.0012805207916032298
766	 LLH-3	0.0012574606677616816	0.0012574606677616816
767	 LLH-2	0.0012762965169941698	0.0012574606677616816
768	 LLH-2	0.0012665049148654088	0.0012665049148654088
769	 LLH-6	0.001268026440212552	0.0012665049148654088
770	 LLH-5	0.001268503784100448	0.001268503784100448
771	 LLH-6	0.0012684679109550134	0.0012684679109550134
772	 LLH-0	0.0012697432391578108	0.0012697432391578108
773	 LLH-0	0.001270502472667644	0.001270502472667644
774	 LLH-3	0.0012532763947290366	0.0012532763947290366
775	 LLH-4	0.0012526544679579618	0.0012526544679579618
778	 LLH-5	0.0012513916207972009	0.0012513916207972009
779	 LLH-1	0.0012513486604198104	0.0012513486604198104
780	 LLH-6	0.0012523472487406483	0.0012523472487406483
781	 LLH-1	0.0012523472487406483	0.0012523472487406483
782	 LLH-2	0.001261841074791076	0.001261841074791076
783	 LLH-3	0.0012505378739777848	0.0012505378739777848
784	 LLH-5	0.0012501229459498378	0.0012501229459498378
785	 LLH-2	0.0012516460745573988	0.0012516460745573988
786	 LLH-0	0.0012510448532716489	0.0012510448532716489
787	 LLH-0	0.0012519446221969347	0.0012519446221969347
788	 LLH-5	0.0012522919834035118	0.0012522919834035118
789	 LLH-3	0.0013112265271271169	0.0013112265271271169
790	 LLH-2	0.0012906378889256374	0.0012906378889256374
791	 LLH-6	0.001290494527081441	0.001290494527081441
792	 LLH-2	0.0013009659584056212	0.0013009659584056212
793	 LLH-4	0.0012997524684521232	0.0012997524684521232
797	 LLH-3	0.001381357923500695	0.0012997524684521232
798	 LLH-3	0.0014283043495649922	0.0012997524684521232
799	 LLH-6	0.0012994335348114473	0.0012994335348114473
800	 LLH-5	0.0012990247974390449	0.0012990247974390449
801	 LLH-1	0.0012991698922983634	0.0012991698922983634
802	 LLH-5	0.0013005813801108374	0.0013005813801108374
803	 LLH-2	0.0013051829110308692	0.0013051829110308692
804	 LLH-5	0.0013050562146214163	0.0013050562146214163
805	 LLH-5	0.0013046812888228786	0.0013046812888228786
806	 LLH-0	0.0013032183768949802	0.0013032183768949802
807	 LLH-2	0.0013016561740036266	0.0013016561740036266
808	 LLH-6	0.0013024575000915937	0.0013024575000915937
809	 LLH-1	0.001302712280416114	0.001302712280416114
810	 LLH-3	0.0013874655781216134	0.001302712280416114
811	 LLH-4	0.001300987104759092	0.001300987104759092
813	 LLH-1	0.0013011600573068958	0.0013011600573068958
814	 LLH-6	0.0013026314087428701	0.0013026314087428701
815	 LLH-0	0.0013015628285545225	0.0013015628285545225
816	 LLH-0	0.0013002496228679756	0.0013002496228679756
817	 LLH-0	0.001301386451428101	0.001301386451428101
818	 LLH-4	0.0012999856024334309	0.0012999856024334309
820	 LLH-4	0.001298888873732315	0.001298888873732315
822	 LLH-4	0.0012971926473041612	0.0012971926473041612
827	 LLH-2	0.001291514518990096	0.001291514518990096
828	 LLH-6	0.001292582344763605	0.001292582344763605
829	 LLH-3	0.0014012030855625308	0.001292582344763605
830	 LLH-3	0.0012814026167409316	0.0012814026167409316
831	 LLH-0	0.0012823486099521862	0.0012823486099521862
832	 LLH-6	0.0012830179786510088	0.0012830179786510088
833	 LLH-4	0.0012637308334317152	0.0012637308334317152
835	 LLH-6	0.0012637338422397104	0.0012637338422397104
836	 LLH-6	0.0012631893321978958	0.0012631893321978958
837	 LLH-1	0.0012633337657930546	0.0012633337657930546
838	 LLH-0	0.0012641806895470065	0.0012641806895470065
839	 LLH-6	0.001263379195595382	0.001263379195595382
840	 LLH-6	0.0012631199266373674	0.0012631199266373674
841	 LLH-5	0.0012628068262879298	0.0012628068262879298
842	 LLH-6	0.0012633424871445092	0.0012633424871445092
843	 LLH-1	0.0012632794751440742	0.0012632794751440742
844	 LLH-1	0.0012632794751440742	0.0012632794751440742
845	 LLH-5	0.0012622680385780069	0.0012622680385780069
846	 LLH-1	0.0012622680385780069	0.0012622680385780069
847	 LLH-5	0.0012624573119567261	0.0012624573119567261
848	 LLH-6	0.0012634547927387234	0.0012634547927387234
849	 LLH-1	0.0012634547927387234	0.0012634547927387234
850	 LLH-3	0.0012559945556793511	0.0012559945556793511
851	 LLH-5	0.0012563731447498248	0.0012563731447498248
852	 LLH-3	0.0012562458832393977	0.0012562458832393977
853	 LLH-1	0.0012562458832393977	0.0012562458832393977
854	 LLH-5	0.0012563167995352537	0.0012563167995352537
855	 LLH-6	0.0012567350404149847	0.0012567350404149847
856	 LLH-0	0.0012559410079982943	0.0012559410079982943
857	 LLH-2	0.0012572857751233814	0.0012559410079982943
858	 LLH-4	0.0012554547257302602	0.0012554547257302602
863	 LLH-2	0.0012512562957112785	0.0012512562957112785
864	 LLH-6	0.0012516395484380148	0.0012516395484380148
865	 LLH-2	0.0012508293885371633	0.0012508293885371633
866	 LLH-0	0.0012514835431838495	0.0012514835431838495
867	 LLH-5	0.0012514835431838495	0.0012514835431838495
868	 LLH-2	0.001272998807559452	0.001272998807559452
869	 LLH-3	0.0013257694281243518	0.0013257694281243518
870	 LLH-0	0.0013274001854794643	0.0013274001854794643
871	 LLH-4	0.001325564982925397	0.001325564982925397
874	 LLH-3	0.0014067228521046993	0.001325564982925397
875	 LLH-3	0.0012814197414578723	0.0012814197414578723
876	 LLH-5	0.0012806767825199491	0.0012806767825199491
877	 LLH-5	0.0012795085475057278	0.0012795085475057278
878	 LLH-1	0.00127954074202499	0.00127954074202499
879	 LLH-4	0.0012786069591397273	0.0012786069591397273
881	 LLH-1	0.0012786069591397273	0.0012786069591397273
882	 LLH-5	0.0012782676813021699	0.0012782676813021699
883	 LLH-4	0.001277127957890949	0.001277127957890949
885	 LLH-0	0.0012782349760956835	0.0012782349760956835
886	 LLH-5	0.0012782906381468432	0.0012782906381468432
887	 LLH-6	0.0012780228623057422	0.0012780228623057422
888	 LLH-5	0.00127716006826827	0.00127716006826827
889	 LLH-3	0.001344422732021795	0.00127716006826827
890	 LLH-0	0.0012779833451304146	0.0012779833451304146
891	 LLH-0	0.0012794502324020188	0.0012779833451304146
892	 LLH-4	0.00127686286607167	0.00127686286607167
895	 LLH-0	0.0012758775948031541	0.0012758775948031541
896	 LLH-5	0.0012758741537539418	0.0012758741537539418
897	 LLH-0	0.0012767455817588775	0.0012767455817588775
898	 LLH-5	0.001276543883929508	0.001276543883929508
899	 LLH-2	0.0012753428163701887	0.0012753428163701887
900	 LLH-1	0.0012753428163701887	0.0012753428163701887
901	 LLH-4	0.001273889962922324	0.001273889962922324
904	 LLH-0	0.0012747404652146003	0.0012747404652146003
905	 LLH-6	0.001273951617630466	0.001273951617630466
906	 LLH-0	0.0012730054669594397	0.0012730054669594397
907	 LLH-6	0.0012725862538288536	0.0012725862538288536
908	 LLH-5	0.0012732830118024562	0.0012732830118024562
909	 LLH-4	0.0012724213127204103	0.0012724213127204103
911	 LLH-3	0.0012525831476108058	0.0012525831476108058
912	 LLH-6	0.0012527306938100995	0.0012527306938100995
913	 LLH-5	0.0012518670538069596	0.0012518670538069596
914	 LLH-1	0.0012519991913283069	0.0012519991913283069
915	 LLH-3	0.0013070715053166522	0.0012519991913283069
916	 LLH-6	0.0012525854293682066	0.0012525854293682066
917	 LLH-6	0.00125215701186126	0.00125215701186126
918	 LLH-6	0.0012528922061013634	0.0012528922061013634
919	 LLH-3	0.001254604504852837	0.0012528922061013634
920	 LLH-5	0.0012532391971711641	0.0012532391971711641
921	 LLH-2	0.0012578496639987769	0.0012578496639987769
922	 LLH-3	0.0013011774039520779	0.0012578496639987769
923	 LLH-6	0.00125755550345872	0.00125755550345872
924	 LLH-0	0.0012582418982555314	0.0012582418982555314
925	 LLH-2	0.0012582721050319065	0.0012582721050319065
926	 LLH-6	0.001256708854414982	0.001256708854414982
927	 LLH-0	0.0012560734175150582	0.0012560734175150582
928	 LLH-4	0.0012560734175150582	0.0012560734175150582
933	 LLH-4	0.0012553342892938698	0.0012553342892938698
938	 LLH-6	0.0012563280578323005	0.0012563280578323005
939	 LLH-5	0.0012567903571700553	0.0012567903571700553
940	 LLH-6	0.0012573199831484104	0.0012573199831484104
941	 LLH-4	0.0012565644777097096	0.0012565644777097096
943	 LLH-5	0.0012563500572633608	0.0012563500572633608
944	 LLH-1	0.0012562742478821171	0.0012562742478821171
945	 LLH-5	0.0012560964535587174	0.0012560964535587174
946	 LLH-3	0.001320071430863077	0.001320071430863077
947	 LLH-2	0.0013159020497727162	0.0013159020497727162
948	 LLH-6	0.001315208435715403	0.001315208435715403
949	 LLH-0	0.0013136808267220049	0.0013136808267220049
950	 LLH-0	0.0013117533457111586	0.0013117533457111586
951	 LLH-5	0.0013117997321042425	0.0013117997321042425
952	 LLH-2	0.001326716305233057	0.0013117997321042425
953	 LLH-5	0.0013128844633815819	0.0013128844633815819
954	 LLH-4	0.0013111330047845748	0.0013111330047845748
958	 LLH-1	0.0013111735459896592	0.0013111735459896592
959	 LLH-2	0.0013118098089630894	0.0013118098089630894
960	 LLH-0	0.0013132401294825569	0.0013132401294825569
961	 LLH-3	0.0014417487271850184	0.0013132401294825569
962	 LLH-0	0.0013117006895935245	0.0013117006895935245
963	 LLH-5	0.0013097874616211501	0.0013097874616211501
964	 LLH-0	0.001311384785380568	0.001311384785380568
965	 LLH-1	0.0013113310571050657	0.0013113310571050657
966	 LLH-5	0.0013125160555637328	0.0013125160555637328
967	 LLH-3	0.0014285193052683545	0.0013125160555637328
968	 LLH-1	0.001311664346150509	0.001311664346150509
969	 LLH-5	0.0013114493383802627	0.0013114493383802627
970	 LLH-4	0.001309733732764827	0.001309733732764827
972	 LLH-1	0.001309733732764827	0.001309733732764827
973	 LLH-2	0.0013216212031239036	0.001309733732764827
974	 LLH-2	0.0013230134117555167	0.0013230134117555167
975	 LLH-5	0.0013248965326610467	0.0013248965326610467
976	 LLH-6	0.0013256880517266416	0.0013256880517266416
977	 LLH-1	0.0013256880517266416	0.0013256880517266416
978	 LLH-3	0.0012732560132925847	0.0012732560132925847
979	 LLH-0	0.0012742155568460413	0.0012742155568460413
980	 LLH-5	0.0012739284313267724	0.0012739284313267724
981	 LLH-5	0.001273969575917286	0.001273969575917286
982	 LLH-4	0.001273260562709836	0.001273260562709836
984	 LLH-2	0.00127511637922129	0.00127511637922129
985	 LLH-0	0.0012766830928601278	0.0012766830928601278
986	 LLH-2	0.001285929076381435	0.001285929076381435
987	 LLH-3	0.00126036825559338	0.00126036825559338
988	 LLH-5	0.00125908611029931	0.00125908611029931
989	 LLH-3	0.001256182147824999	0.001256182147824999
990	 LLH-4	0.0012556449580974237	0.0012556449580974237
995	 LLH-2	0.001254374556594076	0.001254374556594076
996	 LLH-4	0.0012537219415977184	0.0012537219415977184
998	 LLH-4	0.0012537219415977184	0.0012537219415977184
1003	 LLH-3	0.0013090123211826773	0.0012537219415977184
1004	 LLH-4	0.0012537219415977184	0.0012537219415977184
1009	 LLH-2	0.00125728409234713	0.00125728409234713
1010	 LLH-0	0.001258036510476157	0.00125728409234713
1011	 LLH-0	0.0012581670350268444	0.0012581670350268444
1012	 LLH-0	0.0012590526461545449	0.0012590526461545449
1013	 LLH-6	0.001259582386307915	0.001259582386307915
1014	 LLH-6	0.0012587383894706638	0.0012587383894706638
1015	 LLH-5	0.0012594059687053869	0.0012594059687053869
1016	 LLH-3	0.0013163080159257702	0.0012594059687053869
1017	 LLH-6	0.0012609410043818035	0.0012609410043818035
1018	 LLH-4	0.0012602646433438017	0.0012602646433438017
1022	 LLH-2	0.0012828768429076376	0.0012602646433438017
1023	 LLH-5	0.001260618682095875	0.001260618682095875
1024	 LLH-5	0.0012606773641857466	0.0012606773641857466
1025	 LLH-4	0.0012599776829224788	0.0012599776829224788
1027	 LLH-4	0.0012593235999078785	0.0012593235999078785
1029	 LLH-4	0.0012586912825366774	0.0012586912825366774
1033	 LLH-1	0.0012586912825366774	0.0012586912825366774
1034	 LLH-1	0.0012587327451209747	0.0012587327451209747
1035	 LLH-5	0.0012579671963984973	0.0012579671963984973
1036	 LLH-6	0.0012584919173430902	0.0012584919173430902
1037	 LLH-0	0.001259268687814942	0.0012584919173430902
1038	 LLH-2	0.0012659947139028994	0.0012584919173430902
1039	 LLH-4	0.0012584919173430902	0.0012584919173430902
1044	 LLH-2	0.0012824852795476627	0.0012584919173430902
1045	 LLH-1	0.0012584919173430902	0.0012584919173430902
1046	 LLH-2	0.0012850986886833026	0.0012584919173430902
1047	 LLH-0	0.0012594794990660643	0.0012594794990660643
1048	 LLH-0	0.0012603210612148505	0.0012603210612148505
1049	 LLH-3	0.001322155395879431	0.0012603210612148505
1050	 LLH-2	0.0012812421204127936	0.0012603210612148505
1051	 LLH-4	0.0012592251843179705	0.0012592251843179705
1053	 LLH-1	0.0012592251843179705	0.0012592251843179705
1054	 LLH-2	0.0012675046869093506	0.0012675046869093506
1055	 LLH-0	0.0012683403042794365	0.0012683403042794365
1056	 LLH-5	0.0012707667111238707	0.0012683403042794365
1057	 LLH-0	0.001269243059881501	0.001269243059881501
1058	 LLH-5	0.0012696199056299816	0.0012696199056299816
1059	 LLH-4	0.0012696199056299816	0.0012696199056299816
1064	 LLH-1	0.0012694929645508525	0.0012694929645508525
1065	 LLH-4	0.0012694929645508525	0.0012694929645508525
1070	 LLH-5	0.0012714203604793234	0.0012694929645508525
1071	 LLH-6	0.0012691645139495896	0.0012691645139495896
1072	 LLH-6	0.0012695051590788896	0.0012695051590788896
1073	 LLH-3	0.0012511477162116017	0.0012511477162116017
1074	 LLH-1	0.0012505231974016672	0.0012505231974016672
1075	 LLH-5	0.0012508513246397971	0.0012508513246397971
1076	 LLH-2	0.0012659095614248094	0.0012659095614248094
1077	 LLH-6	0.0012663458735010713	0.0012663458735010713
1078	 LLH-2	0.0012632250423838007	0.0012632250423838007
1079	 LLH-5	0.0012645333727896845	0.0012645333727896845
1080	 LLH-5	0.00126457970324156	0.00126457970324156
1081	 LLH-5	0.0012642624408873387	0.0012642624408873387
1082	 LLH-6	0.0012642767488855017	0.0012642767488855017
1083	 LLH-0	0.0012654984949018078	0.0012654984949018078
1084	 LLH-2	0.0012764357847968493	0.0012654984949018078
1085	 LLH-5	0.0012654820029872355	0.0012654820029872355
1086	 LLH-4	0.0012646859461034892	0.0012646859461034892
1089	 LLH-2	0.0012831302251348205	0.0012646859461034892
1090	 LLH-0	0.0012655721465277625	0.0012655721465277625
1091	 LLH-1	0.0012655721465277625	0.0012655721465277625
1092	 LLH-5	0.0012653541685271087	0.0012653541685271087
1093	 LLH-5	0.001265136019990865	0.001265136019990865
1094	 LLH-0	0.0012664237645678951	0.0012664237645678951
1095	 LLH-6	0.0012664818443282903	0.0012664818443282903
1096	 LLH-2	0.001281926952358954	0.0012664818443282903
1097	 LLH-6	0.0012662232012991543	0.0012662232012991543
1098	 LLH-6	0.001266610723790969	0.001266610723790969
1099	 LLH-3	0.001332699801678421	0.001266610723790969
1100	 LLH-4	0.0012657436086711145	0.0012657436086711145
1103	 LLH-6	0.0012653275534616048	0.0012653275534616048
1104	 LLH-4	0.0012653275534616048	0.0012653275534616048
1109	 LLH-6	0.0012661624494701095	0.0012653275534616048
1110	 LLH-1	0.0012653275534616048	0.0012653275534616048
1111	 LLH-1	0.0012653275534616048	0.0012653275534616048
1112	 LLH-4	0.001264345298575346	0.001264345298575346
1114	 LLH-6	0.0012619821676544429	0.0012619821676544429
1115	 LLH-6	0.0012620547512300108	0.0012620547512300108
1116	 LLH-1	0.0012620547512300108	0.0012620547512300108
1117	 LLH-1	0.0012616584566068371	0.0012616584566068371
1118	 LLH-2	0.0012831592626159935	0.0012616584566068371
1119	 LLH-3	0.0013523818555191385	0.0012616584566068371
1120	 LLH-6	0.0012621339264208171	0.0012621339264208171
1121	 LLH-5	0.0012635859662482132	0.0012635859662482132
1122	 LLH-0	0.001264797882114802	0.001264797882114802
1123	 LLH-5	0.001265251662361994	0.001264797882114802
1124	 LLH-1	0.0012650835148058574	0.0012650835148058574
1125	 LLH-3	0.00125370501170463	0.00125370501170463
1126	 LLH-5	0.0012529367048616249	0.0012529367048616249
1127	 LLH-1	0.0012529367048616249	0.0012529367048616249
1128	 LLH-6	0.001253439303422597	0.001253439303422597
1129	 LLH-4	0.0012526652115505664	0.0012526652115505664
1134	 LLH-5	0.0012523516618784976	0.0012523516618784976
1135	 LLH-2	0.0012587461106328534	0.0012587461106328534
1136	 LLH-3	0.0013197855727443903	0.0012587461106328534
1137	 LLH-5	0.0012586824809179692	0.0012586824809179692
1138	 LLH-2	0.0012697383658121291	0.0012697383658121291
1139	 LLH-3	0.0013543010719215113	0.0012697383658121291
1140	 LLH-4	0.0012686089588806071	0.0012686089588806071
1144	 LLH-2	0.0012877407549575285	0.0012686089588806071
1145	 LLH-0	0.0012677698704903154	0.0012677698704903154
1146	 LLH-3	0.0013573674633800157	0.0012677698704903154
1147	 LLH-3	0.001253508593444355	0.001253508593444355
1148	 LLH-6	0.0012537610910283534	0.0012537610910283534
1149	 LLH-2	0.0012581737833416689	0.0012581737833416689
1150	 LLH-6	0.0012571490316960687	0.0012571490316960687
1151	 LLH-2	0.001263223005017146	0.001263223005017146
1152	 LLH-4	0.001263223005017146	0.001263223005017146
1157	 LLH-2	0.0012777317957590043	0.001263223005017146
1158	 LLH-1	0.001263223005017146	0.001263223005017146
1159	 LLH-3	0.0012640485418201738	0.0012640485418201738
1160	 LLH-4	0.0012632729976815318	0.0012632729976815318
1162	 LLH-1	0.0012632729976815318	0.0012632729976815318
1163	 LLH-5	0.0012621657928494465	0.0012621657928494465
1164	 LLH-3	0.0012947437816118624	0.0012621657928494465
1165	 LLH-4	0.0012613770919005438	0.0012613770919005438
1170	 LLH-2	0.0012687115341009116	0.0012687115341009116
1171	 LLH-2	0.0012668482694577054	0.0012668482694577054
1172	 LLH-6	0.0012658572623846368	0.0012658572623846368
1173	 LLH-5	0.0012660889823424303	0.0012660889823424303
1174	 LLH-0	0.0012668820301305818	0.0012668820301305818
1175	 LLH-5	0.0012668412747441917	0.0012668412747441917
1176	 LLH-1	0.0012668412747441917	0.0012668412747441917
1177	 LLH-1	0.001266562080089876	0.001266562080089876
1178	 LLH-1	0.001266562080089876	0.001266562080089876
1179	 LLH-3	0.0012596258798694374	0.0012596258798694374
1180	 LLH-2	0.0012574611615524603	0.0012574611615524603
1181	 LLH-1	0.0012574611615524603	0.0012574611615524603
1182	 LLH-2	0.0012811370517248695	0.0012574611615524603
1183	 LLH-0	0.001256814479896928	0.001256814479896928
1184	 LLH-0	0.001257665240245159	0.001257665240245159
1185	 LLH-0	0.0012584466706529384	0.0012584466706529384
1186	 LLH-4	0.001257502203170638	0.001257502203170638
1188	 LLH-0	0.0012584124925210688	0.0012584124925210688
1189	 LLH-5	0.0012597267590526398	0.0012597267590526398
1190	 LLH-2	0.0012746554362480745	0.0012746554362480745
1191	 LLH-3	0.0013442499868668574	0.0012746554362480745
1192	 LLH-1	0.001274879750145006	0.001274879750145006
1193	 LLH-1	0.0012744757894392485	0.0012744757894392485
1194	 LLH-6	0.0012755167178980526	0.0012755167178980526
1195	 LLH-2	0.0012672098652506114	0.0012672098652506114
1196	 LLH-3	0.0012645664797883423	0.0012645664797883423
1197	 LLH-3	0.0012893776790195881	0.0012645664797883423
1198	 LLH-6	0.0012639323693490658	0.0012639323693490658
1199	 LLH-0	0.001263069317052751	0.001263069317052751
1200	 LLH-3	0.001297090747577387	0.001263069317052751
1201	 LLH-6	0.0012624529512148836	0.0012624529512148836
1202	 LLH-0	0.0012618575611535907	0.0012618575611535907
1203	 LLH-4	0.0012618575611535907	0.0012618575611535907
1208	 LLH-3	0.0013138641374422619	0.0012618575611535907
1209	 LLH-2	0.0012640438376155289	0.0012640438376155289
1210	 LLH-3	0.001250719790653814	0.001250719790653814
1211	 LLH-4	0.001250719790653814	0.001250719790653814
1216	 LLH-4	0.0012500100053614033	0.0012500100053614033
1218	 LLH-2	0.001252882898392837	0.001252882898392837
1219	 LLH-5	0.0012521483195926937	0.0012521483195926937
1220	 LLH-0	0.0012512245413604272	0.0012512245413604272
1221	 LLH-3	0.0013106836620509674	0.0012512245413604272
1222	 LLH-6	0.0012501421518512528	0.0012501421518512528
1223	 LLH-4	0.0012501421518512528	0.0012501421518512528
1228	 LLH-1	0.0012501421518512528	0.0012501421518512528
1229	 LLH-3	0.0012884779925570642	0.0012501421518512528
1230	 LLH-1	0.0012501421518512528	0.0012501421518512528
1231	 LLH-0	0.001267163583759616	0.0012501421518512528
1232	 LLH-4	0.0012501421518512528	0.0012501421518512528
1237	 LLH-2	0.0012554357221595672	0.0012501421518512528
1238	 LLH-0	0.0012508886488485508	0.0012501421518512528
1239	 LLH-0	0.0012508080823319682	0.0012508080823319682
1240	 LLH-6	0.0012517264562908722	0.0012517264562908722
1241	 LLH-4	0.0012510443219438355	0.0012510443219438355
1243	 LLH-0	0.0012518012730737345	0.0012518012730737345
1244	 LLH-6	0.0012514431209385804	0.0012514431209385804
1245	 LLH-3	0.001306541657077788	0.0012514431209385804
1246	 LLH-0	0.00125219426576671	0.0012514431209385804
1247	 LLH-4	0.0012505522056875588	0.0012505522056875588
1251	 LLH-6	0.0012494534896775743	0.0012494534896775743
1252	 LLH-1	0.0012491714036628363	0.0012491714036628363
1253	 LLH-2	0.0012623140827196515	0.0012491714036628363
1254	 LLH-1	0.001249130364107494	0.001249130364107494
1255	 LLH-2	0.0012683764076869605	0.001249130364107494
1256	 LLH-5	0.0012490677631035061	0.0012490677631035061
1257	 LLH-0	0.001249723846680654	0.001249723846680654
1258	 LLH-5	0.0012517220109586993	0.0012517220109586993
1259	 LLH-3	0.0012482071026392882	0.0012482071026392882
1260	 LLH-6	0.0012494204210062555	0.0012494204210062555
1261	 LLH-3	0.001243744693538405	0.001243744693538405
1262	 LLH-5	0.0012439020106770322	0.0012439020106770322
1263	 LLH-3	0.001250838991107332	0.0012439020106770322
1264	 LLH-0	0.001244514404295936	0.001244514404295936
1265	 LLH-6	0.0012449260577016602	0.0012449260577016602
1266	 LLH-0	0.001245892817108422	0.001245892817108422
1267	 LLH-1	0.001245892817108422	0.001245892817108422
1268	 LLH-6	0.0012466458899906118	0.001245892817108422
1269	 LLH-4	0.001245892817108422	0.001245892817108422
1274	 LLH-5	0.0012458916585420213	0.0012458916585420213
1275	 LLH-4	0.0012458916585420213	0.0012458916585420213
1280	 LLH-2	0.0012600709306577944	0.0012458916585420213
1281	 LLH-0	0.0012463422757138499	0.0012463422757138499
1282	 LLH-5	0.0012458380475884674	0.0012458380475884674
1283	 LLH-4	0.0012450229509438323	0.0012450229509438323
1285	 LLH-2	0.0012564381655299434	0.0012450229509438323
1286	 LLH-4	0.0012450229509438323	0.0012450229509438323
1291	 LLH-6	0.0012455158231429488	0.0012455158231429488
1292	 LLH-2	0.0012478350306763862	0.0012455158231429488
1293	 LLH-2	0.0012546423774308843	0.0012455158231429488
1294	 LLH-2	0.0012470978512455456	0.0012455158231429488
1295	 LLH-1	0.0012455158231429488	0.0012455158231429488
1296	 LLH-1	0.0012455158231429488	0.0012455158231429488
1297	 LLH-6	0.001245258676566144	0.001245258676566144
1298	 LLH-6	0.0012451879156992751	0.0012451879156992751
1299	 LLH-6	0.0012448383927615664	0.0012448383927615664
1300	 LLH-3	0.001287470346672759	0.0012448383927615664
1301	 LLH-5	0.0012453011423851318	0.0012453011423851318
1302	 LLH-1	0.0012453011423851318	0.0012453011423851318
1303	 LLH-3	0.0012777626204721027	0.0012453011423851318
1304	 LLH-2	0.00125242161159671	0.0012453011423851318
1305	 LLH-1	0.0012453011423851318	0.0012453011423851318
1306	 LLH-4	0.0012453011423851318	0.0012453011423851318
1311	 LLH-5	0.0012450678834004898	0.0012450678834004898
1312	 LLH-5	0.0012450678834004898	0.0012450678834004898
1313	 LLH-3	0.0012470741813467572	0.0012450678834004898
1314	 LLH-4	0.0012444390714589201	0.0012444390714589201
1316	 LLH-3	0.0012795470258634989	0.0012444390714589201
1317	 LLH-2	0.0012482256380256646	0.0012482256380256646
1318	 LLH-4	0.0012482256380256646	0.0012482256380256646
1323	 LLH-5	0.001248051938301693	0.001248051938301693
1324	 LLH-4	0.001248051938301693	0.001248051938301693
1329	 LLH-2	0.0012599732556942903	0.001248051938301693
1330	 LLH-0	0.0012642978551998655	0.001248051938301693
1331	 LLH-0	0.0012485932816119463	0.0012485932816119463
1332	 LLH-6	0.0012493996678718164	0.0012493996678718164
1333	 LLH-4	0.0012482084884280914	0.0012482084884280914
1335	 LLH-0	0.0012640656081986195	0.0012482084884280914
1336	 LLH-0	0.0012491174691204071	0.0012482084884280914
1337	 LLH-1	0.0012482084884280914	0.0012482084884280914
1338	 LLH-0	0.0012487118988281116	0.0012487118988281116
1339	 LLH-4	0.0012481489999880892	0.0012481489999880892
1344	 LLH-6	0.0012472819064396343	0.0012472819064396343
1345	 LLH-3	0.0012984129730313541	0.0012472819064396343
1346	 LLH-0	0.0012479567794994166	0.0012479567794994166
1347	 LLH-2	0.0012575731634535908	0.0012479567794994166
1348	 LLH-3	0.0012545076710847945	0.0012479567794994166
1349	 LLH-4	0.0012479567794994166	0.0012479567794994166
1354	 LLH-5	0.001248305687488514	0.001248305687488514
1355	 LLH-1	0.001248305687488514	0.001248305687488514
1356	 LLH-4	0.001247557008449608	0.001247557008449608
1359	 LLH-0	0.0012483787058768922	0.001247557008449608
1360	 LLH-1	0.001247557008449608	0.001247557008449608
1361	 LLH-5	0.0012468854438847517	0.0012468854438847517
1362	 LLH-0	0.0012478925026888662	0.0012478925026888662
1363	 LLH-4	0.0012472044342842633	0.0012472044342842633
1368	 LLH-5	0.0012472384826626723	0.0012472384826626723
1369	 LLH-6	0.0012473155850130147	0.0012473155850130147
1370	 LLH-4	0.0012473155850130147	0.0012473155850130147
1375	 LLH-4	0.0012473155850130147	0.0012473155850130147
1380	 LLH-6	0.0012469060344657641	0.0012469060344657641
1381	 LLH-6	0.0012463674557870285	0.0012463674557870285
1382	 LLH-6	0.0012457748641468802	0.0012457748641468802
1383	 LLH-2	0.0012654491838787	0.0012457748641468802
1384	 LLH-0	0.0012462846573952737	0.0012457748641468802
1385	 LLH-3	0.0012926153114386383	0.0012457748641468802
1386	 LLH-6	0.001245883080471131	0.001245883080471131
1387	 LLH-6	0.0012455613124610356	0.0012455613124610356
1388	 LLH-4	0.0012455613124610356	0.0012455613124610356
1393	 LLH-1	0.001245726425333817	0.0012455613124610356
1394	 LLH-3	0.0012882917229599035	0.0012455613124610356
1395	 LLH-3	0.0012539876411005982	0.0012455613124610356
1396	 LLH-4	0.0012455613124610356	0.0012455613124610356
1401	 LLH-6	0.001246420430142877	0.0012455613124610356
1402	 LLH-0	0.0012463306141559957	0.0012463306141559957
1403	 LLH-3	0.001251093415748539	0.001251093415748539
1404	 LLH-5	0.0012511066443034425	0.0012511066443034425
1405	 LLH-1	0.0012511066443034425	0.0012511066443034425
1406	 LLH-0	0.0012519610289716584	0.0012519610289716584
1407	 LLH-6	0.0012519026165089013	0.0012519026165089013
1408	 LLH-5	0.0012523147443461785	0.0012523147443461785
1409	 LLH-2	0.0012602217909505606	0.0012523147443461785
1410	 LLH-6	0.0012524724918628058	0.0012524724918628058
1411	 LLH-6	0.0012511854333068688	0.0012511854333068688
1412	 LLH-1	0.0012511854333068688	0.0012511854333068688
1413	 LLH-5	0.00125220971483588	0.00125220971483588
1414	 LLH-4	0.00125220971483588	0.00125220971483588
1419	 LLH-5	0.0012524273139779523	0.00125220971483588
1420	 LLH-6	0.0012504033437699517	0.0012504033437699517
1421	 LLH-5	0.0012507285737828706	0.0012507285737828706
1422	 LLH-0	0.0012513999297972	0.0012507285737828706
1423	 LLH-4	0.0012502989194317375	0.0012502989194317375
1425	 LLH-2	0.001259353545331239	0.0012502989194317375
1426	 LLH-5	0.001250284409403047	0.001250284409403047
1427	 LLH-1	0.001250284409403047	0.001250284409403047
1428	 LLH-4	0.001250284409403047	0.001250284409403047
1433	 LLH-4	0.001249817553575608	0.001249817553575608
1435	 LLH-5	0.0012494001256982503	0.0012494001256982503
1436	 LLH-1	0.0012494001256982503	0.0012494001256982503
1437	 LLH-4	0.0012494001256982503	0.0012494001256982503
1442	 LLH-4	0.0012489310967345845	0.0012489310967345845
1444	 LLH-4	0.0012489310967345845	0.0012489310967345845
1449	 LLH-2	0.0012500915559934907	0.0012500915559934907
1450	 LLH-2	0.0012612165040337526	0.0012500915559934907
1451	 LLH-1	0.0012500915559934907	0.0012500915559934907
1452	 LLH-3	0.0012432928321486265	0.0012432928321486265
1453	 LLH-1	0.0012432928321486265	0.0012432928321486265
1454	 LLH-4	0.0012432928321486265	0.0012432928321486265
1459	 LLH-4	0.0012432928321486265	0.0012432928321486265
1464	 LLH-4	0.0012432928321486265	0.0012432928321486265
1469	 LLH-1	0.0012432928321486265	0.0012432928321486265
1470	 LLH-4	0.0012432928321486265	0.0012432928321486265
1475	 LLH-6	0.0012447502473663503	0.0012432928321486265
1476	 LLH-2	0.0012479963248055769	0.0012432928321486265
1477	 LLH-3	0.001273766019156494	0.0012432928321486265
1478	 LLH-2	0.0012585978348345777	0.0012432928321486265
1479	 LLH-1	0.0012432928321486265	0.0012432928321486265
1480	 LLH-2	0.0012504025171315714	0.0012432928321486265
1481	 LLH-3	0.0012723178528869113	0.0012432928321486265
1482	 LLH-0	0.001244058898128502	0.0012432928321486265
1483	 LLH-2	0.0012549166748720589	0.0012432928321486265
1484	 LLH-4	0.0012432928321486265	0.0012432928321486265
1489	 LLH-6	0.0012433304980398808	0.0012433304980398808
1490	 LLH-2	0.0012467660835944975	0.0012433304980398808
1491	 LLH-1	0.0012433304980398808	0.0012433304980398808
1492	 LLH-3	0.0012882802151346965	0.0012433304980398808
1493	 LLH-3	0.0012848135725150968	0.0012433304980398808
1494	 LLH-1	0.0012433304980398808	0.0012433304980398808
1495	 LLH-0	0.0012437838531629709	0.0012437838531629709
1496	 LLH-3	0.001287611594456912	0.0012437838531629709
1497	 LLH-2	0.001253152936666521	0.0012437838531629709
1498	 LLH-5	0.0012434994481500617	0.0012434994481500617
1499	 LLH-0	0.0012439449838296084	0.0012434994481500617
1500	 LLH-0	0.0012430442589992634	0.0012430442589992634
1501	 LLH-2	0.001254234778959223	0.0012430442589992634
1502	 LLH-5	0.0012431649418129561	0.0012431649418129561
1503	 LLH-3	0.0012994819210538318	0.0012431649418129561
1504	 LLH-3	0.0012552431109475314	0.0012431649418129561
1505	 LLH-3	0.0012528120795184147	0.0012431649418129561
1506	 LLH-0	0.0012583823148100653	0.0012431649418129561
1507	 LLH-1	0.0012431649418129561	0.0012431649418129561
1508	 LLH-6	0.001243496202747398	0.001243496202747398
1509	 LLH-2	0.0012447665392696448	0.001243496202747398
1510	 LLH-1	0.001243496202747398	0.001243496202747398
1511	 LLH-4	0.001243496202747398	0.001243496202747398
1516	 LLH-3	0.0012766337784737192	0.001243496202747398
1517	 LLH-6	0.001242890365203649	0.001242890365203649
1518	 LLH-4	0.001242890365203649	0.001242890365203649
1523	 LLH-3	0.0012775582907009178	0.001242890365203649
1524	 LLH-3	0.0012540914354062865	0.001242890365203649
1525	 LLH-6	0.0012434464099804901	0.0012434464099804901
1526	 LLH-4	0.0012434464099804901	0.0012434464099804901
1531	 LLH-6	0.0012429333760085994	0.0012429333760085994
1532	 LLH-0	0.0012436461395266994	0.0012436461395266994
1533	 LLH-3	0.0012431091673351382	0.0012431091673351382
1534	 LLH-4	0.0012426160048347743	0.0012426160048347743
1537	 LLH-0	0.0012430103506954958	0.0012430103506954958
1538	 LLH-0	0.0012423448726291597	0.0012423448726291597
1539	 LLH-4	0.0012423448726291597	0.0012423448726291597
1544	 LLH-3	0.0012479710962847086	0.0012423448726291597
1545	 LLH-2	0.0012479004072243895	0.0012423448726291597
1546	 LLH-2	0.0012470519353188025	0.0012423448726291597
1547	 LLH-3	0.0012731479755131833	0.0012423448726291597
1548	 LLH-3	0.0012682918001280378	0.0012423448726291597
1549	 LLH-1	0.0012423448726291597	0.0012423448726291597
1550	 LLH-4	0.0012423448726291597	0.0012423448726291597
1555	 LLH-6	0.001242908765632878	0.001242908765632878
1556	 LLH-6	0.0012428770941412572	0.0012428770941412572
1557	 LLH-4	0.0012428770941412572	0.0012428770941412572
1562	 LLH-6	0.0012421072211173903	0.0012421072211173903
1563	 LLH-6	0.0012422239367781557	0.0012422239367781557
1564	 LLH-2	0.0012430382829703888	0.0012430382829703888
1565	 LLH-5	0.0012432421054630587	0.0012432421054630587
1566	 LLH-1	0.0012432421054630587	0.0012432421054630587
1567	 LLH-5	0.001242358838881999	0.001242358838881999
1568	 LLH-2	0.0012525842069398036	0.001242358838881999
1569	 LLH-0	0.0012416410078814459	0.0012416410078814459
1570	 LLH-3	0.0012778072235862124	0.0012416410078814459
1571	 LLH-4	0.0012416410078814459	0.0012416410078814459
1576	 LLH-5	0.0012423051487859527	0.0012423051487859527
1577	 LLH-0	0.0012427507897103632	0.0012427507897103632
1578	 LLH-0	0.0012433038711169074	0.0012433038711169074
1579	 LLH-0	0.0012439453270997921	0.0012439453270997921
1580	 LLH-5	0.001243702364240103	0.001243702364240103
1581	 LLH-6	0.0012432519076782727	0.0012432519076782727
1582	 LLH-5	0.00124350314529462	0.00124350314529462
1583	 LLH-5	0.001244609523973338	0.001244609523973338
1584	 LLH-3	0.001288410002593411	0.001244609523973338
1585	 LLH-2	0.0012601488300451964	0.001244609523973338
1586	 LLH-1	0.001244609523973338	0.001244609523973338
1587	 LLH-1	0.0012447186853380703	0.0012447186853380703
1588	 LLH-0	0.0012442783339310448	0.0012442783339310448
1589	 LLH-0	0.0012447462158250546	0.0012447462158250546
1590	 LLH-4	0.0012447462158250546	0.0012447462158250546
1595	 LLH-3	0.0012453177524491558	0.0012447462158250546
1596	 LLH-4	0.0012442317734663187	0.0012442317734663187
1599	 LLH-3	0.0012451315498421343	0.0012442317734663187
1600	 LLH-5	0.0012438778282122733	0.0012438778282122733
1601	 LLH-2	0.0012487096781618851	0.0012438778282122733
1602	 LLH-4	0.0012438778282122733	0.0012438778282122733
1607	 LLH-2	0.0012630187585968514	0.0012438778282122733
1608	 LLH-6	0.0012442665809424282	0.0012442665809424282
1609	 LLH-4	0.0012434933538029208	0.0012434933538029208
1611	 LLH-4	0.0012434933538029208	0.0012434933538029208
1616	 LLH-3	0.0012796095741663856	0.0012434933538029208
1617	 LLH-0	0.0012428431389854542	0.0012428431389854542
1618	 LLH-2	0.0012466424997611466	0.0012428431389854542
1619	 LLH-2	0.0012508137679836722	0.0012428431389854542
1620	 LLH-0	0.0012434049462985467	0.0012428431389854542
1621	 LLH-5	0.001242361033769664	0.001242361033769664
1622	 LLH-3	0.001273028206711744	0.001242361033769664
1623	 LLH-0	0.0012431122279325728	0.001242361033769664
1624	 LLH-3	0.0012894325882940507	0.001242361033769664
1625	 LLH-0	0.0012428789401452427	0.0012428789401452427
1626	 LLH-3	0.0012418686924151876	0.0012418686924151876
1627	 LLH-6	0.0012419607356397094	0.0012419607356397094
1628	 LLH-3	0.0012707355030885698	0.0012419607356397094
1629	 LLH-2	0.0012597698169515956	0.0012419607356397094
1630	 LLH-4	0.0012415039263368143	0.0012415039263368143
1635	 LLH-1	0.0012415039263368143	0.0012415039263368143
1636	 LLH-5	0.0012414265167481967	0.0012414265167481967
1637	 LLH-3	0.0012454964865941198	0.0012414265167481967
1638	 LLH-2	0.0012483281208222536	0.0012414265167481967
1639	 LLH-0	0.0012419865854006872	0.0012414265167481967
1640	 LLH-4	0.0012414265167481967	0.0012414265167481967
1645	 LLH-6	0.0012406889042861095	0.0012406889042861095
1646	 LLH-2	0.0012528581298249164	0.0012406889042861095
1647	 LLH-2	0.0012514661214497657	0.0012406889042861095
1648	 LLH-2	0.0012498856578680008	0.0012406889042861095
1649	 LLH-2	0.0012478303755747977	0.0012406889042861095
1650	 LLH-0	0.0012413094816666928	0.0012413094816666928
1651	 LLH-5	0.0012412275113273961	0.0012412275113273961
1652	 LLH-0	0.001242050863924907	0.001242050863924907
1653	 LLH-4	0.001241302789477005	0.001241302789477005
1655	 LLH-0	0.0012418354442361383	0.001241302789477005
1656	 LLH-4	0.001241302789477005	0.001241302789477005
1661	 LLH-1	0.001241302789477005	0.001241302789477005
1662	 LLH-3	0.0012470975867411279	0.001241302789477005
1663	 LLH-3	0.001243946014450011	0.001243946014450011
1664	 LLH-1	0.001243946014450011	0.001243946014450011
1665	 LLH-5	0.0012438916231814427	0.0012438916231814427
1666	 LLH-3	0.0012718907316675368	0.0012438916231814427
1667	 LLH-1	0.0012438916231814427	0.0012438916231814427
1668	 LLH-1	0.0012438916231814427	0.0012438916231814427
1669	 LLH-1	0.0012438916231814427	0.0012438916231814427
1670	 LLH-6	0.001243874003910728	0.001243874003910728
1671	 LLH-1	0.001243874003910728	0.001243874003910728
1672	 LLH-1	0.001243874003910728	0.001243874003910728
1673	 LLH-6	0.0012437037940375842	0.0012437037940375842
1674	 LLH-0	0.0012441243663690695	0.0012441243663690695
1675	 LLH-6	0.0012444684525843238	0.0012441243663690695
1676	 LLH-3	0.0012669670959587606	0.0012441243663690695
1677	 LLH-2	0.0012485835924176114	0.0012441243663690695
1678	 LLH-1	0.0012441243663690695	0.0012441243663690695
1679	 LLH-5	0.0012443181761841587	0.0012441243663690695
1680	 LLH-4	0.0012433593172642226	0.0012433593172642226
1683	 LLH-5	0.00124305207102356	0.00124305207102356
1684	 LLH-1	0.00124305207102356	0.00124305207102356
1685	 LLH-3	0.0012498987238466562	0.00124305207102356
1686	 LLH-6	0.0012441339027426748	0.00124305207102356
1687	 LLH-0	0.0012434036231842721	0.00124305207102356
1688	 LLH-0	0.0012434160743124032	0.00124305207102356
1689	 LLH-3	0.001249358332624661	0.00124305207102356
1690	 LLH-1	0.00124305207102356	0.00124305207102356
1691	 LLH-1	0.00124305207102356	0.00124305207102356
1692	 LLH-0	0.001243407064070476	0.001243407064070476
1693	 LLH-6	0.0012438805630453392	0.0012438805630453392
1694	 LLH-4	0.0012434858995866655	0.0012434858995866655
1697	 LLH-4	0.0012430361163155317	0.0012430361163155317
1699	 LLH-4	0.0012430361163155317	0.0012430361163155317
1704	 LLH-2	0.001245271735809463	0.0012430361163155317
1705	 LLH-3	0.0012780833169020328	0.0012430361163155317
1706	 LLH-6	0.0012429471985612242	0.0012429471985612242
1707	 LLH-3	0.0012510698084555998	0.0012429471985612242
1708	 LLH-4	0.0012429471985612242	0.0012429471985612242
1713	 LLH-6	0.0012424313523398934	0.0012424313523398934
1714	 LLH-1	0.0012424313523398934	0.0012424313523398934
1715	 LLH-6	0.0012420590212289815	0.0012420590212289815
1716	 LLH-6	0.0012415077730380183	0.0012415077730380183
1717	 LLH-5	0.0012414643873118244	0.0012414643873118244
1718	 LLH-4	0.0012414643873118244	0.0012414643873118244
1723	 LLH-6	0.0012420566373326394	0.0012414643873118244
1724	 LLH-2	0.001249997475759818	0.0012414643873118244
1725	 LLH-4	0.0012414643873118244	0.0012414643873118244
1730	 LLH-2	0.0012471001980013969	0.0012414643873118244
1731	 LLH-2	0.001248861659195714	0.0012414643873118244
1732	 LLH-3	0.0012506864094714279	0.0012414643873118244
1733	 LLH-0	0.0012419092948985507	0.0012414643873118244
1734	 LLH-0	0.0012420392655337765	0.0012420392655337765
1735	 LLH-3	0.0012772514105345216	0.0012420392655337765
1736	 LLH-1	0.0012420392655337765	0.0012420392655337765
1737	 LLH-4	0.0012420392655337765	0.0012420392655337765
1742	 LLH-2	0.0012495371459531803	0.0012420392655337765
1743	 LLH-1	0.0012420392655337765	0.0012420392655337765
1744	 LLH-5	0.001242282200990859	0.0012420392655337765
1745	 LLH-4	0.0012420392655337765	0.0012420392655337765
1750	 LLH-5	0.0012424131903784508	0.0012420392655337765
1751	 LLH-4	0.0012420392655337765	0.0012420392655337765
1756	 LLH-3	0.0012502943481378951	0.0012420392655337765
1757	 LLH-3	0.0012516954325779788	0.0012420392655337765
1758	 LLH-2	0.0012547601630035102	0.0012420392655337765
1759	 LLH-6	0.0012422444528190212	0.0012422444528190212
1760	 LLH-0	0.0012426139479568056	0.0012422444528190212
1761	 LLH-4	0.0012418517142013768	0.0012418517142013768
1765	 LLH-4	0.0012418517142013768	0.0012418517142013768
1770	 LLH-4	0.0012418517142013768	0.0012418517142013768
1775	 LLH-2	0.0012451432958573883	0.0012418517142013768
1776	 LLH-1	0.0012418517142013768	0.0012418517142013768
1777	 LLH-6	0.0012423024346291736	0.0012423024346291736
1778	 LLH-4	0.0012423024346291736	0.0012423024346291736
1783	 LLH-0	0.0012428893684650136	0.0012428893684650136
1784	 LLH-0	0.0012433246099110623	0.0012428893684650136
1785	 LLH-0	0.001242492885034317	0.001242492885034317
1786	 LLH-0	0.001242924845722975	0.001242924845722975
1787	 LLH-5	0.0012430594032315145	0.0012430594032315145
1788	 LLH-6	0.001243895674490487	0.001243895674490487
1789	 LLH-0	0.0012443130618709595	0.001243895674490487
1790	 LLH-3	0.0012513621858900464	0.001243895674490487
1791	 LLH-5	0.0012439524326741565	0.0012439524326741565
1792	 LLH-0	0.0012443474185341121	0.0012439524326741565
1793	 LLH-2	0.0012549713727538956	0.0012439524326741565
1794	 LLH-2	0.0012438839499759008	0.0012438839499759008
1795	 LLH-1	0.0012438839499759008	0.0012438839499759008
1796	 LLH-5	0.0012436591560801742	0.0012436591560801742
1797	 LLH-6	0.0012451199650282945	0.0012436591560801742
1798	 LLH-0	0.0012443501540261915	0.0012436591560801742
1799	 LLH-6	0.0012436180176614766	0.0012436180176614766
1800	 LLH-0	0.0012440513513829053	0.0012440513513829053
1801	 LLH-6	0.0012435894160314897	0.0012435894160314897
1802	 LLH-3	0.0012449124341478196	0.0012449124341478196
1803	 LLH-6	0.0012447419931269034	0.0012447419931269034
1804	 LLH-1	0.0012447419931269034	0.0012447419931269034
1805	 LLH-2	0.0012594283487534106	0.0012447419931269034
1806	 LLH-1	0.0012447419931269034	0.0012447419931269034
1807	 LLH-2	0.0012552472488604283	0.0012447419931269034
1808	 LLH-2	0.0012554365159546076	0.0012447419931269034
1809	 LLH-3	0.0012721466726189647	0.0012447419931269034
1810	 LLH-3	0.001248353056774473	0.0012447419931269034
1811	 LLH-4	0.0012443299385316766	0.0012443299385316766
1813	 LLH-2	0.0012571093465530109	0.0012443299385316766
1814	 LLH-0	0.0012447211976828062	0.0012443299385316766
1815	 LLH-2	0.001244733915175364	0.0012443299385316766
1816	 LLH-4	0.0012443299385316766	0.0012443299385316766
1821	 LLH-4	0.0012438505979878874	0.0012438505979878874
1826	 LLH-3	0.001252585170217022	0.0012438505979878874
1827	 LLH-3	0.0012494270706213406	0.0012438505979878874
1828	 LLH-5	0.0012448403978572405	0.0012438505979878874
1829	 LLH-3	0.0012794093928602949	0.0012438505979878874
1830	 LLH-5	0.0012440795905270575	0.0012440795905270575
1831	 LLH-5	0.0012443534513346744	0.0012443534513346744
1832	 LLH-4	0.0012443534513346744	0.0012443534513346744
1837	 LLH-2	0.0012601113841034092	0.0012443534513346744
1838	 LLH-1	0.0012443534513346744	0.0012443534513346744
1839	 LLH-3	0.0012802850488821166	0.0012443534513346744
1840	 LLH-3	0.0012748764331668412	0.0012443534513346744
1841	 LLH-2	0.0012505191762698952	0.0012443534513346744
1842	 LLH-2	0.0012525388300780231	0.0012443534513346744
1843	 LLH-5	0.0012451701561775207	0.0012443534513346744
1844	 LLH-5	0.001244448423323293	0.001244448423323293
1845	 LLH-3	0.0012479865361988954	0.001244448423323293
1846	 LLH-5	0.0012444730437673902	0.0012444730437673902
1847	 LLH-6	0.001245438411743912	0.001245438411743912
1848	 LLH-5	0.001245381608861242	0.001245381608861242
1849	 LLH-1	0.001245381608861242	0.001245381608861242
1850	 LLH-6	0.0012461632304107762	0.001245381608861242
1851	 LLH-3	0.001247710091590634	0.001245381608861242
1852	 LLH-1	0.001245381608861242	0.001245381608861242
1853	 LLH-0	0.001245848353899008	0.001245848353899008
1854	 LLH-2	0.0012499871259559262	0.001245848353899008
1855	 LLH-2	0.0012501113500423787	0.001245848353899008
1856	 LLH-0	0.001246338966437791	0.001245848353899008
1857	 LLH-6	0.0012462074998083922	0.0012462074998083922
1858	 LLH-1	0.0012461513072603199	0.0012461513072603199
1859	 LLH-6	0.001248131135528808	0.0012461513072603199
1860	 LLH-5	0.0012459470191940754	0.0012459470191940754
1861	 LLH-4	0.0012453833356628502	0.0012453833356628502
1865	 LLH-2	0.001249950536419798	0.0012453833356628502
1866	 LLH-0	0.001245925572437348	0.0012453833356628502
1867	 LLH-5	0.0012449250051042283	0.0012449250051042283
1868	 LLH-4	0.0012449250051042283	0.0012449250051042283
1873	 LLH-1	0.0012449250051042283	0.0012449250051042283
1874	 LLH-0	0.0012454659088843522	0.0012449250051042283
1875	 LLH-6	0.001245108111423443	0.001245108111423443
1876	 LLH-6	0.0012464745781723804	0.001245108111423443
1877	 LLH-5	0.001245108111423443	0.001245108111423443
1878	 LLH-2	0.0012610849705939275	0.001245108111423443
1879	 LLH-0	0.0012457586799360714	0.001245108111423443
1880	 LLH-6	0.0012447698002754927	0.0012447698002754927
1881	 LLH-5	0.0012448707081893669	0.0012447698002754927
1882	 LLH-6	0.0012450104227729169	0.0012450104227729169
1883	 LLH-3	0.0012824148700844962	0.0012450104227729169
1884	 LLH-6	0.0012450549506796043	0.0012450549506796043
1885	 LLH-4	0.0012446537930114606	0.0012446537930114606
1889	 LLH-0	0.001245543333673923	0.0012446537930114606
1890	 LLH-4	0.0012446537930114606	0.0012446537930114606
1895	 LLH-1	0.0012446537930114606	0.0012446537930114606
1896	 LLH-3	0.001278725348153877	0.0012446537930114606
1897	 LLH-2	0.0012535984452084837	0.0012446537930114606
1898	 LLH-6	0.0012456259076786607	0.0012446537930114606
1899	 LLH-3	0.0012758218353536388	0.0012446537930114606
1900	 LLH-5	0.0012446261679224973	0.0012446261679224973
1901	 LLH-2	0.0012582442979454222	0.0012446261679224973
1902	 LLH-6	0.00124399555953071	0.00124399555953071
1903	 LLH-3	0.0012882790389721777	0.00124399555953071
1904	 LLH-1	0.00124399555953071	0.00124399555953071
1905	 LLH-4	0.0012434697758475608	0.0012434697758475608
1908	 LLH-0	0.001243852653824063	0.0012434697758475608
1909	 LLH-5	0.0012434572894556228	0.0012434572894556228
1910	 LLH-5	0.0012424257636635607	0.0012424257636635607
1911	 LLH-0	0.0012429415593695075	0.0012424257636635607
1912	 LLH-0	0.0012429948194829761	0.0012424257636635607
1913	 LLH-0	0.0012429613595189644	0.0012424257636635607
1914	 LLH-1	0.0012424257636635607	0.0012424257636635607
1915	 LLH-1	0.0012424257636635607	0.0012424257636635607
1916	 LLH-2	0.001254199960294095	0.0012424257636635607
1917	 LLH-4	0.0012424257636635607	0.0012424257636635607
1922	 LLH-6	0.0012424201740251705	0.0012424201740251705
1923	 LLH-6	0.001242155167218961	0.001242155167218961
1924	 LLH-6	0.001242804074580351	0.001242155167218961
1925	 LLH-1	0.001242155167218961	0.001242155167218961
1926	 LLH-4	0.0012417509787568258	0.0012417509787568258
1928	 LLH-4	0.0012413587968184523	0.0012413587968184523
1930	 LLH-2	0.0012516747526584483	0.0012413587968184523
1931	 LLH-3	0.0012448569360618512	0.0012413587968184523
1932	 LLH-1	0.0012413587968184523	0.0012413587968184523
1933	 LLH-0	0.0012418843832768282	0.0012413587968184523
1934	 LLH-1	0.0012413587968184523	0.0012413587968184523
1935	 LLH-2	0.0012561067860921544	0.0012413587968184523
1936	 LLH-1	0.0012413587968184523	0.0012413587968184523
1937	 LLH-3	0.001279846849005384	0.0012413587968184523
1938	 LLH-0	0.0012419210745123626	0.0012419210745123626
1939	 LLH-5	0.001242315041222981	0.0012419210745123626
1940	 LLH-1	0.0012419210745123626	0.0012419210745123626
1941	 LLH-0	0.001242640106652674	0.0012419210745123626
1942	 LLH-5	0.0012420526480593883	0.0012420526480593883
1943	 LLH-6	0.0012420643783090629	0.0012420643783090629
1944	 LLH-0	0.0012426239610523976	0.0012420643783090629
1945	 LLH-6	0.0012426363796488198	0.0012420643783090629
1946	 LLH-2	0.001249979761986602	0.0012420643783090629
1947	 LLH-3	0.0012635837072263278	0.0012420643783090629
1948	 LLH-0	0.0012425079546319261	0.0012425079546319261
1949	 LLH-2	0.0012523373824609712	0.0012425079546319261
1950	 LLH-3	0.0012445450012292024	0.0012425079546319261
1951	 LLH-6	0.0012435517665736412	0.0012425079546319261
1952	 LLH-5	0.0012428349694583855	0.0012428349694583855
1953	 LLH-0	0.0012435606881221843	0.0012428349694583855
1954	 LLH-5	0.0012428885182058352	0.0012428349694583855
1955	 LLH-5	0.00124275213518989	0.00124275213518989
1956	 LLH-6	0.001243276983912053	0.00124275213518989
1957	 LLH-6	0.0012422977124747154	0.0012422977124747154
1958	 LLH-5	0.0012427517995265256	0.0012422977124747154
1959	 LLH-6	0.0012427922511193314	0.0012422977124747154
1960	 LLH-4	0.0012422977124747154	0.0012422977124747154
1965	 LLH-4	0.0012422977124747154	0.0012422977124747154
1970	 LLH-2	0.001253693219649864	0.0012422977124747154
1971	 LLH-1	0.0012422977124747154	0.0012422977124747154
1972	 LLH-0	0.001242874353368931	0.0012422977124747154
1973	 LLH-6	0.0012427836292070301	0.0012422977124747154
1974	 LLH-5	0.0012424897214581684	0.0012422977124747154
1975	 LLH-2	0.001250013850824419	0.0012422977124747154
1976	 LLH-2	0.0012563530953067544	0.0012422977124747154
1977	 LLH-3	0.0012460062147180953	0.0012422977124747154
1978	 LLH-6	0.0012427205492001818	0.0012427205492001818
1979	 LLH-6	0.0012435500975923161	0.0012427205492001818
1980	 LLH-2	0.0012588021555761286	0.0012427205492001818
1981	 LLH-2	0.001257599727373424	0.0012427205492001818
1982	 LLH-1	0.0012427205492001818	0.0012427205492001818
1983	 LLH-5	0.0012424339641880615	0.0012424339641880615
1984	 LLH-0	0.0012428631226934458	0.0012424339641880615
1985	 LLH-1	0.0012424128225563223	0.0012424128225563223
1986	 LLH-5	0.0012424394019595292	0.0012424394019595292
1987	 LLH-0	0.0012429409144770523	0.0012429409144770523
1988	 LLH-1	0.0012429409144770523	0.0012429409144770523
1989	 LLH-6	0.0012437859631626033	0.0012429409144770523
1990	 LLH-2	0.0012606173843710787	0.0012429409144770523
1991	 LLH-5	0.0012433242827605804	0.0012433242827605804
1992	 LLH-3	0.0012473759698642729	0.0012433242827605804
1993	 LLH-0	0.0012438066199299655	0.0012433242827605804
1994	 LLH-6	0.0012436313574909327	0.0012433242827605804
1995	 LLH-0	0.0012428865980095244	0.0012428865980095244
1996	 LLH-5	0.0012428772351553172	0.0012428772351553172
1997	 LLH-0	0.0012433442897441206	0.0012428772351553172
1998	 LLH-2	0.00125177369623078	0.0012428772351553172
1999	 LLH-1	0.0012428772351553172	0.0012428772351553172