Initial objective 0.0013105094734534607
1	 LLH-5	0.0013093153716327113	0.0013093153716327113
2	 LLH-0	0.0013076517370912597	0.0013076517370912597
3	 LLH-3	0.0014284230446394714	0.0014284230446394714
4	 LLH-0	0.001431881486471573	0.001431881486471573
5	 LLH-3	0.0016339075274300345	0.001431881486471573
6	 LLH-5	0.0014314948921157178	0.0014314948921157178
7	 LLH-2	0.0014288420831848497	0.0014288420831848497
8	 LLH-4	0.0014256517197576818	0.0014256517197576818
12	 LLH-1	0.0014258606748790504	0.0014258606748790504
13	 LLH-1	0.001425654883409663	0.001425654883409663
14	 LLH-5	0.0014260444214339082	0.0014260444214339082
15	 LLH-4	0.0014233504132112457	0.0014233504132112457
18	 LLH-4	0.0014204323978761909	0.0014204323978761909
20	 LLH-6	0.0014199924385546354	0.0014199924385546354
21	 LLH-5	0.0014208448547105112	0.0014208448547105112
22	 LLH-0	0.0014176528357184568	0.0014176528357184568
23	 LLH-6	0.0014158401624595955	0.0014158401624595955
24	 LLH-3	0.0012939804600968791	0.0012939804600968791
25	 LLH-0	0.0012952508347629772	0.0012952508347629772
26	 LLH-0	0.0012967970434808267	0.0012967970434808267
27	 LLH-0	0.0012983613737703376	0.0012983613737703376
28	 LLH-5	0.001298724064237883	0.001298724064237883
29	 LLH-0	0.0012998951960764608	0.0012998951960764608
30	 LLH-0	0.001301461967933909	0.001301461967933909
31	 LLH-2	0.0013070627010518998	0.0013070627010518998
32	 LLH-6	0.0013068305516428617	0.0013068305516428617
33	 LLH-5	0.001303771687871462	0.001303771687871462
34	 LLH-1	0.0013033303187615388	0.0013033303187615388
35	 LLH-3	0.0012706452301601142	0.0012706452301601142
36	 LLH-6	0.0012716040269423162	0.0012716040269423162
37	 LLH-0	0.001270725857459995	0.001270725857459995
38	 LLH-1	0.001270725857459995	0.001270725857459995
39	 LLH-0	0.001271585955311437	0.001271585955311437
40	 LLH-1	0.001271585955311437	0.001271585955311437
41	 LLH-1	0.001271585955311437	0.001271585955311437
42	 LLH-3	0.0012547582471867462	0.0012547582471867462
43	 LLH-5	0.0012557590365998629	0.0012557590365998629
44	 LLH-3	0.0012591100290400932	0.0012591100290400932
45	 LLH-6	0.0012596967581072233	0.0012596967581072233
46	 LLH-5	0.0012594401751325859	0.0012594401751325859
47	 LLH-1	0.0012594401751325859	0.0012594401751325859
48	 LLH-1	0.0012590732183494849	0.0012590732183494849
49	 LLH-2	0.0012512636092978603	0.0012512636092978603
50	 LLH-1	0.0012511518666469068	0.0012511518666469068
51	 LLH-6	0.0012518137310527908	0.0012518137310527908
52	 LLH-4	0.0012518137310527908	0.0012518137310527908
57	 LLH-3	0.0012952026659712656	0.0012952026659712656
58	 LLH-1	0.0012953221849496045	0.0012953221849496045
59	 LLH-6	0.001294946939253725	0.001294946939253725
60	 LLH-6	0.001296399554344306	0.001296399554344306
61	 LLH-1	0.001296399554344306	0.001296399554344306
62	 LLH-0	0.001297530527252248	0.001297530527252248
63	 LLH-1	0.0012977364557905271	0.0012977364557905271
64	 LLH-2	0.0012983802095055202	0.0012983802095055202
65	 LLH-6	0.0012974876166884331	0.0012974876166884331
66	 LLH-6	0.0012964023649996836	0.0012964023649996836
67	 LLH-3	0.0013749896910868304	0.0013749896910868304
68	 LLH-5	0.00137880562173277	0.00137880562173277
69	 LLH-5	0.0013788669429574997	0.0013788669429574997
70	 LLH-2	0.0013710422222283228	0.0013710422222283228
71	 LLH-5	0.0013708361495806398	0.0013708361495806398
72	 LLH-0	0.0013687995337760455	0.0013687995337760455
73	 LLH-6	0.001367156125480988	0.001367156125480988
74	 LLH-0	0.001364837003379477	0.001364837003379477
75	 LLH-5	0.0013641552553647486	0.0013641552553647486
76	 LLH-1	0.0013641552553647486	0.0013641552553647486
77	 LLH-0	0.0013658738480411999	0.0013658738480411999
78	 LLH-6	0.0013657732101675357	0.0013657732101675357
79	 LLH-1	0.0013657732101675357	0.0013657732101675357
80	 LLH-0	0.0013631767299099825	0.0013631767299099825
81	 LLH-6	0.0013621891140285936	0.0013621891140285936
82	 LLH-1	0.0013622043789944282	0.0013622043789944282
83	 LLH-5	0.0013628875985198185	0.0013628875985198185
84	 LLH-1	0.0013636426535845521	0.0013636426535845521
85	 LLH-0	0.0013616458166583172	0.0013616458166583172
86	 LLH-6	0.001363191329627588	0.001363191329627588
87	 LLH-4	0.001361237173037717	0.001361237173037717
89	 LLH-4	0.0013591929797990383	0.0013591929797990383
91	 LLH-6	0.0013593000629929474	0.0013593000629929474
92	 LLH-4	0.0013574026145143803	0.0013574026145143803
94	 LLH-1	0.0013574026145143803	0.0013574026145143803
95	 LLH-3	0.0015173884475575311	0.0015173884475575311
96	 LLH-6	0.0015173162645046568	0.0015173162645046568
97	 LLH-4	0.0015130092710177138	0.0015130092710177138
99	 LLH-2	0.0014486848486081846	0.0014486848486081846
100	 LLH-6	0.0014474873575777833	0.0014474873575777833
101	 LLH-3	0.0013125900747880063	0.0013125900747880063
102	 LLH-1	0.0013125900747880063	0.0013125900747880063
103	 LLH-1	0.0013125900747880063	0.0013125900747880063
104	 LLH-2	0.00132504799447098	0.00132504799447098
105	 LLH-4	0.0013233939144871379	0.0013233939144871379
107	 LLH-6	0.0013230239555399282	0.0013230239555399282
108	 LLH-0	0.0013247983825708754	0.0013247983825708754
109	 LLH-6	0.0013233897815135567	0.0013233897815135567
110	 LLH-6	0.001323977752470448	0.001323977752470448
111	 LLH-0	0.001325553754956572	0.001325553754956572
112	 LLH-5	0.001324991253732082	0.001324991253732082
113	 LLH-6	0.0013248335891383174	0.0013248335891383174
114	 LLH-0	0.0013233232527100319	0.0013233232527100319
115	 LLH-4	0.001321677664595739	0.001321677664595739
117	 LLH-4	0.0013204429525430978	0.0013204429525430978
121	 LLH-3	0.0012652888403606873	0.0012652888403606873
122	 LLH-1	0.0012652888403606873	0.0012652888403606873
123	 LLH-5	0.0012661589672340818	0.0012661589672340818
124	 LLH-4	0.0012651076861242465	0.0012651076861242465
128	 LLH-4	0.0012642128549264044	0.0012642128549264044
131	 LLH-0	0.0012650302215279517	0.0012650302215279517
132	 LLH-3	0.0012535165003770548	0.0012535165003770548
133	 LLH-2	0.0012706107029110127	0.0012706107029110127
134	 LLH-6	0.0012709544544302123	0.0012709544544302123
135	 LLH-1	0.0012709544544302123	0.0012709544544302123
136	 LLH-3	0.0012477461311317507	0.0012477461311317507
137	 LLH-2	0.001256589069409711	0.001256589069409711
138	 LLH-3	0.001324975812434234	0.001324975812434234
139	 LLH-1	0.001324975812434234	0.001324975812434234
140	 LLH-5	0.0013242570334685334	0.0013242570334685334
141	 LLH-0	0.0013258122651397886	0.0013258122651397886
142	 LLH-0	0.001324114853747015	0.001324114853747015
143	 LLH-5	0.0013244832433479208	0.0013244832433479208
144	 LLH-4	0.00132304377403586	0.00132304377403586
146	 LLH-6	0.001322757276463563	0.001322757276463563
147	 LLH-1	0.0013226365044858208	0.0013226365044858208
148	 LLH-5	0.0013236853741702807	0.0013236853741702807
149	 LLH-1	0.0013237148161822697	0.0013237148161822697
150	 LLH-6	0.0013232764337323428	0.0013232764337323428
151	 LLH-6	0.0013238139004254073	0.0013238139004254073
152	 LLH-1	0.0013238139004254073	0.0013238139004254073
153	 LLH-4	0.0013222926799180685	0.0013222926799180685
157	 LLH-5	0.0013230752732292287	0.0013230752732292287
158	 LLH-5	0.0013227183887442055	0.0013227183887442055
159	 LLH-6	0.0013241569148061975	0.0013241569148061975
160	 LLH-3	0.0012797506570191171	0.0012797506570191171
161	 LLH-2	0.0012781576701521294	0.0012781576701521294
162	 LLH-5	0.0012785191030987085	0.0012785191030987085
163	 LLH-2	0.0012930804237726858	0.0012930804237726858
164	 LLH-5	0.0012928912703178879	0.0012928912703178879
165	 LLH-6	0.001292682792922876	0.001292682792922876
166	 LLH-4	0.0012721917016577516	0.0012721917016577516
168	 LLH-4	0.0012721917016577516	0.0012721917016577516
173	 LLH-6	0.0012713917237347123	0.0012713917237347123
174	 LLH-1	0.0012713917237347123	0.0012713917237347123
175	 LLH-0	0.0012920004999849672	0.0012920004999849672
176	 LLH-1	0.0012920004999849672	0.0012920004999849672
177	 LLH-2	0.001282636486554763	0.001282636486554763
178	 LLH-0	0.0012837613690859827	0.0012837613690859827
179	 LLH-2	0.001302871342264237	0.001302871342264237
180	 LLH-1	0.0013025968642710805	0.0013025968642710805
181	 LLH-1	0.0013030406183407901	0.0013030406183407901
182	 LLH-3	0.0012615916492009728	0.0012615916492009728
183	 LLH-2	0.0012767593646218374	0.0012767593646218374
184	 LLH-5	0.0012772715682790715	0.0012772715682790715
185	 LLH-2	0.0012688612478160912	0.0012688612478160912
186	 LLH-6	0.0012678178048650913	0.0012678178048650913
187	 LLH-4	0.0012678178048650913	0.0012678178048650913
192	 LLH-1	0.0012678178048650913	0.0012678178048650913
193	 LLH-1	0.0012678178048650913	0.0012678178048650913
194	 LLH-5	0.0012673101193970437	0.0012673101193970437
195	 LLH-6	0.001266920444184965	0.001266920444184965
196	 LLH-1	0.0012667248143037309	0.0012667248143037309
197	 LLH-6	0.0012668112336388297	0.0012668112336388297
198	 LLH-2	0.001279899678804052	0.001279899678804052
199	 LLH-3	0.0013683691147298182	0.0013683691147298182
200	 LLH-5	0.0013713595050841663	0.0013713595050841663
201	 LLH-2	0.0013409161919861882	0.0013409161919861882
202	 LLH-5	0.0013409439142614465	0.0013409439142614465
203	 LLH-1	0.0013410384213189417	0.0013410384213189417
204	 LLH-2	0.0013434821375888258	0.0013434821375888258
205	 LLH-5	0.0013419350117237505	0.0013419350117237505
206	 LLH-1	0.0013417642074193788	0.0013417642074193788
207	 LLH-1	0.0013417880710732606	0.0013417880710732606
208	 LLH-3	0.001449583446710033	0.001449583446710033
209	 LLH-4	0.0014462891181888132	0.0014462891181888132
212	 LLH-0	0.00144975043709382	0.00144975043709382
213	 LLH-4	0.0014462984238250579	0.0014462984238250579
215	 LLH-1	0.001446884292064902	0.001446884292064902
216	 LLH-3	0.0016497244116304352	0.0016497244116304352
217	 LLH-1	0.0016497244116304352	0.0016497244116304352
218	 LLH-6	0.0016508506238117123	0.0016508506238117123
219	 LLH-1	0.0016508102631049	0.0016508102631049
220	 LLH-4	0.001644610723184244	0.001644610723184244
222	 LLH-0	0.0016517531961854545	0.0016517531961854545
223	 LLH-5	0.0016513252736958832	0.0016513252736958832
224	 LLH-1	0.0016512897414632552	0.0016512897414632552
225	 LLH-3	0.0013301493583749604	0.0013301493583749604
226	 LLH-6	0.0013312589982684387	0.0013312589982684387
227	 LLH-1	0.0013310124386126132	0.0013310124386126132
228	 LLH-6	0.0013307667536263325	0.0013307667536263325
229	 LLH-6	0.0013306688868699077	0.0013306688868699077
230	 LLH-2	0.001331877293123555	0.001331877293123555
231	 LLH-2	0.0013122815043497124	0.0013122815043497124
232	 LLH-3	0.0012651376716198825	0.0012651376716198825
233	 LLH-1	0.0012652870355475692	0.0012652870355475692
234	 LLH-6	0.0012676606726322774	0.0012676606726322774
235	 LLH-4	0.0012664375784900983	0.0012664375784900983
237	 LLH-0	0.0012671934118817512	0.0012671934118817512
238	 LLH-0	0.0012680926126090422	0.0012680926126090422
239	 LLH-2	0.0012939818882786076	0.0012939818882786076
240	 LLH-1	0.0012939818882786076	0.0012939818882786076
241	 LLH-6	0.0012937528527491586	0.0012937528527491586
242	 LLH-4	0.0012925749336069846	0.0012925749336069846
244	 LLH-4	0.001291469809535721	0.001291469809535721
247	 LLH-3	0.0013733938043979097	0.0013733938043979097
248	 LLH-2	0.0013397947543670563	0.0013397947543670563
249	 LLH-2	0.0013429805736568648	0.0013429805736568648
250	 LLH-6	0.0013417684444908514	0.0013417684444908514
251	 LLH-0	0.0013399530797842936	0.0013399530797842936
252	 LLH-1	0.0013399114545056788	0.0013399114545056788
253	 LLH-2	0.0013492640562195438	0.0013492640562195438
254	 LLH-4	0.0013475085968731335	0.0013475085968731335
257	 LLH-4	0.0013454052977000923	0.0013454052977000923
260	 LLH-4	0.0013432437040236994	0.0013432437040236994
262	 LLH-6	0.0013428197955727827	0.0013428197955727827
263	 LLH-4	0.001341068576653079	0.001341068576653079
267	 LLH-5	0.0013386764600377384	0.0013386764600377384
268	 LLH-3	0.001450567055584716	0.001450567055584716
269	 LLH-0	0.0014540710882501857	0.0014540710882501857
270	 LLH-2	0.001412249333987166	0.001412249333987166
271	 LLH-2	0.0014246186236368228	0.0014246186236368228
272	 LLH-6	0.0014237366693101673	0.0014237366693101673
273	 LLH-2	0.0013809067535215545	0.0013809067535215545
274	 LLH-5	0.0013829492513115261	0.0013829492513115261
275	 LLH-1	0.0013828833525217784	0.0013828833525217784
276	 LLH-6	0.001385031124698862	0.001385031124698862
277	 LLH-1	0.001385031124698862	0.001385031124698862
278	 LLH-3	0.0012812593837025995	0.0012812593837025995
279	 LLH-5	0.0012813997196350654	0.0012813997196350654
280	 LLH-0	0.0012827321753427945	0.0012827321753427945
281	 LLH-6	0.0012805179144015793	0.0012805179144015793
282	 LLH-0	0.0012795597934776946	0.0012795597934776946
283	 LLH-5	0.0012800741960114492	0.0012800741960114492
284	 LLH-2	0.0012850980500524144	0.0012850980500524144
285	 LLH-5	0.0012849454296583313	0.0012849454296583313
286	 LLH-6	0.0012851833528305955	0.0012851833528305955
287	 LLH-1	0.001285406352031966	0.001285406352031966
288	 LLH-4	0.0012840025212217906	0.0012840025212217906
291	 LLH-6	0.0012855143918996384	0.0012855143918996384
292	 LLH-6	0.0012848608288684987	0.0012848608288684987
293	 LLH-1	0.0012848608288684987	0.0012848608288684987
294	 LLH-0	0.0012838398533664805	0.0012838398533664805
295	 LLH-4	0.001282708396499266	0.001282708396499266
299	 LLH-0	0.0012842307537357233	0.0012842307537357233
300	 LLH-4	0.0012830469825570521	0.0012830469825570521
302	 LLH-4	0.0012820188870370612	0.0012820188870370612
305	 LLH-2	0.0012943633633158457	0.0012943633633158457
306	 LLH-5	0.0012948657639803118	0.0012948657639803118
307	 LLH-3	0.0013743242883282876	0.0012948657639803118
308	 LLH-1	0.0012948657639803118	0.0012948657639803118
309	 LLH-2	0.0013084353118540532	0.0013084353118540532
310	 LLH-2	0.001297893706247612	0.001297893706247612
311	 LLH-3	0.0014022283611395607	0.0014022283611395607
312	 LLH-0	0.0014050761394797837	0.0014050761394797837
313	 LLH-3	0.0015626907896227604	0.0015626907896227604
314	 LLH-5	0.0015627433939413432	0.0015627433939413432
315	 LLH-2	0.001489432741896072	0.001489432741896072
316	 LLH-0	0.0014856284921855216	0.0014856284921855216
317	 LLH-0	0.0014814904284384724	0.0014814904284384724
318	 LLH-5	0.0014831424644332343	0.0014831424644332343
319	 LLH-4	0.001479310736615916	0.001479310736615916
321	 LLH-2	0.0014149473899486616	0.0014149473899486616
322	 LLH-2	0.0014037905780057169	0.0014037905780057169
323	 LLH-3	0.001285245995418658	0.001285245995418658
324	 LLH-3	0.0012727550476860968	0.0012727550476860968
325	 LLH-6	0.0012719662236705073	0.0012719662236705073
326	 LLH-6	0.0012720426300648732	0.0012720426300648732
327	 LLH-1	0.001272262721022777	0.001272262721022777
328	 LLH-4	0.001271314784478439	0.001271314784478439
331	 LLH-6	0.0012711107935315178	0.0012711107935315178
332	 LLH-0	0.001272228621335192	0.001272228621335192
333	 LLH-6	0.0012714206227340354	0.0012714206227340354
334	 LLH-4	0.0012714206227340354	0.0012714206227340354
339	 LLH-1	0.0012714206227340354	0.0012714206227340354
340	 LLH-5	0.0012713613949193983	0.0012713613949193983
341	 LLH-2	0.0012619425025919733	0.0012619425025919733
342	 LLH-3	0.0012584296465403433	0.0012584296465403433
343	 LLH-0	0.0012591954193115218	0.0012591954193115218
344	 LLH-3	0.0012457364548925018	0.0012457364548925018
345	 LLH-4	0.0012457364548925018	0.0012457364548925018
350	 LLH-2	0.0012456147889705993	0.0012456147889705993
351	 LLH-4	0.0012449979024007419	0.0012449979024007419
354	 LLH-2	0.0012516670386356025	0.0012516670386356025
355	 LLH-5	0.0012522281546933098	0.0012522281546933098
356	 LLH-5	0.0012503837268440872	0.0012503837268440872
357	 LLH-5	0.001250780224983831	0.001250780224983831
358	 LLH-4	0.0012500956148649232	0.0012500956148649232
362	 LLH-4	0.0012493040677186748	0.0012493040677186748
364	 LLH-6	0.0012492326560075526	0.0012492326560075526
365	 LLH-6	0.001248195802436555	0.001248195802436555
366	 LLH-6	0.0012485578810539446	0.0012485578810539446
367	 LLH-1	0.0012485578810539446	0.0012485578810539446
368	 LLH-2	0.0012588687096731842	0.0012588687096731842
369	 LLH-4	0.0012574447351377687	0.0012574447351377687
373	 LLH-6	0.0012574336822731543	0.0012574336822731543
374	 LLH-0	0.0012582718982005077	0.0012582718982005077
375	 LLH-0	0.0012590504557046188	0.0012590504557046188
376	 LLH-4	0.0012580829134300423	0.0012580829134300423
380	 LLH-4	0.0012580829134300423	0.0012580829134300423
385	 LLH-0	0.0012589996182977997	0.0012589996182977997
386	 LLH-2	0.0012773196866885648	0.0012773196866885648
387	 LLH-5	0.0012771099852410795	0.0012771099852410795
388	 LLH-5	0.0012769522174613155	0.0012769522174613155
389	 LLH-0	0.0012757729539911108	0.0012757729539911108
390	 LLH-5	0.0012760372243471774	0.0012760372243471774
391	 LLH-5	0.001276727857359889	0.001276727857359889
392	 LLH-2	0.001278756572273796	0.001278756572273796
393	 LLH-5	0.0012785996164960452	0.0012785996164960452
394	 LLH-5	0.001278785032694653	0.001278785032694653
395	 LLH-4	0.001277361994595967	0.001277361994595967
398	 LLH-1	0.001277361994595967	0.001277361994595967
399	 LLH-4	0.001276281499940315	0.001276281499940315
401	 LLH-1	0.001276281499940315	0.001276281499940315
402	 LLH-3	0.001256521820726206	0.001256521820726206
403	 LLH-4	0.001256521820726206	0.001256521820726206
408	 LLH-6	0.0012567285634388315	0.0012567285634388315
409	 LLH-3	0.001321722391481668	0.001321722391481668
410	 LLH-5	0.0013196165503442834	0.0013196165503442834
411	 LLH-2	0.0013094146392534146	0.0013094146392534146
412	 LLH-5	0.001310236710481236	0.001310236710481236
413	 LLH-4	0.0013088086333543079	0.0013088086333543079
415	 LLH-0	0.001307485389822512	0.001307485389822512
416	 LLH-4	0.0013057849013777788	0.0013057849013777788
419	 LLH-4	0.0013043280519008072	0.0013043280519008072
422	 LLH-3	0.0012778663190320177	0.0012778663190320177
423	 LLH-0	0.0012788724690203084	0.0012788724690203084
424	 LLH-4	0.001278050402220301	0.001278050402220301
428	 LLH-2	0.0012704189093800037	0.0012704189093800037
429	 LLH-0	0.0012715149874531898	0.0012715149874531898
430	 LLH-5	0.001271488880535999	0.001271488880535999
431	 LLH-6	0.0012706345833790537	0.0012706345833790537
432	 LLH-3	0.0012521191582725757	0.0012521191582725757
433	 LLH-4	0.0012512685325984788	0.0012512685325984788
438	 LLH-1	0.0012512685325984788	0.0012512685325984788
439	 LLH-0	0.0012519846853754775	0.0012519846853754775
440	 LLH-1	0.0012519846853754775	0.0012519846853754775
441	 LLH-1	0.0012518529082170247	0.0012518529082170247
442	 LLH-4	0.0012511531592469447	0.0012511531592469447
444	 LLH-0	0.001252046417055567	0.001252046417055567
445	 LLH-2	0.0012596941383488003	0.0012596941383488003
446	 LLH-1	0.0012596854348513181	0.0012596854348513181
447	 LLH-5	0.001258567486303567	0.001258567486303567
448	 LLH-3	0.0012585663591804265	0.0012585663591804265
449	 LLH-1	0.0012585687150630826	0.0012585687150630826
450	 LLH-6	0.001258211323921515	0.001258211323921515
451	 LLH-4	0.0012419754000773094	0.0012419754000773094
453	 LLH-5	0.001242732634437466	0.001242732634437466
454	 LLH-4	0.001242732634437466	0.001242732634437466
459	 LLH-4	0.001242732634437466	0.001242732634437466
464	 LLH-2	0.0012490108391594098	0.0012490108391594098
465	 LLH-6	0.0012492849610167434	0.0012492849610167434
466	 LLH-6	0.001249726011783946	0.001249726011783946
467	 LLH-1	0.0012500810716022893	0.0012500810716022893
468	 LLH-3	0.001249195016978765	0.001249195016978765
469	 LLH-4	0.0012485926995584168	0.0012485926995584168
472	 LLH-0	0.0012494847324171574	0.0012494847324171574
473	 LLH-3	0.0012738044533497255	0.0012738044533497255
474	 LLH-3	0.0012638701314484399	0.0012638701314484399
475	 LLH-4	0.0012632102536291605	0.0012632102536291605
478	 LLH-2	0.0012653571887039786	0.0012653571887039786
479	 LLH-5	0.001265303799591231	0.001265303799591231
480	 LLH-5	0.0012665173808630468	0.0012665173808630468
481	 LLH-5	0.001266267927269147	0.001266267927269147
482	 LLH-2	0.0012651330209352506	0.0012651330209352506
483	 LLH-2	0.001277752455204255	0.001277752455204255
484	 LLH-1	0.001277752455204255	0.001277752455204255
485	 LLH-0	0.0012787524486233784	0.0012787524486233784
486	 LLH-5	0.0012784683638356993	0.0012784683638356993
487	 LLH-4	0.0012775106916362057	0.0012775106916362057
489	 LLH-0	0.0012785369054796522	0.0012785369054796522
490	 LLH-0	0.0012770359309485307	0.0012770359309485307
491	 LLH-2	0.0012737487081541105	0.0012737487081541105
492	 LLH-4	0.0012728001198089307	0.0012728001198089307
494	 LLH-5	0.001272940427121468	0.001272940427121468
495	 LLH-3	0.0012672457088220492	0.0012672457088220492
496	 LLH-5	0.0012677704871727948	0.0012677704871727948
497	 LLH-5	0.0012679778023092047	0.0012679778023092047
498	 LLH-2	0.0012759905858069907	0.0012759905858069907
499	 LLH-0	0.001274825287045703	0.001274825287045703
500	 LLH-3	0.0013207975116770767	0.0013207975116770767
501	 LLH-2	0.001321478751857643	0.001321478751857643
502	 LLH-6	0.0013200141935932879	0.0013200141935932879
503	 LLH-5	0.0013195311331418542	0.0013195311331418542
504	 LLH-0	0.0013210256252209173	0.0013210256252209173
505	 LLH-2	0.0013072628198350796	0.0013072628198350796
506	 LLH-5	0.0013072628198350796	0.0013072628198350796
507	 LLH-4	0.0013055787206050964	0.0013055787206050964
509	 LLH-6	0.0013062905865911937	0.0013062905865911937
510	 LLH-2	0.0013224510739039586	0.0013224510739039586
511	 LLH-4	0.0013224510739039586	0.0013224510739039586
516	 LLH-5	0.0013216789147811412	0.0013216789147811412
517	 LLH-1	0.0013216789147811412	0.0013216789147811412
518	 LLH-6	0.0013201624517212257	0.0013201624517212257
519	 LLH-6	0.0013220732324303551	0.0013220732324303551
520	 LLH-5	0.0013212037933067928	0.0013212037933067928
521	 LLH-0	0.0013226686347560684	0.0013226686347560684
522	 LLH-2	0.0013034922262284386	0.0013034922262284386
523	 LLH-0	0.0013271902368398743	0.0013271902368398743
524	 LLH-2	0.0013166349673023633	0.0013166349673023633
525	 LLH-1	0.0013165489117694796	0.0013165489117694796
526	 LLH-3	0.0012657235209836547	0.0012657235209836547
527	 LLH-6	0.0012638642699138894	0.0012638642699138894
528	 LLH-0	0.001262970643942844	0.001262970643942844
529	 LLH-3	0.0013328458582873065	0.0013328458582873065
530	 LLH-6	0.0013325153338048165	0.0013325153338048165
531	 LLH-4	0.0013303332048420161	0.0013303332048420161
533	 LLH-2	0.0013066737170968938	0.0013066737170968938
534	 LLH-6	0.001306928667599396	0.001306928667599396
535	 LLH-5	0.0013066727482018612	0.0013066727482018612
536	 LLH-3	0.0014366736026604592	0.0013066727482018612
537	 LLH-6	0.0013040196250694016	0.0013040196250694016
538	 LLH-5	0.0013034728518603318	0.0013034728518603318
539	 LLH-1	0.0013035040686273083	0.0013035040686273083
540	 LLH-1	0.001303245974889563	0.001303245974889563
541	 LLH-1	0.001303245974889563	0.001303245974889563
542	 LLH-1	0.001303245974889563	0.001303245974889563
543	 LLH-1	0.001303245974889563	0.001303245974889563
544	 LLH-0	0.0013046019423958893	0.0013046019423958893
545	 LLH-2	0.0013134578003720114	0.0013134578003720114
546	 LLH-6	0.0013111381192126399	0.0013111381192126399
547	 LLH-1	0.0013115159629750696	0.0013115159629750696
548	 LLH-3	0.0012625442895360392	0.0012625442895360392
549	 LLH-3	0.0013202630340159616	0.0013202630340159616
550	 LLH-5	0.0013215386964648918	0.0013215386964648918
551	 LLH-3	0.001265843126506141	0.001265843126506141
552	 LLH-6	0.0012655156577048368	0.0012655156577048368
553	 LLH-2	0.0012776654742510446	0.0012776654742510446
554	 LLH-5	0.001277204007415224	0.001277204007415224
555	 LLH-5	0.0012766239273801247	0.0012766239273801247
556	 LLH-3	0.00125168386425283	0.00125168386425283
557	 LLH-0	0.0012523031956734323	0.0012523031956734323
558	 LLH-3	0.0012900460272686034	0.0012900460272686034
559	 LLH-5	0.0012903463488669353	0.0012903463488669353
560	 LLH-0	0.001289119672128724	0.001289119672128724
561	 LLH-4	0.0012876790014189786	0.0012876790014189786
563	 LLH-0	0.0012892748251718956	0.0012892748251718956
564	 LLH-1	0.0012892772857900862	0.0012892772857900862
565	 LLH-6	0.0012885964042501847	0.0012885964042501847
566	 LLH-3	0.0014070555070788912	0.0012885964042501847
567	 LLH-2	0.0013185613903332455	0.0012885964042501847
568	 LLH-3	0.0013773080328214342	0.0012885964042501847
569	 LLH-0	0.0012871945143868185	0.0012871945143868185
570	 LLH-6	0.0012870606527887604	0.0012870606527887604
571	 LLH-2	0.001290911806332089	0.001290911806332089
572	 LLH-6	0.0012919256837833838	0.0012919256837833838
573	 LLH-1	0.0012919256837833838	0.0012919256837833838
574	 LLH-2	0.001297559524244414	0.001297559524244414
575	 LLH-2	0.0013053886297028972	0.0013053886297028972
576	 LLH-0	0.0013069098464970827	0.0013069098464970827
577	 LLH-4	0.0013054675759108642	0.0013054675759108642
581	 LLH-2	0.0012964999372875007	0.0012964999372875007
582	 LLH-4	0.0012952485447693517	0.0012952485447693517
585	 LLH-1	0.0012952350364984122	0.0012952350364984122
586	 LLH-4	0.00129412617707194	0.00129412617707194
589	 LLH-4	0.0012927207267321855	0.0012927207267321855
591	 LLH-5	0.0012933618012722372	0.0012933618012722372
592	 LLH-4	0.0012921124910618448	0.0012921124910618448
594	 LLH-1	0.001292176392434527	0.001292176392434527
595	 LLH-1	0.001291916648747349	0.001291916648747349
596	 LLH-0	0.0012907436726749457	0.0012907436726749457
597	 LLH-1	0.0012907436726749457	0.0012907436726749457
598	 LLH-2	0.0012915089602517082	0.0012915089602517082
599	 LLH-1	0.0012914742996117693	0.0012914742996117693
600	 LLH-1	0.0012914742996117693	0.0012914742996117693
601	 LLH-5	0.0012936940255547538	0.0012936940255547538
602	 LLH-4	0.0012923490228701688	0.0012923490228701688
606	 LLH-4	0.0012910522114861424	0.0012910522114861424
609	 LLH-5	0.0012917810136232849	0.0012917810136232849
610	 LLH-4	0.0012903744325634306	0.0012903744325634306
615	 LLH-1	0.0012904198243537971	0.0012904198243537971
616	 LLH-3	0.0014074940613530245	0.0014074940613530245
617	 LLH-0	0.0014102632083924228	0.0014102632083924228
618	 LLH-1	0.0014102632083924228	0.0014102632083924228
619	 LLH-3	0.0012937198977867627	0.0012937198977867627
620	 LLH-3	0.001370158770444195	0.0012937198977867627
621	 LLH-2	0.0013035409031843573	0.0013035409031843573
622	 LLH-3	0.001271424948432371	0.001271424948432371
623	 LLH-4	0.001271424948432371	0.001271424948432371
628	 LLH-6	0.0012709091910235813	0.0012709091910235813
629	 LLH-4	0.0012698046348957204	0.0012698046348957204
632	 LLH-1	0.0012698046348957204	0.0012698046348957204
633	 LLH-3	0.001316638064009881	0.001316638064009881
634	 LLH-0	0.0013147593341069881	0.0013147593341069881
635	 LLH-1	0.0013147593341069881	0.0013147593341069881
636	 LLH-0	0.0013134604293653046	0.0013134604293653046
637	 LLH-0	0.0013118424677651293	0.0013118424677651293
638	 LLH-1	0.0013118424677651293	0.0013118424677651293
639	 LLH-0	0.0013134366842882375	0.0013134366842882375
640	 LLH-2	0.0013022180697541672	0.0013022180697541672
641	 LLH-0	0.001300937063858537	0.001300937063858537
642	 LLH-1	0.001300937063858537	0.001300937063858537
643	 LLH-6	0.0013009852767149237	0.0013009852767149237
644	 LLH-3	0.0012565588027196423	0.0012565588027196423
645	 LLH-1	0.0012565588027196423	0.0012565588027196423
646	 LLH-3	0.0013452135721223953	0.0012565588027196423
647	 LLH-1	0.0012565588027196423	0.0012565588027196423
648	 LLH-5	0.0012573184998682513	0.0012573184998682513
649	 LLH-2	0.0012640468083194606	0.0012640468083194606
650	 LLH-5	0.0012640093837287254	0.0012640093837287254
651	 LLH-4	0.0012640093837287254	0.0012640093837287254
656	 LLH-0	0.0012631888456254192	0.0012631888456254192
657	 LLH-2	0.0012760415798880446	0.0012760415798880446
658	 LLH-5	0.0012759439257317116	0.0012759439257317116
659	 LLH-2	0.001287754451028556	0.001287754451028556
660	 LLH-4	0.001287754451028556	0.001287754451028556
665	 LLH-1	0.0012875683295198543	0.0012875683295198543
666	 LLH-4	0.0012859677337606129	0.0012859677337606129
668	 LLH-0	0.0012868481305677733	0.0012868481305677733
669	 LLH-5	0.0012865150493150926	0.0012865150493150926
670	 LLH-0	0.0012854573132774925	0.0012854573132774925
671	 LLH-5	0.0012865215093322867	0.0012865215093322867
672	 LLH-3	0.0012630586096544615	0.0012630586096544615
673	 LLH-1	0.0012628738378415083	0.0012628738378415083
674	 LLH-6	0.0012645456083193321	0.0012645456083193321
675	 LLH-2	0.0012736530924557154	0.0012736530924557154
676	 LLH-3	0.00135089072697179	0.00135089072697179
677	 LLH-0	0.0013528201838671691	0.0013528201838671691
678	 LLH-3	0.001445990561442578	0.001445990561442578
679	 LLH-0	0.0014424085412552586	0.0014424085412552586
680	 LLH-3	0.0016358884435049036	0.0014424085412552586
681	 LLH-0	0.0014390155133575618	0.0014390155133575618
682	 LLH-5	0.001438678495324009	0.001438678495324009
683	 LLH-2	0.0014171655692323166	0.0014171655692323166
684	 LLH-2	0.0013757817212060781	0.0013757817212060781
685	 LLH-1	0.0013754013124379438	0.0013754013124379438
686	 LLH-3	0.0012925031840010088	0.0012925031840010088
687	 LLH-0	0.0012940977372073812	0.0012940977372073812
688	 LLH-6	0.001292926419445459	0.001292926419445459
689	 LLH-3	0.0013715649292079587	0.0013715649292079587
690	 LLH-0	0.0013694761153867153	0.0013694761153867153
691	 LLH-5	0.001369841727910723	0.001369841727910723
692	 LLH-2	0.0013401128386367229	0.0013401128386367229
693	 LLH-0	0.0013418405131342668	0.0013418405131342668
694	 LLH-0	0.001339804441641428	0.001339804441641428
695	 LLH-2	0.0013564554367675391	0.0013564554367675391
696	 LLH-2	0.001341598770376003	0.001341598770376003
697	 LLH-6	0.0013414410185867505	0.0013414410185867505
698	 LLH-3	0.001463980608851239	0.001463980608851239
699	 LLH-6	0.0014630176860447265	0.0014630176860447265
700	 LLH-3	0.0015911157253761705	0.0015911157253761705
701	 LLH-3	0.0020018767449175917	0.0015911157253761705
702	 LLH-3	0.0018409326812844915	0.0015911157253761705
703	 LLH-0	0.0015851720952008768	0.0015851720952008768
704	 LLH-5	0.0015858461153130333	0.0015858461153130333
705	 LLH-2	0.0015324451835784644	0.0015324451835784644
706	 LLH-1	0.0015325129139071715	0.0015325129139071715
707	 LLH-1	0.0015325129139071715	0.0015325129139071715
708	 LLH-6	0.0015333044240019534	0.0015333044240019534
709	 LLH-4	0.0015285797663309676	0.0015285797663309676
712	 LLH-3	0.001329229698244396	0.001329229698244396
713	 LLH-3	0.0014709449090895533	0.001329229698244396
714	 LLH-0	0.0013310403033642974	0.0013310403033642974
715	 LLH-6	0.0013317024749118012	0.0013317024749118012
716	 LLH-5	0.0013310934770655119	0.0013310934770655119
717	 LLH-1	0.0013310934770655119	0.0013310934770655119
718	 LLH-4	0.0013293303533716096	0.0013293303533716096
721	 LLH-0	0.0013309479379762345	0.0013309479379762345
722	 LLH-2	0.0013184212239505163	0.0013184212239505163
723	 LLH-2	0.0013192316242388077	0.0013192316242388077
724	 LLH-1	0.0013189942192738662	0.0013189942192738662
725	 LLH-6	0.001318995520867065	0.001318995520867065
726	 LLH-5	0.0013172903860402577	0.0013172903860402577
727	 LLH-0	0.001315428868157696	0.001315428868157696
728	 LLH-3	0.0012668087642765137	0.0012668087642765137
729	 LLH-0	0.0012675357461768733	0.0012675357461768733
730	 LLH-4	0.0012675357461768733	0.0012675357461768733
735	 LLH-4	0.0012675357461768733	0.0012675357461768733
740	 LLH-4	0.0012663873624630415	0.0012663873624630415
742	 LLH-1	0.0012661562139288979	0.0012661562139288979
743	 LLH-4	0.0012652362093553225	0.0012652362093553225
745	 LLH-5	0.0012666323122062033	0.0012666323122062033
746	 LLH-4	0.0012658839522581423	0.0012658839522581423
748	 LLH-0	0.0012666411690411062	0.0012666411690411062
749	 LLH-3	0.001256432402494187	0.001256432402494187
750	 LLH-3	0.0012481460569656554	0.0012481460569656554
751	 LLH-0	0.0012487619517186812	0.0012487619517186812
752	 LLH-3	0.0013075901889111742	0.0013075901889111742
753	 LLH-6	0.0013071901557216038	0.0013071901557216038
754	 LLH-3	0.0014056313182303584	0.0014056313182303584
755	 LLH-2	0.0013605165459500655	0.0013605165459500655
756	 LLH-4	0.0013605165459500655	0.0013605165459500655
761	 LLH-3	0.00147450617844584	0.00147450617844584
762	 LLH-4	0.0014706508428478284	0.0014706508428478284
764	 LLH-0	0.0015071970078915234	0.0015071970078915234
765	 LLH-4	0.001502806526272302	0.001502806526272302
767	 LLH-0	0.0014989050491481157	0.0014989050491481157
768	 LLH-4	0.0014949043354747392	0.0014949043354747392
770	 LLH-4	0.0014910689193285355	0.0014910689193285355
773	 LLH-1	0.0014910689193285355	0.0014910689193285355
774	 LLH-6	0.0014920552789750036	0.0014920552789750036
775	 LLH-0	0.0014882811643846096	0.0014882811643846096
776	 LLH-5	0.0014877690802813613	0.0014877690802813613
777	 LLH-3	0.0012989107374842212	0.0012989107374842212
778	 LLH-5	0.001298784213965856	0.001298784213965856
779	 LLH-2	0.001304570342165465	0.001298784213965856
780	 LLH-5	0.001299690737428277	0.001299690737428277
781	 LLH-5	0.0012987093525207035	0.0012987093525207035
782	 LLH-2	0.0013060050222759914	0.0013060050222759914
783	 LLH-3	0.0012705268753121972	0.0012705268753121972
784	 LLH-5	0.0012699840741660913	0.0012699840741660913
785	 LLH-1	0.0012698444815401851	0.0012698444815401851
786	 LLH-1	0.0012698444815401851	0.0012698444815401851
787	 LLH-3	0.00131322598207785	0.00131322598207785
788	 LLH-5	0.0013135080274635316	0.0013135080274635316
789	 LLH-6	0.0013145944983698195	0.0013145944983698195
790	 LLH-6	0.0013126497281719714	0.0013126497281719714
791	 LLH-0	0.0013146087090203018	0.0013146087090203018
792	 LLH-2	0.001318758512778188	0.001318758512778188
793	 LLH-3	0.0014297657007458294	0.001318758512778188
794	 LLH-5	0.001319189233718374	0.001319189233718374
795	 LLH-3	0.00146879218966562	0.001319189233718374
796	 LLH-5	0.001320485352924717	0.001320485352924717
797	 LLH-2	0.001315969968802038	0.001315969968802038
798	 LLH-6	0.0013147146496457595	0.0013147146496457595
799	 LLH-3	0.001269291628815067	0.001269291628815067
800	 LLH-0	0.0012703419163022668	0.0012703419163022668
801	 LLH-4	0.0012690359584511125	0.0012690359584511125
804	 LLH-0	0.0012702613144282668	0.0012702613144282668
805	 LLH-3	0.0012521471431953886	0.0012521471431953886
806	 LLH-4	0.001251526981556673	0.001251526981556673
811	 LLH-1	0.001251526981556673	0.001251526981556673
812	 LLH-4	0.0012506843325491579	0.0012506843325491579
814	 LLH-2	0.0012660524061256309	0.0012506843325491579
815	 LLH-6	0.0012502168547517453	0.0012502168547517453
816	 LLH-5	0.001250108818182436	0.001250108818182436
817	 LLH-0	0.0012491350569980928	0.0012491350569980928
818	 LLH-2	0.0012702135813892393	0.0012491350569980928
819	 LLH-3	0.0013167897382548805	0.0012491350569980928
820	 LLH-2	0.0012566258342418734	0.0012566258342418734
821	 LLH-5	0.0012567203116757727	0.0012567203116757727
822	 LLH-0	0.0012581401159458775	0.0012581401159458775
823	 LLH-1	0.0012581401159458775	0.0012581401159458775
824	 LLH-2	0.0012768704052891317	0.0012768704052891317
825	 LLH-5	0.0012775226113304929	0.0012775226113304929
826	 LLH-4	0.0012775226113304929	0.0012775226113304929
831	 LLH-4	0.0012762537368210835	0.0012762537368210835
836	 LLH-1	0.0012762537368210835	0.0012762537368210835
837	 LLH-1	0.0012759358347624197	0.0012759358347624197
838	 LLH-6	0.0012740229524148548	0.0012740229524148548
839	 LLH-5	0.0012739631668355412	0.0012739631668355412
840	 LLH-2	0.0012838046461641206	0.0012838046461641206
841	 LLH-6	0.0012801684798137904	0.0012801684798137904
842	 LLH-1	0.0012801684798137904	0.0012801684798137904
843	 LLH-3	0.001352591890060169	0.0012801684798137904
844	 LLH-4	0.0012791311143545577	0.0012791311143545577
847	 LLH-6	0.0012803902910107237	0.0012803902910107237
848	 LLH-3	0.001253444827687642	0.001253444827687642
849	 LLH-2	0.001260719566186707	0.001253444827687642
850	 LLH-1	0.001253444827687642	0.001253444827687642
851	 LLH-5	0.0012526920335032279	0.0012526920335032279
852	 LLH-4	0.0012526920335032279	0.0012526920335032279
857	 LLH-1	0.001252447319624951	0.001252447319624951
858	 LLH-0	0.0012515358646281152	0.0012515358646281152
859	 LLH-4	0.001250967464133571	0.001250967464133571
862	 LLH-2	0.0012584642792011038	0.0012584642792011038
863	 LLH-0	0.0012592202363931678	0.0012592202363931678
864	 LLH-6	0.001258568644973149	0.001258568644973149
865	 LLH-1	0.001258568644973149	0.001258568644973149
866	 LLH-0	0.0012579051566933602	0.0012579051566933602
867	 LLH-6	0.0012580229304575482	0.0012580229304575482
868	 LLH-0	0.0012587748567927342	0.0012587748567927342
869	 LLH-3	0.0013258134635452	0.0012587748567927342
870	 LLH-4	0.0012580702390171793	0.0012580702390171793
873	 LLH-5	0.0012579710847231364	0.0012579710847231364
874	 LLH-5	0.0012576046504017616	0.0012576046504017616
875	 LLH-6	0.0012561243399788523	0.0012561243399788523
876	 LLH-6	0.0012575382896697297	0.0012575382896697297
877	 LLH-1	0.0012575382896697297	0.0012575382896697297
878	 LLH-3	0.0012564310101744179	0.0012564310101744179
879	 LLH-5	0.0012573657740293693	0.0012573657740293693
880	 LLH-0	0.0012565489290357554	0.0012565489290357554
881	 LLH-0	0.0012571888858492622	0.0012571888858492622
882	 LLH-6	0.0012578557953820825	0.0012578557953820825
883	 LLH-3	0.001250641942755061	0.001250641942755061
884	 LLH-1	0.0012504172875786772	0.0012504172875786772
885	 LLH-2	0.0012596956129995035	0.0012596956129995035
886	 LLH-6	0.0012586177903925804	0.0012586177903925804
887	 LLH-6	0.0012575105677177637	0.0012575105677177637
888	 LLH-0	0.0012583115630179125	0.0012583115630179125
889	 LLH-0	0.0012589201715814025	0.0012589201715814025
890	 LLH-3	0.0012966549780772385	0.0012966549780772385
891	 LLH-1	0.001296440656149753	0.001296440656149753
892	 LLH-4	0.0012953618843320927	0.0012953618843320927
894	 LLH-1	0.0012955223919202629	0.0012955223919202629
895	 LLH-2	0.0012916861264503452	0.0012916861264503452
896	 LLH-6	0.0012917409602141597	0.0012917409602141597
897	 LLH-2	0.001300511472998189	0.0012917409602141597
898	 LLH-3	0.001379931908862256	0.0012917409602141597
899	 LLH-2	0.001283247523924261	0.001283247523924261
900	 LLH-3	0.0013936458239155554	0.001283247523924261
901	 LLH-3	0.0013797352384892236	0.001283247523924261
902	 LLH-1	0.001283741532072983	0.001283741532072983
903	 LLH-2	0.0012810631140536765	0.0012810631140536765
904	 LLH-0	0.0012821671613761527	0.0012821671613761527
905	 LLH-5	0.001281802358643138	0.001281802358643138
906	 LLH-0	0.0012827300927393545	0.0012827300927393545
907	 LLH-4	0.0012816516875842022	0.0012816516875842022
911	 LLH-6	0.0012820357998291594	0.0012820357998291594
912	 LLH-5	0.0012803332971963993	0.0012803332971963993
913	 LLH-3	0.0012636591755472788	0.0012636591755472788
914	 LLH-1	0.0012636591755472788	0.0012636591755472788
915	 LLH-0	0.001264356025719829	0.001264356025719829
916	 LLH-1	0.001264356025719829	0.001264356025719829
917	 LLH-1	0.001264199612853664	0.001264199612853664
918	 LLH-1	0.001264199612853664	0.001264199612853664
919	 LLH-5	0.0012644111264761054	0.0012644111264761054
920	 LLH-2	0.0012638720439701158	0.0012638720439701158
921	 LLH-4	0.0012628206653227956	0.0012628206653227956
925	 LLH-4	0.001262162017787424	0.001262162017787424
928	 LLH-5	0.00126063737645244	0.00126063737645244
929	 LLH-0	0.0012617265520441976	0.0012617265520441976
930	 LLH-1	0.0012617265520441976	0.0012617265520441976
931	 LLH-3	0.0013119309430694682	0.0012617265520441976
932	 LLH-4	0.0012608676980198053	0.0012608676980198053
934	 LLH-6	0.0012592590846500725	0.0012592590846500725
935	 LLH-6	0.001258848586673674	0.001258848586673674
936	 LLH-4	0.0012580018563221646	0.0012580018563221646
939	 LLH-6	0.0012587678473414898	0.0012587678473414898
940	 LLH-6	0.0012587387653332461	0.0012587387653332461
941	 LLH-3	0.0012517078031940368	0.0012517078031940368
942	 LLH-0	0.0012508135573222634	0.0012508135573222634
943	 LLH-3	0.001244191851716143	0.001244191851716143
944	 LLH-0	0.0012450376613330507	0.0012450376613330507
945	 LLH-2	0.0012554510863245797	0.0012450376613330507
946	 LLH-4	0.0012444913861438885	0.0012444913861438885
950	 LLH-0	0.0012450247770128696	0.0012450247770128696
951	 LLH-5	0.001244766697424323	0.001244766697424323
952	 LLH-0	0.0012454874373083575	0.0012454874373083575
953	 LLH-6	0.0012455393901924545	0.0012455393901924545
954	 LLH-4	0.001245088012899444	0.001245088012899444
957	 LLH-3	0.0012893164052506256	0.001245088012899444
958	 LLH-5	0.001244546125054094	0.001244546125054094
959	 LLH-1	0.001244546125054094	0.001244546125054094
960	 LLH-0	0.001244989437250237	0.001244989437250237
961	 LLH-2	0.001260154391360608	0.001260154391360608
962	 LLH-5	0.0012614936629356764	0.0012614936629356764
963	 LLH-0	0.0012624286585788385	0.0012624286585788385
964	 LLH-3	0.0012927308057126034	0.0012624286585788385
965	 LLH-6	0.0012633357777537856	0.0012633357777537856
966	 LLH-1	0.0012633357777537856	0.0012633357777537856
967	 LLH-4	0.0012625218577751475	0.0012625218577751475
970	 LLH-0	0.0012634925222061244	0.0012634925222061244
971	 LLH-0	0.0012642162061255698	0.0012642162061255698
972	 LLH-1	0.0012642162061255698	0.0012642162061255698
973	 LLH-6	0.001264246372804126	0.001264246372804126
974	 LLH-4	0.001264246372804126	0.001264246372804126
979	 LLH-1	0.001264416944657865	0.001264416944657865
980	 LLH-4	0.0012635624011777904	0.0012635624011777904
984	 LLH-6	0.0012634373180211286	0.0012634373180211286
985	 LLH-4	0.0012628255363251243	0.0012628255363251243
989	 LLH-2	0.001275180315570418	0.001275180315570418
990	 LLH-5	0.0012747338339311567	0.0012747338339311567
991	 LLH-0	0.0012754043511507243	0.0012754043511507243
992	 LLH-0	0.0012573264716660355	0.0012573264716660355
993	 LLH-5	0.0012563619450112588	0.0012563619450112588
994	 LLH-2	0.0012764044006904447	0.0012764044006904447
995	 LLH-0	0.0012771924667946194	0.0012771924667946194
996	 LLH-0	0.0012784253999942713	0.0012784253999942713
997	 LLH-6	0.0012796973706162892	0.0012796973706162892
998	 LLH-3	0.001267288014522493	0.001267288014522493
999	 LLH-5	0.0012657728986114004	0.0012657728986114004
1000	 LLH-0	0.0012664547980520758	0.0012664547980520758
1001	 LLH-1	0.0012664547980520758	0.0012664547980520758
1002	 LLH-2	0.0012597679955257167	0.0012597679955257167
1003	 LLH-5	0.0012587146111096461	0.0012587146111096461
1004	 LLH-6	0.0012574922361439063	0.0012574922361439063
1005	 LLH-0	0.0012582577068910418	0.0012574922361439063
1006	 LLH-6	0.0012580457841495736	0.0012580457841495736
1007	 LLH-3	0.0012924186007354892	0.0012580457841495736
1008	 LLH-1	0.0012582456158925213	0.0012582456158925213
1009	 LLH-6	0.001258145314873484	0.001258145314873484
1010	 LLH-4	0.0012573269635387319	0.0012573269635387319
1012	 LLH-5	0.001257353847625575	0.001257353847625575
1013	 LLH-5	0.0012586835422655437	0.0012586835422655437
1014	 LLH-2	0.001271717747800642	0.0012586835422655437
1015	 LLH-2	0.0012539440399986328	0.0012539440399986328
1016	 LLH-1	0.0012540581538619737	0.0012540581538619737
1017	 LLH-2	0.0012739814866293557	0.0012540581538619737
1018	 LLH-4	0.0012540581538619737	0.0012540581538619737
1023	 LLH-6	0.0012551235202817568	0.0012551235202817568
1024	 LLH-4	0.0012551235202817568	0.0012551235202817568
1029	 LLH-6	0.0012554979764414739	0.0012554979764414739
1030	 LLH-5	0.0012551765887142932	0.0012551765887142932
1031	 LLH-3	0.0012480856093751332	0.0012480856093751332
1032	 LLH-0	0.0012488124497685468	0.0012488124497685468
1033	 LLH-0	0.0012479686704859622	0.0012479686704859622
1034	 LLH-3	0.0012558317234076396	0.0012479686704859622
1035	 LLH-5	0.001248429062924041	0.001248429062924041
1036	 LLH-4	0.0012479170905956806	0.0012479170905956806
1038	 LLH-1	0.0012479170905956806	0.0012479170905956806
1039	 LLH-3	0.0012545393740960493	0.0012479170905956806
1040	 LLH-5	0.0012476512275085363	0.0012476512275085363
1041	 LLH-6	0.0012465389363345823	0.0012465389363345823
1042	 LLH-1	0.0012465389363345823	0.0012465389363345823
1043	 LLH-3	0.0012917704892757452	0.0012465389363345823
1044	 LLH-3	0.001286128992568851	0.0012465389363345823
1045	 LLH-0	0.0012470865765609517	0.0012470865765609517
1046	 LLH-0	0.0012476492008578238	0.0012476492008578238
1047	 LLH-5	0.0012487149553791497	0.0012487149553791497
1048	 LLH-2	0.0012580205738936356	0.0012487149553791497
1049	 LLH-6	0.001247512446027079	0.001247512446027079
1050	 LLH-6	0.001247824116203478	0.001247824116203478
1051	 LLH-3	0.0013084800950102136	0.001247824116203478
1052	 LLH-2	0.001264560658962058	0.001247824116203478
1053	 LLH-2	0.001258524482032533	0.001258524482032533
1054	 LLH-2	0.0012623722774183716	0.0012623722774183716
1055	 LLH-0	0.0012632051214101863	0.0012632051214101863
1056	 LLH-5	0.0012634159783527664	0.0012634159783527664
1057	 LLH-0	0.0012642464334932549	0.0012642464334932549
1058	 LLH-5	0.001262536169240089	0.001262536169240089
1059	 LLH-3	0.001340862579915223	0.001262536169240089
1060	 LLH-4	0.0012617378685851896	0.0012617378685851896
1062	 LLH-3	0.0012507630864948545	0.0012507630864948545
1063	 LLH-1	0.0012508444098907833	0.0012508444098907833
1064	 LLH-0	0.0012515932956111437	0.0012515932956111437
1065	 LLH-5	0.001251468475777678	0.001251468475777678
1066	 LLH-2	0.001273805346637002	0.001273805346637002
1067	 LLH-5	0.001273706808253817	0.001273706808253817
1068	 LLH-4	0.001255682663594562	0.001255682663594562
1070	 LLH-1	0.001255682663594562	0.001255682663594562
1071	 LLH-2	0.001264656801409378	0.001255682663594562
1072	 LLH-5	0.0012560644780089838	0.0012560644780089838
1073	 LLH-5	0.001255904552779947	0.001255904552779947
1074	 LLH-1	0.001255904552779947	0.001255904552779947
1075	 LLH-3	0.0013257003813807854	0.001255904552779947
1076	 LLH-5	0.0012556593301299751	0.0012556593301299751
1077	 LLH-3	0.001258483906662433	0.001258483906662433
1078	 LLH-2	0.0012690164200202182	0.001258483906662433
1079	 LLH-1	0.001258483906662433	0.001258483906662433
1080	 LLH-1	0.0012584569343921123	0.0012584569343921123
1081	 LLH-1	0.0012584569343921123	0.0012584569343921123
1082	 LLH-0	0.001259169387390927	0.001259169387390927
1083	 LLH-5	0.0012591814667517354	0.0012591814667517354
1084	 LLH-1	0.0012589827874775346	0.0012589827874775346
1085	 LLH-5	0.0012596246552817492	0.0012596246552817492
1086	 LLH-4	0.0012596246552817492	0.0012596246552817492
1091	 LLH-3	0.0012543751595595065	0.0012543751595595065
1092	 LLH-0	0.0012549224545697682	0.0012549224545697682
1093	 LLH-3	0.0012759011377975066	0.0012549224545697682
1094	 LLH-0	0.0012557376360722808	0.0012557376360722808
1095	 LLH-3	0.0012432525432321383	0.0012432525432321383
1096	 LLH-1	0.0012432525432321383	0.0012432525432321383
1097	 LLH-1	0.0012432525432321383	0.0012432525432321383
1098	 LLH-4	0.0012432525432321383	0.0012432525432321383
1103	 LLH-0	0.0012436267667042824	0.0012436267667042824
1104	 LLH-6	0.0012443723284942007	0.0012443723284942007
1105	 LLH-4	0.001243832762097602	0.001243832762097602
1109	 LLH-1	0.001243832762097602	0.001243832762097602
1110	 LLH-4	0.001243832762097602	0.001243832762097602
1115	 LLH-0	0.0012443902767215894	0.0012443902767215894
1116	 LLH-6	0.0012443271484140672	0.0012443271484140672
1117	 LLH-0	0.0012438167817898859	0.0012438167817898859
1118	 LLH-3	0.001247408629341646	0.001247408629341646
1119	 LLH-6	0.0012472648487072899	0.0012472648487072899
1120	 LLH-2	0.0012597349017732882	0.0012597349017732882
1121	 LLH-4	0.0012597349017732882	0.0012597349017732882
1126	 LLH-6	0.0012596602781580202	0.0012596602781580202
1127	 LLH-0	0.0012591494498566103	0.0012591494498566103
1128	 LLH-3	0.0012457669255373182	0.0012457669255373182
1129	 LLH-2	0.0012476962358919403	0.0012476962358919403
1130	 LLH-2	0.001257525366845628	0.0012476962358919403
1131	 LLH-6	0.0012483159845660967	0.0012483159845660967
1132	 LLH-2	0.0012574143882834866	0.0012574143882834866
1133	 LLH-1	0.0012574143882834866	0.0012574143882834866
1134	 LLH-6	0.0012579267473747388	0.0012579267473747388
1135	 LLH-4	0.0012572773831732301	0.0012572773831732301
1138	 LLH-5	0.001257318942608508	0.001257318942608508
1139	 LLH-3	0.0012583745164468903	0.0012583745164468903
1140	 LLH-5	0.0012582234398921769	0.0012582234398921769
1141	 LLH-4	0.0012582234398921769	0.0012582234398921769
1146	 LLH-2	0.001255372291694561	0.001255372291694561
1147	 LLH-2	0.001258937399436404	0.001255372291694561
1148	 LLH-2	0.001259252388681179	0.001259252388681179
1149	 LLH-1	0.001259252388681179	0.001259252388681179
1150	 LLH-2	0.0012711347166144628	0.0012711347166144628
1151	 LLH-5	0.0012710570546804725	0.0012710570546804725
1152	 LLH-6	0.001270249967054457	0.001270249967054457
1153	 LLH-4	0.0012694313183855273	0.0012694313183855273
1157	 LLH-3	0.0013209148362975827	0.0012694313183855273
1158	 LLH-0	0.0012705363936912082	0.0012705363936912082
1159	 LLH-1	0.001270475457299298	0.001270475457299298
1160	 LLH-6	0.0012707349117840419	0.0012707349117840419
1161	 LLH-3	0.0013341167527606678	0.0012707349117840419
1162	 LLH-1	0.0012705938230097424	0.0012705938230097424
1163	 LLH-4	0.0012697797103654097	0.0012697797103654097
1165	 LLH-6	0.0012686863422262248	0.0012686863422262248
1166	 LLH-4	0.0012676574881373978	0.0012676574881373978
1168	 LLH-5	0.001267996952813413	0.001267996952813413
1169	 LLH-4	0.0012671285222994229	0.0012671285222994229
1171	 LLH-1	0.0012671285222994229	0.0012671285222994229
1172	 LLH-0	0.001266111807534681	0.001266111807534681
1173	 LLH-2	0.0012669643971381722	0.0012669643971381722
1174	 LLH-0	0.001267958341338956	0.001267958341338956
1175	 LLH-1	0.0012681341120917122	0.0012681341120917122
1176	 LLH-3	0.0013433259416062873	0.0012681341120917122
1177	 LLH-1	0.0012681028999886107	0.0012681028999886107
1178	 LLH-2	0.0012830782728563564	0.0012830782728563564
1179	 LLH-2	0.001275969642239985	0.001275969642239985
1180	 LLH-5	0.001276372763122571	0.001276372763122571
1181	 LLH-2	0.0012925767361875347	0.0012925767361875347
1182	 LLH-4	0.0012913418536940346	0.0012913418536940346
1184	 LLH-4	0.0012900750837043992	0.0012900750837043992
1186	 LLH-3	0.0012673718356965707	0.0012673718356965707
1187	 LLH-3	0.0012566393210173314	0.0012566393210173314
1188	 LLH-1	0.0012566393210173314	0.0012566393210173314
1189	 LLH-1	0.0012566393210173314	0.0012566393210173314
1190	 LLH-6	0.0012576183276972483	0.0012576183276972483
1191	 LLH-6	0.001257035710070809	0.001257035710070809
1192	 LLH-2	0.0012608084933018536	0.0012608084933018536
1193	 LLH-3	0.0012560091729427194	0.0012560091729427194
1194	 LLH-6	0.0012564269095557395	0.0012564269095557395
1195	 LLH-6	0.0012564227551860054	0.0012564227551860054
1196	 LLH-0	0.0012575684908211753	0.0012575684908211753
1197	 LLH-6	0.001256579948598834	0.001256579948598834
1198	 LLH-5	0.0012566487138038218	0.0012566487138038218
1199	 LLH-2	0.001261549383374974	0.001261549383374974
1200	 LLH-1	0.001261549383374974	0.001261549383374974
1201	 LLH-4	0.001261549383374974	0.001261549383374974
1206	 LLH-3	0.0013026483347709046	0.001261549383374974
1207	 LLH-6	0.0012614296383536014	0.0012614296383536014
1208	 LLH-3	0.0013081810781955174	0.0012614296383536014
1209	 LLH-2	0.0012735014772135298	0.0012614296383536014
1210	 LLH-5	0.00126110820317755	0.00126110820317755
1211	 LLH-3	0.001250970025239609	0.001250970025239609
1212	 LLH-2	0.001265418007062715	0.001250970025239609
1213	 LLH-5	0.001250950699221841	0.001250950699221841
1214	 LLH-1	0.001250950699221841	0.001250950699221841
1215	 LLH-2	0.00126559465689716	0.001250950699221841
1216	 LLH-0	0.0012514939596518428	0.0012514939596518428
1217	 LLH-0	0.0012520709261360553	0.0012520709261360553
1218	 LLH-5	0.0012520506697525254	0.0012520506697525254
1219	 LLH-5	0.0012519466999680315	0.0012519466999680315
1220	 LLH-5	0.0012525734578477605	0.0012525734578477605
1221	 LLH-1	0.0012529090710921356	0.0012529090710921356
1222	 LLH-4	0.0012520688083121495	0.0012520688083121495
1225	 LLH-0	0.0012516040453990035	0.0012516040453990035
1226	 LLH-3	0.001272804422945493	0.0012516040453990035
1227	 LLH-4	0.0012508977568929356	0.0012508977568929356
1229	 LLH-1	0.0012510291778742514	0.0012508977568929356
1230	 LLH-3	0.0012729824580044922	0.0012508977568929356
1231	 LLH-1	0.0012508977568929356	0.0012508977568929356
1232	 LLH-4	0.0012503159243374563	0.0012503159243374563
1234	 LLH-2	0.0012610315624299883	0.0012610315624299883
1235	 LLH-3	0.001302779797391292	0.0012610315624299883
1236	 LLH-1	0.0012610069060529233	0.0012610069060529233
1237	 LLH-4	0.0012610069060529233	0.0012610069060529233
1242	 LLH-2	0.001261115807593861	0.001261115807593861
1243	 LLH-4	0.001261115807593861	0.001261115807593861
1248	 LLH-6	0.0012611074216451724	0.0012611074216451724
1249	 LLH-6	0.0012602390066803655	0.0012602390066803655
1250	 LLH-5	0.0012599083310035023	0.0012599083310035023
1251	 LLH-4	0.0012590913672427644	0.0012590913672427644
1253	 LLH-0	0.001260116439419687	0.001260116439419687
1254	 LLH-4	0.00125944590611603	0.00125944590611603
1258	 LLH-3	0.0013172655876459182	0.00125944590611603
1259	 LLH-0	0.0012603908985424127	0.0012603908985424127
1260	 LLH-6	0.001260771391760067	0.001260771391760067
1261	 LLH-6	0.0012601294651501057	0.0012601294651501057
1262	 LLH-0	0.0012607628017973138	0.0012607628017973138
1263	 LLH-0	0.0012617777101781658	0.0012617777101781658
1264	 LLH-6	0.0012616035673237613	0.0012616035673237613
1265	 LLH-2	0.001266178223860571	0.0012616035673237613
1266	 LLH-0	0.0012625520078789767	0.0012625520078789767
1267	 LLH-0	0.001263223418031199	0.001263223418031199
1268	 LLH-0	0.0012638546191159436	0.0012638546191159436
1269	 LLH-0	0.001263100484857594	0.001263100484857594
1270	 LLH-1	0.0012631600550905178	0.0012631600550905178
1271	 LLH-5	0.0012635151545781445	0.0012635151545781445
1272	 LLH-2	0.0012614411895418632	0.0012614411895418632
1273	 LLH-6	0.0012612520340829754	0.0012612520340829754
1274	 LLH-5	0.0012611704781771078	0.0012611704781771078
1275	 LLH-4	0.001260298239481933	0.001260298239481933
1278	 LLH-3	0.001252194451888471	0.001252194451888471
1279	 LLH-1	0.0012526457864179222	0.0012526457864179222
1280	 LLH-0	0.0012520085119811079	0.0012520085119811079
1281	 LLH-6	0.001251668294333878	0.001251668294333878
1282	 LLH-4	0.001251668294333878	0.001251668294333878
1287	 LLH-4	0.0012509492865690796	0.0012509492865690796
1289	 LLH-5	0.0012510760096091688	0.0012510760096091688
1290	 LLH-6	0.0012511936495609023	0.0012511936495609023
1291	 LLH-0	0.0012518310173374506	0.0012518310173374506
1292	 LLH-2	0.0012565465609249541	0.0012565465609249541
1293	 LLH-6	0.0012562071756918062	0.0012562071756918062
1294	 LLH-5	0.0012569167941246398	0.0012562071756918062
1295	 LLH-5	0.001256186583348031	0.001256186583348031
1296	 LLH-0	0.0012568986568196217	0.0012568986568196217
1297	 LLH-3	0.0012535728969214142	0.0012535728969214142
1298	 LLH-4	0.001253001438049454	0.001253001438049454
1300	 LLH-0	0.001252390916446661	0.001252390916446661
1301	 LLH-4	0.0012518656219755624	0.0012518656219755624
1303	 LLH-3	0.0012984759345349274	0.0012518656219755624
1304	 LLH-2	0.0012543144257522044	0.0012518656219755624
1305	 LLH-3	0.001250941160110182	0.001250941160110182
1306	 LLH-6	0.0012511583725262215	0.0012511583725262215
1307	 LLH-0	0.0012517924342746885	0.0012517924342746885
1308	 LLH-6	0.0012523832312054646	0.0012523832312054646
1309	 LLH-0	0.0012529062289153583	0.0012529062289153583
1310	 LLH-3	0.0012556803081756622	0.0012556803081756622
1311	 LLH-2	0.0012485748406541415	0.0012485748406541415
1312	 LLH-4	0.0012485748406541415	0.0012485748406541415
1317	 LLH-0	0.0012491039123625617	0.0012491039123625617
1318	 LLH-4	0.0012491039123625617	0.0012491039123625617
1323	 LLH-4	0.0012485748406541415	0.0012485748406541415
1325	 LLH-1	0.0012485589838826354	0.0012485589838826354
1326	 LLH-2	0.001264287875022949	0.0012485589838826354
1327	 LLH-2	0.001254910022308748	0.0012485589838826354
1328	 LLH-4	0.0012485589838826354	0.0012485589838826354
1333	 LLH-1	0.0012485589838826354	0.0012485589838826354
1334	 LLH-3	0.0012951475298110034	0.0012485589838826354
1335	 LLH-0	0.0012493634921864809	0.0012493634921864809
1336	 LLH-4	0.0012488325046153205	0.0012488325046153205
1339	 LLH-6	0.0012485669106775338	0.0012485669106775338
1340	 LLH-3	0.0012898686674870643	0.0012485669106775338
1341	 LLH-4	0.0012485669106775338	0.0012485669106775338
1346	 LLH-4	0.0012479820028826096	0.0012479820028826096
1348	 LLH-1	0.0012479820028826096	0.0012479820028826096
1349	 LLH-4	0.0012479820028826096	0.0012479820028826096
1354	 LLH-3	0.0012438063840396073	0.0012438063840396073
1355	 LLH-0	0.0012442825651179479	0.0012442825651179479
1356	 LLH-5	0.0012438545028057855	0.0012438545028057855
1357	 LLH-1	0.0012438545028057855	0.0012438545028057855
1358	 LLH-5	0.0012432991136368096	0.0012432991136368096
1359	 LLH-2	0.0012503387717477477	0.0012432991136368096
1360	 LLH-4	0.0012432991136368096	0.0012432991136368096
1365	 LLH-0	0.0012437060210420366	0.0012437060210420366
1366	 LLH-6	0.0012445237204936745	0.0012445237204936745
1367	 LLH-3	0.0012796809910576076	0.0012445237204936745
1368	 LLH-6	0.001244748364517613	0.001244748364517613
1369	 LLH-1	0.001244748364517613	0.001244748364517613
1370	 LLH-6	0.0012442327490720456	0.0012442327490720456
1371	 LLH-0	0.0012446358968818416	0.0012446358968818416
1372	 LLH-0	0.0012450736043360634	0.0012450736043360634
1373	 LLH-0	0.0012456931822215115	0.0012450736043360634
1374	 LLH-4	0.0012450736043360634	0.0012450736043360634
1379	 LLH-5	0.0012449046222670025	0.0012449046222670025
1380	 LLH-2	0.0012462312470889105	0.0012462312470889105
1381	 LLH-6	0.0012463122310908989	0.0012463122310908989
1382	 LLH-5	0.001246766513580224	0.001246766513580224
1383	 LLH-6	0.0012464259774664077	0.0012464259774664077
1384	 LLH-5	0.0012474457545361053	0.0012474457545361053
1385	 LLH-1	0.0012474457545361053	0.0012474457545361053
1386	 LLH-3	0.0012893712387330937	0.0012474457545361053
1387	 LLH-3	0.0012900875669806754	0.0012474457545361053
1388	 LLH-0	0.001248006105712296	0.001248006105712296
1389	 LLH-5	0.0012475975316048177	0.0012475975316048177
1390	 LLH-2	0.0012640994056427692	0.0012475975316048177
1391	 LLH-3	0.0012927556773290579	0.0012475975316048177
1392	 LLH-6	0.0012477022885644	0.0012477022885644
1393	 LLH-5	0.0012478079267472717	0.0012478079267472717
1394	 LLH-0	0.0012486482437050995	0.0012486482437050995
1395	 LLH-1	0.0012486482437050995	0.0012486482437050995
1396	 LLH-5	0.0012489152841510648	0.0012489152841510648
1397	 LLH-1	0.0012489152841510648	0.0012489152841510648
1398	 LLH-0	0.001248285548938949	0.001248285548938949
1399	 LLH-0	0.0012487743190788745	0.0012487743190788745
1400	 LLH-5	0.0012487743190788745	0.0012487743190788745
1401	 LLH-2	0.0012607341977952406	0.0012487743190788745
1402	 LLH-6	0.0012484313216700983	0.0012484313216700983
1403	 LLH-4	0.0012484313216700983	0.0012484313216700983
1408	 LLH-0	0.001248962998858817	0.001248962998858817
1409	 LLH-6	0.001248966608925755	0.001248966608925755
1410	 LLH-0	0.0012495975696026715	0.001248966608925755
1411	 LLH-2	0.0012508429072613915	0.0012508429072613915
1412	 LLH-5	0.0012514520196261322	0.0012514520196261322
1413	 LLH-0	0.0012684589567210185	0.0012514520196261322
1414	 LLH-1	0.0012514520196261322	0.0012514520196261322
1415	 LLH-5	0.0012515012746059846	0.0012515012746059846
1416	 LLH-3	0.0013201328844999615	0.0012515012746059846
1417	 LLH-1	0.0012515012746059846	0.0012515012746059846
1418	 LLH-5	0.001252366679918636	0.001252366679918636
1419	 LLH-3	0.0012532519996156471	0.0012532519996156471
1420	 LLH-0	0.0012538416385632428	0.0012538416385632428
1421	 LLH-6	0.0012539559352798089	0.0012539559352798089
1422	 LLH-3	0.0012771580768340131	0.0012539559352798089
1423	 LLH-5	0.0012535966433478778	0.0012535966433478778
1424	 LLH-0	0.0012541278132252736	0.0012541278132252736
1425	 LLH-6	0.001253477636472288	0.001253477636472288
1426	 LLH-2	0.0012632154934466545	0.001253477636472288
1427	 LLH-4	0.00125290538791007	0.00125290538791007
1430	 LLH-6	0.0012521659752663217	0.0012521659752663217
1431	 LLH-2	0.001261185857366077	0.001261185857366077
1432	 LLH-1	0.001261185857366077	0.001261185857366077
1433	 LLH-0	0.0012619320660569662	0.001261185857366077
1434	 LLH-1	0.001261391633758336	0.001261391633758336
1435	 LLH-4	0.0012606778912356773	0.0012606778912356773
1440	 LLH-1	0.001260594834678178	0.001260594834678178
1441	 LLH-3	0.0012481386075357832	0.0012481386075357832
1442	 LLH-4	0.0012481386075357832	0.0012481386075357832
1447	 LLH-1	0.0012481386075357832	0.0012481386075357832
1448	 LLH-1	0.0012482984393766333	0.0012482984393766333
1449	 LLH-1	0.0012482984393766333	0.0012482984393766333
1450	 LLH-6	0.0012482927409192917	0.0012482927409192917
1451	 LLH-3	0.0012815743069277425	0.0012482927409192917
1452	 LLH-4	0.0012482927409192917	0.0012482927409192917
1457	 LLH-4	0.0012477224561599466	0.0012477224561599466
1459	 LLH-6	0.001246571096554966	0.001246571096554966
1460	 LLH-1	0.001246571096554966	0.001246571096554966
1461	 LLH-1	0.00124650799645994	0.00124650799645994
1462	 LLH-0	0.001246031343780948	0.001246031343780948
1463	 LLH-0	0.001246539799783153	0.001246539799783153
1464	 LLH-2	0.0012608649237651438	0.001246539799783153
1465	 LLH-0	0.0012470201731481093	0.0012470201731481093
1466	 LLH-4	0.0012470201731481093	0.0012470201731481093
1471	 LLH-5	0.0012471296360543126	0.0012471296360543126
1472	 LLH-3	0.0012442407285951367	0.0012442407285951367
1473	 LLH-0	0.0012446419337038975	0.0012446419337038975
1474	 LLH-6	0.0012451353285296476	0.0012451353285296476
1475	 LLH-5	0.001245406963885407	0.0012451353285296476
1476	 LLH-5	0.0012444222712561697	0.0012444222712561697
1477	 LLH-5	0.0012449105722278585	0.0012449105722278585
1478	 LLH-4	0.0012449105722278585	0.0012449105722278585
1483	 LLH-3	0.0012471116290732553	0.0012449105722278585
1484	 LLH-3	0.001281719238322588	0.0012449105722278585
1485	 LLH-0	0.001245442073432082	0.001245442073432082
1486	 LLH-2	0.0012494670423509567	0.001245442073432082
1487	 LLH-4	0.001244873730156392	0.001244873730156392
1490	 LLH-1	0.001244873730156392	0.001244873730156392
1491	 LLH-2	0.00125834225525606	0.001244873730156392
1492	 LLH-6	0.0012462846497795946	0.0012462846497795946
1493	 LLH-1	0.0012462846497795946	0.0012462846497795946
1494	 LLH-2	0.001258325110218773	0.0012462846497795946
1495	 LLH-4	0.0012456215781610658	0.0012456215781610658
1498	 LLH-3	0.001245921302191518	0.001245921302191518
1499	 LLH-6	0.00124699918460726	0.00124699918460726
1500	 LLH-2	0.0012549149334618343	0.0012549149334618343
1501	 LLH-0	0.001255600422956275	0.001255600422956275
1502	 LLH-6	0.0012562501847895988	0.001255600422956275
1503	 LLH-2	0.0012486236469664413	0.0012486236469664413
1504	 LLH-4	0.0012486236469664413	0.0012486236469664413
1509	 LLH-5	0.00124875771088095	0.00124875771088095
1510	 LLH-2	0.001264613667824034	0.00124875771088095
1511	 LLH-5	0.001248562922502765	0.001248562922502765
1512	 LLH-0	0.0012492106151913288	0.0012492106151913288
1513	 LLH-0	0.0012497929524149846	0.0012497929524149846
1514	 LLH-3	0.0013073232360254618	0.0012497929524149846
1515	 LLH-4	0.001249206418859203	0.001249206418859203
1520	 LLH-2	0.0012569945060686418	0.001249206418859203
1521	 LLH-3	0.0013001975871127177	0.001249206418859203
1522	 LLH-5	0.0012492492712378057	0.0012492492712378057
1523	 LLH-6	0.0012490555672628315	0.0012490555672628315
1524	 LLH-2	0.00126341762081217	0.0012490555672628315
1525	 LLH-6	0.0012494873709444736	0.0012494873709444736
1526	 LLH-6	0.0012500280740491336	0.0012500280740491336
1527	 LLH-1	0.0012500280740491336	0.0012500280740491336
1528	 LLH-0	0.0012505693810436814	0.0012505693810436814
1529	 LLH-2	0.0012581577440060375	0.0012505693810436814
1530	 LLH-5	0.0012507297221581314	0.0012507297221581314
1531	 LLH-6	0.0012522837623751859	0.0012507297221581314
1532	 LLH-0	0.0012500481053495424	0.0012500481053495424
1533	 LLH-0	0.0012494263005317753	0.0012494263005317753
1534	 LLH-5	0.0012490933028760564	0.0012490933028760564
1535	 LLH-0	0.0012496392298121197	0.0012490933028760564
1536	 LLH-2	0.001254452453377655	0.0012490933028760564
1537	 LLH-1	0.0012490933028760564	0.0012490933028760564
1538	 LLH-4	0.0012490933028760564	0.0012490933028760564
1543	 LLH-5	0.0012493626993061004	0.0012493626993061004
1544	 LLH-1	0.0012493626993061004	0.0012493626993061004
1545	 LLH-4	0.0012486199558845417	0.0012486199558845417
1547	 LLH-3	0.0012930645002833102	0.0012486199558845417
1548	 LLH-2	0.0012668818969675962	0.0012486199558845417
1549	 LLH-1	0.0012486199558845417	0.0012486199558845417
1550	 LLH-2	0.00125563519049955	0.0012486199558845417
1551	 LLH-3	0.0012949319150792203	0.0012486199558845417
1552	 LLH-2	0.001261295230736612	0.0012486199558845417
1553	 LLH-3	0.0012583782702064363	0.0012486199558845417
1554	 LLH-0	0.0012492604680950405	0.0012492604680950405
1555	 LLH-5	0.0012493362076444882	0.0012493362076444882
1556	 LLH-2	0.0012647267505147633	0.0012493362076444882
1557	 LLH-3	0.0012545279978775545	0.0012493362076444882
1558	 LLH-0	0.0012500185696300214	0.0012500185696300214
1559	 LLH-2	0.0012591269302973018	0.0012500185696300214
1560	 LLH-1	0.0012500185696300214	0.0012500185696300214
1561	 LLH-4	0.0012500185696300214	0.0012500185696300214
1566	 LLH-4	0.0012494292946967464	0.0012494292946967464
1569	 LLH-5	0.001249469833381076	0.001249469833381076
1570	 LLH-1	0.0012495807618545678	0.0012495807618545678
1571	 LLH-4	0.0012495807618545678	0.0012495807618545678
1576	 LLH-3	0.0012601345322592185	0.0012495807618545678
1577	 LLH-0	0.001250168473993156	0.001250168473993156
1578	 LLH-2	0.0012569183563183107	0.0012569183563183107
1579	 LLH-1	0.0012569183563183107	0.0012569183563183107
1580	 LLH-2	0.0012619992005061403	0.0012569183563183107
1581	 LLH-2	0.001271070506296095	0.0012569183563183107
1582	 LLH-0	0.0012575460948563016	0.0012575460948563016
1583	 LLH-6	0.001256959978610979	0.001256959978610979
1584	 LLH-4	0.001256959978610979	0.001256959978610979
1589	 LLH-4	0.0012562860127870584	0.0012562860127870584
1592	 LLH-4	0.0012553256597339771	0.0012553256597339771
1594	 LLH-1	0.0012553256597339771	0.0012553256597339771
1595	 LLH-2	0.0012607094833511838	0.0012553256597339771
1596	 LLH-6	0.0012551173180809924	0.0012551173180809924
1597	 LLH-2	0.0012571904675112331	0.0012571904675112331
1598	 LLH-4	0.0012565327571900367	0.0012565327571900367
1600	 LLH-1	0.0012565327571900367	0.0012565327571900367
1601	 LLH-5	0.0012565999735884995	0.0012565999735884995
1602	 LLH-2	0.0012714627288833342	0.0012565999735884995
1603	 LLH-6	0.0012552795207307105	0.0012552795207307105
1604	 LLH-4	0.001254554231911047	0.001254554231911047
1607	 LLH-3	0.0013032119685401104	0.001254554231911047
1608	 LLH-1	0.0012544212955756635	0.0012544212955756635
1609	 LLH-5	0.0012546065857897476	0.0012546065857897476
1610	 LLH-3	0.0012554498676248399	0.0012554498676248399
1611	 LLH-5	0.0012564031752475802	0.0012564031752475802
1612	 LLH-2	0.0012581875440756088	0.0012564031752475802
1613	 LLH-2	0.0012619022138272947	0.0012564031752475802
1614	 LLH-1	0.001256231954842213	0.001256231954842213
1615	 LLH-5	0.0012561227783598984	0.0012561227783598984
1616	 LLH-0	0.0012568335026353554	0.0012561227783598984
1617	 LLH-3	0.0012583318840281208	0.0012561227783598984
1618	 LLH-5	0.0012560943891119951	0.0012560943891119951
1619	 LLH-1	0.0012561043889113518	0.0012561043889113518
1620	 LLH-3	0.0012472516278576604	0.0012472516278576604
1621	 LLH-0	0.0012476726776517956	0.0012476726776517956
1622	 LLH-5	0.0012477247479850092	0.0012477247479850092
1623	 LLH-3	0.0012443512448572483	0.0012443512448572483
1624	 LLH-6	0.001243634707081503	0.001243634707081503
1625	 LLH-3	0.0012467388438940435	0.001243634707081503
1626	 LLH-3	0.0012720368096247382	0.001243634707081503
1627	 LLH-6	0.0012439499112467355	0.0012439499112467355
1628	 LLH-3	0.0012753469104690553	0.0012439499112467355
1629	 LLH-4	0.0012439499112467355	0.0012439499112467355
1634	 LLH-0	0.0012447353483667463	0.0012447353483667463
1635	 LLH-3	0.0012492509358705587	0.0012492509358705587
1636	 LLH-0	0.0012496995076628392	0.0012496995076628392
1637	 LLH-5	0.0012497276070101812	0.0012497276070101812
1638	 LLH-2	0.001254622288043823	0.0012497276070101812
1639	 LLH-1	0.0012497276070101812	0.0012497276070101812
1640	 LLH-3	0.0012564795552881625	0.0012497276070101812
1641	 LLH-2	0.0012468927790002355	0.0012468927790002355
1642	 LLH-5	0.0012470980082503963	0.0012470980082503963
1643	 LLH-4	0.0012463478552785972	0.0012463478552785972
1645	 LLH-5	0.001247036623321975	0.001247036623321975
1646	 LLH-1	0.001247036623321975	0.001247036623321975
1647	 LLH-6	0.0012462595774206393	0.0012462595774206393
1648	 LLH-5	0.0012468073913179418	0.0012468073913179418
1649	 LLH-6	0.001246280097112503	0.001246280097112503
1650	 LLH-0	0.001246807946658493	0.001246807946658493
1651	 LLH-4	0.0012459631802371363	0.0012459631802371363
1653	 LLH-0	0.0012464485420096243	0.0012464485420096243
1654	 LLH-6	0.0012471682973792262	0.0012471682973792262
1655	 LLH-4	0.0012471682973792262	0.0012471682973792262
1660	 LLH-4	0.001246422779652159	0.001246422779652159
1664	 LLH-5	0.0012461577001074337	0.0012461577001074337
1665	 LLH-3	0.0012444146845983935	0.0012444146845983935
1666	 LLH-2	0.001260588065874895	0.0012444146845983935
1667	 LLH-1	0.0012444146845983935	0.0012444146845983935
1668	 LLH-4	0.0012444146845983935	0.0012444146845983935
1673	 LLH-2	0.0012584413565852152	0.0012444146845983935
1674	 LLH-5	0.0012443083629562457	0.0012443083629562457
1675	 LLH-2	0.0012569908661494687	0.0012443083629562457
1676	 LLH-3	0.0012459270031060054	0.0012443083629562457
1677	 LLH-2	0.0012551183042283267	0.0012443083629562457
1678	 LLH-4	0.0012443083629562457	0.0012443083629562457
1683	 LLH-5	0.0012445365521691991	0.0012445365521691991
1684	 LLH-1	0.0012445365521691991	0.0012445365521691991
1685	 LLH-0	0.0012449447702116976	0.0012445365521691991
1686	 LLH-6	0.001244750900231859	0.001244750900231859
1687	 LLH-6	0.0012445569074014725	0.0012445569074014725
1688	 LLH-4	0.0012440464634320338	0.0012440464634320338
1691	 LLH-5	0.00124369230063226	0.00124369230063226
1692	 LLH-6	0.0012437523655360865	0.0012437523655360865
1693	 LLH-5	0.0012439022753973487	0.0012439022753973487
1694	 LLH-4	0.0012439022753973487	0.0012439022753973487
1699	 LLH-2	0.001257846154424105	0.0012439022753973487
1700	 LLH-6	0.0012441276658033873	0.0012439022753973487
1701	 LLH-5	0.0012439554612106915	0.0012439554612106915
1702	 LLH-2	0.0012504797017553785	0.0012439554612106915
1703	 LLH-5	0.001243942336199035	0.001243942336199035
1704	 LLH-4	0.001243942336199035	0.001243942336199035
1709	 LLH-6	0.0012455264187383834	0.001243942336199035
1710	 LLH-0	0.0012444233300938623	0.0012444233300938623
1711	 LLH-6	0.00124444966488146	0.00124444966488146
1712	 LLH-0	0.0012448594715667761	0.0012448594715667761
1713	 LLH-1	0.0012448594715667761	0.0012448594715667761
1714	 LLH-4	0.0012448594715667761	0.0012448594715667761
1719	 LLH-2	0.0012572412627239317	0.0012448594715667761
1720	 LLH-1	0.0012448594715667761	0.0012448594715667761
1721	 LLH-6	0.001245269409828207	0.001245269409828207
1722	 LLH-4	0.001245269409828207	0.001245269409828207
1727	 LLH-1	0.001245269409828207	0.001245269409828207
1728	 LLH-6	0.0012456047867409471	0.0012456047867409471
1729	 LLH-4	0.0012450668035685866	0.0012450668035685866
1731	 LLH-1	0.0012451415568755931	0.0012451415568755931
1732	 LLH-5	0.0012452983365761599	0.0012452983365761599
1733	 LLH-2	0.0012474827208112005	0.0012452983365761599
1734	 LLH-4	0.0012449101207259337	0.0012449101207259337
1738	 LLH-4	0.0012441839706640824	0.0012441839706640824
1740	 LLH-5	0.0012438237585462612	0.0012438237585462612
1741	 LLH-1	0.0012438237585462612	0.0012438237585462612
1742	 LLH-6	0.0012434191501050594	0.0012434191501050594
1743	 LLH-6	0.0012440594869175929	0.0012440594869175929
1744	 LLH-1	0.0012440594869175929	0.0012440594869175929
1745	 LLH-1	0.0012442772531966017	0.0012440594869175929
1746	 LLH-1	0.0012440594869175929	0.0012440594869175929
1747	 LLH-6	0.001243281073364919	0.001243281073364919
1748	 LLH-1	0.0012435660255028394	0.0012435660255028394
1749	 LLH-2	0.0012570606603289473	0.0012435660255028394
1750	 LLH-1	0.0012435660255028394	0.0012435660255028394
1751	 LLH-3	0.0012731774495542212	0.0012435660255028394
1752	 LLH-4	0.0012435660255028394	0.0012435660255028394
1757	 LLH-5	0.0012442539229003536	0.0012435660255028394
1758	 LLH-3	0.0012478337833579532	0.0012435660255028394
1759	 LLH-4	0.0012435660255028394	0.0012435660255028394
1764	 LLH-2	0.0012592665491629879	0.0012435660255028394
1765	 LLH-5	0.001243259085028079	0.001243259085028079
1766	 LLH-0	0.0012439221131069903	0.001243259085028079
1767	 LLH-6	0.0012445675498456393	0.0012445675498456393
1768	 LLH-0	0.0012450708277825654	0.0012445675498456393
1769	 LLH-2	0.0012555478324849415	0.0012445675498456393
1770	 LLH-5	0.0012448797498588967	0.0012448797498588967
1771	 LLH-2	0.0012600569343490936	0.0012448797498588967
1772	 LLH-3	0.0012517924407069681	0.0012448797498588967
1773	 LLH-1	0.0012447993482463027	0.0012447993482463027
1774	 LLH-4	0.0012447993482463027	0.0012447993482463027
1779	 LLH-1	0.0012447993482463027	0.0012447993482463027
1780	 LLH-2	0.0012488109084987235	0.0012447993482463027
1781	 LLH-6	0.001244431895219833	0.001244431895219833
1782	 LLH-2	0.001253307038487055	0.001244431895219833
1783	 LLH-1	0.001244431895219833	0.001244431895219833
1784	 LLH-0	0.0012437012996369687	0.0012437012996369687
1785	 LLH-1	0.0012437012996369687	0.0012437012996369687
1786	 LLH-3	0.0012483304430714551	0.0012437012996369687
1787	 LLH-0	0.0012441080904616233	0.0012441080904616233
1788	 LLH-0	0.0012445821761855227	0.0012441080904616233
1789	 LLH-5	0.0012442644008282132	0.0012442644008282132
1790	 LLH-6	0.0012443638529007575	0.0012443638529007575
1791	 LLH-5	0.0012444102937848936	0.0012444102937848936
1792	 LLH-2	0.0012469098558379702	0.0012469098558379702
1793	 LLH-4	0.0012462250485445832	0.0012462250485445832
1796	 LLH-2	0.0012532390256902223	0.0012462250485445832
1797	 LLH-3	0.0012542378040360715	0.0012462250485445832
1798	 LLH-0	0.001246792068941328	0.001246792068941328
1799	 LLH-6	0.0012482533498706632	0.0012482533498706632
1800	 LLH-6	0.0012478762641939237	0.0012478762641939237
1801	 LLH-1	0.0012477154862403214	0.0012477154862403214
1802	 LLH-2	0.0012608513453518792	0.0012477154862403214
1803	 LLH-2	0.001255011105257411	0.0012477154862403214
1804	 LLH-4	0.0012471368190113887	0.0012471368190113887
1808	 LLH-4	0.0012471368190113887	0.0012471368190113887
1813	 LLH-3	0.0012573177641409781	0.0012471368190113887
1814	 LLH-5	0.001246315121323667	0.001246315121323667
1815	 LLH-3	0.0012924811163436212	0.001246315121323667
1816	 LLH-3	0.001257396579011	0.001246315121323667
1817	 LLH-4	0.001246315121323667	0.001246315121323667
1822	 LLH-2	0.001264692103707307	0.001246315121323667
1823	 LLH-0	0.0012470284805825883	0.0012470284805825883
1824	 LLH-3	0.00128618023098498	0.0012470284805825883
1825	 LLH-2	0.0012528670607812448	0.0012470284805825883
1826	 LLH-2	0.0012494222264489026	0.0012470284805825883
1827	 LLH-6	0.0012463740282910815	0.0012463740282910815
1828	 LLH-4	0.0012463740282910815	0.0012463740282910815
1833	 LLH-4	0.0012457428727193018	0.0012457428727193018
1835	 LLH-4	0.0012457428727193018	0.0012457428727193018
1840	 LLH-6	0.0012467685587868676	0.0012467685587868676
1841	 LLH-3	0.0012513996488576387	0.0012467685587868676
1842	 LLH-2	0.0012654470501384958	0.0012467685587868676
1843	 LLH-3	0.0013162924437864505	0.0012467685587868676
1844	 LLH-1	0.0012468031523701264	0.0012468031523701264
1845	 LLH-2	0.001264017745398144	0.0012468031523701264
1846	 LLH-4	0.0012468031523701264	0.0012468031523701264
1851	 LLH-0	0.0012473900340392815	0.0012473900340392815
1852	 LLH-3	0.0012545919206414446	0.0012473900340392815
1853	 LLH-5	0.0012473112005597293	0.0012473112005597293
1854	 LLH-6	0.0012471612708805544	0.0012471612708805544
1855	 LLH-3	0.001293115040452127	0.0012471612708805544
1856	 LLH-4	0.0012471612708805544	0.0012471612708805544
1861	 LLH-2	0.0012671390646771842	0.0012471612708805544
1862	 LLH-3	0.001284684558551489	0.0012471612708805544
1863	 LLH-3	0.0012916508569897258	0.0012471612708805544
1864	 LLH-3	0.001253748273911431	0.0012471612708805544
1865	 LLH-5	0.0012476269003743284	0.0012476269003743284
1866	 LLH-0	0.0012482735944991592	0.0012482735944991592
1867	 LLH-6	0.0012478343529501346	0.0012478343529501346
1868	 LLH-3	0.0012562250547345733	0.0012478343529501346
1869	 LLH-4	0.0012472478393430089	0.0012472478393430089
1872	 LLH-0	0.0012467018416535754	0.0012467018416535754
1873	 LLH-3	0.001255244988283675	0.0012467018416535754
1874	 LLH-1	0.00124704802729436	0.00124704802729436
1875	 LLH-4	0.00124704802729436	0.00124704802729436
1880	 LLH-1	0.00124704802729436	0.00124704802729436
1881	 LLH-3	0.0012570737702364844	0.00124704802729436
1882	 LLH-5	0.0012474765720245581	0.0012474765720245581
1883	 LLH-0	0.0012484076058375574	0.0012474765720245581
1884	 LLH-2	0.001261882699225744	0.0012474765720245581
1885	 LLH-1	0.0012475782083097955	0.0012475782083097955
1886	 LLH-5	0.0012477967688600579	0.0012477967688600579
1887	 LLH-2	0.0012602425163234458	0.0012477967688600579
1888	 LLH-2	0.0012538341497756087	0.0012477967688600579
1889	 LLH-3	0.0013096821783759574	0.0012477967688600579
1890	 LLH-5	0.0012482023196616811	0.0012482023196616811
1891	 LLH-0	0.001248671585442424	0.001248671585442424
1892	 LLH-1	0.0012488345089588702	0.0012488345089588702
1893	 LLH-6	0.0012482478933948315	0.0012482478933948315
1894	 LLH-0	0.0012477229196389754	0.0012477229196389754
1895	 LLH-6	0.0012488378103680088	0.0012488378103680088
1896	 LLH-0	0.0012493570957324205	0.0012488378103680088
1897	 LLH-5	0.001248253762761803	0.001248253762761803
1898	 LLH-5	0.0012482970114734832	0.0012482970114734832
1899	 LLH-6	0.001247962665134698	0.001247962665134698
1900	 LLH-4	0.001247962665134698	0.001247962665134698
1905	 LLH-0	0.0012487095665473975	0.0012487095665473975
1906	 LLH-4	0.0012487095665473975	0.0012487095665473975
1911	 LLH-4	0.0012480650562968429	0.0012480650562968429
1914	 LLH-5	0.0012480576711616804	0.0012480576711616804
1915	 LLH-6	0.0012489722665460085	0.0012489722665460085
1916	 LLH-4	0.0012489722665460085	0.0012489722665460085
1921	 LLH-2	0.0012627045099333407	0.0012489722665460085
1922	 LLH-5	0.001247450182547259	0.001247450182547259
1923	 LLH-5	0.0012475477989565384	0.0012475477989565384
1924	 LLH-0	0.0012481871615010222	0.0012481871615010222
1925	 LLH-4	0.0012474155556156644	0.0012474155556156644
1927	 LLH-4	0.0012474155556156644	0.0012474155556156644
1932	 LLH-4	0.0012474155556156644	0.0012474155556156644
1937	 LLH-4	0.0012474155556156644	0.0012474155556156644
1942	 LLH-0	0.0012479201113659714	0.0012479201113659714
1943	 LLH-3	0.001249240613265535	0.001249240613265535
1944	 LLH-6	0.0012482575082643863	0.0012482575082643863
1945	 LLH-6	0.001247608114889114	0.001247608114889114
1946	 LLH-3	0.00124401194571979	0.00124401194571979
1947	 LLH-0	0.0012444962387452307	0.00124401194571979
1948	 LLH-6	0.0012443637635646022	0.0012443637635646022
1949	 LLH-5	0.0012440943269061532	0.0012440943269061532
1950	 LLH-6	0.001244742686994157	0.001244742686994157
1951	 LLH-5	0.0012446999081834982	0.0012446999081834982
1952	 LLH-6	0.0012456223722117714	0.0012456223722117714
1953	 LLH-2	0.001247575189461559	0.0012456223722117714
1954	 LLH-0	0.0012460369691553411	0.0012460369691553411
1955	 LLH-6	0.0012454999075841196	0.0012454999075841196
1956	 LLH-4	0.001245106183263118	0.001245106183263118
1960	 LLH-6	0.0012447147679586967	0.0012447147679586967
1961	 LLH-4	0.0012442897177704928	0.0012442897177704928
1966	 LLH-2	0.001247840113312333	0.0012442897177704928
1967	 LLH-1	0.0012442897177704928	0.0012442897177704928
1968	 LLH-5	0.0012442897177704928	0.0012442897177704928
1969	 LLH-2	0.0012473079045254533	0.0012442897177704928
1970	 LLH-6	0.001243501368277523	0.001243501368277523
1971	 LLH-5	0.0012432194168843645	0.0012432194168843645
1972	 LLH-4	0.0012427564083364296	0.0012427564083364296
1975	 LLH-5	0.0012428601010937435	0.0012428601010937435
1976	 LLH-3	0.0012463134911789278	0.0012428601010937435
1977	 LLH-3	0.0012781315413727284	0.0012428601010937435
1978	 LLH-0	0.0012433304447517098	0.0012433304447517098
1979	 LLH-6	0.001243334866018481	0.001243334866018481
1980	 LLH-0	0.001243833752177182	0.001243334866018481
1981	 LLH-6	0.0012429113054773992	0.0012429113054773992
1982	 LLH-0	0.001243504099346705	0.0012429113054773992
1983	 LLH-3	0.0012666679808144624	0.0012429113054773992
1984	 LLH-0	0.0012433971968889132	0.0012433971968889132
1985	 LLH-6	0.0012436303422647913	0.0012436303422647913
1986	 LLH-5	0.00124393644375406	0.00124393644375406
1987	 LLH-2	0.0012464299785178241	0.00124393644375406
1988	 LLH-0	0.0012446484337446217	0.0012446484337446217
1989	 LLH-0	0.00124515992265116	0.00124515992265116
1990	 LLH-2	0.001260307215161736	0.00124515992265116
1991	 LLH-4	0.0012447575643012552	0.0012447575643012552
1996	 LLH-4	0.0012443161858250661	0.0012443161858250661
1999	 LLH-6	0.0012440859526712828	0.0012440859526712828