Initial objective 0.0013105094734534607
1	 LLH-5	0.0013093153716327113	0.0013093153716327113
2	 LLH-0	0.0013076517370912597	0.0013076517370912597
3	 LLH-3	0.0014284230446394714	0.0014284230446394714
4	 LLH-0	0.001431881486471573	0.001431881486471573
5	 LLH-3	0.0016339075274300345	0.001431881486471573
6	 LLH-5	0.0014314948921157178	0.0014314948921157178
7	 LLH-2	0.0014288420831848497	0.0014288420831848497
8	 LLH-4	0.0014256517197576818	0.0014256517197576818
12	 LLH-1	0.0014258606748790504	0.0014258606748790504
13	 LLH-1	0.001425654883409663	0.001425654883409663
14	 LLH-5	0.0014260444214339082	0.0014260444214339082
15	 LLH-4	0.0014233504132112457	0.0014233504132112457
18	 LLH-4	0.0014204323978761909	0.0014204323978761909
20	 LLH-6	0.0014199924385546354	0.0014199924385546354
21	 LLH-5	0.0014208448547105112	0.0014208448547105112
22	 LLH-0	0.0014176528357184568	0.0014176528357184568
23	 LLH-6	0.0014158401624595955	0.0014158401624595955
24	 LLH-3	0.0012939804600968791	0.0012939804600968791
25	 LLH-0	0.0012952508347629772	0.0012952508347629772
26	 LLH-0	0.0012967970434808267	0.0012967970434808267
27	 LLH-0	0.0012983613737703376	0.0012983613737703376
28	 LLH-5	0.001298724064237883	0.001298724064237883
29	 LLH-0	0.0012998951960764608	0.0012998951960764608
30	 LLH-0	0.001301461967933909	0.001301461967933909
31	 LLH-2	0.0013070627010518998	0.0013070627010518998
32	 LLH-6	0.0013068305516428617	0.0013068305516428617
33	 LLH-5	0.001303771687871462	0.001303771687871462
34	 LLH-1	0.0013033303187615388	0.0013033303187615388
35	 LLH-3	0.0012706452301601142	0.0012706452301601142
36	 LLH-6	0.0012716040269423162	0.0012716040269423162
37	 LLH-0	0.001270725857459995	0.001270725857459995
38	 LLH-1	0.001270725857459995	0.001270725857459995
39	 LLH-0	0.001271585955311437	0.001271585955311437
40	 LLH-1	0.001271585955311437	0.001271585955311437
41	 LLH-1	0.001271585955311437	0.001271585955311437
42	 LLH-3	0.0012547582471867462	0.0012547582471867462
43	 LLH-5	0.0012557590365998629	0.0012557590365998629
44	 LLH-3	0.0012591100290400932	0.0012591100290400932
45	 LLH-6	0.0012596967581072233	0.0012596967581072233
46	 LLH-5	0.0012594401751325859	0.0012594401751325859
47	 LLH-1	0.0012594401751325859	0.0012594401751325859
48	 LLH-1	0.0012590732183494849	0.0012590732183494849
49	 LLH-2	0.0012512636092978603	0.0012512636092978603
50	 LLH-1	0.0012511518666469068	0.0012511518666469068
51	 LLH-6	0.0012518137310527908	0.0012518137310527908
52	 LLH-4	0.0012518137310527908	0.0012518137310527908
57	 LLH-3	0.0012952026659712656	0.0012952026659712656
58	 LLH-1	0.0012953221849496045	0.0012953221849496045
59	 LLH-6	0.001294946939253725	0.001294946939253725
60	 LLH-6	0.001296399554344306	0.001296399554344306
61	 LLH-1	0.001296399554344306	0.001296399554344306
62	 LLH-0	0.001297530527252248	0.001297530527252248
63	 LLH-1	0.0012977364557905271	0.0012977364557905271
64	 LLH-2	0.0012983802095055202	0.0012983802095055202
65	 LLH-6	0.0012974876166884331	0.0012974876166884331
66	 LLH-6	0.0012964023649996836	0.0012964023649996836
67	 LLH-3	0.0013749896910868304	0.0013749896910868304
68	 LLH-5	0.00137880562173277	0.00137880562173277
69	 LLH-5	0.0013788669429574997	0.0013788669429574997
70	 LLH-2	0.0013710422222283228	0.0013710422222283228
71	 LLH-5	0.0013708361495806398	0.0013708361495806398
72	 LLH-0	0.0013687995337760455	0.0013687995337760455
73	 LLH-6	0.001367156125480988	0.001367156125480988
74	 LLH-0	0.001364837003379477	0.001364837003379477
75	 LLH-5	0.0013641552553647486	0.0013641552553647486
76	 LLH-1	0.0013641552553647486	0.0013641552553647486
77	 LLH-0	0.0013658738480411999	0.0013658738480411999
78	 LLH-6	0.0013657732101675357	0.0013657732101675357
79	 LLH-1	0.0013657732101675357	0.0013657732101675357
80	 LLH-0	0.0013631767299099825	0.0013631767299099825
81	 LLH-6	0.0013621891140285936	0.0013621891140285936
82	 LLH-1	0.0013622043789944282	0.0013622043789944282
83	 LLH-5	0.0013628875985198185	0.0013628875985198185
84	 LLH-1	0.0013636426535845521	0.0013636426535845521
85	 LLH-0	0.0013616458166583172	0.0013616458166583172
86	 LLH-6	0.001363191329627588	0.001363191329627588
87	 LLH-4	0.001361237173037717	0.001361237173037717
89	 LLH-4	0.0013591929797990383	0.0013591929797990383
91	 LLH-6	0.0013593000629929474	0.0013593000629929474
92	 LLH-4	0.0013574026145143803	0.0013574026145143803
94	 LLH-1	0.0013574026145143803	0.0013574026145143803
95	 LLH-3	0.0015173884475575311	0.0015173884475575311
96	 LLH-6	0.0015173162645046568	0.0015173162645046568
97	 LLH-4	0.0015130092710177138	0.0015130092710177138
99	 LLH-2	0.0014486848486081846	0.0014486848486081846
100	 LLH-6	0.0014474873575777833	0.0014474873575777833
101	 LLH-3	0.0013125900747880063	0.0013125900747880063
102	 LLH-1	0.0013125900747880063	0.0013125900747880063
103	 LLH-1	0.0013125900747880063	0.0013125900747880063
104	 LLH-2	0.00132504799447098	0.00132504799447098
105	 LLH-4	0.0013233939144871379	0.0013233939144871379
107	 LLH-6	0.0013230239555399282	0.0013230239555399282
108	 LLH-0	0.0013247983825708754	0.0013247983825708754
109	 LLH-6	0.0013233897815135567	0.0013233897815135567
110	 LLH-6	0.001323977752470448	0.001323977752470448
111	 LLH-0	0.001325553754956572	0.001325553754956572
112	 LLH-5	0.001324991253732082	0.001324991253732082
113	 LLH-6	0.0013248335891383174	0.0013248335891383174
114	 LLH-0	0.0013233232527100319	0.0013233232527100319
115	 LLH-4	0.001321677664595739	0.001321677664595739
117	 LLH-4	0.0013204429525430978	0.0013204429525430978
121	 LLH-3	0.0012652888403606873	0.0012652888403606873
122	 LLH-1	0.0012652888403606873	0.0012652888403606873
123	 LLH-5	0.0012661589672340818	0.0012661589672340818
124	 LLH-4	0.0012651076861242465	0.0012651076861242465
128	 LLH-4	0.0012642128549264044	0.0012642128549264044
131	 LLH-0	0.0012650302215279517	0.0012650302215279517
132	 LLH-3	0.0012535165003770548	0.0012535165003770548
133	 LLH-2	0.0012706107029110127	0.0012706107029110127
134	 LLH-6	0.0012709544544302123	0.0012709544544302123
135	 LLH-1	0.0012709544544302123	0.0012709544544302123
136	 LLH-3	0.0012477461311317507	0.0012477461311317507
137	 LLH-2	0.001256589069409711	0.001256589069409711
138	 LLH-3	0.001324975812434234	0.001324975812434234
139	 LLH-1	0.001324975812434234	0.001324975812434234
140	 LLH-5	0.0013242570334685334	0.0013242570334685334
141	 LLH-0	0.0013258122651397886	0.0013258122651397886
142	 LLH-0	0.001324114853747015	0.001324114853747015
143	 LLH-5	0.0013244832433479208	0.0013244832433479208
144	 LLH-4	0.00132304377403586	0.00132304377403586
146	 LLH-6	0.001322757276463563	0.001322757276463563
147	 LLH-1	0.0013226365044858208	0.0013226365044858208
148	 LLH-5	0.0013236853741702807	0.0013236853741702807
149	 LLH-1	0.0013237148161822697	0.0013237148161822697
150	 LLH-6	0.0013232764337323428	0.0013232764337323428
151	 LLH-6	0.0013238139004254073	0.0013238139004254073
152	 LLH-1	0.0013238139004254073	0.0013238139004254073
153	 LLH-4	0.0013222926799180685	0.0013222926799180685
157	 LLH-5	0.0013230752732292287	0.0013230752732292287
158	 LLH-5	0.0013227183887442055	0.0013227183887442055
159	 LLH-6	0.0013241569148061975	0.0013241569148061975
160	 LLH-3	0.0012797506570191171	0.0012797506570191171
161	 LLH-2	0.0012781576701521294	0.0012781576701521294
162	 LLH-5	0.0012785191030987085	0.0012785191030987085
163	 LLH-2	0.0012930804237726858	0.0012930804237726858
164	 LLH-5	0.0012928912703178879	0.0012928912703178879
165	 LLH-6	0.001292682792922876	0.001292682792922876
166	 LLH-4	0.0012721917016577516	0.0012721917016577516
168	 LLH-4	0.0012721917016577516	0.0012721917016577516
173	 LLH-6	0.0012713917237347123	0.0012713917237347123
174	 LLH-1	0.0012713917237347123	0.0012713917237347123
175	 LLH-0	0.0012920004999849672	0.0012920004999849672
176	 LLH-1	0.0012920004999849672	0.0012920004999849672
177	 LLH-2	0.001282636486554763	0.001282636486554763
178	 LLH-0	0.0012837613690859827	0.0012837613690859827
179	 LLH-2	0.001302871342264237	0.001302871342264237
180	 LLH-1	0.0013025968642710805	0.0013025968642710805
181	 LLH-1	0.0013030406183407901	0.0013030406183407901
182	 LLH-3	0.0012615916492009728	0.0012615916492009728
183	 LLH-2	0.0012767593646218374	0.0012767593646218374
184	 LLH-5	0.0012772715682790715	0.0012772715682790715
185	 LLH-2	0.0012688612478160912	0.0012688612478160912
186	 LLH-6	0.0012678178048650913	0.0012678178048650913
187	 LLH-4	0.0012678178048650913	0.0012678178048650913
192	 LLH-1	0.0012678178048650913	0.0012678178048650913
193	 LLH-1	0.0012678178048650913	0.0012678178048650913
194	 LLH-5	0.0012673101193970437	0.0012673101193970437
195	 LLH-6	0.001266920444184965	0.001266920444184965
196	 LLH-1	0.0012667248143037309	0.0012667248143037309
197	 LLH-6	0.0012668112336388297	0.0012668112336388297
198	 LLH-2	0.001279899678804052	0.001279899678804052
199	 LLH-3	0.0013683691147298182	0.0013683691147298182
200	 LLH-5	0.0013713595050841663	0.0013713595050841663
201	 LLH-2	0.0013409161919861882	0.0013409161919861882
202	 LLH-5	0.0013409439142614465	0.0013409439142614465
203	 LLH-1	0.0013410384213189417	0.0013410384213189417
204	 LLH-2	0.0013434821375888258	0.0013434821375888258
205	 LLH-5	0.0013419350117237505	0.0013419350117237505
206	 LLH-1	0.0013417642074193788	0.0013417642074193788
207	 LLH-1	0.0013417880710732606	0.0013417880710732606
208	 LLH-3	0.001449583446710033	0.001449583446710033
209	 LLH-4	0.0014462891181888132	0.0014462891181888132
212	 LLH-0	0.00144975043709382	0.00144975043709382
213	 LLH-4	0.0014462984238250579	0.0014462984238250579
215	 LLH-1	0.001446884292064902	0.001446884292064902
216	 LLH-3	0.0016497244116304352	0.0016497244116304352
217	 LLH-1	0.0016497244116304352	0.0016497244116304352
218	 LLH-6	0.0016508506238117123	0.0016508506238117123
219	 LLH-1	0.0016508102631049	0.0016508102631049
220	 LLH-4	0.001644610723184244	0.001644610723184244
222	 LLH-0	0.0016517531961854545	0.0016517531961854545
223	 LLH-5	0.0016513252736958832	0.0016513252736958832
224	 LLH-1	0.0016512897414632552	0.0016512897414632552
225	 LLH-3	0.0013301493583749604	0.0013301493583749604
226	 LLH-6	0.0013312589982684387	0.0013312589982684387
227	 LLH-1	0.0013310124386126132	0.0013310124386126132
228	 LLH-6	0.0013307667536263325	0.0013307667536263325
229	 LLH-6	0.0013306688868699077	0.0013306688868699077
230	 LLH-2	0.001331877293123555	0.001331877293123555
231	 LLH-2	0.0013122815043497124	0.0013122815043497124
232	 LLH-3	0.0012651376716198825	0.0012651376716198825
233	 LLH-1	0.0012652870355475692	0.0012652870355475692
234	 LLH-6	0.0012676606726322774	0.0012676606726322774
235	 LLH-4	0.0012664375784900983	0.0012664375784900983
237	 LLH-0	0.0012671934118817512	0.0012671934118817512
238	 LLH-0	0.0012680926126090422	0.0012680926126090422
239	 LLH-2	0.0012939818882786076	0.0012939818882786076
240	 LLH-1	0.0012939818882786076	0.0012939818882786076
241	 LLH-6	0.0012937528527491586	0.0012937528527491586
242	 LLH-4	0.0012925749336069846	0.0012925749336069846
244	 LLH-4	0.001291469809535721	0.001291469809535721
247	 LLH-3	0.0013733938043979097	0.0013733938043979097
248	 LLH-2	0.0013397947543670563	0.0013397947543670563
249	 LLH-2	0.0013429805736568648	0.0013429805736568648
250	 LLH-6	0.0013417684444908514	0.0013417684444908514
251	 LLH-0	0.0013399530797842936	0.0013399530797842936
252	 LLH-1	0.0013399114545056788	0.0013399114545056788
253	 LLH-2	0.0013492640562195438	0.0013492640562195438
254	 LLH-4	0.0013475085968731335	0.0013475085968731335
257	 LLH-4	0.0013454052977000923	0.0013454052977000923
260	 LLH-4	0.0013432437040236994	0.0013432437040236994
262	 LLH-6	0.0013428197955727827	0.0013428197955727827
263	 LLH-4	0.001341068576653079	0.001341068576653079
267	 LLH-5	0.0013386764600377384	0.0013386764600377384
268	 LLH-3	0.001450567055584716	0.001450567055584716
269	 LLH-0	0.0014540710882501857	0.0014540710882501857
270	 LLH-2	0.001412249333987166	0.001412249333987166
271	 LLH-2	0.0014246186236368228	0.0014246186236368228
272	 LLH-6	0.0014237366693101673	0.0014237366693101673
273	 LLH-2	0.0013809067535215545	0.0013809067535215545
274	 LLH-5	0.0013829492513115261	0.0013829492513115261
275	 LLH-1	0.0013828833525217784	0.0013828833525217784
276	 LLH-6	0.001385031124698862	0.001385031124698862
277	 LLH-1	0.001385031124698862	0.001385031124698862
278	 LLH-3	0.0012812593837025995	0.0012812593837025995
279	 LLH-5	0.0012813997196350654	0.0012813997196350654
280	 LLH-0	0.0012827321753427945	0.0012827321753427945
281	 LLH-6	0.0012805179144015793	0.0012805179144015793
282	 LLH-0	0.0012795597934776946	0.0012795597934776946
283	 LLH-5	0.0012800741960114492	0.0012800741960114492
284	 LLH-2	0.0012850980500524144	0.0012850980500524144
285	 LLH-5	0.0012849454296583313	0.0012849454296583313
286	 LLH-6	0.0012851833528305955	0.0012851833528305955
287	 LLH-1	0.001285406352031966	0.001285406352031966
288	 LLH-4	0.0012840025212217906	0.0012840025212217906
291	 LLH-6	0.0012855143918996384	0.0012855143918996384
292	 LLH-6	0.0012848608288684987	0.0012848608288684987
293	 LLH-1	0.0012848608288684987	0.0012848608288684987
294	 LLH-0	0.0012838398533664805	0.0012838398533664805
295	 LLH-4	0.001282708396499266	0.001282708396499266
299	 LLH-0	0.0012842307537357233	0.0012842307537357233
300	 LLH-4	0.0012830469825570521	0.0012830469825570521
302	 LLH-4	0.0012820188870370612	0.0012820188870370612
305	 LLH-2	0.0012943633633158457	0.0012943633633158457
306	 LLH-5	0.0012948657639803118	0.0012948657639803118
307	 LLH-3	0.0013743242883282876	0.0012948657639803118
308	 LLH-1	0.0012948657639803118	0.0012948657639803118
309	 LLH-2	0.0013084353118540532	0.0013084353118540532
310	 LLH-2	0.001297893706247612	0.001297893706247612
311	 LLH-3	0.0014022283611395607	0.0014022283611395607
312	 LLH-0	0.0014050761394797837	0.0014050761394797837
313	 LLH-3	0.0015626907896227604	0.0015626907896227604
314	 LLH-5	0.0015627433939413432	0.0015627433939413432
315	 LLH-2	0.001489432741896072	0.001489432741896072
316	 LLH-0	0.0014856284921855216	0.0014856284921855216
317	 LLH-0	0.0014814904284384724	0.0014814904284384724
318	 LLH-5	0.0014831424644332343	0.0014831424644332343
319	 LLH-4	0.001479310736615916	0.001479310736615916
321	 LLH-2	0.0014149473899486616	0.0014149473899486616
322	 LLH-2	0.0014037905780057169	0.0014037905780057169
323	 LLH-3	0.001285245995418658	0.001285245995418658
324	 LLH-3	0.0012727550476860968	0.0012727550476860968
325	 LLH-6	0.0012719662236705073	0.0012719662236705073
326	 LLH-6	0.0012720426300648732	0.0012720426300648732
327	 LLH-1	0.001272262721022777	0.001272262721022777
328	 LLH-4	0.001271314784478439	0.001271314784478439
331	 LLH-6	0.0012711107935315178	0.0012711107935315178
332	 LLH-0	0.001272228621335192	0.001272228621335192
333	 LLH-6	0.0012714206227340354	0.0012714206227340354
334	 LLH-4	0.0012714206227340354	0.0012714206227340354
339	 LLH-1	0.0012714206227340354	0.0012714206227340354
340	 LLH-5	0.0012713613949193983	0.0012713613949193983
341	 LLH-2	0.0012619425025919733	0.0012619425025919733
342	 LLH-3	0.0012584296465403433	0.0012584296465403433
343	 LLH-0	0.0012591954193115218	0.0012591954193115218
344	 LLH-3	0.0012457364548925018	0.0012457364548925018
345	 LLH-4	0.0012457364548925018	0.0012457364548925018
350	 LLH-2	0.0012456147889705993	0.0012456147889705993
351	 LLH-4	0.0012449979024007419	0.0012449979024007419
354	 LLH-2	0.0012516670386356025	0.0012516670386356025
355	 LLH-5	0.0012522281546933098	0.0012522281546933098
356	 LLH-5	0.0012503837268440872	0.0012503837268440872
357	 LLH-5	0.001250780224983831	0.001250780224983831
358	 LLH-4	0.0012500956148649232	0.0012500956148649232
362	 LLH-4	0.0012493040677186748	0.0012493040677186748
364	 LLH-6	0.0012492326560075526	0.0012492326560075526
365	 LLH-6	0.001248195802436555	0.001248195802436555
366	 LLH-6	0.0012485578810539446	0.0012485578810539446
367	 LLH-1	0.0012485578810539446	0.0012485578810539446
368	 LLH-2	0.0012588687096731842	0.0012588687096731842
369	 LLH-4	0.0012574447351377687	0.0012574447351377687
373	 LLH-6	0.0012574336822731543	0.0012574336822731543
374	 LLH-0	0.0012582718982005077	0.0012582718982005077
375	 LLH-0	0.0012590504557046188	0.0012590504557046188
376	 LLH-4	0.0012580829134300423	0.0012580829134300423
380	 LLH-4	0.0012580829134300423	0.0012580829134300423
385	 LLH-0	0.0012589996182977997	0.0012589996182977997
386	 LLH-2	0.0012773196866885648	0.0012773196866885648
387	 LLH-5	0.0012771099852410795	0.0012771099852410795
388	 LLH-5	0.0012769522174613155	0.0012769522174613155
389	 LLH-0	0.0012757729539911108	0.0012757729539911108
390	 LLH-5	0.0012760372243471774	0.0012760372243471774
391	 LLH-5	0.001276727857359889	0.001276727857359889
392	 LLH-2	0.001278756572273796	0.001278756572273796
393	 LLH-5	0.0012785996164960452	0.0012785996164960452
394	 LLH-5	0.001278785032694653	0.001278785032694653
395	 LLH-4	0.001277361994595967	0.001277361994595967
398	 LLH-1	0.001277361994595967	0.001277361994595967
399	 LLH-4	0.001276281499940315	0.001276281499940315
401	 LLH-1	0.001276281499940315	0.001276281499940315
402	 LLH-3	0.001256521820726206	0.001256521820726206
403	 LLH-4	0.001256521820726206	0.001256521820726206
408	 LLH-6	0.0012567285634388315	0.0012567285634388315
409	 LLH-3	0.001321722391481668	0.001321722391481668
410	 LLH-5	0.0013196165503442834	0.0013196165503442834
411	 LLH-2	0.0013094146392534146	0.0013094146392534146
412	 LLH-5	0.001310236710481236	0.001310236710481236
413	 LLH-4	0.0013088086333543079	0.0013088086333543079
415	 LLH-0	0.001307485389822512	0.001307485389822512
416	 LLH-4	0.0013057849013777788	0.0013057849013777788
419	 LLH-4	0.0013043280519008072	0.0013043280519008072
422	 LLH-3	0.0012778663190320177	0.0012778663190320177
423	 LLH-0	0.0012788724690203084	0.0012788724690203084
424	 LLH-4	0.001278050402220301	0.001278050402220301
428	 LLH-2	0.0012704189093800037	0.0012704189093800037
429	 LLH-0	0.0012715149874531898	0.0012715149874531898
430	 LLH-5	0.001271488880535999	0.001271488880535999
431	 LLH-6	0.0012706345833790537	0.0012706345833790537
432	 LLH-3	0.0012521191582725757	0.0012521191582725757
433	 LLH-4	0.0012512685325984788	0.0012512685325984788
438	 LLH-1	0.0012512685325984788	0.0012512685325984788
439	 LLH-0	0.0012519846853754775	0.0012519846853754775
440	 LLH-1	0.0012519846853754775	0.0012519846853754775
441	 LLH-1	0.0012518529082170247	0.0012518529082170247
442	 LLH-4	0.0012511531592469447	0.0012511531592469447
444	 LLH-0	0.001252046417055567	0.001252046417055567
445	 LLH-2	0.0012596941383488003	0.0012596941383488003
446	 LLH-1	0.0012596854348513181	0.0012596854348513181
447	 LLH-5	0.001258567486303567	0.001258567486303567
448	 LLH-3	0.0012585663591804265	0.0012585663591804265
449	 LLH-1	0.0012585687150630826	0.0012585687150630826
450	 LLH-6	0.001258211323921515	0.001258211323921515
451	 LLH-4	0.0012419754000773094	0.0012419754000773094
453	 LLH-5	0.001242732634437466	0.001242732634437466
454	 LLH-4	0.001242732634437466	0.001242732634437466
459	 LLH-4	0.001242732634437466	0.001242732634437466
464	 LLH-2	0.0012490108391594098	0.0012490108391594098
465	 LLH-6	0.0012492849610167434	0.0012492849610167434
466	 LLH-6	0.001249726011783946	0.001249726011783946
467	 LLH-1	0.0012500810716022893	0.0012500810716022893
468	 LLH-3	0.001249195016978765	0.001249195016978765
469	 LLH-4	0.0012485926995584168	0.0012485926995584168
472	 LLH-0	0.0012494847324171574	0.0012494847324171574
473	 LLH-3	0.0012738044533497255	0.0012738044533497255
474	 LLH-3	0.0012638701314484399	0.0012638701314484399
475	 LLH-4	0.0012632102536291605	0.0012632102536291605
478	 LLH-2	0.0012653571887039786	0.0012653571887039786
479	 LLH-5	0.001265303799591231	0.001265303799591231
480	 LLH-5	0.0012665173808630468	0.0012665173808630468
481	 LLH-5	0.001266267927269147	0.001266267927269147
482	 LLH-2	0.0012651330209352506	0.0012651330209352506
483	 LLH-2	0.001277752455204255	0.001277752455204255
484	 LLH-1	0.001277752455204255	0.001277752455204255
485	 LLH-0	0.0012787524486233784	0.0012787524486233784
486	 LLH-5	0.0012784683638356993	0.0012784683638356993
487	 LLH-4	0.0012775106916362057	0.0012775106916362057
489	 LLH-0	0.0012785369054796522	0.0012785369054796522
490	 LLH-0	0.0012770359309485307	0.0012770359309485307
491	 LLH-2	0.0012737487081541105	0.0012737487081541105
492	 LLH-4	0.0012728001198089307	0.0012728001198089307
494	 LLH-5	0.001272940427121468	0.001272940427121468
495	 LLH-3	0.0012672457088220492	0.0012672457088220492
496	 LLH-5	0.0012677704871727948	0.0012677704871727948
497	 LLH-5	0.0012679778023092047	0.0012679778023092047
498	 LLH-2	0.0012759905858069907	0.0012759905858069907
499	 LLH-0	0.001274825287045703	0.001274825287045703
500	 LLH-3	0.0013207975116770767	0.0013207975116770767
501	 LLH-2	0.001321478751857643	0.001321478751857643
502	 LLH-6	0.0013200141935932879	0.0013200141935932879
503	 LLH-5	0.0013195311331418542	0.0013195311331418542
504	 LLH-0	0.0013210256252209173	0.0013210256252209173
505	 LLH-2	0.0013072628198350796	0.0013072628198350796
506	 LLH-5	0.0013072628198350796	0.0013072628198350796
507	 LLH-4	0.0013055787206050964	0.0013055787206050964
509	 LLH-6	0.0013062905865911937	0.0013062905865911937
510	 LLH-2	0.0013224510739039586	0.0013224510739039586
511	 LLH-4	0.0013224510739039586	0.0013224510739039586
516	 LLH-5	0.0013216789147811412	0.0013216789147811412
517	 LLH-1	0.0013216789147811412	0.0013216789147811412
518	 LLH-6	0.0013201624517212257	0.0013201624517212257
519	 LLH-6	0.0013220732324303551	0.0013220732324303551
520	 LLH-5	0.0013212037933067928	0.0013212037933067928
521	 LLH-0	0.0013226686347560684	0.0013226686347560684
522	 LLH-2	0.0013034922262284386	0.0013034922262284386
523	 LLH-0	0.0013271902368398743	0.0013271902368398743
524	 LLH-2	0.0013166349673023633	0.0013166349673023633
525	 LLH-1	0.0013165489117694796	0.0013165489117694796
526	 LLH-3	0.0012657235209836547	0.0012657235209836547
527	 LLH-6	0.0012638642699138894	0.0012638642699138894
528	 LLH-0	0.001262970643942844	0.001262970643942844
529	 LLH-3	0.0013328458582873065	0.0013328458582873065
530	 LLH-6	0.0013325153338048165	0.0013325153338048165
531	 LLH-4	0.0013303332048420161	0.0013303332048420161
533	 LLH-2	0.0013066737170968938	0.0013066737170968938
534	 LLH-6	0.001306928667599396	0.001306928667599396
535	 LLH-5	0.0013066727482018612	0.0013066727482018612
536	 LLH-3	0.0014366736026604592	0.0013066727482018612
537	 LLH-6	0.0013040196250694016	0.0013040196250694016
538	 LLH-5	0.0013034728518603318	0.0013034728518603318
539	 LLH-1	0.0013035040686273083	0.0013035040686273083
540	 LLH-1	0.001303245974889563	0.001303245974889563
541	 LLH-1	0.001303245974889563	0.001303245974889563
542	 LLH-1	0.001303245974889563	0.001303245974889563
543	 LLH-1	0.001303245974889563	0.001303245974889563
544	 LLH-0	0.0013046019423958893	0.0013046019423958893
545	 LLH-2	0.0013134578003720114	0.0013134578003720114
546	 LLH-6	0.0013111381192126399	0.0013111381192126399
547	 LLH-1	0.0013115159629750696	0.0013115159629750696
548	 LLH-3	0.0012625442895360392	0.0012625442895360392
549	 LLH-3	0.0013202630340159616	0.0013202630340159616
550	 LLH-5	0.0013215386964648918	0.0013215386964648918
551	 LLH-3	0.001265843126506141	0.001265843126506141
552	 LLH-6	0.0012655156577048368	0.0012655156577048368
553	 LLH-2	0.0012776654742510446	0.0012776654742510446
554	 LLH-5	0.001277204007415224	0.001277204007415224
555	 LLH-5	0.0012766239273801247	0.0012766239273801247
556	 LLH-3	0.00125168386425283	0.00125168386425283
557	 LLH-0	0.0012523031956734323	0.0012523031956734323
558	 LLH-3	0.0012900460272686034	0.0012900460272686034
559	 LLH-5	0.0012903463488669353	0.0012903463488669353
560	 LLH-0	0.001289119672128724	0.001289119672128724
561	 LLH-4	0.0012876790014189786	0.0012876790014189786
563	 LLH-0	0.0012892748251718956	0.0012892748251718956
564	 LLH-1	0.0012892772857900862	0.0012892772857900862
565	 LLH-6	0.0012885964042501847	0.0012885964042501847
566	 LLH-3	0.0014070555070788912	0.0012885964042501847
567	 LLH-2	0.0013185613903332455	0.0012885964042501847
568	 LLH-3	0.0013773080328214342	0.0012885964042501847
569	 LLH-0	0.0012871945143868185	0.0012871945143868185
570	 LLH-6	0.0012870606527887604	0.0012870606527887604
571	 LLH-2	0.001290911806332089	0.001290911806332089
572	 LLH-6	0.0012919256837833838	0.0012919256837833838
573	 LLH-1	0.0012919256837833838	0.0012919256837833838
574	 LLH-2	0.001297559524244414	0.001297559524244414
575	 LLH-2	0.0013053886297028972	0.0013053886297028972
576	 LLH-0	0.0013069098464970827	0.0013069098464970827
577	 LLH-4	0.0013054675759108642	0.0013054675759108642
581	 LLH-2	0.0012964999372875007	0.0012964999372875007
582	 LLH-4	0.0012952485447693517	0.0012952485447693517
585	 LLH-1	0.0012952350364984122	0.0012952350364984122
586	 LLH-4	0.00129412617707194	0.00129412617707194
589	 LLH-4	0.0012927207267321855	0.0012927207267321855
591	 LLH-5	0.0012933618012722372	0.0012933618012722372
592	 LLH-4	0.0012921124910618448	0.0012921124910618448
594	 LLH-1	0.001292176392434527	0.001292176392434527
595	 LLH-1	0.001291916648747349	0.001291916648747349
596	 LLH-0	0.0012907436726749457	0.0012907436726749457
597	 LLH-1	0.0012907436726749457	0.0012907436726749457
598	 LLH-2	0.0012915089602517082	0.0012915089602517082
599	 LLH-1	0.0012914742996117693	0.0012914742996117693
600	 LLH-1	0.0012914742996117693	0.0012914742996117693
601	 LLH-5	0.0012936940255547538	0.0012936940255547538
602	 LLH-4	0.0012923490228701688	0.0012923490228701688
606	 LLH-4	0.0012910522114861424	0.0012910522114861424
609	 LLH-5	0.0012917810136232849	0.0012917810136232849
610	 LLH-4	0.0012903744325634306	0.0012903744325634306
615	 LLH-1	0.0012904198243537971	0.0012904198243537971
616	 LLH-3	0.0014074940613530245	0.0014074940613530245
617	 LLH-0	0.0014102632083924228	0.0014102632083924228
618	 LLH-1	0.0014102632083924228	0.0014102632083924228
619	 LLH-3	0.0012937198977867627	0.0012937198977867627
620	 LLH-3	0.001370158770444195	0.0012937198977867627
621	 LLH-2	0.0013035409031843573	0.0013035409031843573
622	 LLH-3	0.001271424948432371	0.001271424948432371
623	 LLH-4	0.001271424948432371	0.001271424948432371
628	 LLH-6	0.0012709091910235813	0.0012709091910235813
629	 LLH-4	0.0012698046348957204	0.0012698046348957204
632	 LLH-1	0.0012698046348957204	0.0012698046348957204
633	 LLH-3	0.001316638064009881	0.001316638064009881
634	 LLH-0	0.0013147593341069881	0.0013147593341069881
635	 LLH-1	0.0013147593341069881	0.0013147593341069881
636	 LLH-0	0.0013134604293653046	0.0013134604293653046
637	 LLH-0	0.0013118424677651293	0.0013118424677651293
638	 LLH-1	0.0013118424677651293	0.0013118424677651293
639	 LLH-0	0.0013134366842882375	0.0013134366842882375
640	 LLH-2	0.0013022180697541672	0.0013022180697541672
641	 LLH-0	0.001300937063858537	0.001300937063858537
642	 LLH-1	0.001300937063858537	0.001300937063858537
643	 LLH-6	0.0013009852767149237	0.0013009852767149237
644	 LLH-3	0.0012565588027196423	0.0012565588027196423
645	 LLH-1	0.0012565588027196423	0.0012565588027196423
646	 LLH-3	0.0013452135721223953	0.0012565588027196423
647	 LLH-1	0.0012565588027196423	0.0012565588027196423
648	 LLH-5	0.0012573184998682513	0.0012573184998682513
649	 LLH-2	0.0012640468083194606	0.0012640468083194606
650	 LLH-5	0.0012640093837287254	0.0012640093837287254
651	 LLH-4	0.0012640093837287254	0.0012640093837287254
656	 LLH-0	0.0012631888456254192	0.0012631888456254192
657	 LLH-2	0.0012760415798880446	0.0012760415798880446
658	 LLH-5	0.0012759439257317116	0.0012759439257317116
659	 LLH-2	0.001287754451028556	0.001287754451028556
660	 LLH-4	0.001287754451028556	0.001287754451028556
665	 LLH-1	0.0012875683295198543	0.0012875683295198543
666	 LLH-4	0.0012859677337606129	0.0012859677337606129
668	 LLH-0	0.0012868481305677733	0.0012868481305677733
669	 LLH-5	0.0012865150493150926	0.0012865150493150926
670	 LLH-0	0.0012854573132774925	0.0012854573132774925
671	 LLH-5	0.0012865215093322867	0.0012865215093322867
672	 LLH-3	0.0012630586096544615	0.0012630586096544615
673	 LLH-1	0.0012628738378415083	0.0012628738378415083
674	 LLH-6	0.0012645456083193321	0.0012645456083193321
675	 LLH-2	0.0012736530924557154	0.0012736530924557154
676	 LLH-3	0.00135089072697179	0.00135089072697179
677	 LLH-0	0.0013528201838671691	0.0013528201838671691
678	 LLH-3	0.001445990561442578	0.001445990561442578
679	 LLH-0	0.0014424085412552586	0.0014424085412552586
680	 LLH-3	0.0016358884435049036	0.0014424085412552586
681	 LLH-0	0.0014390155133575618	0.0014390155133575618
682	 LLH-5	0.001438678495324009	0.001438678495324009
683	 LLH-2	0.0014171655692323166	0.0014171655692323166
684	 LLH-2	0.0013757817212060781	0.0013757817212060781
685	 LLH-1	0.0013754013124379438	0.0013754013124379438
686	 LLH-3	0.0012925031840010088	0.0012925031840010088
687	 LLH-0	0.0012940977372073812	0.0012940977372073812
688	 LLH-6	0.001292926419445459	0.001292926419445459
689	 LLH-3	0.0013715649292079587	0.0013715649292079587
690	 LLH-0	0.0013694761153867153	0.0013694761153867153
691	 LLH-5	0.001369841727910723	0.001369841727910723
692	 LLH-2	0.0013401128386367229	0.0013401128386367229
693	 LLH-0	0.0013418405131342668	0.0013418405131342668
694	 LLH-0	0.001339804441641428	0.001339804441641428
695	 LLH-2	0.0013564554367675391	0.0013564554367675391
696	 LLH-2	0.001341598770376003	0.001341598770376003
697	 LLH-6	0.0013414410185867505	0.0013414410185867505
698	 LLH-3	0.001463980608851239	0.001463980608851239
699	 LLH-6	0.0014630176860447265	0.0014630176860447265
700	 LLH-3	0.0015911157253761705	0.0015911157253761705
701	 LLH-3	0.0020018767449175917	0.0015911157253761705
702	 LLH-3	0.0018409326812844915	0.0018409326812844915
703	 LLH-0	0.0018300109002202694	0.0018300109002202694
704	 LLH-5	0.0018293412284604222	0.0018293412284604222
705	 LLH-2	0.001670016171907775	0.001670016171907775
706	 LLH-1	0.001670016171907775	0.001670016171907775
707	 LLH-1	0.001670016171907775	0.001670016171907775
708	 LLH-6	0.0016706472502247118	0.0016706472502247118
709	 LLH-4	0.0016635747970544148	0.0016635747970544148
712	 LLH-3	0.0013422515715125413	0.0013422515715125413
713	 LLH-3	0.001484112481763959	0.0013422515715125413
714	 LLH-0	0.0013443137605095056	0.0013443137605095056
715	 LLH-6	0.0013457657115636676	0.0013457657115636676
716	 LLH-5	0.001345453677293769	0.001345453677293769
717	 LLH-1	0.001345453677293769	0.001345453677293769
718	 LLH-4	0.001343287681967598	0.001343287681967598
720	 LLH-3	0.0014885483082251317	0.0014885483082251317
721	 LLH-2	0.0014127647409928428	0.0014127647409928428
722	 LLH-3	0.0015799234143616626	0.0015799234143616626
723	 LLH-6	0.001581129390481326	0.001581129390481326
724	 LLH-4	0.0015751439455018107	0.0015751439455018107
726	 LLH-4	0.0015693804645171055	0.0015693804645171055
729	 LLH-6	0.0015663631848897037	0.0015663631848897037
730	 LLH-4	0.0015663631848897037	0.0015663631848897037
735	 LLH-1	0.0015664227605616224	0.0015664227605616224
736	 LLH-5	0.0015663393544857462	0.0015663393544857462
737	 LLH-0	0.0016092491965271957	0.0016092491965271957
738	 LLH-6	0.0016091816670233679	0.0016091816670233679
739	 LLH-2	0.0015111654786648162	0.0015111654786648162
740	 LLH-2	0.001409705754049328	0.001409705754049328
741	 LLH-6	0.0014097231564383405	0.0014097231564383405
742	 LLH-3	0.001286943609268419	0.001286943609268419
743	 LLH-5	0.0012866557808755353	0.0012866557808755353
744	 LLH-0	0.0012882707800055734	0.0012882707800055734
745	 LLH-1	0.0012880172076669201	0.0012880172076669201
746	 LLH-2	0.0013019405060687235	0.0013019405060687235
747	 LLH-5	0.001301843652532368	0.001301843652532368
748	 LLH-6	0.0013011135290220627	0.0013011135290220627
749	 LLH-2	0.0012864507721702446	0.0012864507721702446
750	 LLH-5	0.0012862891340146352	0.0012862891340146352
751	 LLH-5	0.0012858367708843254	0.0012858367708843254
752	 LLH-5	0.0012858540516332453	0.0012858540516332453
753	 LLH-3	0.0012653461522823815	0.0012653461522823815
754	 LLH-2	0.001281009692209856	0.001281009692209856
755	 LLH-1	0.001281009692209856	0.001281009692209856
756	 LLH-2	0.0012829238653011958	0.0012829238653011958
757	 LLH-0	0.001281687594482809	0.001281687594482809
758	 LLH-5	0.001280470915030946	0.001280470915030946
759	 LLH-2	0.0012868012937681966	0.0012868012937681966
760	 LLH-6	0.0012852028129565734	0.0012852028129565734
761	 LLH-0	0.0012836468038928727	0.0012836468038928727
762	 LLH-4	0.001282413229795748	0.001282413229795748
764	 LLH-0	0.0012835268489873874	0.0012835268489873874
765	 LLH-2	0.0013033137125061547	0.0013033137125061547
766	 LLH-0	0.0013019400850022068	0.0013019400850022068
767	 LLH-0	0.0013032157917749214	0.0013032157917749214
768	 LLH-5	0.0013036477390968196	0.0013036477390968196
769	 LLH-1	0.0013036477390968196	0.0013036477390968196
770	 LLH-4	0.0013025111885628226	0.0013025111885628226
772	 LLH-4	0.0013014024285338912	0.0013014024285338912
774	 LLH-4	0.0013002215039312663	0.0013002215039312663
777	 LLH-1	0.001300207765681706	0.001300207765681706
778	 LLH-5	0.0013005966702972864	0.0013005966702972864
779	 LLH-0	0.0012991801071859964	0.0012991801071859964
780	 LLH-0	0.0013003393527767002	0.0013003393527767002
781	 LLH-2	0.0012862385113705898	0.0012862385113705898
782	 LLH-1	0.0012862385113705898	0.0012862385113705898
783	 LLH-6	0.0012858124435003167	0.0012858124435003167
784	 LLH-6	0.0012843218801152174	0.0012843218801152174
785	 LLH-5	0.0012856860711320415	0.0012856860711320415
786	 LLH-6	0.0012870492464821912	0.0012870492464821912
787	 LLH-0	0.0012882348913937076	0.0012882348913937076
788	 LLH-2	0.001306932278099673	0.001306932278099673
789	 LLH-0	0.001308467426402836	0.001308467426402836
790	 LLH-4	0.0013069919635280214	0.0013069919635280214
792	 LLH-2	0.001306617667316401	0.001306617667316401
793	 LLH-1	0.001306617667316401	0.001306617667316401
794	 LLH-5	0.001308081071221154	0.001308081071221154
795	 LLH-4	0.0013071240521819439	0.0013071240521819439
797	 LLH-4	0.0013058333127675499	0.0013058333127675499
800	 LLH-1	0.0013058333127675499	0.0013058333127675499
801	 LLH-0	0.0013044739849195808	0.0013044739849195808
802	 LLH-2	0.0013123106113948394	0.0013123106113948394
803	 LLH-3	0.0012728987836961667	0.0012728987836961667
804	 LLH-4	0.0012719634073458743	0.0012719634073458743
806	 LLH-0	0.0012727025257776798	0.0012727025257776798
807	 LLH-2	0.0012760326269952078	0.0012760326269952078
808	 LLH-6	0.0012747490425426924	0.0012747490425426924
809	 LLH-3	0.0013460554266502573	0.0013460554266502573
810	 LLH-4	0.0013441158774539904	0.0013441158774539904
814	 LLH-3	0.0012710971240689729	0.0012710971240689729
815	 LLH-1	0.0012710494673163059	0.0012710494673163059
816	 LLH-3	0.0013535663902216298	0.0013535663902216298
817	 LLH-5	0.0013549406141219915	0.0013549406141219915
818	 LLH-0	0.001353159523898273	0.001353159523898273
819	 LLH-5	0.0013534980894367825	0.0013534980894367825
820	 LLH-6	0.001351886357592465	0.001351886357592465
821	 LLH-1	0.0013518509716243451	0.0013518509716243451
822	 LLH-6	0.0013524409630916155	0.0013524409630916155
823	 LLH-6	0.0013511821616610292	0.0013511821616610292
824	 LLH-6	0.001350104716597209	0.001350104716597209
825	 LLH-6	0.0013508444086367552	0.0013508444086367552
826	 LLH-4	0.0013491651528192697	0.0013491651528192697
829	 LLH-2	0.0013420618060298217	0.0013420618060298217
830	 LLH-1	0.0013420618060298217	0.0013420618060298217
831	 LLH-1	0.0013423245403630392	0.0013423245403630392
832	 LLH-6	0.0013426795957562025	0.0013426795957562025
833	 LLH-6	0.001341543367842809	0.001341543367842809
834	 LLH-4	0.001339916281886522	0.001339916281886522
838	 LLH-0	0.0013381268836507457	0.0013381268836507457
839	 LLH-2	0.0013355978593019692	0.0013355978593019692
840	 LLH-0	0.0013337528752806842	0.0013337528752806842
841	 LLH-4	0.0013319192115901757	0.0013319192115901757
844	 LLH-1	0.0013322491795261923	0.0013322491795261923
845	 LLH-4	0.001330505761312046	0.001330505761312046
848	 LLH-2	0.0013243212151705206	0.0013243212151705206
849	 LLH-4	0.0013226065339194074	0.0013226065339194074
853	 LLH-4	0.0013211214311324554	0.0013211214311324554
857	 LLH-2	0.0013137306842435244	0.0013137306842435244
858	 LLH-5	0.0013149325332094358	0.0013149325332094358
859	 LLH-4	0.001313336810167854	0.001313336810167854
861	 LLH-1	0.001313336810167854	0.001313336810167854
862	 LLH-5	0.00131326689986153	0.00131326689986153
863	 LLH-1	0.0013138878719576416	0.0013138878719576416
864	 LLH-0	0.0013124290574428985	0.0013124290574428985
865	 LLH-3	0.0014337627140563326	0.0013124290574428985
866	 LLH-2	0.0013259084708621238	0.0013259084708621238
867	 LLH-6	0.001327589438780283	0.001327589438780283
868	 LLH-4	0.0013261094537659272	0.0013261094537659272
870	 LLH-6	0.0013253240946592515	0.0013253240946592515
871	 LLH-4	0.0013240246967227251	0.0013240246967227251
874	 LLH-2	0.0013176904672598392	0.0013176904672598392
875	 LLH-6	0.0013190534794115826	0.0013190534794115826
876	 LLH-4	0.0013177383878049725	0.0013177383878049725
878	 LLH-4	0.0013164156996323942	0.0013164156996323942
881	 LLH-4	0.0013150959694432258	0.0013150959694432258
883	 LLH-1	0.0013151561482577974	0.0013151561482577974
884	 LLH-2	0.0013076504664391855	0.0013076504664391855
885	 LLH-1	0.0013076504664391855	0.0013076504664391855
886	 LLH-0	0.0013094607770914907	0.0013094607770914907
887	 LLH-0	0.001310920400364867	0.001310920400364867
888	 LLH-1	0.001310920400364867	0.001310920400364867
889	 LLH-2	0.0012962106859814387	0.0012962106859814387
890	 LLH-6	0.0012971412890732319	0.0012971412890732319
891	 LLH-1	0.001297014879009416	0.001297014879009416
892	 LLH-3	0.0012725098286291646	0.0012725098286291646
893	 LLH-3	0.0012569450063292709	0.0012569450063292709
894	 LLH-2	0.001269417553346182	0.001269417553346182
895	 LLH-3	0.0012525023483330078	0.0012525023483330078
896	 LLH-1	0.0012525023483330078	0.0012525023483330078
897	 LLH-1	0.0012525023483330078	0.0012525023483330078
898	 LLH-3	0.0012598973166808901	0.0012598973166808901
899	 LLH-3	0.0012770921906361788	0.0012770921906361788
900	 LLH-4	0.0012756732653590225	0.0012756732653590225
902	 LLH-0	0.0012963828661472986	0.0012963828661472986
903	 LLH-6	0.001294631624029226	0.001294631624029226
904	 LLH-3	0.0012623767141392048	0.0012623767141392048
905	 LLH-2	0.0012646263862489272	0.0012646263862489272
906	 LLH-4	0.001263420249729066	0.001263420249729066
908	 LLH-1	0.0012633390088721097	0.0012633390088721097
909	 LLH-5	0.0012636164525087386	0.0012636164525087386
910	 LLH-0	0.0012647025455697033	0.0012647025455697033
911	 LLH-4	0.001263866559701064	0.001263866559701064
914	 LLH-5	0.001263254668655196	0.001263254668655196
915	 LLH-2	0.0012699784316142974	0.0012699784316142974
916	 LLH-1	0.0012699883904532892	0.0012699883904532892
917	 LLH-1	0.0012699883904532892	0.0012699883904532892
918	 LLH-6	0.001269497909615657	0.001269497909615657
919	 LLH-5	0.0012700781704547603	0.0012700781704547603
920	 LLH-5	0.0012699137580906208	0.0012699137580906208
921	 LLH-0	0.0012708615996916857	0.0012708615996916857
922	 LLH-4	0.0012708615996916857	0.0012708615996916857
927	 LLH-5	0.0012706955343242013	0.0012706955343242013
928	 LLH-2	0.0012902481090803185	0.0012902481090803185
929	 LLH-5	0.001290551618836499	0.001290551618836499
930	 LLH-3	0.0013700524668504653	0.001290551618836499
931	 LLH-6	0.0012896936612148196	0.0012896936612148196
932	 LLH-5	0.001289843133056661	0.001289843133056661
933	 LLH-1	0.001289843133056661	0.001289843133056661
934	 LLH-6	0.0012890648511439495	0.0012890648511439495
935	 LLH-2	0.0012759886136396526	0.0012759886136396526
936	 LLH-3	0.0013711772351604262	0.0013711772351604262
937	 LLH-5	0.001371914060829497	0.001371914060829497
938	 LLH-1	0.001371914060829497	0.001371914060829497
939	 LLH-0	0.0013696729199483813	0.0013696729199483813
940	 LLH-1	0.0013696729199483813	0.0013696729199483813
941	 LLH-6	0.0013724601974898052	0.0013724601974898052
942	 LLH-0	0.0013699672175880755	0.0013699672175880755
943	 LLH-0	0.0013676239989687488	0.0013676239989687488
944	 LLH-0	0.001365069729237701	0.001365069729237701
945	 LLH-3	0.0012822024772005437	0.0012822024772005437
946	 LLH-1	0.0012822024772005437	0.0012822024772005437
947	 LLH-3	0.001350762110224596	0.0012822024772005437
948	 LLH-6	0.001282158469831702	0.001282158469831702
949	 LLH-6	0.0012808898489684564	0.0012808898489684564
950	 LLH-0	0.0012798328748420652	0.0012798328748420652
951	 LLH-0	0.0012788122833491606	0.0012788122833491606
952	 LLH-6	0.001278869719444297	0.001278869719444297
953	 LLH-4	0.0012779613625977912	0.0012779613625977912
957	 LLH-6	0.001279207452063162	0.001279207452063162
958	 LLH-2	0.0012849706891950301	0.0012849706891950301
959	 LLH-2	0.0012907492445258224	0.0012907492445258224
960	 LLH-2	0.0013070978002148626	0.0013070978002148626
961	 LLH-0	0.0012850421178077875	0.0012850421178077875
962	 LLH-5	0.0012855848698389459	0.0012855848698389459
963	 LLH-0	0.0012872642925609433	0.0012872642925609433
964	 LLH-1	0.0012872642925609433	0.0012872642925609433
965	 LLH-3	0.0012656464120377555	0.0012656464120377555
966	 LLH-6	0.0012694343306515407	0.0012694343306515407
967	 LLH-1	0.0012694343306515407	0.0012694343306515407
968	 LLH-6	0.001270143030714005	0.001270143030714005
969	 LLH-5	0.001269859063582401	0.001269859063582401
970	 LLH-4	0.0012690548635932756	0.0012690548635932756
972	 LLH-0	0.001269855686756436	0.001269855686756436
973	 LLH-1	0.001269855686756436	0.001269855686756436
974	 LLH-5	0.0012697604473631404	0.0012697604473631404
975	 LLH-6	0.0012685543628289352	0.0012685543628289352
976	 LLH-1	0.0012684567814209592	0.0012684567814209592
977	 LLH-3	0.0012559153107364815	0.0012559153107364815
978	 LLH-4	0.0012553248863750558	0.0012553248863750558
982	 LLH-6	0.0012552014103248508	0.0012552014103248508
983	 LLH-5	0.0012557083490998338	0.0012557083490998338
984	 LLH-0	0.0012563634547728922	0.0012563634547728922
985	 LLH-6	0.001258427082572229	0.001258427082572229
986	 LLH-4	0.001257803867024878	0.001257803867024878
991	 LLH-1	0.001257803867024878	0.001257803867024878
992	 LLH-1	0.001257803867024878	0.001257803867024878
993	 LLH-6	0.00125649009057343	0.00125649009057343
994	 LLH-4	0.00125649009057343	0.00125649009057343
999	 LLH-6	0.0012558628441533108	0.0012558628441533108
1000	 LLH-2	0.0012621317575195385	0.0012621317575195385
1001	 LLH-3	0.0012480850697816435	0.0012480850697816435
1002	 LLH-3	0.001304000499230117	0.0012480850697816435
1003	 LLH-1	0.0012480850697816435	0.0012480850697816435
1004	 LLH-3	0.001283813343214577	0.0012480850697816435
1005	 LLH-3	0.0012574713015376594	0.0012574713015376594
1006	 LLH-0	0.0012580891460579123	0.0012580891460579123
1007	 LLH-1	0.0012580891460579123	0.0012580891460579123
1008	 LLH-1	0.0012580891460579123	0.0012580891460579123
1009	 LLH-3	0.0012728869675170103	0.0012580891460579123
1010	 LLH-0	0.0012589888663298691	0.0012580891460579123
1011	 LLH-1	0.0012580891460579123	0.0012580891460579123
1012	 LLH-4	0.0012576110180037643	0.0012576110180037643
1014	 LLH-0	0.001258423728141102	0.001258423728141102
1015	 LLH-5	0.0012585837366856647	0.0012585837366856647
1016	 LLH-5	0.0012585983215539585	0.0012585983215539585
1017	 LLH-4	0.0012585983215539585	0.0012585983215539585
1022	 LLH-5	0.001258302997827062	0.001258302997827062
1023	 LLH-0	0.001258913037282738	0.001258913037282738
1024	 LLH-5	0.001258222352395942	0.001258222352395942
1025	 LLH-1	0.001258222352395942	0.001258222352395942
1026	 LLH-4	0.001257475180579306	0.001257475180579306
1031	 LLH-5	0.0012573564037021182	0.0012573564037021182
1032	 LLH-1	0.0012573564037021182	0.0012573564037021182
1033	 LLH-4	0.0012568627534971207	0.0012568627534971207
1036	 LLH-0	0.0012577287537212387	0.0012577287537212387
1037	 LLH-2	0.0012602405854381085	0.0012602405854381085
1038	 LLH-4	0.0012596316323354741	0.0012596316323354741
1040	 LLH-5	0.0012602991546953684	0.0012602991546953684
1041	 LLH-6	0.001258621922861231	0.001258621922861231
1042	 LLH-0	0.001259403107422473	0.001259403107422473
1043	 LLH-5	0.0012604444395204605	0.0012604444395204605
1044	 LLH-4	0.001259816301171014	0.001259816301171014
1048	 LLH-6	0.0012582201434382903	0.0012582201434382903
1049	 LLH-2	0.001266840026473214	0.001266840026473214
1050	 LLH-0	0.0012659869070358652	0.0012659869070358652
1051	 LLH-1	0.0012659869070358652	0.0012659869070358652
1052	 LLH-4	0.0012652040341225525	0.0012652040341225525
1054	 LLH-2	0.0012734773912131457	0.0012734773912131457
1055	 LLH-5	0.0012735385566757585	0.0012735385566757585
1056	 LLH-6	0.0012731468443294798	0.0012731468443294798
1057	 LLH-4	0.001272097567221442	0.001272097567221442
1059	 LLH-0	0.001272954344811945	0.001272954344811945
1060	 LLH-3	0.0013288012687100688	0.001272954344811945
1061	 LLH-1	0.001272954344811945	0.001272954344811945
1062	 LLH-1	0.001273032909590885	0.001273032909590885
1063	 LLH-0	0.0012743460389947315	0.0012743460389947315
1064	 LLH-3	0.0012537610153427543	0.0012537610153427543
1065	 LLH-5	0.0012531863760522253	0.0012531863760522253
1066	 LLH-1	0.0012531863760522253	0.0012531863760522253
1067	 LLH-3	0.0012887757601494044	0.0012531863760522253
1068	 LLH-6	0.0012527858624845874	0.0012527858624845874
1069	 LLH-0	0.0012533974623934417	0.0012533974623934417
1070	 LLH-1	0.0012533974623934417	0.0012533974623934417
1071	 LLH-2	0.001270873562342882	0.001270873562342882
1072	 LLH-5	0.0012720771261380175	0.0012720771261380175
1073	 LLH-5	0.0012709015696002494	0.0012709015696002494
1074	 LLH-4	0.0012702677309409684	0.0012702677309409684
1076	 LLH-0	0.0012695327584535698	0.0012695327584535698
1077	 LLH-6	0.0012693719394734166	0.0012693719394734166
1078	 LLH-6	0.0012701288596772416	0.0012701288596772416
1079	 LLH-5	0.0012700435867728087	0.0012700435867728087
1080	 LLH-1	0.0012700435867728087	0.0012700435867728087
1081	 LLH-0	0.0012711053541606659	0.0012711053541606659
1082	 LLH-0	0.0012702220226236982	0.0012702220226236982
1083	 LLH-6	0.001270687430534736	0.001270687430534736
1084	 LLH-2	0.0012685562269219518	0.0012685562269219518
1085	 LLH-1	0.0012685562269219518	0.0012685562269219518
1086	 LLH-3	0.0013486407672272066	0.0012685562269219518
1087	 LLH-3	0.001261484045038533	0.001261484045038533
1088	 LLH-4	0.001261484045038533	0.001261484045038533
1093	 LLH-5	0.0012624448381128737	0.0012624448381128737
1094	 LLH-2	0.001272099692193769	0.001272099692193769
1095	 LLH-6	0.001270857757874619	0.001270857757874619
1096	 LLH-1	0.0012705965362012571	0.0012705965362012571
1097	 LLH-3	0.0012582033437278791	0.0012582033437278791
1098	 LLH-6	0.001258032183459317	0.001258032183459317
1099	 LLH-3	0.0012492005581576254	0.0012492005581576254
1100	 LLH-2	0.001249212473253989	0.001249212473253989
1101	 LLH-5	0.001248594978272967	0.001248594978272967
1102	 LLH-2	0.001256895341256524	0.001256895341256524
1103	 LLH-1	0.001256895341256524	0.001256895341256524
1104	 LLH-1	0.001256709954501015	0.001256709954501015
1105	 LLH-3	0.0013109107799590177	0.0013109107799590177
1106	 LLH-5	0.0013120100723333819	0.0013120100723333819
1107	 LLH-1	0.001312317324425072	0.001312317324425072
1108	 LLH-1	0.0013125011146802607	0.0013125011146802607
1109	 LLH-3	0.0014405051466891664	0.0013125011146802607
1110	 LLH-4	0.0013112765719875599	0.0013112765719875599
1112	 LLH-6	0.0013099989793369116	0.0013099989793369116
1113	 LLH-4	0.0013087438759907919	0.0013087438759907919
1115	 LLH-0	0.0013103150991972008	0.0013103150991972008
1116	 LLH-5	0.0013107769117335225	0.0013107769117335225
1117	 LLH-1	0.0013107769117335225	0.0013107769117335225
1118	 LLH-3	0.0012742076845405324	0.0012742076845405324
1119	 LLH-3	0.0012597032207665765	0.0012597032207665765
1120	 LLH-1	0.0012597032207665765	0.0012597032207665765
1121	 LLH-6	0.0012589010912573665	0.0012589010912573665
1122	 LLH-5	0.0012604836326380944	0.0012604836326380944
1123	 LLH-4	0.00125985784956694	0.00125985784956694
1125	 LLH-5	0.0012581679128763762	0.0012581679128763762
1126	 LLH-5	0.0012580838903164492	0.0012580838903164492
1127	 LLH-0	0.0012589858937707816	0.0012589858937707816
1128	 LLH-2	0.0012630500771230863	0.0012630500771230863
1129	 LLH-1	0.001263060406764834	0.001263060406764834
1130	 LLH-3	0.0013322032387936558	0.001263060406764834
1131	 LLH-5	0.001262528995260555	0.001262528995260555
1132	 LLH-2	0.0012794811846490793	0.0012794811846490793
1133	 LLH-0	0.0012786864765398033	0.0012786864765398033
1134	 LLH-1	0.001278482765083268	0.001278482765083268
1135	 LLH-3	0.001263973490167893	0.001263973490167893
1136	 LLH-0	0.0012647969142528758	0.0012647969142528758
1137	 LLH-2	0.0012573633244274678	0.0012573633244274678
1138	 LLH-2	0.0012738672900701668	0.0012738672900701668
1139	 LLH-1	0.0012743188447693595	0.0012743188447693595
1140	 LLH-3	0.001346668050488237	0.0012743188447693595
1141	 LLH-2	0.0012851423581619103	0.0012851423581619103
1142	 LLH-3	0.0013480406493252156	0.0013480406493252156
1143	 LLH-2	0.0013471580081596945	0.0013471580081596945
1144	 LLH-5	0.0013483899087820225	0.0013483899087820225
1145	 LLH-0	0.0013468270149730422	0.0013468270149730422
1146	 LLH-4	0.0013448378500187784	0.0013448378500187784
1148	 LLH-4	0.001343037167328347	0.001343037167328347
1152	 LLH-4	0.0013412260292300008	0.0013412260292300008
1154	 LLH-6	0.0013416364897238867	0.0013416364897238867
1155	 LLH-1	0.001341603154645191	0.001341603154645191
1156	 LLH-1	0.0013413290197085764	0.0013413290197085764
1157	 LLH-1	0.0013413290197085764	0.0013413290197085764
1158	 LLH-2	0.0013203210205184669	0.0013203210205184669
1159	 LLH-2	0.001327727089678681	0.001327727089678681
1160	 LLH-6	0.0013261721957973866	0.0013261721957973866
1161	 LLH-3	0.0014654241959259147	0.0013261721957973866
1162	 LLH-0	0.001324327700025579	0.001324327700025579
1163	 LLH-5	0.0013238527972550026	0.0013238527972550026
1164	 LLH-3	0.001267204833108638	0.001267204833108638
1165	 LLH-5	0.0012680358289792056	0.0012680358289792056
1166	 LLH-1	0.0012681692812354214	0.0012681692812354214
1167	 LLH-0	0.0012668916851276467	0.0012668916851276467
1168	 LLH-3	0.0013422848560095512	0.0013422848560095512
1169	 LLH-4	0.00134011603343616	0.00134011603343616
1171	 LLH-3	0.001282425681897073	0.001282425681897073
1172	 LLH-6	0.0012829811807815628	0.0012829811807815628
1173	 LLH-2	0.0012744630024996277	0.0012744630024996277
1174	 LLH-1	0.0012744630024996277	0.0012744630024996277
1175	 LLH-3	0.0012653403580347026	0.0012653403580347026
1176	 LLH-3	0.0012442969798587486	0.0012442969798587486
1177	 LLH-2	0.0012611631244705604	0.0012611631244705604
1178	 LLH-6	0.0012630363109555707	0.0012630363109555707
1179	 LLH-4	0.0012630363109555707	0.0012630363109555707
1184	 LLH-0	0.0012618622040714198	0.0012618622040714198
1185	 LLH-3	0.001305661164650342	0.0012618622040714198
1186	 LLH-5	0.0012622295540877689	0.0012622295540877689
1187	 LLH-1	0.0012623685606817053	0.0012623685606817053
1188	 LLH-5	0.0012623778052454739	0.0012623778052454739
1189	 LLH-1	0.0012623778052454739	0.0012623778052454739
1190	 LLH-3	0.0013096997813938983	0.0012623778052454739
1191	 LLH-2	0.0012760904198975184	0.0012760904198975184
1192	 LLH-6	0.0012764165129433287	0.0012764165129433287
1193	 LLH-0	0.0012772022666110393	0.0012772022666110393
1194	 LLH-0	0.0012783684672065636	0.0012783684672065636
1195	 LLH-5	0.0012786729690002735	0.0012786729690002735
1196	 LLH-6	0.0012768089999941664	0.0012768089999941664
1197	 LLH-1	0.0012765210133629252	0.0012765210133629252
1198	 LLH-1	0.0012765210133629252	0.0012765210133629252
1199	 LLH-5	0.0012766899859606368	0.0012765210133629252
1200	 LLH-6	0.0012753490855893766	0.0012753490855893766
1201	 LLH-0	0.0012762002879782965	0.0012762002879782965
1202	 LLH-1	0.0012761684985456235	0.0012761684985456235
1203	 LLH-6	0.001276550235650396	0.0012761684985456235
1204	 LLH-0	0.0012749504590409471	0.0012749504590409471
1205	 LLH-5	0.001273854091831996	0.001273854091831996
1206	 LLH-3	0.00131396636343282	0.00131396636343282
1207	 LLH-5	0.0013148413253210416	0.0013148413253210416
1208	 LLH-3	0.0012738710146013661	0.0012738710146013661
1209	 LLH-4	0.0012729179465324999	0.0012729179465324999
1213	 LLH-0	0.001273817489428484	0.001273817489428484
1214	 LLH-0	0.001274850412702617	0.001274850412702617
1215	 LLH-1	0.0012747514112005395	0.0012747514112005395
1216	 LLH-0	0.0012757477425886254	0.0012757477425886254
1217	 LLH-2	0.0012777626745362875	0.0012777626745362875
1218	 LLH-6	0.0012790620372226877	0.0012790620372226877
1219	 LLH-0	0.001280079447896697	0.0012790620372226877
1220	 LLH-1	0.0012789907296203913	0.0012789907296203913
1221	 LLH-3	0.001342807242525829	0.0012789907296203913
1222	 LLH-6	0.0012790536226355803	0.0012790536226355803
1223	 LLH-1	0.0012790536226355803	0.0012790536226355803
1224	 LLH-5	0.001278993241899906	0.001278993241899906
1225	 LLH-3	0.0013346187278339813	0.001278993241899906
1226	 LLH-1	0.001278993241899906	0.001278993241899906
1227	 LLH-6	0.001279204600700014	0.001279204600700014
1228	 LLH-5	0.0012794127610393632	0.0012794127610393632
1229	 LLH-3	0.0012636518962970793	0.0012636518962970793
1230	 LLH-6	0.0012638945486369425	0.0012638945486369425
1231	 LLH-1	0.0012638945486369425	0.0012638945486369425
1232	 LLH-6	0.0012644963040060995	0.0012644963040060995
1233	 LLH-3	0.001254817087929278	0.001254817087929278
1234	 LLH-3	0.0012470239205449453	0.0012470239205449453
1235	 LLH-0	0.0012474292589409342	0.0012474292589409342
1236	 LLH-3	0.0012688555277331596	0.0012688555277331596
1237	 LLH-1	0.0012688555277331596	0.0012688555277331596
1238	 LLH-4	0.0012679931737273826	0.0012679931737273826
1241	 LLH-5	0.0012674381120848482	0.0012674381120848482
1242	 LLH-0	0.0012664330367354445	0.0012664330367354445
1243	 LLH-4	0.0012655129359206126	0.0012655129359206126
1246	 LLH-5	0.0012655129359206126	0.0012655129359206126
1247	 LLH-2	0.001282264192962114	0.001282264192962114
1248	 LLH-5	0.0012825128168322802	0.0012825128168322802
1249	 LLH-1	0.0012825128168322802	0.0012825128168322802
1250	 LLH-1	0.0012825128168322802	0.0012825128168322802
1251	 LLH-3	0.0012682099836603688	0.0012682099836603688
1252	 LLH-0	0.0012689105605360918	0.0012689105605360918
1253	 LLH-5	0.0012689525613832659	0.0012689525613832659
1254	 LLH-3	0.0012509715332208902	0.0012509715332208902
1255	 LLH-0	0.0012499667274667931	0.0012499667274667931
1256	 LLH-3	0.0012532109811839965	0.0012532109811839965
1257	 LLH-4	0.0012532109811839965	0.0012532109811839965
1262	 LLH-5	0.0012518690090323103	0.0012518690090323103
1263	 LLH-5	0.001251545129360316	0.001251545129360316
1264	 LLH-6	0.0012515110413825988	0.0012515110413825988
1265	 LLH-6	0.0012527362447171436	0.0012527362447171436
1266	 LLH-6	0.0012532354941318029	0.0012532354941318029
1267	 LLH-1	0.0012532354941318029	0.0012532354941318029
1268	 LLH-4	0.0012526518690469317	0.0012526518690469317
1271	 LLH-5	0.001252760618990053	0.001252760618990053
1272	 LLH-1	0.0012528227318941974	0.0012528227318941974
1273	 LLH-0	0.0012532520688964806	0.0012532520688964806
1274	 LLH-2	0.0012498632482255828	0.0012498632482255828
1275	 LLH-1	0.0012499451756399333	0.0012499451756399333
1276	 LLH-4	0.0012490426458403327	0.0012490426458403327
1281	 LLH-1	0.0012487242742298976	0.0012487242742298976
1282	 LLH-6	0.001248494268139636	0.001248494268139636
1283	 LLH-6	0.0012479952754069973	0.0012479952754069973
1284	 LLH-5	0.0012474826665680285	0.0012474826665680285
1285	 LLH-2	0.0012628074939478153	0.0012628074939478153
1286	 LLH-6	0.0012643912385191791	0.0012643912385191791
1287	 LLH-1	0.0012643912385191791	0.0012643912385191791
1288	 LLH-4	0.001263464079492789	0.001263464079492789
1291	 LLH-2	0.001259044718718873	0.001259044718718873
1292	 LLH-6	0.001259246256390991	0.001259246256390991
1293	 LLH-6	0.001259441511756335	0.001259441511756335
1294	 LLH-5	0.0012591713209803882	0.0012591713209803882
1295	 LLH-2	0.0012655986170341752	0.0012655986170341752
1296	 LLH-1	0.0012652747749338383	0.0012652747749338383
1297	 LLH-3	0.0012529346632936113	0.0012529346632936113
1298	 LLH-1	0.0012529346632936113	0.0012529346632936113
1299	 LLH-1	0.0012529346632936113	0.0012529346632936113
1300	 LLH-4	0.0012529346632936113	0.0012529346632936113
1305	 LLH-4	0.0012519625192992472	0.0012519625192992472
1308	 LLH-3	0.001311478659315497	0.0012519625192992472
1309	 LLH-0	0.0012525451412595283	0.0012525451412595283
1310	 LLH-5	0.001251795497515869	0.001251795497515869
1311	 LLH-2	0.0012571562838659283	0.0012571562838659283
1312	 LLH-6	0.001258619684221974	0.0012571562838659283
1313	 LLH-3	0.0013289275094236555	0.0012571562838659283
1314	 LLH-2	0.0012791475226101396	0.0012791475226101396
1315	 LLH-2	0.001290972011466528	0.0012791475226101396
1316	 LLH-3	0.0013277540993440157	0.0012791475226101396
1317	 LLH-1	0.0012791475226101396	0.0012791475226101396
1318	 LLH-2	0.001264094433402022	0.001264094433402022
1319	 LLH-5	0.0012628142118897689	0.0012628142118897689
1320	 LLH-1	0.0012628142118897689	0.0012628142118897689
1321	 LLH-2	0.0012813367798056748	0.0012813367798056748
1322	 LLH-2	0.0012899298309071213	0.0012813367798056748
1323	 LLH-6	0.0012824387571815734	0.0012824387571815734
1324	 LLH-0	0.0012835636435504722	0.0012835636435504722
1325	 LLH-0	0.0012824322891287659	0.0012824322891287659
1326	 LLH-2	0.0012748455391825221	0.0012748455391825221
1327	 LLH-3	0.0012670020344683014	0.0012670020344683014
1328	 LLH-4	0.0012659108855722022	0.0012659108855722022
1330	 LLH-4	0.0012649084785825403	0.0012649084785825403
1332	 LLH-1	0.0012646741850596617	0.0012646741850596617
1333	 LLH-4	0.0012646741850596617	0.0012646741850596617
1338	 LLH-1	0.0012646741850596617	0.0012646741850596617
1339	 LLH-4	0.0012638156791540368	0.0012638156791540368
1343	 LLH-4	0.0012629554524506538	0.0012629554524506538
1345	 LLH-1	0.0012629554524506538	0.0012629554524506538
1346	 LLH-4	0.0012620147067343307	0.0012620147067343307
1349	 LLH-2	0.0012628003335135923	0.0012628003335135923
1350	 LLH-1	0.0012628003335135923	0.0012628003335135923
1351	 LLH-1	0.0012626155738328035	0.0012626155738328035
1352	 LLH-6	0.0012614027389310427	0.0012614027389310427
1353	 LLH-0	0.0012605744112668342	0.0012605744112668342
1354	 LLH-6	0.0012603369694296552	0.0012603369694296552
1355	 LLH-3	0.0012580648502311738	0.0012580648502311738
1356	 LLH-2	0.0012511310405581666	0.0012511310405581666
1357	 LLH-6	0.0012510582520878504	0.0012510582520878504
1358	 LLH-1	0.0012509307126988439	0.0012509307126988439
1359	 LLH-6	0.0012509334100044365	0.0012509334100044365
1360	 LLH-4	0.0012509334100044365	0.0012509334100044365
1365	 LLH-5	0.0012508772759728213	0.0012508772759728213
1366	 LLH-1	0.0012509319255762108	0.0012509319255762108
1367	 LLH-1	0.0012509319255762108	0.0012509319255762108
1368	 LLH-5	0.0012511276205135456	0.0012511276205135456
1369	 LLH-1	0.0012511190803689651	0.0012511190803689651
1370	 LLH-5	0.0012512193797837678	0.0012512193797837678
1371	 LLH-1	0.0012512193797837678	0.0012512193797837678
1372	 LLH-1	0.0012512193797837678	0.0012512193797837678
1373	 LLH-5	0.0012519282887508483	0.0012519282887508483
1374	 LLH-2	0.001259689967006045	0.001259689967006045
1375	 LLH-2	0.0012645884497944093	0.0012645884497944093
1376	 LLH-6	0.0012641296402699804	0.0012641296402699804
1377	 LLH-4	0.001263151238237007	0.001263151238237007
1380	 LLH-3	0.0012620924823953878	0.0012620924823953878
1381	 LLH-1	0.0012620924823953878	0.0012620924823953878
1382	 LLH-2	0.001257679153836063	0.001257679153836063
1383	 LLH-2	0.0012573126625626126	0.0012573126625626126
1384	 LLH-0	0.001258070833246596	0.001258070833246596
1385	 LLH-2	0.0012674059583068556	0.001258070833246596
1386	 LLH-5	0.001259357309076657	0.001259357309076657
1387	 LLH-5	0.001259494356159786	0.001259494356159786
1388	 LLH-5	0.0012598932404682345	0.0012598932404682345
1389	 LLH-2	0.0012672527464077019	0.0012672527464077019
1390	 LLH-2	0.0012884046239230187	0.0012672527464077019
1391	 LLH-0	0.0012664979683443152	0.0012664979683443152
1392	 LLH-2	0.0012851170628007567	0.0012851170628007567
1393	 LLH-0	0.0012860481186433056	0.0012851170628007567
1394	 LLH-6	0.0012856985416535443	0.0012856985416535443
1395	 LLH-4	0.0012848050440247474	0.0012848050440247474
1400	 LLH-3	0.0013403051742662828	0.0012848050440247474
1401	 LLH-3	0.0012601635723643537	0.0012601635723643537
1402	 LLH-0	0.001260820413478008	0.001260820413478008
1403	 LLH-3	0.0012588421400313134	0.0012588421400313134
1404	 LLH-0	0.0012582115694931215	0.0012582115694931215
1405	 LLH-6	0.0012603912626066838	0.0012603912626066838
1406	 LLH-2	0.0012562454357121727	0.0012562454357121727
1407	 LLH-6	0.001254478024930684	0.001254478024930684
1408	 LLH-4	0.0012538820241847664	0.0012538820241847664
1412	 LLH-6	0.001253115667939349	0.001253115667939349
1413	 LLH-4	0.001253115667939349	0.001253115667939349
1418	 LLH-0	0.0012537490653564828	0.0012537490653564828
1419	 LLH-5	0.0012539704516013742	0.0012537490653564828
1420	 LLH-5	0.001254175322261279	0.001254175322261279
1421	 LLH-2	0.0012551253394213996	0.0012551253394213996
1422	 LLH-1	0.0012551253394213996	0.0012551253394213996
1423	 LLH-6	0.0012549282077253658	0.0012549282077253658
1424	 LLH-2	0.0012629637955613913	0.0012629637955613913
1425	 LLH-0	0.001263791323662874	0.001263791323662874
1426	 LLH-4	0.0012628482141667664	0.0012628482141667664
1428	 LLH-3	0.0012544383404507376	0.0012544383404507376
1429	 LLH-3	0.0012593747624952015	0.0012593747624952015
1430	 LLH-4	0.0012593747624952015	0.0012593747624952015
1435	 LLH-3	0.0012994235882638654	0.0012593747624952015
1436	 LLH-6	0.0012590647015827915	0.0012590647015827915
1437	 LLH-0	0.0012597618270664842	0.0012597618270664842
1438	 LLH-3	0.0012947397602938262	0.0012597618270664842
1439	 LLH-2	0.0012530670264786206	0.0012530670264786206
1440	 LLH-4	0.0012530670264786206	0.0012530670264786206
1445	 LLH-3	0.0012568543139571927	0.0012530670264786206
1446	 LLH-0	0.001253657403220606	0.001253657403220606
1447	 LLH-3	0.0012477041932666682	0.0012477041932666682
1448	 LLH-1	0.0012477041932666682	0.0012477041932666682
1449	 LLH-4	0.0012469387388740073	0.0012469387388740073
1454	 LLH-1	0.0012469387388740073	0.0012469387388740073
1455	 LLH-6	0.0012473663124073263	0.0012473663124073263
1456	 LLH-3	0.0012429292304409684	0.0012429292304409684
1457	 LLH-6	0.0012427057313717925	0.0012427057313717925
1458	 LLH-6	0.0012435603232627997	0.0012427057313717925
1459	 LLH-6	0.0012437754636627442	0.0012437754636627442
1460	 LLH-1	0.0012437754636627442	0.0012437754636627442
1461	 LLH-6	0.0012446195049919105	0.0012446195049919105
1462	 LLH-2	0.0012520244927412183	0.0012520244927412183
1463	 LLH-2	0.0012639929813109884	0.0012520244927412183
1464	 LLH-0	0.0012527858483430767	0.0012527858483430767
1465	 LLH-6	0.0012527879324929748	0.0012527879324929748
1466	 LLH-3	0.0012503518427990712	0.0012503518427990712
1467	 LLH-1	0.0012503518427990712	0.0012503518427990712
1468	 LLH-6	0.0012504796594310563	0.0012504796594310563
1469	 LLH-5	0.0012506027579334235	0.0012506027579334235
1470	 LLH-6	0.0012514358385344205	0.0012514358385344205
1471	 LLH-0	0.001250689626198426	0.001250689626198426
1472	 LLH-2	0.001246371783280403	0.001246371783280403
1473	 LLH-3	0.0012954758230903053	0.001246371783280403
1474	 LLH-6	0.001246207250486615	0.001246207250486615
1475	 LLH-6	0.001246164142245786	0.001246164142245786
1476	 LLH-3	0.0013006779603673038	0.001246164142245786
1477	 LLH-2	0.0012594640606527457	0.001246164142245786
1478	 LLH-5	0.0012462586239954509	0.0012462586239954509
1479	 LLH-0	0.001262464910706202	0.0012462586239954509
1480	 LLH-4	0.0012462586239954509	0.0012462586239954509
1485	 LLH-1	0.001246368889971202	0.001246368889971202
1486	 LLH-1	0.001246368889971202	0.001246368889971202
1487	 LLH-0	0.0012468404133427796	0.001246368889971202
1488	 LLH-0	0.0012472280230346607	0.0012472280230346607
1489	 LLH-6	0.0012473368734285625	0.0012473368734285625
1490	 LLH-2	0.001255639409819469	0.0012473368734285625
1491	 LLH-5	0.0012474331861402742	0.0012474331861402742
1492	 LLH-6	0.0012479449242580782	0.0012479449242580782
1493	 LLH-2	0.001266106058455564	0.0012479449242580782
1494	 LLH-4	0.0012479449242580782	0.0012479449242580782
1499	 LLH-2	0.0012540992519462998	0.0012479449242580782
1500	 LLH-4	0.0012473423855547932	0.0012473423855547932
1503	 LLH-5	0.0012485405266883134	0.0012473423855547932
1504	 LLH-5	0.0012476171588776937	0.0012476171588776937
1505	 LLH-0	0.0012636117157435352	0.0012476171588776937
1506	 LLH-1	0.001247587836250297	0.001247587836250297
1507	 LLH-6	0.0012469317145327682	0.0012469317145327682
1508	 LLH-1	0.0012469317145327682	0.0012469317145327682
1509	 LLH-1	0.0012469317145327682	0.0012469317145327682
1510	 LLH-2	0.0012507547265264993	0.0012507547265264993
1511	 LLH-4	0.001250228326172332	0.001250228326172332
1514	 LLH-1	0.001250058188295485	0.001250058188295485
1515	 LLH-6	0.0012493154659141683	0.0012493154659141683
1516	 LLH-6	0.001249270482577467	0.001249270482577467
1517	 LLH-4	0.001248635401090912	0.001248635401090912
1519	 LLH-0	0.001249448235965699	0.001249448235965699
1520	 LLH-1	0.001249448235965699	0.001249448235965699
1521	 LLH-4	0.0012487176180445275	0.0012487176180445275
1524	 LLH-4	0.0012487176180445275	0.0012487176180445275
1529	 LLH-6	0.0012479052930126028	0.0012479052930126028
1530	 LLH-6	0.0012477979721844535	0.0012477979721844535
1531	 LLH-1	0.0012477979721844535	0.0012477979721844535
1532	 LLH-2	0.0012678698468127673	0.0012477979721844535
1533	 LLH-2	0.0012719794466388304	0.0012477979721844535
1534	 LLH-0	0.0012649640741467932	0.0012649640741467932
1535	 LLH-6	0.0012660058967552924	0.0012660058967552924
1536	 LLH-4	0.0012489169709543658	0.0012489169709543658
1538	 LLH-2	0.0012608412150045478	0.0012608412150045478
1539	 LLH-2	0.001265720423528889	0.0012608412150045478
1540	 LLH-6	0.0012631234335866827	0.0012631234335866827
1541	 LLH-3	0.001253732463738382	0.001253732463738382
1542	 LLH-4	0.001253732463738382	0.001253732463738382
1547	 LLH-3	0.0013018891988185695	0.0013018891988185695
1548	 LLH-2	0.0012953439205207564	0.0012953439205207564
1549	 LLH-6	0.001293635615839618	0.001293635615839618
1550	 LLH-3	0.0012594018767464604	0.0012594018767464604
1551	 LLH-1	0.0012594018767464604	0.0012594018767464604
1552	 LLH-2	0.0012789899191441628	0.0012594018767464604
1553	 LLH-6	0.001260284512826551	0.001260284512826551
1554	 LLH-3	0.001246830504774899	0.001246830504774899
1555	 LLH-6	0.0012479235196358016	0.0012479235196358016
1556	 LLH-4	0.001247294376592776	0.001247294376592776
1560	 LLH-4	0.0012467753729255597	0.0012467753729255597
1562	 LLH-0	0.001247487734090779	0.001247487734090779
1563	 LLH-4	0.0012469539713425822	0.0012469539713425822
1568	 LLH-5	0.0012470915706249064	0.0012470915706249064
1569	 LLH-0	0.00124757610468208	0.00124757610468208
1570	 LLH-2	0.0012612133881777783	0.0012612133881777783
1571	 LLH-5	0.0012608695232010085	0.0012608695232010085
1572	 LLH-0	0.0012616742655342736	0.0012616742655342736
1573	 LLH-3	0.001255901124181819	0.001255901124181819
1574	 LLH-0	0.0012567970677811197	0.0012567970677811197
1575	 LLH-6	0.0012567955512211794	0.0012567955512211794
1576	 LLH-1	0.0012567209793156104	0.0012567209793156104
1577	 LLH-1	0.0012567209793156104	0.0012567209793156104
1578	 LLH-1	0.0012567209793156104	0.0012567209793156104
1579	 LLH-6	0.0012574796289845233	0.0012574796289845233
1580	 LLH-5	0.0012571705028607042	0.0012571705028607042
1581	 LLH-0	0.001257803449892546	0.001257803449892546
1582	 LLH-0	0.0012589590601051529	0.0012589590601051529
1583	 LLH-1	0.0012590591019830657	0.0012590591019830657
1584	 LLH-0	0.001259684131525614	0.001259684131525614
1585	 LLH-5	0.0012597823801599086	0.0012597823801599086
1586	 LLH-5	0.0012597079296356082	0.0012597079296356082
1587	 LLH-2	0.0012575798632467167	0.0012575798632467167
1588	 LLH-0	0.0012585283454670227	0.0012585283454670227
1589	 LLH-0	0.0012577086990633727	0.0012577086990633727
1590	 LLH-0	0.0012584694456490128	0.0012584694456490128
1591	 LLH-4	0.0012577238114920956	0.0012577238114920956
1595	 LLH-4	0.0012568066386120218	0.0012568066386120218
1598	 LLH-0	0.001256119043100576	0.001256119043100576
1599	 LLH-1	0.0012560363210034613	0.0012560363210034613
1600	 LLH-1	0.0012560363210034613	0.0012560363210034613
1601	 LLH-5	0.001256909427750757	0.001256909427750757
1602	 LLH-0	0.001256085138687306	0.001256085138687306
1603	 LLH-2	0.0012689967229336935	0.001256085138687306
1604	 LLH-5	0.001255791380443971	0.001255791380443971
1605	 LLH-3	0.0012529835424026222	0.0012529835424026222
1606	 LLH-3	0.0012495322927829858	0.0012495322927829858
1607	 LLH-2	0.0012608077457095378	0.0012495322927829858
1608	 LLH-4	0.0012488164131111321	0.0012488164131111321
1612	 LLH-3	0.0012733627533017622	0.0012488164131111321
1613	 LLH-4	0.0012488164131111321	0.0012488164131111321
1618	 LLH-3	0.0012783712320310792	0.0012488164131111321
1619	 LLH-2	0.0012613864219740963	0.0012613864219740963
1620	 LLH-1	0.001261619597656006	0.001261619597656006
1621	 LLH-5	0.0012616192890363353	0.0012616192890363353
1622	 LLH-3	0.0012506418833002362	0.0012506418833002362
1623	 LLH-3	0.0012925328760334143	0.0012506418833002362
1624	 LLH-1	0.0012506418833002362	0.0012506418833002362
1625	 LLH-2	0.0012444264433886583	0.0012444264433886583
1626	 LLH-0	0.0012449016416077726	0.0012449016416077726
1627	 LLH-1	0.0012450650255060962	0.0012450650255060962
1628	 LLH-3	0.0013042924539971355	0.0012450650255060962
1629	 LLH-1	0.0012450650255060962	0.0012450650255060962
1630	 LLH-5	0.0012450260159106647	0.0012450260159106647
1631	 LLH-5	0.0012445567399168576	0.0012445567399168576
1632	 LLH-1	0.0012445567399168576	0.0012445567399168576
1633	 LLH-2	0.001254960637027007	0.0012445567399168576
1634	 LLH-2	0.0012473579565559774	0.0012473579565559774
1635	 LLH-0	0.0012468467042026127	0.0012468467042026127
1636	 LLH-4	0.0012468467042026127	0.0012468467042026127
1641	 LLH-5	0.0012479612120254119	0.0012479612120254119
1642	 LLH-6	0.0012499242304404674	0.0012499242304404674
1643	 LLH-0	0.0012505517958716107	0.0012505517958716107
1644	 LLH-6	0.0012510388241545715	0.0012510388241545715
1645	 LLH-4	0.0012500521083194656	0.0012500521083194656
1647	 LLH-1	0.0012500521083194656	0.0012500521083194656
1648	 LLH-2	0.0012660991316133519	0.0012500521083194656
1649	 LLH-1	0.0012500521083194656	0.0012500521083194656
1650	 LLH-2	0.001272959859521428	0.0012500521083194656
1651	 LLH-1	0.0012500521083194656	0.0012500521083194656
1652	 LLH-4	0.0012500521083194656	0.0012500521083194656
1657	 LLH-6	0.0012507545350847775	0.0012507545350847775
1658	 LLH-5	0.0012502072078350661	0.0012502072078350661
1659	 LLH-0	0.0012510078204956393	0.0012510078204956393
1660	 LLH-6	0.0012502079630643344	0.0012502079630643344
1661	 LLH-1	0.0012502079630643344	0.0012502079630643344
1662	 LLH-6	0.0012497461685012608	0.0012497461685012608
1663	 LLH-3	0.001251165921438344	0.001251165921438344
1664	 LLH-3	0.0013037750032189	0.001251165921438344
1665	 LLH-5	0.0012515190657462236	0.0012515190657462236
1666	 LLH-4	0.0012509435645491433	0.0012509435645491433
1670	 LLH-3	0.0012844649716664447	0.0012844649716664447
1671	 LLH-5	0.0012833059897407015	0.0012833059897407015
1672	 LLH-3	0.001264281630718316	0.001264281630718316
1673	 LLH-6	0.001264820474972126	0.001264820474972126
1674	 LLH-2	0.001271490981117669	0.001264820474972126
1675	 LLH-1	0.001264820474972126	0.001264820474972126
1676	 LLH-2	0.0012624416221743743	0.0012624416221743743
1677	 LLH-1	0.0012629089186943067	0.0012629089186943067
1678	 LLH-3	0.0013138520877964586	0.0012629089186943067
1679	 LLH-2	0.0012671733370578598	0.0012671733370578598
1680	 LLH-2	0.0012864539645038053	0.0012671733370578598
1681	 LLH-3	0.001249199318834137	0.001249199318834137
1682	 LLH-0	0.0012662927662859778	0.001249199318834137
1683	 LLH-6	0.0012480845290707538	0.0012480845290707538
1684	 LLH-6	0.0012486577298793519	0.0012486577298793519
1685	 LLH-1	0.0012485259410884128	0.0012485259410884128
1686	 LLH-0	0.001249487712641225	0.001249487712641225
1687	 LLH-4	0.0012487153032001827	0.0012487153032001827
1690	 LLH-6	0.0012479577152170306	0.0012479577152170306
1691	 LLH-1	0.0012476495710858702	0.0012476495710858702
1692	 LLH-1	0.0012476495710858702	0.0012476495710858702
1693	 LLH-0	0.0012483704407545645	0.0012483704407545645
1694	 LLH-4	0.0012477828410688435	0.0012477828410688435
1699	 LLH-0	0.0012483974949355147	0.0012483974949355147
1700	 LLH-0	0.001249449782304561	0.001249449782304561
1701	 LLH-0	0.001250231972607158	0.001249449782304561
1702	 LLH-6	0.001250212268866003	0.001250212268866003
1703	 LLH-2	0.0012542454458802455	0.0012542454458802455
1704	 LLH-1	0.0012542454458802455	0.0012542454458802455
1705	 LLH-3	0.0013506804694790962	0.0012542454458802455
1706	 LLH-1	0.0012542097311317776	0.0012542097311317776
1707	 LLH-1	0.0012542097311317776	0.0012542097311317776
1708	 LLH-4	0.0012542097311317776	0.0012542097311317776
1713	 LLH-0	0.0012720513030434338	0.0012542097311317776
1714	 LLH-3	0.0013381009140459937	0.0012542097311317776
1715	 LLH-5	0.001254264669448235	0.001254264669448235
1716	 LLH-6	0.0012547609801393713	0.0012547609801393713
1717	 LLH-1	0.0012547609801393713	0.0012547609801393713
1718	 LLH-0	0.0012726868012974024	0.0012547609801393713
1719	 LLH-6	0.001254972760588293	0.001254972760588293
1720	 LLH-5	0.001255254090812371	0.001255254090812371
1721	 LLH-4	0.001255254090812371	0.001255254090812371
1726	 LLH-2	0.0012783314588601829	0.001255254090812371
1727	 LLH-3	0.0013309916668814347	0.001255254090812371
1728	 LLH-1	0.0012549683270499585	0.0012549683270499585
1729	 LLH-2	0.00126879713946463	0.00126879713946463
1730	 LLH-2	0.0012646149348292815	0.0012646149348292815
1731	 LLH-4	0.0012634920940597656	0.0012634920940597656
1733	 LLH-3	0.0012515339973828694	0.0012515339973828694
1734	 LLH-4	0.0012506841156834088	0.0012506841156834088
1737	 LLH-5	0.0012504365835766392	0.0012504365835766392
1738	 LLH-3	0.0012528001433788495	0.0012528001433788495
1739	 LLH-3	0.0012930037899181314	0.0012528001433788495
1740	 LLH-4	0.0012528001433788495	0.0012528001433788495
1745	 LLH-2	0.0012537301652625853	0.0012537301652625853
1746	 LLH-0	0.0012528139022229302	0.0012528139022229302
1747	 LLH-3	0.0013077793503238878	0.0012528139022229302
1748	 LLH-0	0.0012521150904138204	0.0012521150904138204
1749	 LLH-0	0.0012530716127367957	0.0012530716127367957
1750	 LLH-4	0.0012524069208538313	0.0012524069208538313
1754	 LLH-3	0.0012459499397598746	0.0012459499397598746
1755	 LLH-2	0.001260980343812515	0.0012459499397598746
1756	 LLH-2	0.0012506197241190474	0.0012506197241190474
1757	 LLH-4	0.0012498640107671986	0.0012498640107671986
1762	 LLH-2	0.0012725505345583075	0.0012498640107671986
1763	 LLH-6	0.001249464746253196	0.001249464746253196
1764	 LLH-5	0.0012496273079318802	0.0012496273079318802
1765	 LLH-6	0.0012500922914936306	0.0012500922914936306
1766	 LLH-3	0.0012530580129487736	0.0012500922914936306
1767	 LLH-3	0.0013267015261520464	0.0012500922914936306
1768	 LLH-3	0.0012503967366156502	0.0012503967366156502
1769	 LLH-5	0.0012509557457346544	0.0012509557457346544
1770	 LLH-6	0.0012508074171986004	0.0012508074171986004
1771	 LLH-5	0.0012502429827985079	0.0012502429827985079
1772	 LLH-4	0.0012494597059707713	0.0012494597059707713
1776	 LLH-4	0.0012484977743641554	0.0012484977743641554
1781	 LLH-1	0.0012484977743641554	0.0012484977743641554
1782	 LLH-1	0.0012485064384993312	0.0012485064384993312
1783	 LLH-5	0.0012486894269347862	0.0012486894269347862
1784	 LLH-1	0.0012486894269347862	0.0012486894269347862
1785	 LLH-6	0.0012486642299681292	0.0012486642299681292
1786	 LLH-3	0.0012476112411178048	0.0012476112411178048
1787	 LLH-6	0.0012474210663745808	0.0012474210663745808
1788	 LLH-4	0.0012467720082918658	0.0012467720082918658
1790	 LLH-0	0.0012472306141859083	0.0012472306141859083
1791	 LLH-1	0.0012472873773442376	0.0012472873773442376
1792	 LLH-2	0.001250271947982295	0.001250271947982295
1793	 LLH-1	0.001250271947982295	0.001250271947982295
1794	 LLH-3	0.001255292767831309	0.001250271947982295
1795	 LLH-4	0.0012494072792502285	0.0012494072792502285
1800	 LLH-0	0.0012500036219252177	0.0012500036219252177
1801	 LLH-4	0.0012500036219252177	0.0012500036219252177
1806	 LLH-1	0.0012499137005399384	0.0012499137005399384
1807	 LLH-2	0.0012669096060193312	0.0012499137005399384
1808	 LLH-5	0.001249862362113559	0.001249862362113559
1809	 LLH-3	0.0012897843647147185	0.001249862362113559
1810	 LLH-1	0.001249862362113559	0.001249862362113559
1811	 LLH-1	0.001249862362113559	0.001249862362113559
1812	 LLH-1	0.001249862362113559	0.001249862362113559
1813	 LLH-6	0.0012489180469020301	0.0012489180469020301
1814	 LLH-2	0.0012667064686861346	0.0012489180469020301
1815	 LLH-6	0.0012499380539439412	0.0012499380539439412
1816	 LLH-0	0.0012493453736004837	0.0012493453736004837
1817	 LLH-4	0.0012488233262875834	0.0012488233262875834
1820	 LLH-3	0.0012572732025036208	0.0012488233262875834
1821	 LLH-4	0.0012482480795934126	0.0012482480795934126
1824	 LLH-6	0.0012484103731217485	0.0012484103731217485
1825	 LLH-6	0.0012486665190788687	0.0012486665190788687
1826	 LLH-1	0.0012487649230684783	0.0012487649230684783
1827	 LLH-6	0.001248770258743443	0.001248770258743443
1828	 LLH-0	0.001249427264760225	0.001248770258743443
1829	 LLH-3	0.0012544298512826505	0.0012544298512826505
1830	 LLH-0	0.001254888936942648	0.001254888936942648
1831	 LLH-5	0.0012549689942699563	0.0012549689942699563
1832	 LLH-0	0.0012555139847677402	0.0012555139847677402
1833	 LLH-5	0.0012558116478347337	0.0012558116478347337
1834	 LLH-5	0.001256202054129451	0.001256202054129451
1835	 LLH-3	0.0012564114236839519	0.0012564114236839519
1836	 LLH-0	0.0012416385000108279	0.0012416385000108279
1837	 LLH-6	0.0012412127657937151	0.0012412127657937151
1838	 LLH-4	0.0012412127657937151	0.0012412127657937151
1843	 LLH-1	0.0012412127657937151	0.0012412127657937151
1844	 LLH-2	0.0012512327148479396	0.0012412127657937151
1845	 LLH-1	0.0012412127657937151	0.0012412127657937151
1846	 LLH-0	0.0012417759363776428	0.0012417759363776428
1847	 LLH-3	0.0012736459150342158	0.0012417759363776428
1848	 LLH-5	0.001241753714702433	0.001241753714702433
1849	 LLH-0	0.0012425433679725231	0.0012425433679725231
1850	 LLH-3	0.0012786098188481768	0.0012425433679725231
1851	 LLH-1	0.0012429727578916565	0.0012429727578916565
1852	 LLH-3	0.0012753223782485763	0.0012429727578916565
1853	 LLH-5	0.0012429469714297782	0.0012429469714297782
1854	 LLH-6	0.0012426246173436926	0.0012426246173436926
1855	 LLH-4	0.0012420811596202878	0.0012420811596202878
1860	 LLH-0	0.0012426644642207676	0.0012420811596202878
1861	 LLH-3	0.0012490009146642383	0.0012420811596202878
1862	 LLH-1	0.0012420811596202878	0.0012420811596202878
1863	 LLH-1	0.0012420811596202878	0.0012420811596202878
1864	 LLH-2	0.0012503447438501976	0.0012420811596202878
1865	 LLH-5	0.0012419664801528803	0.0012419664801528803
1866	 LLH-3	0.0012884005692663132	0.0012419664801528803
1867	 LLH-5	0.001241925602756313	0.001241925602756313
1868	 LLH-1	0.001241925602756313	0.001241925602756313
1869	 LLH-5	0.0012417571990032275	0.0012417571990032275
1870	 LLH-4	0.001241340956801962	0.001241340956801962
1872	 LLH-1	0.001241340956801962	0.001241340956801962
1873	 LLH-3	0.0012560803371053503	0.001241340956801962
1874	 LLH-0	0.0012419963972681509	0.0012419963972681509
1875	 LLH-6	0.0012418103708025405	0.0012418103708025405
1876	 LLH-4	0.0012413756826808566	0.0012413756826808566
1880	 LLH-2	0.0012508305098712534	0.0012413756826808566
1881	 LLH-2	0.0012472127030639763	0.0012413756826808566
1882	 LLH-0	0.0012557481661184828	0.0012413756826808566
1883	 LLH-5	0.0012412934637828024	0.0012412934637828024
1884	 LLH-4	0.0012412934637828024	0.0012412934637828024
1889	 LLH-2	0.0012535378156127927	0.0012412934637828024
1890	 LLH-4	0.0012412934637828024	0.0012412934637828024
1895	 LLH-1	0.0012412934637828024	0.0012412934637828024
1896	 LLH-0	0.0012416824210802271	0.0012416824210802271
1897	 LLH-2	0.001249218514827657	0.0012416824210802271
1898	 LLH-5	0.0012423823385161931	0.0012423823385161931
1899	 LLH-0	0.0012429349521347797	0.0012429349521347797
1900	 LLH-6	0.0012433411238337718	0.0012433411238337718
1901	 LLH-0	0.00124373098982218	0.00124373098982218
1902	 LLH-1	0.00124373098982218	0.00124373098982218
1903	 LLH-6	0.0012439656802001623	0.0012439656802001623
1904	 LLH-0	0.0012443792024411967	0.0012443792024411967
1905	 LLH-4	0.001243950186811361	0.001243950186811361
1907	 LLH-1	0.001243950186811361	0.001243950186811361
1908	 LLH-3	0.0012745369164934115	0.001243950186811361
1909	 LLH-6	0.0012440922296081758	0.0012440922296081758
1910	 LLH-1	0.0012443193290078533	0.0012443193290078533
1911	 LLH-1	0.0012443193290078533	0.0012443193290078533
1912	 LLH-1	0.0012443193290078533	0.0012443193290078533
1913	 LLH-2	0.001256805298672145	0.0012443193290078533
1914	 LLH-4	0.0012443193290078533	0.0012443193290078533
1919	 LLH-1	0.0012442306221277849	0.0012442306221277849
1920	 LLH-6	0.0012442628978343068	0.0012442628978343068
1921	 LLH-1	0.001243999296136969	0.001243999296136969
1922	 LLH-6	0.0012444145809956974	0.0012444145809956974
1923	 LLH-1	0.0012444145809956974	0.0012444145809956974
1924	 LLH-2	0.0012532268277690546	0.0012444145809956974
1925	 LLH-3	0.0012822713888409004	0.0012444145809956974
1926	 LLH-6	0.0012431945047766523	0.0012431945047766523
1927	 LLH-0	0.0012437251884473337	0.0012437251884473337
1928	 LLH-3	0.0012463253347879994	0.0012437251884473337
1929	 LLH-6	0.0012435653302911034	0.0012435653302911034
1930	 LLH-6	0.00124310335724459	0.00124310335724459
1931	 LLH-5	0.0012432634144097297	0.0012432634144097297
1932	 LLH-1	0.0012432634144097297	0.0012432634144097297
1933	 LLH-0	0.001242706856868455	0.001242706856868455
1934	 LLH-1	0.001242706856868455	0.001242706856868455
1935	 LLH-5	0.0012428115021296583	0.0012428115021296583
1936	 LLH-3	0.0012799002089543734	0.0012428115021296583
1937	 LLH-3	0.001285059836937785	0.0012428115021296583
1938	 LLH-4	0.0012422661578089316	0.0012422661578089316
1940	 LLH-3	0.001246395930119111	0.0012422661578089316
1941	 LLH-1	0.0012422661578089316	0.0012422661578089316
1942	 LLH-0	0.0012427859815863905	0.0012427859815863905
1943	 LLH-2	0.0012503719214357202	0.0012427859815863905
1944	 LLH-6	0.0012433519731000632	0.0012433519731000632
1945	 LLH-5	0.0012436878628355357	0.0012436878628355357
1946	 LLH-1	0.0012436878628355357	0.0012436878628355357
1947	 LLH-3	0.0012482310414819195	0.0012436878628355357
1948	 LLH-1	0.0012437271077861	0.0012437271077861
1949	 LLH-5	0.0012434926135063086	0.0012434926135063086
1950	 LLH-4	0.0012434926135063086	0.0012434926135063086
1955	 LLH-6	0.0012435816051073897	0.0012435816051073897
1956	 LLH-6	0.0012442311696855147	0.0012442311696855147
1957	 LLH-6	0.0012438814771013518	0.0012438814771013518
1958	 LLH-4	0.0012434673160468567	0.0012434673160468567
1963	 LLH-2	0.0012540963705227524	0.0012434673160468567
1964	 LLH-3	0.00128016518109683	0.0012434673160468567
1965	 LLH-0	0.0012429701740320396	0.0012429701740320396
1966	 LLH-3	0.001294221359173433	0.0012429701740320396
1967	 LLH-3	0.0012775995428878134	0.0012429701740320396
1968	 LLH-2	0.0012529956395116893	0.0012429701740320396
1969	 LLH-0	0.0012433861380950573	0.0012433861380950573
1970	 LLH-1	0.0012433861380950573	0.0012433861380950573
1971	 LLH-1	0.0012433861380950573	0.0012433861380950573
1972	 LLH-5	0.0012431592116916815	0.0012431592116916815
1973	 LLH-0	0.0012438493289157993	0.0012438493289157993
1974	 LLH-6	0.0012441069157168912	0.0012441069157168912
1975	 LLH-5	0.0012438011701915003	0.0012438011701915003
1976	 LLH-4	0.0012438011701915003	0.0012438011701915003
1981	 LLH-1	0.0012438011701915003	0.0012438011701915003
1982	 LLH-2	0.0012590282291344837	0.0012590282291344837
1983	 LLH-1	0.0012590282291344837	0.0012590282291344837
1984	 LLH-2	0.0012605512272891055	0.0012605512272891055
1985	 LLH-2	0.001269122940102607	0.0012605512272891055
1986	 LLH-5	0.0012606559636050268	0.0012606559636050268
1987	 LLH-2	0.001266534066552622	0.0012606559636050268
1988	 LLH-3	0.001246161142105459	0.001246161142105459
1989	 LLH-6	0.001245819418338068	0.001245819418338068
1990	 LLH-2	0.0012525008249061435	0.0012525008249061435
1991	 LLH-4	0.0012518312693392993	0.0012518312693392993
1995	 LLH-4	0.001251227105043368	0.001251227105043368
1997	 LLH-4	0.001251227105043368	0.001251227105043368