Initial objective 0.0013105094734534607
1	 LLH-5	0.0013093153716327113	0.0013093153716327113
2	 LLH-0	0.0013076517370912597	0.0013076517370912597
3	 LLH-3	0.0014284230446394714	0.0014284230446394714
4	 LLH-0	0.001431881486471573	0.001431881486471573
5	 LLH-3	0.0016339075274300345	0.001431881486471573
6	 LLH-5	0.0014314948921157178	0.0014314948921157178
7	 LLH-2	0.0014288420831848497	0.0014288420831848497
8	 LLH-4	0.0014256517197576818	0.0014256517197576818
12	 LLH-1	0.0014258606748790504	0.0014258606748790504
13	 LLH-1	0.001425654883409663	0.001425654883409663
14	 LLH-5	0.0014260444214339082	0.0014260444214339082
15	 LLH-4	0.0014233504132112457	0.0014233504132112457
18	 LLH-4	0.0014204323978761909	0.0014204323978761909
20	 LLH-6	0.0014199924385546354	0.0014199924385546354
21	 LLH-5	0.0014208448547105112	0.0014208448547105112
22	 LLH-0	0.0014176528357184568	0.0014176528357184568
23	 LLH-6	0.0014158401624595955	0.0014158401624595955
24	 LLH-3	0.0012939804600968791	0.0012939804600968791
25	 LLH-0	0.0012952508347629772	0.0012952508347629772
26	 LLH-0	0.0012967970434808267	0.0012967970434808267
27	 LLH-0	0.0012983613737703376	0.0012983613737703376
28	 LLH-5	0.001298724064237883	0.001298724064237883
29	 LLH-0	0.0012998951960764608	0.0012998951960764608
30	 LLH-0	0.001301461967933909	0.001301461967933909
31	 LLH-2	0.0013070627010518998	0.0013070627010518998
32	 LLH-6	0.0013068305516428617	0.0013068305516428617
33	 LLH-5	0.001303771687871462	0.001303771687871462
34	 LLH-1	0.0013033303187615388	0.0013033303187615388
35	 LLH-3	0.0012706452301601142	0.0012706452301601142
36	 LLH-6	0.0012716040269423162	0.0012716040269423162
37	 LLH-0	0.001270725857459995	0.001270725857459995
38	 LLH-1	0.001270725857459995	0.001270725857459995
39	 LLH-0	0.001271585955311437	0.001271585955311437
40	 LLH-1	0.001271585955311437	0.001271585955311437
41	 LLH-1	0.001271585955311437	0.001271585955311437
42	 LLH-3	0.0012547582471867462	0.0012547582471867462
43	 LLH-5	0.0012557590365998629	0.0012557590365998629
44	 LLH-3	0.0012591100290400932	0.0012591100290400932
45	 LLH-6	0.0012596967581072233	0.0012596967581072233
46	 LLH-5	0.0012594401751325859	0.0012594401751325859
47	 LLH-1	0.0012594401751325859	0.0012594401751325859
48	 LLH-1	0.0012590732183494849	0.0012590732183494849
49	 LLH-2	0.0012512636092978603	0.0012512636092978603
50	 LLH-1	0.0012511518666469068	0.0012511518666469068
51	 LLH-6	0.0012518137310527908	0.0012518137310527908
52	 LLH-4	0.0012518137310527908	0.0012518137310527908
57	 LLH-3	0.0012952026659712656	0.0012952026659712656
58	 LLH-1	0.0012953221849496045	0.0012953221849496045
59	 LLH-6	0.001294946939253725	0.001294946939253725
60	 LLH-6	0.001296399554344306	0.001296399554344306
61	 LLH-1	0.001296399554344306	0.001296399554344306
62	 LLH-0	0.001297530527252248	0.001297530527252248
63	 LLH-1	0.0012977364557905271	0.0012977364557905271
64	 LLH-2	0.0012983802095055202	0.0012983802095055202
65	 LLH-6	0.0012974876166884331	0.0012974876166884331
66	 LLH-6	0.0012964023649996836	0.0012964023649996836
67	 LLH-3	0.0013749896910868304	0.0013749896910868304
68	 LLH-5	0.00137880562173277	0.00137880562173277
69	 LLH-5	0.0013788669429574997	0.0013788669429574997
70	 LLH-2	0.0013710422222283228	0.0013710422222283228
71	 LLH-5	0.0013708361495806398	0.0013708361495806398
72	 LLH-0	0.0013687995337760455	0.0013687995337760455
73	 LLH-6	0.001367156125480988	0.001367156125480988
74	 LLH-0	0.001364837003379477	0.001364837003379477
75	 LLH-5	0.0013641552553647486	0.0013641552553647486
76	 LLH-1	0.0013641552553647486	0.0013641552553647486
77	 LLH-0	0.0013658738480411999	0.0013658738480411999
78	 LLH-6	0.0013657732101675357	0.0013657732101675357
79	 LLH-1	0.0013657732101675357	0.0013657732101675357
80	 LLH-0	0.0013631767299099825	0.0013631767299099825
81	 LLH-6	0.0013621891140285936	0.0013621891140285936
82	 LLH-1	0.0013622043789944282	0.0013622043789944282
83	 LLH-5	0.0013628875985198185	0.0013628875985198185
84	 LLH-1	0.0013636426535845521	0.0013636426535845521
85	 LLH-0	0.0013616458166583172	0.0013616458166583172
86	 LLH-6	0.001363191329627588	0.001363191329627588
87	 LLH-4	0.001361237173037717	0.001361237173037717
89	 LLH-4	0.0013591929797990383	0.0013591929797990383
91	 LLH-6	0.0013593000629929474	0.0013593000629929474
92	 LLH-4	0.0013574026145143803	0.0013574026145143803
94	 LLH-1	0.0013574026145143803	0.0013574026145143803
95	 LLH-3	0.0015173884475575311	0.0015173884475575311
96	 LLH-6	0.0015173162645046568	0.0015173162645046568
97	 LLH-4	0.0015130092710177138	0.0015130092710177138
99	 LLH-2	0.0014486848486081846	0.0014486848486081846
100	 LLH-6	0.0014474873575777833	0.0014474873575777833
101	 LLH-3	0.0013125900747880063	0.0013125900747880063
102	 LLH-1	0.0013125900747880063	0.0013125900747880063
103	 LLH-1	0.0013125900747880063	0.0013125900747880063
104	 LLH-2	0.00132504799447098	0.00132504799447098
105	 LLH-4	0.0013233939144871379	0.0013233939144871379
107	 LLH-6	0.0013230239555399282	0.0013230239555399282
108	 LLH-0	0.0013247983825708754	0.0013247983825708754
109	 LLH-6	0.0013233897815135567	0.0013233897815135567
110	 LLH-6	0.001323977752470448	0.001323977752470448
111	 LLH-0	0.001325553754956572	0.001325553754956572
112	 LLH-5	0.001324991253732082	0.001324991253732082
113	 LLH-6	0.0013248335891383174	0.0013248335891383174
114	 LLH-0	0.0013233232527100319	0.0013233232527100319
115	 LLH-4	0.001321677664595739	0.001321677664595739
117	 LLH-4	0.0013204429525430978	0.0013204429525430978
121	 LLH-3	0.0012652888403606873	0.0012652888403606873
122	 LLH-1	0.0012652888403606873	0.0012652888403606873
123	 LLH-5	0.0012661589672340818	0.0012661589672340818
124	 LLH-4	0.0012651076861242465	0.0012651076861242465
128	 LLH-4	0.0012642128549264044	0.0012642128549264044
131	 LLH-0	0.0012650302215279517	0.0012650302215279517
132	 LLH-3	0.0012535165003770548	0.0012535165003770548
133	 LLH-2	0.0012706107029110127	0.0012706107029110127
134	 LLH-6	0.0012709544544302123	0.0012709544544302123
135	 LLH-1	0.0012709544544302123	0.0012709544544302123
136	 LLH-3	0.0012477461311317507	0.0012477461311317507
137	 LLH-2	0.001256589069409711	0.001256589069409711
138	 LLH-3	0.001324975812434234	0.001324975812434234
139	 LLH-1	0.001324975812434234	0.001324975812434234
140	 LLH-5	0.0013242570334685334	0.0013242570334685334
141	 LLH-0	0.0013258122651397886	0.0013258122651397886
142	 LLH-0	0.001324114853747015	0.001324114853747015
143	 LLH-5	0.0013244832433479208	0.0013244832433479208
144	 LLH-4	0.00132304377403586	0.00132304377403586
146	 LLH-6	0.001322757276463563	0.001322757276463563
147	 LLH-1	0.0013226365044858208	0.0013226365044858208
148	 LLH-5	0.0013236853741702807	0.0013236853741702807
149	 LLH-1	0.0013237148161822697	0.0013237148161822697
150	 LLH-6	0.0013232764337323428	0.0013232764337323428
151	 LLH-6	0.0013238139004254073	0.0013238139004254073
152	 LLH-1	0.0013238139004254073	0.0013238139004254073
153	 LLH-4	0.0013222926799180685	0.0013222926799180685
157	 LLH-5	0.0013230752732292287	0.0013230752732292287
158	 LLH-5	0.0013227183887442055	0.0013227183887442055
159	 LLH-6	0.0013241569148061975	0.0013241569148061975
160	 LLH-3	0.0012797506570191171	0.0012797506570191171
161	 LLH-2	0.0012781576701521294	0.0012781576701521294
162	 LLH-5	0.0012785191030987085	0.0012785191030987085
163	 LLH-2	0.0012930804237726858	0.0012930804237726858
164	 LLH-5	0.0012928912703178879	0.0012928912703178879
165	 LLH-6	0.001292682792922876	0.001292682792922876
166	 LLH-4	0.0012721917016577516	0.0012721917016577516
168	 LLH-4	0.0012721917016577516	0.0012721917016577516
173	 LLH-6	0.0012713917237347123	0.0012713917237347123
174	 LLH-1	0.0012713917237347123	0.0012713917237347123
175	 LLH-0	0.0012920004999849672	0.0012920004999849672
176	 LLH-1	0.0012920004999849672	0.0012920004999849672
177	 LLH-2	0.001282636486554763	0.001282636486554763
178	 LLH-0	0.0012837613690859827	0.0012837613690859827
179	 LLH-2	0.001302871342264237	0.001302871342264237
180	 LLH-1	0.0013025968642710805	0.0013025968642710805
181	 LLH-1	0.0013030406183407901	0.0013030406183407901
182	 LLH-3	0.0012615916492009728	0.0012615916492009728
183	 LLH-2	0.0012767593646218374	0.0012767593646218374
184	 LLH-5	0.0012772715682790715	0.0012772715682790715
185	 LLH-2	0.0012688612478160912	0.0012688612478160912
186	 LLH-6	0.0012678178048650913	0.0012678178048650913
187	 LLH-4	0.0012678178048650913	0.0012678178048650913
192	 LLH-1	0.0012678178048650913	0.0012678178048650913
193	 LLH-1	0.0012678178048650913	0.0012678178048650913
194	 LLH-5	0.0012673101193970437	0.0012673101193970437
195	 LLH-6	0.001266920444184965	0.001266920444184965
196	 LLH-1	0.0012667248143037309	0.0012667248143037309
197	 LLH-6	0.0012668112336388297	0.0012668112336388297
198	 LLH-2	0.001279899678804052	0.001279899678804052
199	 LLH-3	0.0013683691147298182	0.0013683691147298182
200	 LLH-5	0.0013713595050841663	0.0013713595050841663
201	 LLH-2	0.0013409161919861882	0.0013409161919861882
202	 LLH-5	0.0013409439142614465	0.0013409439142614465
203	 LLH-1	0.0013410384213189417	0.0013410384213189417
204	 LLH-2	0.0013434821375888258	0.0013434821375888258
205	 LLH-5	0.0013419350117237505	0.0013419350117237505
206	 LLH-1	0.0013417642074193788	0.0013417642074193788
207	 LLH-1	0.0013417880710732606	0.0013417880710732606
208	 LLH-3	0.001449583446710033	0.001449583446710033
209	 LLH-4	0.0014462891181888132	0.0014462891181888132
212	 LLH-0	0.00144975043709382	0.00144975043709382
213	 LLH-4	0.0014462984238250579	0.0014462984238250579
215	 LLH-1	0.001446884292064902	0.001446884292064902
216	 LLH-3	0.0016497244116304352	0.0016497244116304352
217	 LLH-1	0.0016497244116304352	0.0016497244116304352
218	 LLH-6	0.0016508506238117123	0.0016508506238117123
219	 LLH-1	0.0016508102631049	0.0016508102631049
220	 LLH-4	0.001644610723184244	0.001644610723184244
222	 LLH-0	0.0016517531961854545	0.0016517531961854545
223	 LLH-5	0.0016513252736958832	0.0016513252736958832
224	 LLH-1	0.0016512897414632552	0.0016512897414632552
225	 LLH-3	0.0013301493583749604	0.0013301493583749604
226	 LLH-6	0.0013312589982684387	0.0013312589982684387
227	 LLH-1	0.0013310124386126132	0.0013310124386126132
228	 LLH-6	0.0013307667536263325	0.0013307667536263325
229	 LLH-6	0.0013306688868699077	0.0013306688868699077
230	 LLH-2	0.001331877293123555	0.001331877293123555
231	 LLH-2	0.0013122815043497124	0.0013122815043497124
232	 LLH-3	0.0012651376716198825	0.0012651376716198825
233	 LLH-1	0.0012652870355475692	0.0012652870355475692
234	 LLH-6	0.0012676606726322774	0.0012676606726322774
235	 LLH-4	0.0012664375784900983	0.0012664375784900983
237	 LLH-0	0.0012671934118817512	0.0012671934118817512
238	 LLH-0	0.0012680926126090422	0.0012680926126090422
239	 LLH-2	0.0012939818882786076	0.0012939818882786076
240	 LLH-1	0.0012939818882786076	0.0012939818882786076
241	 LLH-6	0.0012937528527491586	0.0012937528527491586
242	 LLH-4	0.0012925749336069846	0.0012925749336069846
244	 LLH-4	0.001291469809535721	0.001291469809535721
247	 LLH-3	0.0013733938043979097	0.0013733938043979097
248	 LLH-2	0.0013397947543670563	0.0013397947543670563
249	 LLH-2	0.0013429805736568648	0.0013429805736568648
250	 LLH-6	0.0013417684444908514	0.0013417684444908514
251	 LLH-0	0.0013399530797842936	0.0013399530797842936
252	 LLH-1	0.0013399114545056788	0.0013399114545056788
253	 LLH-2	0.0013492640562195438	0.0013492640562195438
254	 LLH-4	0.0013475085968731335	0.0013475085968731335
257	 LLH-4	0.0013454052977000923	0.0013454052977000923
260	 LLH-4	0.0013432437040236994	0.0013432437040236994
262	 LLH-6	0.0013428197955727827	0.0013428197955727827
263	 LLH-4	0.001341068576653079	0.001341068576653079
267	 LLH-5	0.0013386764600377384	0.0013386764600377384
268	 LLH-3	0.001450567055584716	0.001450567055584716
269	 LLH-0	0.0014540710882501857	0.0014540710882501857
270	 LLH-2	0.001412249333987166	0.001412249333987166
271	 LLH-2	0.0014246186236368228	0.0014246186236368228
272	 LLH-6	0.0014237366693101673	0.0014237366693101673
273	 LLH-2	0.0013809067535215545	0.0013809067535215545
274	 LLH-5	0.0013829492513115261	0.0013829492513115261
275	 LLH-1	0.0013828833525217784	0.0013828833525217784
276	 LLH-6	0.001385031124698862	0.001385031124698862
277	 LLH-1	0.001385031124698862	0.001385031124698862
278	 LLH-3	0.0012812593837025995	0.0012812593837025995
279	 LLH-5	0.0012813997196350654	0.0012813997196350654
280	 LLH-0	0.0012827321753427945	0.0012827321753427945
281	 LLH-6	0.0012805179144015793	0.0012805179144015793
282	 LLH-0	0.0012795597934776946	0.0012795597934776946
283	 LLH-5	0.0012800741960114492	0.0012800741960114492
284	 LLH-2	0.0012850980500524144	0.0012850980500524144
285	 LLH-5	0.0012849454296583313	0.0012849454296583313
286	 LLH-6	0.0012851833528305955	0.0012851833528305955
287	 LLH-1	0.001285406352031966	0.001285406352031966
288	 LLH-4	0.0012840025212217906	0.0012840025212217906
291	 LLH-6	0.0012855143918996384	0.0012855143918996384
292	 LLH-6	0.0012848608288684987	0.0012848608288684987
293	 LLH-1	0.0012848608288684987	0.0012848608288684987
294	 LLH-0	0.0012838398533664805	0.0012838398533664805
295	 LLH-4	0.001282708396499266	0.001282708396499266
299	 LLH-0	0.0012842307537357233	0.0012842307537357233
300	 LLH-4	0.0012830469825570521	0.0012830469825570521
302	 LLH-4	0.0012820188870370612	0.0012820188870370612
305	 LLH-2	0.0012943633633158457	0.0012943633633158457
306	 LLH-5	0.0012948657639803118	0.0012948657639803118
307	 LLH-3	0.0013743242883282876	0.0012948657639803118
308	 LLH-1	0.0012948657639803118	0.0012948657639803118
309	 LLH-2	0.0013084353118540532	0.0013084353118540532
310	 LLH-2	0.001297893706247612	0.001297893706247612
311	 LLH-3	0.0014022283611395607	0.0014022283611395607
312	 LLH-0	0.0014050761394797837	0.0014050761394797837
313	 LLH-3	0.0015626907896227604	0.0015626907896227604
314	 LLH-5	0.0015627433939413432	0.0015627433939413432
315	 LLH-2	0.001489432741896072	0.001489432741896072
316	 LLH-0	0.0014856284921855216	0.0014856284921855216
317	 LLH-0	0.0014814904284384724	0.0014814904284384724
318	 LLH-5	0.0014831424644332343	0.0014831424644332343
319	 LLH-4	0.001479310736615916	0.001479310736615916
321	 LLH-2	0.0014149473899486616	0.0014149473899486616
322	 LLH-2	0.0014037905780057169	0.0014037905780057169
323	 LLH-3	0.001285245995418658	0.001285245995418658
324	 LLH-3	0.0012727550476860968	0.0012727550476860968
325	 LLH-6	0.0012719662236705073	0.0012719662236705073
326	 LLH-6	0.0012720426300648732	0.0012720426300648732
327	 LLH-1	0.001272262721022777	0.001272262721022777
328	 LLH-4	0.001271314784478439	0.001271314784478439
331	 LLH-6	0.0012711107935315178	0.0012711107935315178
332	 LLH-0	0.001272228621335192	0.001272228621335192
333	 LLH-6	0.0012714206227340354	0.0012714206227340354
334	 LLH-4	0.0012714206227340354	0.0012714206227340354
339	 LLH-1	0.0012714206227340354	0.0012714206227340354
340	 LLH-5	0.0012713613949193983	0.0012713613949193983
341	 LLH-2	0.0012619425025919733	0.0012619425025919733
342	 LLH-3	0.0012584296465403433	0.0012584296465403433
343	 LLH-0	0.0012591954193115218	0.0012591954193115218
344	 LLH-3	0.0012457364548925018	0.0012457364548925018
345	 LLH-4	0.0012457364548925018	0.0012457364548925018
350	 LLH-2	0.0012456147889705993	0.0012456147889705993
351	 LLH-4	0.0012449979024007419	0.0012449979024007419
354	 LLH-2	0.0012516670386356025	0.0012516670386356025
355	 LLH-5	0.0012522281546933098	0.0012522281546933098
356	 LLH-5	0.0012503837268440872	0.0012503837268440872
357	 LLH-5	0.001250780224983831	0.001250780224983831
358	 LLH-4	0.0012500956148649232	0.0012500956148649232
362	 LLH-4	0.0012493040677186748	0.0012493040677186748
364	 LLH-6	0.0012492326560075526	0.0012492326560075526
365	 LLH-6	0.001248195802436555	0.001248195802436555
366	 LLH-6	0.0012485578810539446	0.0012485578810539446
367	 LLH-1	0.0012485578810539446	0.0012485578810539446
368	 LLH-2	0.0012588687096731842	0.0012588687096731842
369	 LLH-4	0.0012574447351377687	0.0012574447351377687
373	 LLH-6	0.0012574336822731543	0.0012574336822731543
374	 LLH-0	0.0012582718982005077	0.0012582718982005077
375	 LLH-0	0.0012590504557046188	0.0012590504557046188
376	 LLH-4	0.0012580829134300423	0.0012580829134300423
380	 LLH-4	0.0012580829134300423	0.0012580829134300423
385	 LLH-0	0.0012589996182977997	0.0012589996182977997
386	 LLH-2	0.0012773196866885648	0.0012773196866885648
387	 LLH-5	0.0012771099852410795	0.0012771099852410795
388	 LLH-5	0.0012769522174613155	0.0012769522174613155
389	 LLH-0	0.0012757729539911108	0.0012757729539911108
390	 LLH-5	0.0012760372243471774	0.0012760372243471774
391	 LLH-5	0.001276727857359889	0.001276727857359889
392	 LLH-2	0.001278756572273796	0.001278756572273796
393	 LLH-5	0.0012785996164960452	0.0012785996164960452
394	 LLH-5	0.001278785032694653	0.001278785032694653
395	 LLH-4	0.001277361994595967	0.001277361994595967
398	 LLH-1	0.001277361994595967	0.001277361994595967
399	 LLH-4	0.001276281499940315	0.001276281499940315
401	 LLH-1	0.001276281499940315	0.001276281499940315
402	 LLH-3	0.001256521820726206	0.001256521820726206
403	 LLH-4	0.001256521820726206	0.001256521820726206
408	 LLH-6	0.0012567285634388315	0.0012567285634388315
409	 LLH-3	0.001321722391481668	0.001321722391481668
410	 LLH-5	0.0013196165503442834	0.0013196165503442834
411	 LLH-2	0.0013094146392534146	0.0013094146392534146
412	 LLH-5	0.001310236710481236	0.001310236710481236
413	 LLH-4	0.0013088086333543079	0.0013088086333543079
415	 LLH-0	0.001307485389822512	0.001307485389822512
416	 LLH-4	0.0013057849013777788	0.0013057849013777788
419	 LLH-4	0.0013043280519008072	0.0013043280519008072
422	 LLH-3	0.0012778663190320177	0.0012778663190320177
423	 LLH-0	0.0012788724690203084	0.0012788724690203084
424	 LLH-4	0.001278050402220301	0.001278050402220301
428	 LLH-2	0.0012704189093800037	0.0012704189093800037
429	 LLH-0	0.0012715149874531898	0.0012715149874531898
430	 LLH-5	0.001271488880535999	0.001271488880535999
431	 LLH-6	0.0012706345833790537	0.0012706345833790537
432	 LLH-3	0.0012521191582725757	0.0012521191582725757
433	 LLH-4	0.0012512685325984788	0.0012512685325984788
438	 LLH-1	0.0012512685325984788	0.0012512685325984788
439	 LLH-0	0.0012519846853754775	0.0012519846853754775
440	 LLH-1	0.0012519846853754775	0.0012519846853754775
441	 LLH-1	0.0012518529082170247	0.0012518529082170247
442	 LLH-4	0.0012511531592469447	0.0012511531592469447
444	 LLH-0	0.001252046417055567	0.001252046417055567
445	 LLH-2	0.0012596941383488003	0.0012596941383488003
446	 LLH-1	0.0012596854348513181	0.0012596854348513181
447	 LLH-5	0.001258567486303567	0.001258567486303567
448	 LLH-3	0.0012585663591804265	0.0012585663591804265
449	 LLH-1	0.0012585687150630826	0.0012585687150630826
450	 LLH-6	0.001258211323921515	0.001258211323921515
451	 LLH-4	0.0012419754000773094	0.0012419754000773094
453	 LLH-5	0.001242732634437466	0.001242732634437466
454	 LLH-4	0.001242732634437466	0.001242732634437466
459	 LLH-4	0.001242732634437466	0.001242732634437466
464	 LLH-2	0.0012490108391594098	0.0012490108391594098
465	 LLH-6	0.0012492849610167434	0.0012492849610167434
466	 LLH-6	0.001249726011783946	0.001249726011783946
467	 LLH-1	0.0012500810716022893	0.0012500810716022893
468	 LLH-3	0.001249195016978765	0.001249195016978765
469	 LLH-4	0.0012485926995584168	0.0012485926995584168
472	 LLH-0	0.0012494847324171574	0.0012494847324171574
473	 LLH-3	0.0012738044533497255	0.0012738044533497255
474	 LLH-3	0.0012638701314484399	0.0012638701314484399
475	 LLH-4	0.0012632102536291605	0.0012632102536291605
478	 LLH-2	0.0012653571887039786	0.0012653571887039786
479	 LLH-5	0.001265303799591231	0.001265303799591231
480	 LLH-5	0.0012665173808630468	0.0012665173808630468
481	 LLH-5	0.001266267927269147	0.001266267927269147
482	 LLH-2	0.0012651330209352506	0.0012651330209352506
483	 LLH-2	0.001277752455204255	0.001277752455204255
484	 LLH-1	0.001277752455204255	0.001277752455204255
485	 LLH-0	0.0012787524486233784	0.0012787524486233784
486	 LLH-5	0.0012784683638356993	0.0012784683638356993
487	 LLH-4	0.0012775106916362057	0.0012775106916362057
489	 LLH-0	0.0012785369054796522	0.0012785369054796522
490	 LLH-0	0.0012770359309485307	0.0012770359309485307
491	 LLH-2	0.0012737487081541105	0.0012737487081541105
492	 LLH-4	0.0012728001198089307	0.0012728001198089307
494	 LLH-5	0.001272940427121468	0.001272940427121468
495	 LLH-3	0.0012672457088220492	0.0012672457088220492
496	 LLH-5	0.0012677704871727948	0.0012677704871727948
497	 LLH-5	0.0012679778023092047	0.0012679778023092047
498	 LLH-2	0.0012759905858069907	0.0012759905858069907
499	 LLH-0	0.001274825287045703	0.001274825287045703
500	 LLH-3	0.0013207975116770767	0.0013207975116770767
501	 LLH-2	0.001321478751857643	0.001321478751857643
502	 LLH-6	0.0013200141935932879	0.0013200141935932879
503	 LLH-5	0.0013195311331418542	0.0013195311331418542
504	 LLH-0	0.0013210256252209173	0.0013210256252209173
505	 LLH-2	0.0013072628198350796	0.0013072628198350796
506	 LLH-5	0.0013072628198350796	0.0013072628198350796
507	 LLH-4	0.0013055787206050964	0.0013055787206050964
509	 LLH-6	0.0013062905865911937	0.0013062905865911937
510	 LLH-2	0.0013224510739039586	0.0013224510739039586
511	 LLH-4	0.0013224510739039586	0.0013224510739039586
516	 LLH-5	0.0013216789147811412	0.0013216789147811412
517	 LLH-1	0.0013216789147811412	0.0013216789147811412
518	 LLH-6	0.0013201624517212257	0.0013201624517212257
519	 LLH-6	0.0013220732324303551	0.0013220732324303551
520	 LLH-5	0.0013212037933067928	0.0013212037933067928
521	 LLH-0	0.0013226686347560684	0.0013226686347560684
522	 LLH-2	0.0013034922262284386	0.0013034922262284386
523	 LLH-0	0.0013271902368398743	0.0013271902368398743
524	 LLH-2	0.0013166349673023633	0.0013166349673023633
525	 LLH-1	0.0013165489117694796	0.0013165489117694796
526	 LLH-3	0.0012657235209836547	0.0012657235209836547
527	 LLH-6	0.0012638642699138894	0.0012638642699138894
528	 LLH-0	0.001262970643942844	0.001262970643942844
529	 LLH-3	0.0013328458582873065	0.0013328458582873065
530	 LLH-6	0.0013325153338048165	0.0013325153338048165
531	 LLH-4	0.0013303332048420161	0.0013303332048420161
533	 LLH-2	0.0013066737170968938	0.0013066737170968938
534	 LLH-6	0.001306928667599396	0.001306928667599396
535	 LLH-5	0.0013066727482018612	0.0013066727482018612
536	 LLH-3	0.0014366736026604592	0.0013066727482018612
537	 LLH-6	0.0013040196250694016	0.0013040196250694016
538	 LLH-5	0.0013034728518603318	0.0013034728518603318
539	 LLH-1	0.0013035040686273083	0.0013035040686273083
540	 LLH-1	0.001303245974889563	0.001303245974889563
541	 LLH-1	0.001303245974889563	0.001303245974889563
542	 LLH-1	0.001303245974889563	0.001303245974889563
543	 LLH-1	0.001303245974889563	0.001303245974889563
544	 LLH-0	0.0013046019423958893	0.0013046019423958893
545	 LLH-2	0.0013134578003720114	0.0013134578003720114
546	 LLH-6	0.0013111381192126399	0.0013111381192126399
547	 LLH-1	0.0013115159629750696	0.0013115159629750696
548	 LLH-3	0.0012625442895360392	0.0012625442895360392
549	 LLH-3	0.0013202630340159616	0.0013202630340159616
550	 LLH-5	0.0013215386964648918	0.0013215386964648918
551	 LLH-3	0.001265843126506141	0.001265843126506141
552	 LLH-6	0.0012655156577048368	0.0012655156577048368
553	 LLH-2	0.0012776654742510446	0.0012776654742510446
554	 LLH-5	0.001277204007415224	0.001277204007415224
555	 LLH-5	0.0012766239273801247	0.0012766239273801247
556	 LLH-3	0.00125168386425283	0.00125168386425283
557	 LLH-0	0.0012523031956734323	0.0012523031956734323
558	 LLH-3	0.0012900460272686034	0.0012900460272686034
559	 LLH-5	0.0012903463488669353	0.0012903463488669353
560	 LLH-0	0.001289119672128724	0.001289119672128724
561	 LLH-4	0.0012876790014189786	0.0012876790014189786
563	 LLH-0	0.0012892748251718956	0.0012892748251718956
564	 LLH-1	0.0012892772857900862	0.0012892772857900862
565	 LLH-6	0.0012885964042501847	0.0012885964042501847
566	 LLH-3	0.0014070555070788912	0.0012885964042501847
567	 LLH-2	0.0013185613903332455	0.0013185613903332455
568	 LLH-3	0.0014163761792856055	0.0014163761792856055
569	 LLH-0	0.001413258527470903	0.001413258527470903
570	 LLH-6	0.0014125999353763454	0.0014125999353763454
571	 LLH-2	0.001373062583922021	0.001373062583922021
572	 LLH-6	0.0013740838804961147	0.0013740838804961147
573	 LLH-1	0.0013740838804961147	0.0013740838804961147
574	 LLH-2	0.001390659526541645	0.001390659526541645
575	 LLH-2	0.0013535616359890332	0.0013535616359890332
576	 LLH-0	0.0013556273968253298	0.0013556273968253298
577	 LLH-4	0.0013533647817869678	0.0013533647817869678
580	 LLH-3	0.0012680056806026573	0.0012680056806026573
581	 LLH-4	0.0012669813017938073	0.0012669813017938073
586	 LLH-5	0.0012670855976730953	0.0012670855976730953
587	 LLH-3	0.0013373712555807948	0.0013373712555807948
588	 LLH-3	0.0014797001309667973	0.0013373712555807948
589	 LLH-4	0.0013353945243249924	0.0013353945243249924
592	 LLH-6	0.0013348349372575524	0.0013348349372575524
593	 LLH-3	0.0012806443116230226	0.0012806443116230226
594	 LLH-1	0.0012806443116230226	0.0012806443116230226
595	 LLH-1	0.0012806600104179051	0.0012806600104179051
596	 LLH-5	0.001281043612664838	0.001281043612664838
597	 LLH-5	0.0012811533354914076	0.0012811533354914076
598	 LLH-2	0.0012877742938828516	0.0012877742938828516
599	 LLH-6	0.0012862303697406695	0.0012862303697406695
600	 LLH-1	0.0012862303697406695	0.0012862303697406695
601	 LLH-2	0.0012874300517322827	0.0012874300517322827
602	 LLH-3	0.00125868423746024	0.00125868423746024
603	 LLH-2	0.001279639562140258	0.001279639562140258
604	 LLH-1	0.001279639562140258	0.001279639562140258
605	 LLH-2	0.0012817170888879232	0.0012817170888879232
606	 LLH-3	0.0012554959084372067	0.0012554959084372067
607	 LLH-2	0.001270000914294973	0.001270000914294973
608	 LLH-4	0.0012691515023420966	0.0012691515023420966
610	 LLH-6	0.0012691344152464632	0.0012691344152464632
611	 LLH-1	0.0012691344152464632	0.0012691344152464632
612	 LLH-5	0.0012685569709184293	0.0012685569709184293
613	 LLH-2	0.0012695418816160086	0.0012695418816160086
614	 LLH-5	0.0012701952916694354	0.0012701952916694354
615	 LLH-5	0.0012701589583534534	0.0012701589583534534
616	 LLH-4	0.001269346090416473	0.001269346090416473
618	 LLH-5	0.0012691649862917357	0.0012691649862917357
619	 LLH-6	0.0012704510496593811	0.0012704510496593811
620	 LLH-5	0.0012699287306260404	0.0012699287306260404
621	 LLH-6	0.0012697438158312036	0.0012697438158312036
622	 LLH-1	0.0012697438158312036	0.0012697438158312036
623	 LLH-4	0.0012697438158312036	0.0012697438158312036
628	 LLH-2	0.0012686923845887073	0.0012686923845887073
629	 LLH-4	0.0012675259497542618	0.0012675259497542618
631	 LLH-5	0.0012675918062950993	0.0012675918062950993
632	 LLH-5	0.001267456816960143	0.001267456816960143
633	 LLH-3	0.0012567886385041525	0.0012567886385041525
634	 LLH-2	0.001272953554775364	0.001272953554775364
635	 LLH-5	0.001273408133020005	0.001273408133020005
636	 LLH-1	0.0012731826636636738	0.0012731826636636738
637	 LLH-6	0.0012734178675399936	0.0012734178675399936
638	 LLH-5	0.001273917455863228	0.001273917455863228
639	 LLH-6	0.0012747167408211956	0.0012747167408211956
640	 LLH-6	0.0012740022851944728	0.0012740022851944728
641	 LLH-4	0.0012557714764347939	0.0012557714764347939
643	 LLH-3	0.00133654897089833	0.0012557714764347939
644	 LLH-4	0.0012557714764347939	0.0012557714764347939
649	 LLH-1	0.0012557714764347939	0.0012557714764347939
650	 LLH-2	0.0012811557635692512	0.0012811557635692512
651	 LLH-3	0.001355828690136005	0.001355828690136005
652	 LLH-6	0.0013570186082015115	0.0013570186082015115
653	 LLH-2	0.001338029883640426	0.001338029883640426
654	 LLH-2	0.001334880705111676	0.001334880705111676
655	 LLH-5	0.0013329780630795573	0.0013329780630795573
656	 LLH-3	0.0014230882744449456	0.0014230882744449456
657	 LLH-2	0.0014037644435122717	0.0014037644435122717
658	 LLH-1	0.0014037644435122717	0.0014037644435122717
659	 LLH-4	0.0014010982390952643	0.0014010982390952643
661	 LLH-6	0.0014007080166181481	0.0014007080166181481
662	 LLH-3	0.0012950468474866878	0.0012950468474866878
663	 LLH-2	0.0013012531993252551	0.0013012531993252551
664	 LLH-3	0.0012596917749860216	0.0012596917749860216
665	 LLH-4	0.0012588560336152942	0.0012588560336152942
670	 LLH-1	0.0012588560336152942	0.0012588560336152942
671	 LLH-3	0.0012529623991681638	0.0012529623991681638
672	 LLH-3	0.0012567930342635553	0.0012567930342635553
673	 LLH-6	0.0012560195021094943	0.0012560195021094943
674	 LLH-0	0.0012564796079896714	0.0012564796079896714
675	 LLH-6	0.0012563676713902897	0.0012563676713902897
676	 LLH-5	0.0012559975779448814	0.0012559975779448814
677	 LLH-4	0.0012553618569440133	0.0012553618569440133
679	 LLH-4	0.0012553618569440133	0.0012553618569440133
684	 LLH-5	0.0012550107844836924	0.0012550107844836924
685	 LLH-6	0.0012547782555553649	0.0012547782555553649
686	 LLH-5	0.0012548761980922475	0.0012548761980922475
687	 LLH-4	0.001254362597577835	0.001254362597577835
691	 LLH-2	0.001250000700352968	0.001250000700352968
692	 LLH-0	0.0012505583599891454	0.0012505583599891454
693	 LLH-6	0.0012498295600463856	0.0012498295600463856
694	 LLH-4	0.0012493265575159293	0.0012493265575159293
696	 LLH-4	0.00124873879753242	0.00124873879753242
698	 LLH-5	0.0012492396758730017	0.0012492396758730017
699	 LLH-6	0.0012486376296002842	0.0012486376296002842
700	 LLH-6	0.0012480270704026209	0.0012480270704026209
701	 LLH-0	0.0012486394363287053	0.0012486394363287053
702	 LLH-5	0.0012488721424860447	0.0012488721424860447
703	 LLH-4	0.0012480864092510894	0.0012480864092510894
706	 LLH-2	0.0012519918365247453	0.0012519918365247453
707	 LLH-1	0.00125154028248818	0.00125154028248818
708	 LLH-5	0.0012515535094370675	0.0012515535094370675
709	 LLH-1	0.0012515535094370675	0.0012515535094370675
710	 LLH-4	0.0012505189503314047	0.0012505189503314047
713	 LLH-5	0.0012507485260640605	0.0012507485260640605
714	 LLH-5	0.0012508510555422853	0.0012508510555422853
715	 LLH-3	0.0012511760871834125	0.0012511760871834125
716	 LLH-3	0.0012457174083226035	0.0012457174083226035
717	 LLH-2	0.0012611133948200667	0.0012611133948200667
718	 LLH-3	0.0012836334655647748	0.0012836334655647748
719	 LLH-2	0.0012983082005555875	0.0012983082005555875
720	 LLH-0	0.001299595533189265	0.001299595533189265
721	 LLH-4	0.0012985797239641532	0.0012985797239641532
723	 LLH-4	0.001297424240619817	0.001297424240619817
725	 LLH-6	0.0013004170408679216	0.0013004170408679216
726	 LLH-1	0.001299852123462495	0.001299852123462495
727	 LLH-6	0.0013007202842581394	0.0013007202842581394
728	 LLH-5	0.0013009321275062955	0.0013009321275062955
729	 LLH-2	0.0012935200496889366	0.0012935200496889366
730	 LLH-4	0.0012924385361939917	0.0012924385361939917
732	 LLH-0	0.0012939772005326822	0.0012939772005326822
733	 LLH-4	0.001292876446042924	0.001292876446042924
735	 LLH-2	0.001303525745988941	0.001303525745988941
736	 LLH-1	0.001303525745988941	0.001303525745988941
737	 LLH-1	0.0013035846120501033	0.0013035846120501033
738	 LLH-2	0.0012978363683289606	0.0012978363683289606
739	 LLH-0	0.0012963362217509053	0.0012963362217509053
740	 LLH-5	0.00129609365770503	0.00129609365770503
741	 LLH-2	0.0012962447010988645	0.0012962447010988645
742	 LLH-6	0.0012951773188924283	0.0012951773188924283
743	 LLH-0	0.0012936137667688644	0.0012936137667688644
744	 LLH-4	0.001292288039161138	0.001292288039161138
747	 LLH-6	0.0012910401565931974	0.0012910401565931974
748	 LLH-5	0.0012911192028132686	0.0012911192028132686
749	 LLH-4	0.0012899689793718014	0.0012899689793718014
752	 LLH-1	0.0012899689793718014	0.0012899689793718014
753	 LLH-4	0.0012889069955814715	0.0012889069955814715
755	 LLH-5	0.0012893031011967156	0.0012893031011967156
756	 LLH-3	0.0013949136101833702	0.0013949136101833702
757	 LLH-4	0.001392273678413691	0.001392273678413691
761	 LLH-0	0.0013899014673668438	0.0013899014673668438
762	 LLH-4	0.0013875226066692398	0.0013875226066692398
764	 LLH-1	0.0013875226066692398	0.0013875226066692398
765	 LLH-6	0.0013886864395429542	0.0013886864395429542
766	 LLH-5	0.0013870002784050746	0.0013870002784050746
767	 LLH-5	0.001386631563292793	0.001386631563292793
768	 LLH-0	0.00138400008875677	0.00138400008875677
769	 LLH-5	0.0013837269573891446	0.0013837269573891446
770	 LLH-3	0.0012957085634709457	0.0012957085634709457
771	 LLH-0	0.001294572325220316	0.001294572325220316
772	 LLH-6	0.0012959766955386565	0.0012959766955386565
773	 LLH-4	0.0012947109873231917	0.0012947109873231917
776	 LLH-6	0.001294102295519602	0.001294102295519602
777	 LLH-4	0.0012922288950644027	0.0012922288950644027
779	 LLH-3	0.001261702881485552	0.001261702881485552
780	 LLH-6	0.00126185283134396	0.00126185283134396
781	 LLH-1	0.00126185283134396	0.00126185283134396
782	 LLH-2	0.001267102382752979	0.001267102382752979
783	 LLH-0	0.001265954401726634	0.001265954401726634
784	 LLH-4	0.0012652144519265233	0.0012652144519265233
787	 LLH-4	0.0012643971300025497	0.0012643971300025497
790	 LLH-5	0.0012644694308615396	0.0012644694308615396
791	 LLH-3	0.0013167361149420478	0.0012644694308615396
792	 LLH-2	0.0012826248583992122	0.0012826248583992122
793	 LLH-5	0.0012826888689595525	0.0012826888689595525
794	 LLH-5	0.0012827589334573409	0.0012827589334573409
795	 LLH-4	0.0012812869854263275	0.0012812869854263275
797	 LLH-3	0.0012599284108768896	0.0012599284108768896
798	 LLH-5	0.0012599284108768896	0.0012599284108768896
799	 LLH-5	0.0012603014093614572	0.0012603014093614572
800	 LLH-2	0.0012665244682803544	0.0012665244682803544
801	 LLH-1	0.001266891911914675	0.001266891911914675
802	 LLH-4	0.0012659246867608026	0.0012659246867608026
804	 LLH-1	0.0012659246867608026	0.0012659246867608026
805	 LLH-2	0.0012665967410247214	0.0012665967410247214
806	 LLH-3	0.0013381598256244022	0.0013381598256244022
807	 LLH-6	0.0013372509670195269	0.0013372509670195269
808	 LLH-3	0.0014256038631319623	0.0014256038631319623
809	 LLH-1	0.0014258115995262584	0.0014258115995262584
810	 LLH-0	0.0014220583767463257	0.0014220583767463257
811	 LLH-2	0.0014030696149579937	0.0014030696149579937
812	 LLH-2	0.0013820480304306835	0.0013820480304306835
813	 LLH-5	0.0013840537544448325	0.0013840537544448325
814	 LLH-4	0.0013814699022361276	0.0013814699022361276
816	 LLH-4	0.0013793431481080856	0.0013793431481080856
820	 LLH-3	0.001531169460336585	0.001531169460336585
821	 LLH-0	0.0015268856342180196	0.0015268856342180196
822	 LLH-6	0.0015271004792028731	0.0015271004792028731
823	 LLH-4	0.001522476705695104	0.001522476705695104
826	 LLH-1	0.001522476705695104	0.001522476705695104
827	 LLH-4	0.0015184293185393606	0.0015184293185393606
829	 LLH-3	0.0013081387212104225	0.0013081387212104225
830	 LLH-1	0.0013081387212104225	0.0013081387212104225
831	 LLH-2	0.0013264106808270931	0.0013264106808270931
832	 LLH-4	0.0013248887063396805	0.0013248887063396805
834	 LLH-1	0.0013248887063396805	0.0013248887063396805
835	 LLH-5	0.001324754965883573	0.001324754965883573
836	 LLH-1	0.001324754965883573	0.001324754965883573
837	 LLH-0	0.001326231317064397	0.001326231317064397
838	 LLH-3	0.0014122442385946215	0.001326231317064397
839	 LLH-2	0.0013102628890025692	0.0013102628890025692
840	 LLH-6	0.001308759864100826	0.001308759864100826
841	 LLH-4	0.0013076099579904532	0.0013076099579904532
843	 LLH-6	0.0013061082217116391	0.0013061082217116391
844	 LLH-4	0.0013048746251908489	0.0013048746251908489
848	 LLH-3	0.001271665681205974	0.001271665681205974
849	 LLH-0	0.00127032151941737	0.00127032151941737
850	 LLH-4	0.0012691465976642949	0.0012691465976642949
852	 LLH-0	0.0012702601827343553	0.0012702601827343553
853	 LLH-3	0.0013325801881923793	0.0013325801881923793
854	 LLH-5	0.001333377064788468	0.001333377064788468
855	 LLH-6	0.0013344710551797044	0.0013344710551797044
856	 LLH-5	0.001333517120519971	0.001333517120519971
857	 LLH-5	0.001334523828319066	0.001334523828319066
858	 LLH-5	0.0013350012987491254	0.0013350012987491254
859	 LLH-6	0.0013362523099784767	0.0013362523099784767
860	 LLH-2	0.0013317357767605746	0.0013317357767605746
861	 LLH-6	0.0013315969207567438	0.0013315969207567438
862	 LLH-2	0.001313164326288727	0.001313164326288727
863	 LLH-2	0.0013278873407532774	0.0013278873407532774
864	 LLH-0	0.0013265193091401566	0.0013265193091401566
865	 LLH-5	0.0013269841317703774	0.0013269841317703774
866	 LLH-6	0.0013287085781826797	0.0013287085781826797
867	 LLH-1	0.0013287085781826797	0.0013287085781826797
868	 LLH-0	0.0013270715339973602	0.0013270715339973602
869	 LLH-5	0.0013269896177364624	0.0013269896177364624
870	 LLH-5	0.0013278740824752245	0.0013278740824752245
871	 LLH-2	0.0013246475625063947	0.0013246475625063947
872	 LLH-2	0.001312259065964679	0.001312259065964679
873	 LLH-5	0.0013122976134787422	0.0013122976134787422
874	 LLH-6	0.0013102547391021452	0.0013102547391021452
875	 LLH-2	0.0013099946096670457	0.0013099946096670457
876	 LLH-1	0.0013094208096492027	0.0013094208096492027
877	 LLH-6	0.0013112588652617297	0.0013112588652617297
878	 LLH-5	0.0013105171268858263	0.0013105171268858263
879	 LLH-0	0.0013086543641344533	0.0013086543641344533
880	 LLH-4	0.0013069711297305628	0.0013069711297305628
883	 LLH-2	0.0013232072787483585	0.0013232072787483585
884	 LLH-3	0.0012760619117012054	0.0012760619117012054
885	 LLH-2	0.0012813313657094089	0.0012813313657094089
886	 LLH-2	0.0012821012603964777	0.0012821012603964777
887	 LLH-5	0.0012827081355542371	0.0012827081355542371
888	 LLH-5	0.0012823743726345053	0.0012823743726345053
889	 LLH-0	0.0012833649137559571	0.0012833649137559571
890	 LLH-2	0.0012759579731674439	0.0012759579731674439
891	 LLH-4	0.0012759579731674439	0.0012759579731674439
896	 LLH-6	0.0012742730231292956	0.0012742730231292956
897	 LLH-1	0.0012742730231292956	0.0012742730231292956
898	 LLH-6	0.00127496543240513	0.00127496543240513
899	 LLH-5	0.001275180411569865	0.001275180411569865
900	 LLH-3	0.0013830821462434326	0.001275180411569865
901	 LLH-0	0.001295481044207932	0.001295481044207932
902	 LLH-2	0.001295003190314895	0.001295003190314895
903	 LLH-1	0.0012949954747122937	0.0012949954747122937
904	 LLH-6	0.001294351692980238	0.001294351692980238
905	 LLH-3	0.0013611929796302896	0.001294351692980238
906	 LLH-6	0.0012946733831022807	0.0012946733831022807
907	 LLH-1	0.0012946733831022807	0.0012946733831022807
908	 LLH-0	0.001295736023824069	0.001295736023824069
909	 LLH-5	0.0012957304302966713	0.0012957304302966713
910	 LLH-0	0.0012968996026348812	0.0012968996026348812
911	 LLH-2	0.0012937590003984974	0.0012937590003984974
912	 LLH-6	0.0012939174849106966	0.0012939174849106966
913	 LLH-3	0.0012659419926883734	0.0012659419926883734
914	 LLH-4	0.0012659419926883734	0.0012659419926883734
919	 LLH-6	0.001265577804737012	0.001265577804737012
920	 LLH-1	0.001265577804737012	0.001265577804737012
921	 LLH-2	0.0012638989747873039	0.0012638989747873039
922	 LLH-0	0.0012649724239182283	0.0012649724239182283
923	 LLH-3	0.0013320345626093425	0.0013320345626093425
924	 LLH-0	0.001330616995321877	0.001330616995321877
925	 LLH-5	0.0013310392699707905	0.0013310392699707905
926	 LLH-0	0.0013292444062956183	0.0013292444062956183
927	 LLH-1	0.0013292903849053818	0.0013292903849053818
928	 LLH-5	0.0013280369408669693	0.0013280369408669693
929	 LLH-3	0.0014318218932677105	0.0014318218932677105
930	 LLH-1	0.0014318218932677105	0.0014318218932677105
931	 LLH-5	0.0014308966383231375	0.0014308966383231375
932	 LLH-4	0.0014274641660626634	0.0014274641660626634
934	 LLH-1	0.0014272439053876727	0.0014272439053876727
935	 LLH-2	0.001433656909514118	0.001433656909514118
936	 LLH-2	0.0013764591436922274	0.0013764591436922274
937	 LLH-5	0.001374801747634392	0.001374801747634392
938	 LLH-6	0.00137345542772089	0.00137345542772089
939	 LLH-1	0.00137345542772089	0.00137345542772089
940	 LLH-3	0.0012976356786109776	0.0012976356786109776
941	 LLH-0	0.0012965314665991836	0.0012965314665991836
942	 LLH-5	0.00129735784162866	0.00129735784162866
943	 LLH-5	0.0012982948413469207	0.0012982948413469207
944	 LLH-4	0.0012970069384305673	0.0012970069384305673
949	 LLH-1	0.0012970069384305673	0.0012970069384305673
950	 LLH-3	0.001256343377705893	0.001256343377705893
951	 LLH-5	0.001256602253777623	0.001256602253777623
952	 LLH-0	0.0012746206241512508	0.0012746206241512508
953	 LLH-5	0.001273063523387583	0.001273063523387583
954	 LLH-0	0.0012724283521601835	0.0012724283521601835
955	 LLH-4	0.001271270903633886	0.001271270903633886
957	 LLH-3	0.0012600725249915785	0.0012600725249915785
958	 LLH-1	0.001259855577612767	0.001259855577612767
959	 LLH-2	0.0012512878533772979	0.0012512878533772979
960	 LLH-5	0.0012511654713566064	0.0012511654713566064
961	 LLH-6	0.0012505255169280003	0.0012505255169280003
962	 LLH-4	0.00124975849465976	0.00124975849465976
965	 LLH-3	0.001286460663730693	0.001286460663730693
966	 LLH-4	0.001286460663730693	0.001286460663730693
971	 LLH-2	0.001304211531607311	0.001304211531607311
972	 LLH-5	0.0013031538359145843	0.0013031538359145843
973	 LLH-6	0.0013038433440678064	0.0013038433440678064
974	 LLH-1	0.0013038433440678064	0.0013038433440678064
975	 LLH-5	0.001303930198428151	0.001303930198428151
976	 LLH-0	0.0013026829080716056	0.0013026829080716056
977	 LLH-5	0.0013013834572052733	0.0013013834572052733
978	 LLH-1	0.0013012695290482578	0.0013012695290482578
979	 LLH-2	0.0012997293732659619	0.0012997293732659619
980	 LLH-3	0.0013658731353790037	0.0012997293732659619
981	 LLH-1	0.0012997293732659619	0.0012997293732659619
982	 LLH-0	0.0012984667970567163	0.0012984667970567163
983	 LLH-1	0.0012984667970567163	0.0012984667970567163
984	 LLH-3	0.001258421442531154	0.001258421442531154
985	 LLH-6	0.0012579132230330825	0.0012579132230330825
986	 LLH-0	0.001258604761886623	0.001258604761886623
987	 LLH-6	0.0012580095241811007	0.0012580095241811007
988	 LLH-0	0.0012587069091290696	0.0012587069091290696
989	 LLH-6	0.0012587755686654495	0.0012587755686654495
990	 LLH-5	0.0012612591016914385	0.0012587755686654495
991	 LLH-6	0.001258550517449077	0.001258550517449077
992	 LLH-1	0.0012584526205200535	0.0012584526205200535
993	 LLH-6	0.0012607190183945606	0.0012607190183945606
994	 LLH-6	0.0012602306867783503	0.0012602306867783503
995	 LLH-5	0.0012601571994171465	0.0012601571994171465
996	 LLH-5	0.0012601111225194507	0.0012601111225194507
997	 LLH-1	0.0012601111225194507	0.0012601111225194507
998	 LLH-5	0.0012607557352371317	0.0012607557352371317
999	 LLH-0	0.0012619763696484234	0.0012619763696484234
1000	 LLH-2	0.0012768342452669258	0.0012768342452669258
1001	 LLH-1	0.0012768342452669258	0.0012768342452669258
1002	 LLH-0	0.0012777117776443798	0.0012777117776443798
1003	 LLH-6	0.0012779677352882997	0.0012779677352882997
1004	 LLH-5	0.0012778867156439946	0.0012778867156439946
1005	 LLH-6	0.0012778326796117894	0.0012778326796117894
1006	 LLH-0	0.0012787259238263874	0.0012787259238263874
1007	 LLH-0	0.0012798144991140665	0.0012798144991140665
1008	 LLH-6	0.0012796099044324147	0.0012796099044324147
1009	 LLH-2	0.0012737212419972677	0.0012737212419972677
1010	 LLH-2	0.001283053221320759	0.001283053221320759
1011	 LLH-1	0.001282861549507728	0.001282861549507728
1012	 LLH-1	0.001282624402383036	0.001282624402383036
1013	 LLH-1	0.001283015848026946	0.001283015848026946
1014	 LLH-1	0.001283015848026946	0.001283015848026946
1015	 LLH-2	0.0012883540158113152	0.0012883540158113152
1016	 LLH-5	0.0012883824248732028	0.0012883824248732028
1017	 LLH-5	0.0012882213756455633	0.0012882213756455633
1018	 LLH-3	0.0012607233016628287	0.0012607233016628287
1019	 LLH-1	0.0012607233016628287	0.0012607233016628287
1020	 LLH-6	0.0012619574203021362	0.0012619574203021362
1021	 LLH-6	0.0012614182273793465	0.0012614182273793465
1022	 LLH-6	0.001261967136233796	0.001261967136233796
1023	 LLH-4	0.0012610600646084623	0.0012610600646084623
1026	 LLH-6	0.0012603652665901354	0.0012603652665901354
1027	 LLH-4	0.0012603652665901354	0.0012603652665901354
1032	 LLH-1	0.0012603454701543009	0.0012603454701543009
1033	 LLH-0	0.0012612536197370054	0.0012612536197370054
1034	 LLH-0	0.0012604524866451916	0.0012604524866451916
1035	 LLH-2	0.0012697211970118245	0.0012697211970118245
1036	 LLH-1	0.0012697211970118245	0.0012697211970118245
1037	 LLH-0	0.0012705987839765347	0.0012705987839765347
1038	 LLH-5	0.0012700187705307492	0.0012700187705307492
1039	 LLH-1	0.0012700187705307492	0.0012700187705307492
1040	 LLH-5	0.0012707858057277486	0.0012707858057277486
1041	 LLH-6	0.0012687816001339684	0.0012687816001339684
1042	 LLH-3	0.0013156468072209155	0.0013156468072209155
1043	 LLH-3	0.0012601019049056266	0.0012601019049056266
1044	 LLH-6	0.0012593200729611254	0.0012593200729611254
1045	 LLH-0	0.0012602924412391681	0.0012602924412391681
1046	 LLH-2	0.0012757760854557611	0.0012757760854557611
1047	 LLH-6	0.0012762199560895624	0.0012762199560895624
1048	 LLH-5	0.0012752171456840494	0.0012752171456840494
1049	 LLH-3	0.0012581635071300282	0.0012581635071300282
1050	 LLH-4	0.0012581635071300282	0.0012581635071300282
1055	 LLH-5	0.0012590651324602018	0.0012590651324602018
1056	 LLH-5	0.0012591451201895976	0.0012591451201895976
1057	 LLH-5	0.0012593433957250868	0.0012593433957250868
1058	 LLH-4	0.001258499756071999	0.001258499756071999
1061	 LLH-5	0.0012570614692902194	0.0012570614692902194
1062	 LLH-0	0.0012578377695340746	0.0012578377695340746
1063	 LLH-5	0.0012578377695340746	0.0012578377695340746
1064	 LLH-3	0.0012993591901592117	0.0012578377695340746
1065	 LLH-5	0.0012587379544276613	0.0012587379544276613
1066	 LLH-3	0.0012508125762170342	0.0012508125762170342
1067	 LLH-6	0.0012503925454211467	0.0012503925454211467
1068	 LLH-2	0.0012532355081147544	0.0012532355081147544
1069	 LLH-2	0.001260910930328993	0.001260910930328993
1070	 LLH-4	0.0012603040543606434	0.0012603040543606434
1074	 LLH-4	0.0012593643643642736	0.0012593643643642736
1077	 LLH-6	0.001260400894428364	0.001260400894428364
1078	 LLH-1	0.001260400894428364	0.001260400894428364
1079	 LLH-2	0.0012652808299960607	0.0012652808299960607
1080	 LLH-3	0.0012668656559086519	0.0012668656559086519
1081	 LLH-4	0.0012659019204154635	0.0012659019204154635
1084	 LLH-1	0.0012659019204154635	0.0012659019204154635
1085	 LLH-5	0.0012647963131130092	0.0012647963131130092
1086	 LLH-5	0.001264288219187406	0.001264288219187406
1087	 LLH-1	0.001264288219187406	0.001264288219187406
1088	 LLH-3	0.001313201268959203	0.001313201268959203
1089	 LLH-3	0.0014225394915119184	0.0014225394915119184
1090	 LLH-2	0.001364291973209147	0.001364291973209147
1091	 LLH-4	0.0013621381149791373	0.0013621381149791373
1093	 LLH-2	0.0013751318267240897	0.0013751318267240897
1094	 LLH-2	0.0013595266222714182	0.0013595266222714182
1095	 LLH-3	0.0014848015113258395	0.0013595266222714182
1096	 LLH-1	0.0013595266222714182	0.0013595266222714182
1097	 LLH-3	0.0012926612374029426	0.0012926612374029426
1098	 LLH-4	0.0012911969490322559	0.0012911969490322559
1100	 LLH-2	0.001294369844628724	0.001294369844628724
1101	 LLH-5	0.0012939030780379718	0.0012939030780379718
1102	 LLH-3	0.00136546093538872	0.0012939030780379718
1103	 LLH-3	0.0012705310384286234	0.0012705310384286234
1104	 LLH-1	0.0012705310384286234	0.0012705310384286234
1105	 LLH-3	0.0013245236711787738	0.0012705310384286234
1106	 LLH-1	0.0012705310384286234	0.0012705310384286234
1107	 LLH-2	0.0012644417509637947	0.0012644417509637947
1108	 LLH-2	0.001282601710735509	0.001282601710735509
1109	 LLH-3	0.0013409395251340378	0.0013409395251340378
1110	 LLH-0	0.001339024337265028	0.001339024337265028
1111	 LLH-6	0.0013395156748063181	0.0013395156748063181
1112	 LLH-2	0.0013463924044750956	0.0013463924044750956
1113	 LLH-5	0.0013463576120660422	0.0013463576120660422
1114	 LLH-5	0.0013469126017707734	0.0013469126017707734
1115	 LLH-6	0.0013464937136547553	0.0013464937136547553
1116	 LLH-1	0.0013464149148440052	0.0013464149148440052
1117	 LLH-6	0.0013444593277863693	0.0013444593277863693
1118	 LLH-4	0.0013444593277863693	0.0013444593277863693
1123	 LLH-3	0.0012842842671207306	0.0012842842671207306
1124	 LLH-4	0.0012832177070279934	0.0012832177070279934
1128	 LLH-6	0.0012832545767386318	0.0012832545767386318
1129	 LLH-3	0.001263582254394832	0.001263582254394832
1130	 LLH-1	0.001263582254394832	0.001263582254394832
1131	 LLH-5	0.0012635770047466572	0.0012635770047466572
1132	 LLH-2	0.0012715748022193044	0.0012715748022193044
1133	 LLH-2	0.0012788124491854636	0.0012715748022193044
1134	 LLH-0	0.0012722555553653133	0.0012722555553653133
1135	 LLH-1	0.001272149005126388	0.001272149005126388
1136	 LLH-2	0.0012724671182071166	0.0012724671182071166
1137	 LLH-5	0.0012741372952501905	0.0012741372952501905
1138	 LLH-3	0.0013278439275240406	0.0012741372952501905
1139	 LLH-6	0.00127489487287368	0.00127489487287368
1140	 LLH-0	0.0012757561406683425	0.0012757561406683425
1141	 LLH-0	0.0012764647528317919	0.0012764647528317919
1142	 LLH-2	0.0012669529844305247	0.0012669529844305247
1143	 LLH-2	0.0012775675391777002	0.0012775675391777002
1144	 LLH-6	0.0012777403110429148	0.0012777403110429148
1145	 LLH-3	0.0012569837975140732	0.0012569837975140732
1146	 LLH-5	0.0012573974195552683	0.0012573974195552683
1147	 LLH-4	0.0012566205682722925	0.0012566205682722925
1149	 LLH-0	0.0012572965461962117	0.0012572965461962117
1150	 LLH-5	0.0012575016805189778	0.0012575016805189778
1151	 LLH-5	0.0012574669087550454	0.0012574669087550454
1152	 LLH-0	0.0012581791190642317	0.0012581791190642317
1153	 LLH-1	0.0012581791190642317	0.0012581791190642317
1154	 LLH-3	0.0012486337452160003	0.0012486337452160003
1155	 LLH-6	0.001248480164315317	0.001248480164315317
1156	 LLH-2	0.0012564363546539873	0.0012564363546539873
1157	 LLH-6	0.0012563597713977092	0.0012563597713977092
1158	 LLH-0	0.0012571335823730009	0.0012571335823730009
1159	 LLH-1	0.0012569898987014685	0.0012569898987014685
1160	 LLH-4	0.0012560960359693472	0.0012560960359693472
1162	 LLH-2	0.0012611710130596468	0.0012611710130596468
1163	 LLH-6	0.0012633483397838593	0.0012633483397838593
1164	 LLH-2	0.0012598316655503445	0.0012598316655503445
1165	 LLH-6	0.001260125838220569	0.001260125838220569
1166	 LLH-0	0.001261115340605178	0.001261115340605178
1167	 LLH-5	0.0012616001938004192	0.0012616001938004192
1168	 LLH-6	0.0012616299705450747	0.0012616299705450747
1169	 LLH-5	0.0012620302185706548	0.0012620302185706548
1170	 LLH-4	0.001260996246015707	0.001260996246015707
1175	 LLH-3	0.001333434629838121	0.001260996246015707
1176	 LLH-1	0.001260996246015707	0.001260996246015707
1177	 LLH-0	0.001262103273045834	0.001262103273045834
1178	 LLH-5	0.0012613444567978107	0.0012613444567978107
1179	 LLH-6	0.0012614779442803581	0.0012614779442803581
1180	 LLH-0	0.0012607327005151954	0.0012607327005151954
1181	 LLH-5	0.0012601690474175497	0.0012601690474175497
1182	 LLH-0	0.0012608991886150123	0.0012608991886150123
1183	 LLH-2	0.001271197043145851	0.001271197043145851
1184	 LLH-4	0.0012698977964513828	0.0012698977964513828
1186	 LLH-3	0.0013292907999577983	0.0013292907999577983
1187	 LLH-1	0.0013292907999577983	0.0013292907999577983
1188	 LLH-1	0.0013292907999577983	0.0013292907999577983
1189	 LLH-0	0.0013549715924111366	0.0013549715924111366
1190	 LLH-2	0.001325488123285346	0.001325488123285346
1191	 LLH-5	0.0013257042601024446	0.0013257042601024446
1192	 LLH-3	0.0014672317172432655	0.0013257042601024446
1193	 LLH-2	0.0013248139220016647	0.0013248139220016647
1194	 LLH-1	0.0013248139220016647	0.0013248139220016647
1195	 LLH-3	0.0014401435681115921	0.0013248139220016647
1196	 LLH-3	0.0014381526451520276	0.0013248139220016647
1197	 LLH-2	0.0013235016129640473	0.0013235016129640473
1198	 LLH-4	0.0013216938028519087	0.0013216938028519087
1201	 LLH-1	0.001321720281673304	0.001321720281673304
1202	 LLH-6	0.001321312742883572	0.001321312742883572
1203	 LLH-0	0.0013200202042078046	0.0013200202042078046
1204	 LLH-6	0.0013170746919601525	0.0013170746919601525
1205	 LLH-2	0.0013160242587034396	0.0013160242587034396
1206	 LLH-3	0.0014132897878333828	0.0013160242587034396
1207	 LLH-0	0.001317458071346799	0.001317458071346799
1208	 LLH-1	0.001317458071346799	0.001317458071346799
1209	 LLH-1	0.0013174234826223877	0.0013174234826223877
1210	 LLH-4	0.001315523084261178	0.001315523084261178
1212	 LLH-6	0.001315471418760299	0.001315471418760299
1213	 LLH-2	0.0013156734973855996	0.0013156734973855996
1214	 LLH-3	0.0012677655244566345	0.0012677655244566345
1215	 LLH-5	0.0012672577222299405	0.0012672577222299405
1216	 LLH-4	0.0012661854654754333	0.0012661854654754333
1219	 LLH-6	0.001266321711948124	0.001266321711948124
1220	 LLH-6	0.001267130249316597	0.001267130249316597
1221	 LLH-2	0.0012731472001434848	0.0012731472001434848
1222	 LLH-6	0.0012723197138124211	0.0012723197138124211
1223	 LLH-1	0.0012723197138124211	0.0012723197138124211
1224	 LLH-4	0.0012714007831179622	0.0012714007831179622
1229	 LLH-6	0.0012703576067431056	0.0012703576067431056
1230	 LLH-0	0.001271372275943898	0.001271372275943898
1231	 LLH-2	0.0012881202983489486	0.001271372275943898
1232	 LLH-1	0.0012711967832766996	0.0012711967832766996
1233	 LLH-0	0.0012702390208684682	0.0012702390208684682
1234	 LLH-3	0.001345754031912478	0.0012702390208684682
1235	 LLH-4	0.001268858173443765	0.001268858173443765
1239	 LLH-1	0.001268858173443765	0.001268858173443765
1240	 LLH-4	0.0012680380219434243	0.0012680380219434243
1244	 LLH-6	0.0012680050110962637	0.0012680050110962637
1245	 LLH-1	0.0012682779665546596	0.0012682779665546596
1246	 LLH-6	0.0012686047510502222	0.0012686047510502222
1247	 LLH-0	0.0012675594227912344	0.0012675594227912344
1248	 LLH-0	0.001266579097140946	0.001266579097140946
1249	 LLH-0	0.0012657786653964644	0.0012657786653964644
1250	 LLH-4	0.0012647709740465358	0.0012647709740465358
1253	 LLH-1	0.0012647709740465358	0.0012647709740465358
1254	 LLH-2	0.0012812905415126837	0.0012812905415126837
1255	 LLH-3	0.0012570759121911658	0.0012570759121911658
1256	 LLH-0	0.001257797381740161	0.001257797381740161
1257	 LLH-0	0.0012586186552802031	0.0012586186552802031
1258	 LLH-3	0.001313709463865713	0.001313709463865713
1259	 LLH-6	0.0013112640849099668	0.0013112640849099668
1260	 LLH-5	0.001312632763140476	0.001312632763140476
1261	 LLH-4	0.0013109875823789914	0.0013109875823789914
1265	 LLH-5	0.001311697759693082	0.001311697759693082
1266	 LLH-4	0.0013105038709415543	0.0013105038709415543
1268	 LLH-1	0.0013105038709415543	0.0013105038709415543
1269	 LLH-0	0.0013120198657665992	0.0013120198657665992
1270	 LLH-1	0.001312309654489104	0.001312309654489104
1271	 LLH-1	0.001312309654489104	0.001312309654489104
1272	 LLH-4	0.001312309654489104	0.001312309654489104
1277	 LLH-3	0.0012742119704626058	0.0012742119704626058
1278	 LLH-6	0.00127340520791159	0.00127340520791159
1279	 LLH-6	0.0012735778558815758	0.0012735778558815758
1280	 LLH-0	0.0012743474938863978	0.0012743474938863978
1281	 LLH-6	0.0012749302218296754	0.0012749302218296754
1282	 LLH-6	0.001275763237149374	0.001275763237149374
1283	 LLH-3	0.0013493005208566886	0.001275763237149374
1284	 LLH-5	0.0012769557998909393	0.0012769557998909393
1285	 LLH-5	0.0012771046977940537	0.0012771046977940537
1286	 LLH-2	0.0012790517437797958	0.0012790517437797958
1287	 LLH-4	0.0012790517437797958	0.0012790517437797958
1292	 LLH-4	0.0012790517437797958	0.0012790517437797958
1297	 LLH-5	0.0012798021760865499	0.0012798021760865499
1298	 LLH-2	0.001296083918000153	0.001296083918000153
1299	 LLH-6	0.0012940755815046207	0.0012940755815046207
1300	 LLH-3	0.001357485648229612	0.0012940755815046207
1301	 LLH-5	0.0012941040379550867	0.0012941040379550867
1302	 LLH-1	0.0012938041804640345	0.0012938041804640345
1303	 LLH-4	0.0012925781155963124	0.0012925781155963124
1305	 LLH-1	0.0012925781155963124	0.0012925781155963124
1306	 LLH-3	0.0012674297874800595	0.0012674297874800595
1307	 LLH-4	0.0012674297874800595	0.0012674297874800595
1312	 LLH-3	0.001326967370500301	0.0012674297874800595
1313	 LLH-1	0.0012672953099502977	0.0012672953099502977
1314	 LLH-3	0.001249160672876708	0.001249160672876708
1315	 LLH-2	0.001251818348146278	0.001251818348146278
1316	 LLH-3	0.0012456801587208742	0.0012456801587208742
1317	 LLH-6	0.0012454808059504262	0.0012454808059504262
1318	 LLH-4	0.0012448997326184475	0.0012448997326184475
1323	 LLH-6	0.0012441987240200112	0.0012441987240200112
1324	 LLH-5	0.001244267571953422	0.001244267571953422
1325	 LLH-5	0.0012442739428583716	0.0012442739428583716
1326	 LLH-6	0.0012447694934343435	0.0012447694934343435
1327	 LLH-2	0.0012636264085863365	0.0012447694934343435
1328	 LLH-6	0.0012454152494756764	0.0012454152494756764
1329	 LLH-5	0.001243391874958165	0.001243391874958165
1330	 LLH-2	0.0012512950283877053	0.0012512950283877053
1331	 LLH-1	0.0012512950283877053	0.0012512950283877053
1332	 LLH-2	0.0012596609907853406	0.0012596609907853406
1333	 LLH-0	0.0012603308112886492	0.0012603308112886492
1334	 LLH-4	0.0012595695407497957	0.0012595695407497957
1336	 LLH-4	0.0012588441532530397	0.0012588441532530397
1339	 LLH-2	0.0012630059297205557	0.0012630059297205557
1340	 LLH-6	0.0012641988317184452	0.0012641988317184452
1341	 LLH-5	0.0012636299661490933	0.0012636299661490933
1342	 LLH-5	0.001263433158352143	0.001263433158352143
1343	 LLH-2	0.00127485215300003	0.00127485215300003
1344	 LLH-2	0.0012866189469519034	0.00127485215300003
1345	 LLH-1	0.0012744625646949918	0.0012744625646949918
1346	 LLH-1	0.0012744625646949918	0.0012744625646949918
1347	 LLH-4	0.0012735326368826906	0.0012735326368826906
1350	 LLH-3	0.0013500107050110825	0.0012735326368826906
1351	 LLH-5	0.0012738221699549054	0.0012738221699549054
1352	 LLH-0	0.0012749367165925459	0.0012749367165925459
1353	 LLH-6	0.0012726394365487812	0.0012726394365487812
1354	 LLH-5	0.0012734665313180865	0.0012734665313180865
1355	 LLH-2	0.0012765939005393184	0.0012765939005393184
1356	 LLH-0	0.0012774382770195155	0.0012774382770195155
1357	 LLH-0	0.0012783952256568806	0.0012783952256568806
1358	 LLH-2	0.0012764217724740155	0.0012764217724740155
1359	 LLH-1	0.0012765909446619014	0.0012765909446619014
1360	 LLH-3	0.0013899308650024659	0.0012765909446619014
1361	 LLH-1	0.0012764835617724171	0.0012764835617724171
1362	 LLH-1	0.0012762651258631877	0.0012762651258631877
1363	 LLH-4	0.0012762651258631877	0.0012762651258631877
1368	 LLH-5	0.0012759902825796477	0.0012759902825796477
1369	 LLH-3	0.0012570292190055322	0.0012570292190055322
1370	 LLH-3	0.0013142081767458654	0.0012570292190055322
1371	 LLH-1	0.0012570292190055322	0.0012570292190055322
1372	 LLH-5	0.0012573840014615074	0.0012573840014615074
1373	 LLH-6	0.0012580533429011193	0.0012580533429011193
1374	 LLH-4	0.0012569577208357274	0.0012569577208357274
1376	 LLH-1	0.0012569577208357274	0.0012569577208357274
1377	 LLH-1	0.0012569577208357274	0.0012569577208357274
1378	 LLH-0	0.0012576955739992427	0.0012576955739992427
1379	 LLH-0	0.0012567554078171494	0.0012567554078171494
1380	 LLH-4	0.001255817922484899	0.001255817922484899
1383	 LLH-5	0.0012557554951754684	0.0012557554951754684
1384	 LLH-4	0.0012546361271847581	0.0012546361271847581
1387	 LLH-0	0.0012551902861941593	0.0012551902861941593
1388	 LLH-5	0.001255369070446335	0.001255369070446335
1389	 LLH-5	0.0012564289940052912	0.0012564289940052912
1390	 LLH-6	0.0012569838660696727	0.0012569838660696727
1391	 LLH-6	0.0012554174231889132	0.0012554174231889132
1392	 LLH-4	0.0012546514749292288	0.0012546514749292288
1396	 LLH-3	0.0012617666062092006	0.0012617666062092006
1397	 LLH-1	0.001262075220466384	0.001262075220466384
1398	 LLH-3	0.001292127392765998	0.001292127392765998
1399	 LLH-1	0.001292127392765998	0.001292127392765998
1400	 LLH-5	0.0012896505465658775	0.0012896505465658775
1401	 LLH-0	0.0012909297321267435	0.0012909297321267435
1402	 LLH-4	0.0012909297321267435	0.0012909297321267435
1407	 LLH-5	0.0012910182382390267	0.0012910182382390267
1408	 LLH-5	0.0012892338697440703	0.0012892338697440703
1409	 LLH-1	0.001289489379581808	0.001289489379581808
1410	 LLH-1	0.0012898288084051174	0.0012898288084051174
1411	 LLH-2	0.0012983842690939547	0.0012983842690939547
1412	 LLH-2	0.0012973371767876392	0.0012973371767876392
1413	 LLH-2	0.0012970919639676004	0.0012970919639676004
1414	 LLH-0	0.0012984120463944485	0.0012984120463944485
1415	 LLH-3	0.0013943486207584894	0.0013943486207584894
1416	 LLH-6	0.001394119814566293	0.001394119814566293
1417	 LLH-2	0.0013684609074003516	0.0013684609074003516
1418	 LLH-4	0.001365930485396336	0.001365930485396336
1420	 LLH-5	0.001367996378459065	0.001367996378459065
1421	 LLH-4	0.0013653866528639206	0.0013653866528639206
1423	 LLH-3	0.0014943248592850264	0.0014943248592850264
1424	 LLH-6	0.0014922052900622328	0.0014922052900622328
1425	 LLH-3	0.001752278024555339	0.0014922052900622328
1426	 LLH-5	0.0014943263028700017	0.0014943263028700017
1427	 LLH-1	0.0014943263028700017	0.0014943263028700017
1428	 LLH-6	0.0014964646744532726	0.0014964646744532726
1429	 LLH-2	0.001424292942439695	0.001424292942439695
1430	 LLH-2	0.0014056038551141803	0.0014056038551141803
1431	 LLH-3	0.0013003939236655945	0.0013003939236655945
1432	 LLH-3	0.001369932425790814	0.0013003939236655945
1433	 LLH-0	0.001298910500854982	0.001298910500854982
1434	 LLH-4	0.001297386304706823	0.001297386304706823
1436	 LLH-1	0.001297386304706823	0.001297386304706823
1437	 LLH-5	0.0012968848670160415	0.0012968848670160415
1438	 LLH-5	0.0012974041220526384	0.0012974041220526384
1439	 LLH-2	0.0012899592140038114	0.0012899592140038114
1440	 LLH-3	0.0012668452153430146	0.0012668452153430146
1441	 LLH-3	0.0013083260739503275	0.0013083260739503275
1442	 LLH-5	0.001308501058145678	0.001308501058145678
1443	 LLH-0	0.0013066228220276308	0.0013066228220276308
1444	 LLH-0	0.0013302972304999436	0.0013302972304999436
1445	 LLH-6	0.001328319183970909	0.001328319183970909
1446	 LLH-1	0.001328319183970909	0.001328319183970909
1447	 LLH-5	0.0013281198993580043	0.0013281198993580043
1448	 LLH-1	0.0013281198993580043	0.0013281198993580043
1449	 LLH-0	0.0013043103055361844	0.0013043103055361844
1450	 LLH-1	0.0013043103055361844	0.0013043103055361844
1451	 LLH-6	0.0013037141478127198	0.0013037141478127198
1452	 LLH-2	0.0013129620212755854	0.0013129620212755854
1453	 LLH-5	0.0013133563024512636	0.0013133563024512636
1454	 LLH-3	0.0014126275812163043	0.0013133563024512636
1455	 LLH-1	0.0013133563024512636	0.0013133563024512636
1456	 LLH-0	0.0013146853128388277	0.0013146853128388277
1457	 LLH-6	0.0013147368543575326	0.0013147368543575326
1458	 LLH-1	0.0013147368543575326	0.0013147368543575326
1459	 LLH-2	0.0013165468117687924	0.0013165468117687924
1460	 LLH-1	0.0013165468117687924	0.0013165468117687924
1461	 LLH-4	0.0013165468117687924	0.0013165468117687924
1466	 LLH-4	0.0013151405690313834	0.0013151405690313834
1469	 LLH-1	0.0013151405690313834	0.0013151405690313834
1470	 LLH-4	0.0013134165450113815	0.0013134165450113815
1473	 LLH-1	0.0013134165450113815	0.0013134165450113815
1474	 LLH-1	0.0013130653139457613	0.0013130653139457613
1475	 LLH-2	0.001290858228813393	0.001290858228813393
1476	 LLH-0	0.0012896617966090577	0.0012896617966090577
1477	 LLH-0	0.0012885494051659235	0.0012885494051659235
1478	 LLH-3	0.0013949949248540903	0.0012885494051659235
1479	 LLH-5	0.0012881608086555431	0.0012881608086555431
1480	 LLH-5	0.001286728073903925	0.001286728073903925
1481	 LLH-6	0.0012868142198234238	0.0012868142198234238
1482	 LLH-6	0.0012885573516147214	0.0012885573516147214
1483	 LLH-0	0.0012874836742844393	0.0012874836742844393
1484	 LLH-2	0.0013007250814238874	0.0012874836742844393
1485	 LLH-4	0.0012861484093916256	0.0012861484093916256
1489	 LLH-0	0.0012872786089585249	0.0012872786089585249
1490	 LLH-3	0.001404670633990349	0.0012872786089585249
1491	 LLH-5	0.0012869978856711113	0.0012869978856711113
1492	 LLH-1	0.001287065867032699	0.001287065867032699
1493	 LLH-3	0.0013994495368170805	0.001287065867032699
1494	 LLH-3	0.001363066910566342	0.001287065867032699
1495	 LLH-5	0.0012865587418531875	0.0012865587418531875
1496	 LLH-3	0.0014032108794346354	0.0012865587418531875
1497	 LLH-4	0.001285428779461913	0.001285428779461913
1500	 LLH-2	0.0012883261343879446	0.0012883261343879446
1501	 LLH-3	0.0013674370728665986	0.0012883261343879446
1502	 LLH-6	0.001287309951340273	0.001287309951340273
1503	 LLH-4	0.0012859901807080899	0.0012859901807080899
1505	 LLH-3	0.0013922898145422003	0.0012859901807080899
1506	 LLH-1	0.0012859901807080899	0.0012859901807080899
1507	 LLH-0	0.0012844904743659008	0.0012844904743659008
1508	 LLH-2	0.0012949642964249996	0.0012844904743659008
1509	 LLH-6	0.0012844064677499326	0.0012844064677499326
1510	 LLH-6	0.0012847905537338605	0.0012847905537338605
1511	 LLH-1	0.0012847965744995087	0.0012847965744995087
1512	 LLH-5	0.0012847024213524325	0.0012847024213524325
1513	 LLH-0	0.0012859914134781363	0.0012859914134781363
1514	 LLH-6	0.001285067550912194	0.001285067550912194
1515	 LLH-5	0.0012846181893537345	0.0012846181893537345
1516	 LLH-6	0.0012863035471711573	0.0012863035471711573
1517	 LLH-1	0.0012865682704802114	0.0012865682704802114
1518	 LLH-5	0.0012882992838111286	0.0012882992838111286
1519	 LLH-1	0.0012882992838111286	0.0012882992838111286
1520	 LLH-5	0.0012878234534727945	0.0012878234534727945
1521	 LLH-6	0.0012870657453913522	0.0012870657453913522
1522	 LLH-0	0.0012858481450934854	0.0012858481450934854
1523	 LLH-2	0.001284710867640906	0.001284710867640906
1524	 LLH-1	0.001284710867640906	0.001284710867640906
1525	 LLH-6	0.0012858187458356886	0.0012858187458356886
1526	 LLH-3	0.001416866671222154	0.0012858187458356886
1527	 LLH-4	0.0012844710230597426	0.0012844710230597426
1529	 LLH-0	0.0012830684775020106	0.0012830684775020106
1530	 LLH-6	0.0012835577790361505	0.0012835577790361505
1531	 LLH-6	0.001284250768174954	0.001284250768174954
1532	 LLH-0	0.001306362189879834	0.001284250768174954
1533	 LLH-3	0.0012558630668828773	0.0012558630668828773
1534	 LLH-5	0.0012556225520988053	0.0012556225520988053
1535	 LLH-1	0.0012556225520988053	0.0012556225520988053
1536	 LLH-4	0.0012556225520988053	0.0012556225520988053
1541	 LLH-3	0.0012477724209139537	0.0012477724209139537
1542	 LLH-1	0.0012477724209139537	0.0012477724209139537
1543	 LLH-5	0.0012474766247860662	0.0012474766247860662
1544	 LLH-1	0.0012474766247860662	0.0012474766247860662
1545	 LLH-3	0.0012555866887757493	0.0012555866887757493
1546	 LLH-4	0.0012555866887757493	0.0012555866887757493
1551	 LLH-2	0.00125195449076767	0.00125195449076767
1552	 LLH-5	0.0012515607737893482	0.0012515607737893482
1553	 LLH-5	0.0012510420246958959	0.0012510420246958959
1554	 LLH-6	0.0012529498406082685	0.0012529498406082685
1555	 LLH-3	0.0012585410695563392	0.0012585410695563392
1556	 LLH-1	0.0012585410695563392	0.0012585410695563392
1557	 LLH-3	0.001243080492889123	0.001243080492889123
1558	 LLH-3	0.0012703683655515973	0.001243080492889123
1559	 LLH-4	0.001243080492889123	0.001243080492889123
1564	 LLH-3	0.0012708923010448445	0.001243080492889123
1565	 LLH-5	0.0012427418199700581	0.0012427418199700581
1566	 LLH-4	0.0012427418199700581	0.0012427418199700581
1571	 LLH-3	0.001282829973311877	0.0012427418199700581
1572	 LLH-0	0.0012431998313924466	0.0012431998313924466
1573	 LLH-4	0.0012431998313924466	0.0012431998313924466
1578	 LLH-1	0.0012431998313924466	0.0012431998313924466
1579	 LLH-4	0.0012427977557837016	0.0012427977557837016
1583	 LLH-1	0.0012427977557837016	0.0012427977557837016
1584	 LLH-2	0.001257342136901171	0.001257342136901171
1585	 LLH-6	0.0012578114863884046	0.0012578114863884046
1586	 LLH-2	0.0012675260915760715	0.0012675260915760715
1587	 LLH-4	0.00126675235480287	0.00126675235480287
1589	 LLH-0	0.0012673082718894922	0.0012673082718894922
1590	 LLH-5	0.0012659741982873922	0.0012659741982873922
1591	 LLH-2	0.0012543445953653051	0.0012543445953653051
1592	 LLH-3	0.001247153836445712	0.001247153836445712
1593	 LLH-1	0.001247153836445712	0.001247153836445712
1594	 LLH-4	0.001247153836445712	0.001247153836445712
1599	 LLH-4	0.0012465443154459116	0.0012465443154459116
1601	 LLH-5	0.0012460872646774123	0.0012460872646774123
1602	 LLH-4	0.0012460872646774123	0.0012460872646774123
1607	 LLH-6	0.0012465016456828788	0.0012465016456828788
1608	 LLH-3	0.001250004275137198	0.0012465016456828788
1609	 LLH-0	0.001245893348494304	0.001245893348494304
1610	 LLH-1	0.0012459053131273388	0.0012459053131273388
1611	 LLH-3	0.0012509880138354822	0.0012509880138354822
1612	 LLH-2	0.0012492411720251794	0.0012492411720251794
1613	 LLH-0	0.001249800667804894	0.001249800667804894
1614	 LLH-1	0.001249800667804894	0.001249800667804894
1615	 LLH-1	0.001249800667804894	0.001249800667804894
1616	 LLH-1	0.0012494763006068274	0.0012494763006068274
1617	 LLH-6	0.0012498127205955983	0.0012498127205955983
1618	 LLH-6	0.0012499344724714156	0.0012499344724714156
1619	 LLH-0	0.0012506894404688675	0.0012506894404688675
1620	 LLH-1	0.0012506894404688675	0.0012506894404688675
1621	 LLH-4	0.0012506894404688675	0.0012506894404688675
1626	 LLH-6	0.0012514114038016933	0.0012514114038016933
1627	 LLH-2	0.0012711773923114514	0.0012514114038016933
1628	 LLH-0	0.001252099723317075	0.001252099723317075
1629	 LLH-0	0.0012526679758886406	0.0012526679758886406
1630	 LLH-6	0.001252487707283918	0.001252487707283918
1631	 LLH-1	0.001252487707283918	0.001252487707283918
1632	 LLH-3	0.001256218646674084	0.001252487707283918
1633	 LLH-6	0.001252554299941328	0.001252554299941328
1634	 LLH-1	0.001252420788893747	0.001252420788893747
1635	 LLH-3	0.001250067902046794	0.001250067902046794
1636	 LLH-2	0.0012650467637457818	0.001250067902046794
1637	 LLH-3	0.0012578658968900962	0.0012578658968900962
1638	 LLH-4	0.0012434304685120343	0.0012434304685120343
1640	 LLH-3	0.0012469088258920038	0.0012469088258920038
1641	 LLH-0	0.0012473712374159818	0.0012473712374159818
1642	 LLH-6	0.0012479035859148922	0.0012479035859148922
1643	 LLH-5	0.0012476673386639123	0.0012476673386639123
1644	 LLH-5	0.0012472165077324574	0.0012472165077324574
1645	 LLH-5	0.0012479172032263104	0.0012479172032263104
1646	 LLH-3	0.001254588683463571	0.001254588683463571
1647	 LLH-2	0.001249396633152064	0.001249396633152064
1648	 LLH-6	0.0012493276670323204	0.0012493276670323204
1649	 LLH-0	0.0012499392578188561	0.0012499392578188561
1650	 LLH-2	0.0012528026456949505	0.0012528026456949505
1651	 LLH-4	0.0012518884338594692	0.0012518884338594692
1655	 LLH-0	0.0012512690585796491	0.0012512690585796491
1656	 LLH-3	0.0012443202649101168	0.0012443202649101168
1657	 LLH-6	0.0012437702017802908	0.0012437702017802908
1658	 LLH-5	0.0012442044466001168	0.0012442044466001168
1659	 LLH-1	0.0012442044466001168	0.0012442044466001168
1660	 LLH-5	0.0012437006506080294	0.0012437006506080294
1661	 LLH-5	0.0012439302710452898	0.0012439302710452898
1662	 LLH-3	0.0012916958233548247	0.0012439302710452898
1663	 LLH-1	0.0012439302710452898	0.0012439302710452898
1664	 LLH-2	0.0012601090125715574	0.0012601090125715574
1665	 LLH-6	0.0012599779383108956	0.0012599779383108956
1666	 LLH-1	0.0012600190533714876	0.0012600190533714876
1667	 LLH-0	0.001260659138078618	0.001260659138078618
1668	 LLH-2	0.0012541102002705258	0.0012541102002705258
1669	 LLH-1	0.0012541102002705258	0.0012541102002705258
1670	 LLH-5	0.0012534231737643057	0.0012534231737643057
1671	 LLH-5	0.001253959195317638	0.001253959195317638
1672	 LLH-5	0.0012529816352440978	0.0012529816352440978
1673	 LLH-2	0.0012600598192702222	0.0012529816352440978
1674	 LLH-0	0.0012522881771581704	0.0012522881771581704
1675	 LLH-3	0.0012532796394954368	0.0012532796394954368
1676	 LLH-6	0.0012540106809561724	0.0012540106809561724
1677	 LLH-0	0.0012546937272307072	0.0012546937272307072
1678	 LLH-1	0.0012546937272307072	0.0012546937272307072
1679	 LLH-5	0.0012551032483775432	0.0012551032483775432
1680	 LLH-3	0.0012490329951712594	0.0012490329951712594
1681	 LLH-3	0.0012493625435565548	0.0012493625435565548
1682	 LLH-5	0.0012495497088961778	0.0012495497088961778
1683	 LLH-1	0.0012495497088961778	0.0012495497088961778
1684	 LLH-2	0.0012543314690884695	0.0012543314690884695
1685	 LLH-1	0.00125429892457797	0.00125429892457797
1686	 LLH-1	0.001254404912079388	0.001254404912079388
1687	 LLH-0	0.0012549843500818097	0.0012549843500818097
1688	 LLH-1	0.0012550938157088107	0.0012550938157088107
1689	 LLH-1	0.0012550938157088107	0.0012550938157088107
1690	 LLH-5	0.001255243682887048	0.001255243682887048
1691	 LLH-5	0.0012551607965141074	0.0012551607965141074
1692	 LLH-1	0.0012551607965141074	0.0012551607965141074
1693	 LLH-5	0.0012554739225499533	0.0012554739225499533
1694	 LLH-6	0.0012558878177699987	0.0012558878177699987
1695	 LLH-5	0.001255448560921875	0.001255448560921875
1696	 LLH-6	0.0012556967608096635	0.0012556967608096635
1697	 LLH-6	0.0012550211263418576	0.0012550211263418576
1698	 LLH-2	0.0012622505518409943	0.0012622505518409943
1699	 LLH-5	0.0012623094613808201	0.0012623094613808201
1700	 LLH-2	0.0012626009503576348	0.0012626009503576348
1701	 LLH-4	0.0012618755442668317	0.0012618755442668317
1704	 LLH-4	0.0012612407762066908	0.0012612407762066908
1706	 LLH-6	0.0012619745336854308	0.0012619745336854308
1707	 LLH-1	0.0012619745336854308	0.0012619745336854308
1708	 LLH-2	0.0012784159884532188	0.0012784159884532188
1709	 LLH-3	0.0013308886991132286	0.0012784159884532188
1710	 LLH-5	0.0012793472525329656	0.0012793472525329656
1711	 LLH-0	0.0012784540358359204	0.0012784540358359204
1712	 LLH-6	0.0012782335097797166	0.0012782335097797166
1713	 LLH-4	0.0012770877237553969	0.0012770877237553969
1716	 LLH-6	0.0012788535572821353	0.0012788535572821353
1717	 LLH-2	0.0012708086177097722	0.0012708086177097722
1718	 LLH-2	0.0012795723667893269	0.0012795723667893269
1719	 LLH-2	0.0012810126296154262	0.0012810126296154262
1720	 LLH-2	0.0012967988135169156	0.0012810126296154262
1721	 LLH-2	0.0012941458320833122	0.0012941458320833122
1722	 LLH-2	0.001303153472539605	0.001303153472539605
1723	 LLH-5	0.0013042874473943374	0.0013042874473943374
1724	 LLH-1	0.0013038622765043067	0.0013038622765043067
1725	 LLH-6	0.0013025192252335267	0.0013025192252335267
1726	 LLH-4	0.0013012051013355512	0.0013012051013355512
1729	 LLH-2	0.0013008160370312604	0.0013008160370312604
1730	 LLH-3	0.001383458573315397	0.0013008160370312604
1731	 LLH-2	0.001295559366947309	0.001295559366947309
1732	 LLH-3	0.0013716172946158763	0.001295559366947309
1733	 LLH-1	0.0012958061375091677	0.0012958061375091677
1734	 LLH-6	0.0012966132369065944	0.0012966132369065944
1735	 LLH-3	0.0013942781368060189	0.0012966132369065944
1736	 LLH-5	0.0012970195209743307	0.0012970195209743307
1737	 LLH-3	0.0013763579328114266	0.0012970195209743307
1738	 LLH-3	0.0012650191024872939	0.0012650191024872939
1739	 LLH-0	0.0012660939934662076	0.0012660939934662076
1740	 LLH-0	0.001265238860817547	0.001265238860817547
1741	 LLH-6	0.0012642671113467338	0.0012642671113467338
1742	 LLH-5	0.0012650732237255702	0.0012650732237255702
1743	 LLH-6	0.0012645551200967165	0.0012645551200967165
1744	 LLH-4	0.0012637540105319917	0.0012637540105319917
1746	 LLH-6	0.0012624009851164304	0.0012624009851164304
1747	 LLH-0	0.0012633479396901624	0.0012633479396901624
1748	 LLH-4	0.0012633479396901624	0.0012633479396901624
1753	 LLH-0	0.0012640460445375859	0.0012640460445375859
1754	 LLH-0	0.0012633140715741307	0.0012633140715741307
1755	 LLH-6	0.0012624918328113662	0.0012624918328113662
1756	 LLH-3	0.001340810003863205	0.0012624918328113662
1757	 LLH-6	0.0012636009802689209	0.0012636009802689209
1758	 LLH-1	0.0012636009802689209	0.0012636009802689209
1759	 LLH-2	0.0012791066823467088	0.0012791066823467088
1760	 LLH-5	0.0012787234548971684	0.0012787234548971684
1761	 LLH-0	0.001277790957021103	0.001277790957021103
1762	 LLH-6	0.001277912724916471	0.001277912724916471
1763	 LLH-4	0.0012771684704838645	0.0012771684704838645
1765	 LLH-3	0.0013258305091775782	0.0012771684704838645
1766	 LLH-4	0.0012764162309625612	0.0012764162309625612
1769	 LLH-3	0.0012600890452936692	0.0012600890452936692
1770	 LLH-5	0.0012605342747031706	0.0012605342747031706
1771	 LLH-3	0.001298478487926224	0.0012605342747031706
1772	 LLH-4	0.0012599526771961858	0.0012599526771961858
1777	 LLH-1	0.0012599526771961858	0.0012599526771961858
1778	 LLH-6	0.0012599879799848244	0.0012599879799848244
1779	 LLH-4	0.0012599879799848244	0.0012599879799848244
1784	 LLH-6	0.001259547686598061	0.001259547686598061
1785	 LLH-3	0.0012487477313914488	0.0012487477313914488
1786	 LLH-0	0.001249364127145892	0.0012487477313914488
1787	 LLH-2	0.0012575529267561734	0.0012575529267561734
1788	 LLH-4	0.0012564363402470151	0.0012564363402470151
1793	 LLH-0	0.001257073951629851	0.001257073951629851
1794	 LLH-3	0.0013088412338110433	0.001257073951629851
1795	 LLH-2	0.0012499578448068914	0.0012499578448068914
1796	 LLH-1	0.0012499578448068914	0.0012499578448068914
1797	 LLH-2	0.001258800979136576	0.001258800979136576
1798	 LLH-5	0.0012588863413019703	0.0012588863413019703
1799	 LLH-0	0.0012598608761832319	0.0012598608761832319
1800	 LLH-3	0.0013146328304501167	0.0012598608761832319
1801	 LLH-2	0.0012746725948995024	0.0012746725948995024
1802	 LLH-4	0.0012737862808494737	0.0012737862808494737
1806	 LLH-1	0.0012733602561762706	0.0012733602561762706
1807	 LLH-0	0.0012742206214818716	0.0012742206214818716
1808	 LLH-4	0.0012730425847434865	0.0012730425847434865
1810	 LLH-5	0.0012724087063713122	0.0012724087063713122
1811	 LLH-3	0.0012595423569834573	0.0012595423569834573
1812	 LLH-6	0.0012601582491371264	0.0012601582491371264
1813	 LLH-5	0.001259972690440282	0.001259972690440282
1814	 LLH-6	0.0012612969033960102	0.0012612969033960102
1815	 LLH-0	0.0012607524014644478	0.0012607524014644478
1816	 LLH-3	0.0012463336060641286	0.0012463336060641286
1817	 LLH-3	0.0012444224464119935	0.0012444224464119935
1818	 LLH-2	0.0012580927667357746	0.0012580927667357746
1819	 LLH-3	0.0012459194292150746	0.0012459194292150746
1820	 LLH-1	0.0012459194292150746	0.0012459194292150746
1821	 LLH-3	0.0012686038297749433	0.0012686038297749433
1822	 LLH-3	0.0013434066473343243	0.0012686038297749433
1823	 LLH-6	0.0012678155690411656	0.0012678155690411656
1824	 LLH-1	0.001267819109032525	0.001267819109032525
1825	 LLH-5	0.0012669123824117215	0.0012669123824117215
1826	 LLH-4	0.001265860011316693	0.001265860011316693
1828	 LLH-2	0.001285171321601015	0.001285171321601015
1829	 LLH-5	0.001284586659468367	0.001284586659468367
1830	 LLH-4	0.001284586659468367	0.001284586659468367
1835	 LLH-2	0.0012755524424583567	0.0012755524424583567
1836	 LLH-0	0.0012766080261645226	0.0012766080261645226
1837	 LLH-6	0.0012766504797022933	0.0012766504797022933
1838	 LLH-0	0.0012754730886596571	0.0012754730886596571
1839	 LLH-4	0.0012754730886596571	0.0012754730886596571
1844	 LLH-1	0.0012756300824141827	0.0012756300824141827
1845	 LLH-5	0.0012749429180481282	0.0012749429180481282
1846	 LLH-2	0.0012879753412825283	0.0012749429180481282
1847	 LLH-3	0.0012598476070966546	0.0012598476070966546
1848	 LLH-3	0.0012616771949507742	0.0012616771949507742
1849	 LLH-1	0.0012616771949507742	0.0012616771949507742
1850	 LLH-5	0.0012609916025409713	0.0012609916025409713
1851	 LLH-4	0.0012604109638605153	0.0012604109638605153
1855	 LLH-2	0.001250417702180305	0.001250417702180305
1856	 LLH-1	0.0012507659604078546	0.0012507659604078546
1857	 LLH-6	0.001250085801416278	0.001250085801416278
1858	 LLH-1	0.0012500229153164452	0.0012500229153164452
1859	 LLH-3	0.0013280480181392604	0.0012500229153164452
1860	 LLH-2	0.0012602063218715533	0.0012602063218715533
1861	 LLH-1	0.0012602421715270727	0.0012602421715270727
1862	 LLH-5	0.001260079802958494	0.001260079802958494
1863	 LLH-0	0.0012609846306215803	0.0012609846306215803
1864	 LLH-4	0.0012602822812110238	0.0012602822812110238
1866	 LLH-6	0.0012606727983366438	0.0012606727983366438
1867	 LLH-5	0.0012600946308295273	0.0012600946308295273
1868	 LLH-1	0.0012600273953669637	0.0012600273953669637
1869	 LLH-6	0.0012581532197904685	0.0012581532197904685
1870	 LLH-5	0.001258479253393317	0.001258479253393317
1871	 LLH-4	0.001258479253393317	0.001258479253393317
1876	 LLH-6	0.001258867362283209	0.001258867362283209
1877	 LLH-3	0.0012554559669854881	0.0012554559669854881
1878	 LLH-5	0.0012543095096228319	0.0012543095096228319
1879	 LLH-6	0.0012554739673283281	0.0012554739673283281
1880	 LLH-2	0.0012493743685290158	0.0012493743685290158
1881	 LLH-5	0.0012497927557249796	0.0012497927557249796
1882	 LLH-5	0.0012497414811363308	0.0012497414811363308
1883	 LLH-4	0.001249157893884858	0.001249157893884858
1886	 LLH-1	0.001249157893884858	0.001249157893884858
1887	 LLH-5	0.001249126202326466	0.001249126202326466
1888	 LLH-5	0.0012489594357913726	0.0012489594357913726
1889	 LLH-4	0.0012480054395671517	0.0012480054395671517
1892	 LLH-5	0.0012487434104426324	0.0012487434104426324
1893	 LLH-2	0.0012532297935999236	0.0012487434104426324
1894	 LLH-2	0.0012583088870024221	0.0012487434104426324
1895	 LLH-6	0.0012495285443763946	0.0012495285443763946
1896	 LLH-6	0.0012486707234095557	0.0012486707234095557
1897	 LLH-0	0.0012493802238247751	0.0012493802238247751
1898	 LLH-6	0.001250855765316313	0.001250855765316313
1899	 LLH-5	0.0012506495744967205	0.0012506495744967205
1900	 LLH-3	0.0012557944727216233	0.0012506495744967205
1901	 LLH-2	0.0012691180564318046	0.0012691180564318046
1902	 LLH-0	0.0012700332031463826	0.0012700332031463826
1903	 LLH-1	0.0012699462640713745	0.0012699462640713745
1904	 LLH-5	0.0012702953404919988	0.0012702953404919988
1905	 LLH-3	0.001265928990618446	0.001265928990618446
1906	 LLH-5	0.0012658814442430275	0.0012658814442430275
1907	 LLH-5	0.0012662567197785468	0.0012662567197785468
1908	 LLH-1	0.0012662567197785468	0.0012662567197785468
1909	 LLH-1	0.0012663630942950082	0.0012663630942950082
1910	 LLH-5	0.0012668716645883745	0.0012668716645883745
1911	 LLH-2	0.0012593040707026297	0.0012593040707026297
1912	 LLH-1	0.0012593040707026297	0.0012593040707026297
1913	 LLH-4	0.0012587066272444474	0.0012587066272444474
1915	 LLH-3	0.0012480584056494767	0.0012480584056494767
1916	 LLH-6	0.001248065118189707	0.001248065118189707
1917	 LLH-5	0.001247828960766726	0.001247828960766726
1918	 LLH-4	0.001247828960766726	0.001247828960766726
1923	 LLH-2	0.0012682709799669003	0.001247828960766726
1924	 LLH-5	0.001247155414686286	0.001247155414686286
1925	 LLH-1	0.001247259249631172	0.001247259249631172
1926	 LLH-5	0.0012473977218163826	0.0012473977218163826
1927	 LLH-5	0.0012477112159469496	0.0012477112159469496
1928	 LLH-4	0.0012477112159469496	0.0012477112159469496
1933	 LLH-6	0.0012465084503243049	0.0012465084503243049
1934	 LLH-2	0.0012506296974109648	0.0012506296974109648
1935	 LLH-2	0.0012599440620460344	0.0012506296974109648
1936	 LLH-2	0.0012598229017815167	0.0012598229017815167
1937	 LLH-1	0.0012598926625785355	0.0012598926625785355
1938	 LLH-6	0.0012596953690098887	0.0012596953690098887
1939	 LLH-4	0.001258651544781879	0.001258651544781879
1942	 LLH-2	0.0012743860902685504	0.001258651544781879
1943	 LLH-0	0.0012598101333303022	0.0012598101333303022
1944	 LLH-6	0.0012586180769668055	0.0012586180769668055
1945	 LLH-0	0.0012595694920977984	0.0012595694920977984
1946	 LLH-5	0.001260082089389208	0.001260082089389208
1947	 LLH-6	0.0012601054364284685	0.0012601054364284685
1948	 LLH-4	0.0012590866292769014	0.0012590866292769014
1952	 LLH-0	0.0012584240527319568	0.0012584240527319568
1953	 LLH-0	0.0012595767637805203	0.0012584240527319568
1954	 LLH-1	0.0012584240527319568	0.0012584240527319568
1955	 LLH-2	0.0012713149038660015	0.0012713149038660015
1956	 LLH-4	0.0012713149038660015	0.0012713149038660015
1961	 LLH-3	0.0013089365880555308	0.0012713149038660015
1962	 LLH-6	0.0012706979832817417	0.0012706979832817417
1963	 LLH-1	0.0012706979832817417	0.0012706979832817417
1964	 LLH-0	0.0012698879808380114	0.0012698879808380114
1965	 LLH-6	0.0012695663981448359	0.0012695663981448359
1966	 LLH-2	0.0012670604797158978	0.0012670604797158978
1967	 LLH-0	0.0012681928240675005	0.0012681928240675005
1968	 LLH-1	0.0012681928240675005	0.0012681928240675005
1969	 LLH-3	0.0013500764056847588	0.0012681928240675005
1970	 LLH-4	0.0012668213290700364	0.0012668213290700364
1974	 LLH-4	0.0012668213290700364	0.0012668213290700364
1979	 LLH-4	0.0012668213290700364	0.0012668213290700364
1984	 LLH-6	0.0012668101168451862	0.0012668101168451862
1985	 LLH-1	0.0012668267740447287	0.0012668267740447287
1986	 LLH-3	0.0013513647769309075	0.0012668267740447287
1987	 LLH-1	0.0012667475930416663	0.0012667475930416663
1988	 LLH-6	0.0012656080205724228	0.0012656080205724228
1989	 LLH-0	0.0012667140506970977	0.0012667140506970977
1990	 LLH-3	0.0012666653977505215	0.0012666653977505215
1991	 LLH-5	0.0012670939340796228	0.0012670939340796228
1992	 LLH-4	0.0012661975213882183	0.0012661975213882183
1997	 LLH-1	0.0012661975213882183	0.0012661975213882183
1998	 LLH-3	0.0012448403187185503	0.0012448403187185503
1999	 LLH-5	0.001244787977310418	0.001244787977310418