Initial objective 0.0013105094734534607
1	 LLH-5	0.0013093153716327113	0.0013093153716327113
2	 LLH-0	0.0013076517370912597	0.0013076517370912597
3	 LLH-3	0.0014284230446394714	0.0014284230446394714
4	 LLH-0	0.001431881486471573	0.001431881486471573
5	 LLH-3	0.0016339075274300345	0.001431881486471573
6	 LLH-5	0.0014314948921157178	0.0014314948921157178
7	 LLH-2	0.0014288420831848497	0.0014288420831848497
8	 LLH-4	0.0014256517197576818	0.0014256517197576818
12	 LLH-1	0.0014258606748790504	0.0014258606748790504
13	 LLH-1	0.001425654883409663	0.001425654883409663
14	 LLH-5	0.0014260444214339082	0.0014260444214339082
15	 LLH-4	0.0014233504132112457	0.0014233504132112457
18	 LLH-4	0.0014204323978761909	0.0014204323978761909
20	 LLH-6	0.0014199924385546354	0.0014199924385546354
21	 LLH-5	0.0014208448547105112	0.0014208448547105112
22	 LLH-0	0.0014176528357184568	0.0014176528357184568
23	 LLH-6	0.0014158401624595955	0.0014158401624595955
24	 LLH-3	0.0012939804600968791	0.0012939804600968791
25	 LLH-0	0.0012952508347629772	0.0012952508347629772
26	 LLH-0	0.0012967970434808267	0.0012967970434808267
27	 LLH-0	0.0012983613737703376	0.0012983613737703376
28	 LLH-5	0.001298724064237883	0.001298724064237883
29	 LLH-0	0.0012998951960764608	0.0012998951960764608
30	 LLH-0	0.001301461967933909	0.001301461967933909
31	 LLH-2	0.0013070627010518998	0.0013070627010518998
32	 LLH-6	0.0013068305516428617	0.0013068305516428617
33	 LLH-5	0.001303771687871462	0.001303771687871462
34	 LLH-1	0.0013033303187615388	0.0013033303187615388
35	 LLH-3	0.0012706452301601142	0.0012706452301601142
36	 LLH-6	0.0012716040269423162	0.0012716040269423162
37	 LLH-0	0.001270725857459995	0.001270725857459995
38	 LLH-1	0.001270725857459995	0.001270725857459995
39	 LLH-0	0.001271585955311437	0.001271585955311437
40	 LLH-1	0.001271585955311437	0.001271585955311437
41	 LLH-1	0.001271585955311437	0.001271585955311437
42	 LLH-3	0.0012547582471867462	0.0012547582471867462
43	 LLH-5	0.0012557590365998629	0.0012557590365998629
44	 LLH-3	0.0012591100290400932	0.0012591100290400932
45	 LLH-6	0.0012596967581072233	0.0012596967581072233
46	 LLH-5	0.0012594401751325859	0.0012594401751325859
47	 LLH-1	0.0012594401751325859	0.0012594401751325859
48	 LLH-1	0.0012590732183494849	0.0012590732183494849
49	 LLH-2	0.0012512636092978603	0.0012512636092978603
50	 LLH-1	0.0012511518666469068	0.0012511518666469068
51	 LLH-6	0.0012518137310527908	0.0012518137310527908
52	 LLH-4	0.0012518137310527908	0.0012518137310527908
57	 LLH-3	0.0012952026659712656	0.0012952026659712656
58	 LLH-1	0.0012953221849496045	0.0012953221849496045
59	 LLH-6	0.001294946939253725	0.001294946939253725
60	 LLH-6	0.001296399554344306	0.001296399554344306
61	 LLH-1	0.001296399554344306	0.001296399554344306
62	 LLH-0	0.001297530527252248	0.001297530527252248
63	 LLH-1	0.0012977364557905271	0.0012977364557905271
64	 LLH-2	0.0012983802095055202	0.0012983802095055202
65	 LLH-6	0.0012974876166884331	0.0012974876166884331
66	 LLH-6	0.0012964023649996836	0.0012964023649996836
67	 LLH-3	0.0013749896910868304	0.0013749896910868304
68	 LLH-5	0.00137880562173277	0.00137880562173277
69	 LLH-5	0.0013788669429574997	0.0013788669429574997
70	 LLH-2	0.0013710422222283228	0.0013710422222283228
71	 LLH-5	0.0013708361495806398	0.0013708361495806398
72	 LLH-0	0.0013687995337760455	0.0013687995337760455
73	 LLH-6	0.001367156125480988	0.001367156125480988
74	 LLH-0	0.001364837003379477	0.001364837003379477
75	 LLH-5	0.0013641552553647486	0.0013641552553647486
76	 LLH-1	0.0013641552553647486	0.0013641552553647486
77	 LLH-0	0.0013658738480411999	0.0013658738480411999
78	 LLH-6	0.0013657732101675357	0.0013657732101675357
79	 LLH-1	0.0013657732101675357	0.0013657732101675357
80	 LLH-0	0.0013631767299099825	0.0013631767299099825
81	 LLH-6	0.0013621891140285936	0.0013621891140285936
82	 LLH-1	0.0013622043789944282	0.0013622043789944282
83	 LLH-5	0.0013628875985198185	0.0013628875985198185
84	 LLH-1	0.0013636426535845521	0.0013636426535845521
85	 LLH-0	0.0013616458166583172	0.0013616458166583172
86	 LLH-6	0.001363191329627588	0.001363191329627588
87	 LLH-4	0.001361237173037717	0.001361237173037717
89	 LLH-4	0.0013591929797990383	0.0013591929797990383
91	 LLH-6	0.0013593000629929474	0.0013593000629929474
92	 LLH-4	0.0013574026145143803	0.0013574026145143803
94	 LLH-1	0.0013574026145143803	0.0013574026145143803
95	 LLH-3	0.0015173884475575311	0.0015173884475575311
96	 LLH-6	0.0015173162645046568	0.0015173162645046568
97	 LLH-4	0.0015130092710177138	0.0015130092710177138
99	 LLH-2	0.0014486848486081846	0.0014486848486081846
100	 LLH-6	0.0014474873575777833	0.0014474873575777833
101	 LLH-3	0.0013125900747880063	0.0013125900747880063
102	 LLH-1	0.0013125900747880063	0.0013125900747880063
103	 LLH-1	0.0013125900747880063	0.0013125900747880063
104	 LLH-2	0.00132504799447098	0.00132504799447098
105	 LLH-4	0.0013233939144871379	0.0013233939144871379
107	 LLH-6	0.0013230239555399282	0.0013230239555399282
108	 LLH-0	0.0013247983825708754	0.0013247983825708754
109	 LLH-6	0.0013233897815135567	0.0013233897815135567
110	 LLH-6	0.001323977752470448	0.001323977752470448
111	 LLH-0	0.001325553754956572	0.001325553754956572
112	 LLH-5	0.001324991253732082	0.001324991253732082
113	 LLH-6	0.0013248335891383174	0.0013248335891383174
114	 LLH-0	0.0013233232527100319	0.0013233232527100319
115	 LLH-4	0.001321677664595739	0.001321677664595739
117	 LLH-4	0.0013204429525430978	0.0013204429525430978
121	 LLH-3	0.0012652888403606873	0.0012652888403606873
122	 LLH-1	0.0012652888403606873	0.0012652888403606873
123	 LLH-5	0.0012661589672340818	0.0012661589672340818
124	 LLH-4	0.0012651076861242465	0.0012651076861242465
128	 LLH-4	0.0012642128549264044	0.0012642128549264044
131	 LLH-0	0.0012650302215279517	0.0012650302215279517
132	 LLH-3	0.0012535165003770548	0.0012535165003770548
133	 LLH-2	0.0012706107029110127	0.0012706107029110127
134	 LLH-6	0.0012709544544302123	0.0012709544544302123
135	 LLH-1	0.0012709544544302123	0.0012709544544302123
136	 LLH-3	0.0012477461311317507	0.0012477461311317507
137	 LLH-2	0.001256589069409711	0.001256589069409711
138	 LLH-3	0.001324975812434234	0.001324975812434234
139	 LLH-1	0.001324975812434234	0.001324975812434234
140	 LLH-5	0.0013242570334685334	0.0013242570334685334
141	 LLH-0	0.0013258122651397886	0.0013258122651397886
142	 LLH-0	0.001324114853747015	0.001324114853747015
143	 LLH-5	0.0013244832433479208	0.0013244832433479208
144	 LLH-4	0.00132304377403586	0.00132304377403586
146	 LLH-6	0.001322757276463563	0.001322757276463563
147	 LLH-1	0.0013226365044858208	0.0013226365044858208
148	 LLH-5	0.0013236853741702807	0.0013236853741702807
149	 LLH-1	0.0013237148161822697	0.0013237148161822697
150	 LLH-6	0.0013232764337323428	0.0013232764337323428
151	 LLH-6	0.0013238139004254073	0.0013238139004254073
152	 LLH-1	0.0013238139004254073	0.0013238139004254073
153	 LLH-4	0.0013222926799180685	0.0013222926799180685
157	 LLH-5	0.0013230752732292287	0.0013230752732292287
158	 LLH-5	0.0013227183887442055	0.0013227183887442055
159	 LLH-6	0.0013241569148061975	0.0013241569148061975
160	 LLH-3	0.0012797506570191171	0.0012797506570191171
161	 LLH-2	0.0012781576701521294	0.0012781576701521294
162	 LLH-5	0.0012785191030987085	0.0012785191030987085
163	 LLH-2	0.0012930804237726858	0.0012930804237726858
164	 LLH-5	0.0012928912703178879	0.0012928912703178879
165	 LLH-6	0.001292682792922876	0.001292682792922876
166	 LLH-4	0.0012721917016577516	0.0012721917016577516
168	 LLH-4	0.0012721917016577516	0.0012721917016577516
173	 LLH-6	0.0012713917237347123	0.0012713917237347123
174	 LLH-1	0.0012713917237347123	0.0012713917237347123
175	 LLH-0	0.0012920004999849672	0.0012920004999849672
176	 LLH-1	0.0012920004999849672	0.0012920004999849672
177	 LLH-2	0.001282636486554763	0.001282636486554763
178	 LLH-0	0.0012837613690859827	0.0012837613690859827
179	 LLH-2	0.001302871342264237	0.001302871342264237
180	 LLH-1	0.0013025968642710805	0.0013025968642710805
181	 LLH-1	0.0013030406183407901	0.0013030406183407901
182	 LLH-3	0.0012615916492009728	0.0012615916492009728
183	 LLH-2	0.0012767593646218374	0.0012767593646218374
184	 LLH-5	0.0012772715682790715	0.0012772715682790715
185	 LLH-2	0.0012688612478160912	0.0012688612478160912
186	 LLH-6	0.0012678178048650913	0.0012678178048650913
187	 LLH-4	0.0012678178048650913	0.0012678178048650913
192	 LLH-1	0.0012678178048650913	0.0012678178048650913
193	 LLH-1	0.0012678178048650913	0.0012678178048650913
194	 LLH-5	0.0012673101193970437	0.0012673101193970437
195	 LLH-6	0.001266920444184965	0.001266920444184965
196	 LLH-1	0.0012667248143037309	0.0012667248143037309
197	 LLH-6	0.0012668112336388297	0.0012668112336388297
198	 LLH-2	0.001279899678804052	0.001279899678804052
199	 LLH-3	0.0013683691147298182	0.0013683691147298182
200	 LLH-5	0.0013713595050841663	0.0013713595050841663
201	 LLH-2	0.0013409161919861882	0.0013409161919861882
202	 LLH-5	0.0013409439142614465	0.0013409439142614465
203	 LLH-1	0.0013410384213189417	0.0013410384213189417
204	 LLH-2	0.0013434821375888258	0.0013434821375888258
205	 LLH-5	0.0013419350117237505	0.0013419350117237505
206	 LLH-1	0.0013417642074193788	0.0013417642074193788
207	 LLH-1	0.0013417880710732606	0.0013417880710732606
208	 LLH-3	0.001449583446710033	0.001449583446710033
209	 LLH-4	0.0014462891181888132	0.0014462891181888132
212	 LLH-0	0.00144975043709382	0.00144975043709382
213	 LLH-4	0.0014462984238250579	0.0014462984238250579
215	 LLH-1	0.001446884292064902	0.001446884292064902
216	 LLH-3	0.0016497244116304352	0.0016497244116304352
217	 LLH-1	0.0016497244116304352	0.0016497244116304352
218	 LLH-6	0.0016508506238117123	0.0016508506238117123
219	 LLH-1	0.0016508102631049	0.0016508102631049
220	 LLH-4	0.001644610723184244	0.001644610723184244
222	 LLH-0	0.0016517531961854545	0.0016517531961854545
223	 LLH-5	0.0016513252736958832	0.0016513252736958832
224	 LLH-1	0.0016512897414632552	0.0016512897414632552
225	 LLH-3	0.0013301493583749604	0.0013301493583749604
226	 LLH-6	0.0013312589982684387	0.0013312589982684387
227	 LLH-1	0.0013310124386126132	0.0013310124386126132
228	 LLH-6	0.0013307667536263325	0.0013307667536263325
229	 LLH-6	0.0013306688868699077	0.0013306688868699077
230	 LLH-2	0.001331877293123555	0.001331877293123555
231	 LLH-2	0.0013122815043497124	0.0013122815043497124
232	 LLH-3	0.0012651376716198825	0.0012651376716198825
233	 LLH-1	0.0012652870355475692	0.0012652870355475692
234	 LLH-6	0.0012676606726322774	0.0012676606726322774
235	 LLH-4	0.0012664375784900983	0.0012664375784900983
237	 LLH-0	0.0012671934118817512	0.0012671934118817512
238	 LLH-0	0.0012680926126090422	0.0012680926126090422
239	 LLH-2	0.0012939818882786076	0.0012939818882786076
240	 LLH-1	0.0012939818882786076	0.0012939818882786076
241	 LLH-6	0.0012937528527491586	0.0012937528527491586
242	 LLH-4	0.0012925749336069846	0.0012925749336069846
244	 LLH-4	0.001291469809535721	0.001291469809535721
247	 LLH-3	0.0013733938043979097	0.0013733938043979097
248	 LLH-2	0.0013397947543670563	0.0013397947543670563
249	 LLH-2	0.0013429805736568648	0.0013429805736568648
250	 LLH-6	0.0013417684444908514	0.0013417684444908514
251	 LLH-0	0.0013399530797842936	0.0013399530797842936
252	 LLH-1	0.0013399114545056788	0.0013399114545056788
253	 LLH-2	0.0013492640562195438	0.0013492640562195438
254	 LLH-4	0.0013475085968731335	0.0013475085968731335
257	 LLH-4	0.0013454052977000923	0.0013454052977000923
260	 LLH-4	0.0013432437040236994	0.0013432437040236994
262	 LLH-6	0.0013428197955727827	0.0013428197955727827
263	 LLH-4	0.001341068576653079	0.001341068576653079
267	 LLH-5	0.0013386764600377384	0.0013386764600377384
268	 LLH-3	0.001450567055584716	0.001450567055584716
269	 LLH-0	0.0014540710882501857	0.0014540710882501857
270	 LLH-2	0.001412249333987166	0.001412249333987166
271	 LLH-2	0.0014246186236368228	0.0014246186236368228
272	 LLH-6	0.0014237366693101673	0.0014237366693101673
273	 LLH-2	0.0013809067535215545	0.0013809067535215545
274	 LLH-5	0.0013829492513115261	0.0013829492513115261
275	 LLH-1	0.0013828833525217784	0.0013828833525217784
276	 LLH-6	0.001385031124698862	0.001385031124698862
277	 LLH-1	0.001385031124698862	0.001385031124698862
278	 LLH-3	0.0012812593837025995	0.0012812593837025995
279	 LLH-5	0.0012813997196350654	0.0012813997196350654
280	 LLH-0	0.0012827321753427945	0.0012827321753427945
281	 LLH-6	0.0012805179144015793	0.0012805179144015793
282	 LLH-0	0.0012795597934776946	0.0012795597934776946
283	 LLH-5	0.0012800741960114492	0.0012800741960114492
284	 LLH-2	0.0012850980500524144	0.0012850980500524144
285	 LLH-5	0.0012849454296583313	0.0012849454296583313
286	 LLH-6	0.0012851833528305955	0.0012851833528305955
287	 LLH-1	0.001285406352031966	0.001285406352031966
288	 LLH-4	0.0012840025212217906	0.0012840025212217906
291	 LLH-6	0.0012855143918996384	0.0012855143918996384
292	 LLH-6	0.0012848608288684987	0.0012848608288684987
293	 LLH-1	0.0012848608288684987	0.0012848608288684987
294	 LLH-0	0.0012838398533664805	0.0012838398533664805
295	 LLH-4	0.001282708396499266	0.001282708396499266
299	 LLH-0	0.0012842307537357233	0.0012842307537357233
300	 LLH-4	0.0012830469825570521	0.0012830469825570521
302	 LLH-4	0.0012820188870370612	0.0012820188870370612
305	 LLH-2	0.0012943633633158457	0.0012943633633158457
306	 LLH-5	0.0012948657639803118	0.0012948657639803118
307	 LLH-3	0.0013743242883282876	0.0012948657639803118
308	 LLH-1	0.0012948657639803118	0.0012948657639803118
309	 LLH-2	0.0013084353118540532	0.0013084353118540532
310	 LLH-2	0.001297893706247612	0.001297893706247612
311	 LLH-3	0.0014022283611395607	0.0014022283611395607
312	 LLH-0	0.0014050761394797837	0.0014050761394797837
313	 LLH-3	0.0015626907896227604	0.0015626907896227604
314	 LLH-5	0.0015627433939413432	0.0015627433939413432
315	 LLH-2	0.001489432741896072	0.001489432741896072
316	 LLH-0	0.0014856284921855216	0.0014856284921855216
317	 LLH-0	0.0014814904284384724	0.0014814904284384724
318	 LLH-5	0.0014831424644332343	0.0014831424644332343
319	 LLH-4	0.001479310736615916	0.001479310736615916
321	 LLH-2	0.0014149473899486616	0.0014149473899486616
322	 LLH-2	0.0014037905780057169	0.0014037905780057169
323	 LLH-3	0.001285245995418658	0.001285245995418658
324	 LLH-3	0.0012727550476860968	0.0012727550476860968
325	 LLH-6	0.0012719662236705073	0.0012719662236705073
326	 LLH-6	0.0012720426300648732	0.0012720426300648732
327	 LLH-1	0.001272262721022777	0.001272262721022777
328	 LLH-4	0.001271314784478439	0.001271314784478439
331	 LLH-6	0.0012711107935315178	0.0012711107935315178
332	 LLH-0	0.001272228621335192	0.001272228621335192
333	 LLH-6	0.0012714206227340354	0.0012714206227340354
334	 LLH-4	0.0012714206227340354	0.0012714206227340354
339	 LLH-1	0.0012714206227340354	0.0012714206227340354
340	 LLH-5	0.0012713613949193983	0.0012713613949193983
341	 LLH-2	0.0012619425025919733	0.0012619425025919733
342	 LLH-3	0.0012584296465403433	0.0012584296465403433
343	 LLH-0	0.0012591954193115218	0.0012591954193115218
344	 LLH-3	0.0012457364548925018	0.0012457364548925018
345	 LLH-4	0.0012457364548925018	0.0012457364548925018
350	 LLH-2	0.0012456147889705993	0.0012456147889705993
351	 LLH-4	0.0012449979024007419	0.0012449979024007419
354	 LLH-2	0.0012516670386356025	0.0012516670386356025
355	 LLH-5	0.0012522281546933098	0.0012522281546933098
356	 LLH-5	0.0012503837268440872	0.0012503837268440872
357	 LLH-5	0.001250780224983831	0.001250780224983831
358	 LLH-4	0.0012500956148649232	0.0012500956148649232
362	 LLH-4	0.0012493040677186748	0.0012493040677186748
364	 LLH-6	0.0012492326560075526	0.0012492326560075526
365	 LLH-6	0.001248195802436555	0.001248195802436555
366	 LLH-6	0.0012485578810539446	0.0012485578810539446
367	 LLH-1	0.0012485578810539446	0.0012485578810539446
368	 LLH-2	0.0012588687096731842	0.0012588687096731842
369	 LLH-4	0.0012574447351377687	0.0012574447351377687
373	 LLH-6	0.0012574336822731543	0.0012574336822731543
374	 LLH-0	0.0012582718982005077	0.0012582718982005077
375	 LLH-0	0.0012590504557046188	0.0012590504557046188
376	 LLH-4	0.0012580829134300423	0.0012580829134300423
380	 LLH-4	0.0012580829134300423	0.0012580829134300423
385	 LLH-0	0.0012589996182977997	0.0012589996182977997
386	 LLH-2	0.0012773196866885648	0.0012773196866885648
387	 LLH-5	0.0012771099852410795	0.0012771099852410795
388	 LLH-5	0.0012769522174613155	0.0012769522174613155
389	 LLH-0	0.0012757729539911108	0.0012757729539911108
390	 LLH-5	0.0012760372243471774	0.0012760372243471774
391	 LLH-5	0.001276727857359889	0.001276727857359889
392	 LLH-2	0.001278756572273796	0.001278756572273796
393	 LLH-5	0.0012785996164960452	0.0012785996164960452
394	 LLH-5	0.001278785032694653	0.001278785032694653
395	 LLH-4	0.001277361994595967	0.001277361994595967
398	 LLH-1	0.001277361994595967	0.001277361994595967
399	 LLH-4	0.001276281499940315	0.001276281499940315
401	 LLH-1	0.001276281499940315	0.001276281499940315
402	 LLH-3	0.001256521820726206	0.001256521820726206
403	 LLH-4	0.001256521820726206	0.001256521820726206
408	 LLH-6	0.0012567285634388315	0.0012567285634388315
409	 LLH-3	0.001321722391481668	0.001321722391481668
410	 LLH-5	0.0013196165503442834	0.0013196165503442834
411	 LLH-2	0.0013094146392534146	0.0013094146392534146
412	 LLH-5	0.001310236710481236	0.001310236710481236
413	 LLH-4	0.0013088086333543079	0.0013088086333543079
415	 LLH-0	0.001307485389822512	0.001307485389822512
416	 LLH-4	0.0013057849013777788	0.0013057849013777788
419	 LLH-4	0.0013043280519008072	0.0013043280519008072
422	 LLH-3	0.0012778663190320177	0.0012778663190320177
423	 LLH-0	0.0012788724690203084	0.0012788724690203084
424	 LLH-4	0.001278050402220301	0.001278050402220301
428	 LLH-2	0.0012704189093800037	0.0012704189093800037
429	 LLH-0	0.0012715149874531898	0.0012715149874531898
430	 LLH-5	0.001271488880535999	0.001271488880535999
431	 LLH-6	0.0012706345833790537	0.0012706345833790537
432	 LLH-3	0.0012521191582725757	0.0012521191582725757
433	 LLH-4	0.0012512685325984788	0.0012512685325984788
438	 LLH-1	0.0012512685325984788	0.0012512685325984788
439	 LLH-0	0.0012519846853754775	0.0012519846853754775
440	 LLH-1	0.0012519846853754775	0.0012519846853754775
441	 LLH-1	0.0012518529082170247	0.0012518529082170247
442	 LLH-4	0.0012511531592469447	0.0012511531592469447
444	 LLH-0	0.001252046417055567	0.001252046417055567
445	 LLH-2	0.0012596941383488003	0.0012596941383488003
446	 LLH-1	0.0012596854348513181	0.0012596854348513181
447	 LLH-5	0.001258567486303567	0.001258567486303567
448	 LLH-3	0.0012585663591804265	0.0012585663591804265
449	 LLH-1	0.0012585687150630826	0.0012585687150630826
450	 LLH-6	0.001258211323921515	0.001258211323921515
451	 LLH-4	0.0012419754000773094	0.0012419754000773094
453	 LLH-5	0.001242732634437466	0.001242732634437466
454	 LLH-4	0.001242732634437466	0.001242732634437466
459	 LLH-4	0.001242732634437466	0.001242732634437466
464	 LLH-2	0.0012490108391594098	0.0012490108391594098
465	 LLH-6	0.0012492849610167434	0.0012492849610167434
466	 LLH-6	0.001249726011783946	0.001249726011783946
467	 LLH-1	0.0012500810716022893	0.0012500810716022893
468	 LLH-3	0.001249195016978765	0.001249195016978765
469	 LLH-4	0.0012485926995584168	0.0012485926995584168
472	 LLH-0	0.0012494847324171574	0.0012494847324171574
473	 LLH-3	0.0012738044533497255	0.0012738044533497255
474	 LLH-3	0.0012638701314484399	0.0012638701314484399
475	 LLH-4	0.0012632102536291605	0.0012632102536291605
478	 LLH-2	0.0012653571887039786	0.0012653571887039786
479	 LLH-5	0.001265303799591231	0.001265303799591231
480	 LLH-5	0.0012665173808630468	0.0012665173808630468
481	 LLH-5	0.001266267927269147	0.001266267927269147
482	 LLH-2	0.0012651330209352506	0.0012651330209352506
483	 LLH-2	0.001277752455204255	0.001277752455204255
484	 LLH-1	0.001277752455204255	0.001277752455204255
485	 LLH-0	0.0012787524486233784	0.0012787524486233784
486	 LLH-5	0.0012784683638356993	0.0012784683638356993
487	 LLH-4	0.0012775106916362057	0.0012775106916362057
489	 LLH-0	0.0012785369054796522	0.0012785369054796522
490	 LLH-0	0.0012770359309485307	0.0012770359309485307
491	 LLH-2	0.0012737487081541105	0.0012737487081541105
492	 LLH-4	0.0012728001198089307	0.0012728001198089307
494	 LLH-5	0.001272940427121468	0.001272940427121468
495	 LLH-3	0.0012672457088220492	0.0012672457088220492
496	 LLH-5	0.0012677704871727948	0.0012677704871727948
497	 LLH-5	0.0012679778023092047	0.0012679778023092047
498	 LLH-2	0.0012759905858069907	0.0012759905858069907
499	 LLH-0	0.001274825287045703	0.001274825287045703
500	 LLH-3	0.0013207975116770767	0.0013207975116770767
501	 LLH-2	0.001321478751857643	0.001321478751857643
502	 LLH-6	0.0013200141935932879	0.0013200141935932879
503	 LLH-5	0.0013195311331418542	0.0013195311331418542
504	 LLH-0	0.0013210256252209173	0.0013210256252209173
505	 LLH-2	0.0013072628198350796	0.0013072628198350796
506	 LLH-5	0.0013072628198350796	0.0013072628198350796
507	 LLH-4	0.0013055787206050964	0.0013055787206050964
509	 LLH-6	0.0013062905865911937	0.0013062905865911937
510	 LLH-2	0.0013224510739039586	0.0013224510739039586
511	 LLH-4	0.0013224510739039586	0.0013224510739039586
516	 LLH-5	0.0013216789147811412	0.0013216789147811412
517	 LLH-1	0.0013216789147811412	0.0013216789147811412
518	 LLH-6	0.0013201624517212257	0.0013201624517212257
519	 LLH-6	0.0013220732324303551	0.0013220732324303551
520	 LLH-5	0.0013212037933067928	0.0013212037933067928
521	 LLH-0	0.0013226686347560684	0.0013226686347560684
522	 LLH-2	0.0013034922262284386	0.0013034922262284386
523	 LLH-0	0.0013271902368398743	0.0013271902368398743
524	 LLH-2	0.0013166349673023633	0.0013166349673023633
525	 LLH-1	0.0013165489117694796	0.0013165489117694796
526	 LLH-3	0.0012657235209836547	0.0012657235209836547
527	 LLH-6	0.0012638642699138894	0.0012638642699138894
528	 LLH-0	0.001262970643942844	0.001262970643942844
529	 LLH-3	0.0013328458582873065	0.0013328458582873065
530	 LLH-6	0.0013325153338048165	0.0013325153338048165
531	 LLH-4	0.0013303332048420161	0.0013303332048420161
533	 LLH-2	0.0013066737170968938	0.0013066737170968938
534	 LLH-6	0.001306928667599396	0.001306928667599396
535	 LLH-5	0.0013066727482018612	0.0013066727482018612
536	 LLH-3	0.0014366736026604592	0.0014366736026604592
537	 LLH-6	0.0014326142780275324	0.0014326142780275324
538	 LLH-5	0.0014318000029124834	0.0014318000029124834
539	 LLH-1	0.0014318714183028508	0.0014318714183028508
540	 LLH-1	0.0014319383974346531	0.0014319383974346531
541	 LLH-1	0.0014319383974346531	0.0014319383974346531
542	 LLH-1	0.0014319383974346531	0.0014319383974346531
543	 LLH-1	0.0014319383974346531	0.0014319383974346531
544	 LLH-0	0.001428959213845695	0.001428959213845695
545	 LLH-2	0.0014078915157254332	0.0014078915157254332
546	 LLH-6	0.001406277549319679	0.001406277549319679
547	 LLH-1	0.001406277549319679	0.001406277549319679
548	 LLH-3	0.0013016319546823511	0.0013016319546823511
549	 LLH-3	0.0013868128248547115	0.0013868128248547115
550	 LLH-5	0.0013872700905511687	0.0013872700905511687
551	 LLH-3	0.0012813526458000958	0.0012813526458000958
552	 LLH-6	0.0012810289550259349	0.0012810289550259349
553	 LLH-2	0.0012885051173781728	0.0012885051173781728
554	 LLH-5	0.001287983627750602	0.001287983627750602
555	 LLH-5	0.001287113785121303	0.001287113785121303
556	 LLH-3	0.0012679475217301545	0.0012679475217301545
557	 LLH-0	0.0012686419733044841	0.0012686419733044841
558	 LLH-3	0.0013162883391328335	0.0013162883391328335
559	 LLH-5	0.0013173271264334228	0.0013173271264334228
560	 LLH-0	0.0013159398608199868	0.0013159398608199868
561	 LLH-4	0.001314295603337518	0.001314295603337518
563	 LLH-0	0.0013161161675239673	0.0013161161675239673
564	 LLH-1	0.0013160699054784574	0.0013160699054784574
565	 LLH-6	0.0013147978362800378	0.0013147978362800378
566	 LLH-3	0.0014165725766981114	0.0014165725766981114
567	 LLH-2	0.0014207751814814518	0.0014207751814814518
568	 LLH-3	0.0015694117742940548	0.0015694117742940548
569	 LLH-0	0.0015638666757830943	0.0015638666757830943
570	 LLH-6	0.0015646083355037492	0.0015646083355037492
571	 LLH-2	0.001473950474781834	0.001473950474781834
572	 LLH-6	0.001474266581593328	0.001474266581593328
573	 LLH-1	0.001474266581593328	0.001474266581593328
574	 LLH-2	0.0014377597565224348	0.0014377597565224348
575	 LLH-2	0.0014298397670941564	0.0014298397670941564
576	 LLH-0	0.0014267367280921164	0.0014267367280921164
577	 LLH-4	0.001423586815083988	0.001423586815083988
580	 LLH-3	0.0012797964864328338	0.0012797964864328338
581	 LLH-4	0.0012781070584638626	0.0012781070584638626
583	 LLH-3	0.0012666108216561305	0.0012666108216561305
584	 LLH-3	0.001301276513963565	0.001301276513963565
585	 LLH-6	0.0012999930458855466	0.0012999930458855466
586	 LLH-5	0.0013005762548153326	0.0013005762548153326
587	 LLH-5	0.0012986844818316699	0.0012986844818316699
588	 LLH-1	0.0012985603716577116	0.0012985603716577116
589	 LLH-2	0.0012928186741808347	0.0012928186741808347
590	 LLH-2	0.0012874192446348232	0.0012874192446348232
591	 LLH-0	0.001288623883803927	0.001288623883803927
592	 LLH-5	0.0012883420103927976	0.0012883420103927976
593	 LLH-5	0.0012884569551000324	0.0012884569551000324
594	 LLH-1	0.0012884569551000324	0.0012884569551000324
595	 LLH-5	0.0012896073388505458	0.0012896073388505458
596	 LLH-3	0.001370885630327038	0.001370885630327038
597	 LLH-1	0.001370885630327038	0.001370885630327038
598	 LLH-2	0.0013490952151818808	0.0013490952151818808
599	 LLH-3	0.0012704353508383747	0.0012704353508383747
600	 LLH-5	0.0012714837554615637	0.0012714837554615637
601	 LLH-0	0.0012917763451475543	0.0012917763451475543
602	 LLH-2	0.0012794462216866808	0.0012794462216866808
603	 LLH-4	0.0012782582305644156	0.0012782582305644156
606	 LLH-2	0.0012846404669579696	0.0012846404669579696
607	 LLH-6	0.0012855251058424824	0.0012855251058424824
608	 LLH-0	0.001286709656552039	0.001286709656552039
609	 LLH-6	0.001286528053758463	0.001286528053758463
610	 LLH-5	0.001285930414517253	0.001285930414517253
611	 LLH-3	0.0012658531847150147	0.0012658531847150147
612	 LLH-5	0.0012679116443783725	0.0012679116443783725
613	 LLH-4	0.0012679116443783725	0.0012679116443783725
618	 LLH-3	0.0013263692904644533	0.0013263692904644533
619	 LLH-6	0.0013260224848911529	0.0013260224848911529
620	 LLH-4	0.0013260224848911529	0.0013260224848911529
625	 LLH-2	0.0013344525941838142	0.0013344525941838142
626	 LLH-2	0.0013245937062901863	0.0013245937062901863
627	 LLH-1	0.0013245937062901863	0.0013245937062901863
628	 LLH-4	0.0013226207093011012	0.0013226207093011012
630	 LLH-3	0.001450341263021752	0.001450341263021752
631	 LLH-0	0.0014470629628495328	0.0014470629628495328
632	 LLH-2	0.0014068236451089116	0.0014068236451089116
633	 LLH-5	0.0014073113217974462	0.0014073113217974462
634	 LLH-2	0.0013897475704279217	0.0013897475704279217
635	 LLH-4	0.0013871048186403973	0.0013871048186403973
638	 LLH-4	0.0013849331067469941	0.0013849331067469941
640	 LLH-2	0.0013501792815147095	0.0013501792815147095
641	 LLH-3	0.0014934299686620606	0.0014934299686620606
642	 LLH-1	0.0014934299686620606	0.0014934299686620606
643	 LLH-2	0.0014315621767828253	0.0014315621767828253
644	 LLH-0	0.001428794517530915	0.001428794517530915
645	 LLH-3	0.00160492966457958	0.001428794517530915
646	 LLH-3	0.0016022431496018497	0.001428794517530915
647	 LLH-1	0.0014291231204099169	0.0014291231204099169
648	 LLH-5	0.001429493454048407	0.001429493454048407
649	 LLH-0	0.0014324369978705707	0.0014324369978705707
650	 LLH-5	0.0014335750375641726	0.0014335750375641726
651	 LLH-3	0.0015833031581641123	0.0015833031581641123
652	 LLH-4	0.001578240243695272	0.001578240243695272
654	 LLH-4	0.0015728344007197603	0.0015728344007197603
657	 LLH-0	0.0015780115309206358	0.0015780115309206358
658	 LLH-0	0.0015728256514501156	0.0015728256514501156
659	 LLH-4	0.0015676380195898051	0.0015676380195898051
661	 LLH-4	0.0015623615758175273	0.0015623615758175273
665	 LLH-3	0.001326755036877993	0.001326755036877993
666	 LLH-4	0.001325332874022681	0.001325332874022681
669	 LLH-5	0.0013260937251049507	0.0013260937251049507
670	 LLH-1	0.0013260937251049507	0.0013260937251049507
671	 LLH-3	0.001422507485694759	0.001422507485694759
672	 LLH-5	0.0014224195093478957	0.0014224195093478957
673	 LLH-3	0.0015860794060667057	0.0014224195093478957
674	 LLH-6	0.0014205745685747818	0.0014205745685747818
675	 LLH-1	0.0014209378301943709	0.0014209378301943709
676	 LLH-1	0.001420932619839401	0.001420932619839401
677	 LLH-1	0.0014208192189476237	0.0014208192189476237
678	 LLH-3	0.001288896656210436	0.001288896656210436
679	 LLH-1	0.001288896656210436	0.001288896656210436
680	 LLH-0	0.0012902166546348082	0.0012902166546348082
681	 LLH-2	0.0012932362265572336	0.0012932362265572336
682	 LLH-5	0.0012930057305648433	0.0012930057305648433
683	 LLH-4	0.001291569751701813	0.001291569751701813
685	 LLH-1	0.001291569751701813	0.001291569751701813
686	 LLH-1	0.001291338145184836	0.001291338145184836
687	 LLH-6	0.0012918421155798	0.0012918421155798
688	 LLH-3	0.0012694356870720364	0.0012694356870720364
689	 LLH-6	0.0012698119976373194	0.0012698119976373194
690	 LLH-5	0.0012715586492094253	0.0012715586492094253
691	 LLH-6	0.0012719539882276956	0.0012719539882276956
692	 LLH-2	0.0012801948310783048	0.0012801948310783048
693	 LLH-3	0.0013542286271685032	0.0013542286271685032
694	 LLH-0	0.0013561609785185194	0.0013561609785185194
695	 LLH-3	0.0014778569140149176	0.0014778569140149176
696	 LLH-0	0.0014736402984735111	0.0014736402984735111
697	 LLH-2	0.0014087183911832746	0.0014087183911832746
698	 LLH-6	0.001410695435295272	0.001410695435295272
699	 LLH-3	0.0015882464814162055	0.001410695435295272
700	 LLH-5	0.0014106842115585091	0.0014106842115585091
701	 LLH-4	0.0014079727556360105	0.0014079727556360105
703	 LLH-2	0.0013833312478456366	0.0013833312478456366
704	 LLH-6	0.0013830590649834083	0.0013830590649834083
705	 LLH-3	0.0013103988429662603	0.0013103988429662603
706	 LLH-1	0.0013103988429662603	0.0013103988429662603
707	 LLH-2	0.0013098102916170298	0.0013098102916170298
708	 LLH-6	0.0013087524003920189	0.0013087524003920189
709	 LLH-6	0.001311220534307989	0.001311220534307989
710	 LLH-2	0.00131273853649267	0.00131273853649267
711	 LLH-5	0.0013129013786857611	0.0013129013786857611
712	 LLH-5	0.0013129672919536194	0.0013129672919536194
713	 LLH-0	0.0013115682446845646	0.0013115682446845646
714	 LLH-6	0.0013150624668755476	0.0013150624668755476
715	 LLH-5	0.0013143574029959562	0.0013143574029959562
716	 LLH-0	0.0013158713621358603	0.0013158713621358603
717	 LLH-0	0.001317520314770686	0.001317520314770686
718	 LLH-1	0.001317520314770686	0.001317520314770686
719	 LLH-3	0.0014097743901870467	0.001317520314770686
720	 LLH-3	0.0012730924980569398	0.0012730924980569398
721	 LLH-3	0.001336680230470597	0.001336680230470597
722	 LLH-5	0.0013373242343149487	0.0013373242343149487
723	 LLH-6	0.0013348573209167412	0.0013348573209167412
724	 LLH-4	0.0013334846313196845	0.0013334846313196845
727	 LLH-5	0.00133311247591213	0.00133311247591213
728	 LLH-5	0.0013333223332540835	0.0013333223332540835
729	 LLH-1	0.0013333223332540835	0.0013333223332540835
730	 LLH-0	0.0013317037475033473	0.0013317037475033473
731	 LLH-5	0.0013330373203517974	0.0013330373203517974
732	 LLH-6	0.0013319959311676216	0.0013319959311676216
733	 LLH-0	0.0013336576101881442	0.0013336576101881442
734	 LLH-0	0.0013316509314435108	0.0013316509314435108
735	 LLH-0	0.0013297899774877679	0.0013297899774877679
736	 LLH-2	0.0013121174619117506	0.0013121174619117506
737	 LLH-0	0.0013137929624759737	0.0013137929624759737
738	 LLH-0	0.0013123975076365893	0.0013123975076365893
739	 LLH-2	0.0013193974192217046	0.0013193974192217046
740	 LLH-5	0.0013187374468799497	0.0013187374468799497
741	 LLH-3	0.0012689531852095835	0.0012689531852095835
742	 LLH-5	0.0012691154989223931	0.0012691154989223931
743	 LLH-3	0.0013487388232190645	0.0013487388232190645
744	 LLH-4	0.0013470890416898901	0.0013470890416898901
746	 LLH-6	0.00134677587874743	0.00134677587874743
747	 LLH-1	0.00134677587874743	0.00134677587874743
748	 LLH-3	0.001292168904002189	0.001292168904002189
749	 LLH-6	0.0012939222041841022	0.0012939222041841022
750	 LLH-5	0.0012943710745024085	0.0012943710745024085
751	 LLH-3	0.0012607889368737848	0.0012607889368737848
752	 LLH-1	0.0012608257495059965	0.0012608257495059965
753	 LLH-2	0.0012616698739347759	0.0012616698739347759
754	 LLH-4	0.0012606519655150531	0.0012606519655150531
758	 LLH-4	0.0012596145432975628	0.0012596145432975628
760	 LLH-6	0.0012613251225839556	0.0012613251225839556
761	 LLH-2	0.0012711005291884177	0.0012711005291884177
762	 LLH-2	0.001292115207982262	0.001292115207982262
763	 LLH-4	0.0012909962436009183	0.0012909962436009183
765	 LLH-3	0.0013678531078754146	0.0013678531078754146
766	 LLH-1	0.0013677646772242331	0.0013677646772242331
767	 LLH-1	0.0013682248376258466	0.0013682248376258466
768	 LLH-6	0.0013668823178184285	0.0013668823178184285
769	 LLH-2	0.0013443124072846258	0.0013443124072846258
770	 LLH-3	0.0014822403062055432	0.0014822403062055432
771	 LLH-5	0.0014852207177322714	0.0014852207177322714
772	 LLH-1	0.0014857750327797528	0.0014857750327797528
773	 LLH-2	0.0014069401539816848	0.0014069401539816848
774	 LLH-6	0.0014057189942661814	0.0014057189942661814
775	 LLH-5	0.0014062587843543576	0.0014062587843543576
776	 LLH-5	0.0014048249263641354	0.0014048249263641354
777	 LLH-4	0.0014018210291507883	0.0014018210291507883
779	 LLH-5	0.0014040478714496959	0.0014040478714496959
780	 LLH-0	0.0014359979285212586	0.0014359979285212586
781	 LLH-0	0.001433110183431305	0.001433110183431305
782	 LLH-2	0.0013702392629849072	0.0013702392629849072
783	 LLH-3	0.0012863741691174677	0.0012863741691174677
784	 LLH-5	0.0012852490152735637	0.0012852490152735637
785	 LLH-5	0.001285140156846143	0.001285140156846143
786	 LLH-6	0.0012869632659177237	0.0012869632659177237
787	 LLH-3	0.0013906480814440945	0.0012869632659177237
788	 LLH-0	0.0012883091830440032	0.0012883091830440032
789	 LLH-2	0.0012879032736207831	0.0012879032736207831
790	 LLH-2	0.0012943974222104965	0.0012943974222104965
791	 LLH-3	0.0012681843164003383	0.0012681843164003383
792	 LLH-0	0.0012691318244294448	0.0012691318244294448
793	 LLH-5	0.0012682370272319075	0.0012682370272319075
794	 LLH-2	0.0012715951732568031	0.0012715951732568031
795	 LLH-0	0.0012722563490661482	0.0012722563490661482
796	 LLH-6	0.0012713965034772726	0.0012713965034772726
797	 LLH-5	0.0012712861088411062	0.0012712861088411062
798	 LLH-4	0.0012712861088411062	0.0012712861088411062
803	 LLH-2	0.0012687134043468835	0.0012687134043468835
804	 LLH-6	0.0012671512357234356	0.0012671512357234356
805	 LLH-0	0.0012659419676870091	0.0012659419676870091
806	 LLH-2	0.0012783807969489534	0.0012783807969489534
807	 LLH-4	0.0012775459706111298	0.0012775459706111298
810	 LLH-6	0.001276532708433458	0.001276532708433458
811	 LLH-2	0.0012706443927268925	0.0012706443927268925
812	 LLH-2	0.001281317800272199	0.001281317800272199
813	 LLH-4	0.0012803727892544978	0.0012803727892544978
817	 LLH-2	0.001307555235802549	0.001307555235802549
818	 LLH-4	0.001305931619226442	0.001305931619226442
820	 LLH-4	0.001305931619226442	0.001305931619226442
825	 LLH-1	0.001305931619226442	0.001305931619226442
826	 LLH-6	0.0013061503718624719	0.0013061503718624719
827	 LLH-2	0.0013018769594745176	0.0013018769594745176
828	 LLH-4	0.001300250161534084	0.001300250161534084
830	 LLH-1	0.001300250161534084	0.001300250161534084
831	 LLH-3	0.0014063226588291215	0.0014063226588291215
832	 LLH-5	0.0014072756205397682	0.0014072756205397682
833	 LLH-1	0.0014072756205397682	0.0014072756205397682
834	 LLH-2	0.001381847806174205	0.001381847806174205
835	 LLH-3	0.0012906988595941609	0.0012906988595941609
836	 LLH-4	0.0012896013857740677	0.0012896013857740677
840	 LLH-6	0.0012902228382564774	0.0012902228382564774
841	 LLH-1	0.0012902228382564774	0.0012902228382564774
842	 LLH-0	0.0012893376173967615	0.0012893376173967615
843	 LLH-2	0.001303112091410199	0.001303112091410199
844	 LLH-2	0.0013001133818477547	0.0013001133818477547
845	 LLH-4	0.0012989114717723612	0.0012989114717723612
847	 LLH-1	0.0012989367156087989	0.0012989367156087989
848	 LLH-1	0.0012989426269245392	0.0012989426269245392
849	 LLH-5	0.0012989426269245392	0.0012989426269245392
850	 LLH-6	0.001300845329757898	0.001300845329757898
851	 LLH-0	0.001299550890751236	0.001299550890751236
852	 LLH-1	0.001299550890751236	0.001299550890751236
853	 LLH-6	0.0012989764495713416	0.0012989764495713416
854	 LLH-1	0.0012989405891023816	0.0012989405891023816
855	 LLH-6	0.0012994671545082318	0.0012994671545082318
856	 LLH-6	0.0012992632323795485	0.0012992632323795485
857	 LLH-4	0.0012979722168033286	0.0012979722168033286
859	 LLH-5	0.0012979722168033286	0.0012979722168033286
860	 LLH-6	0.0012978319690364149	0.0012978319690364149
861	 LLH-1	0.0012978319690364149	0.0012978319690364149
862	 LLH-6	0.001297857997605832	0.001297857997605832
863	 LLH-5	0.0012977124258849438	0.0012977124258849438
864	 LLH-4	0.0012961368123240538	0.0012961368123240538
866	 LLH-5	0.001294589689021362	0.001294589689021362
867	 LLH-4	0.0012932498632043275	0.0012932498632043275
869	 LLH-0	0.0012920083487174714	0.0012920083487174714
870	 LLH-1	0.0012920083487174714	0.0012920083487174714
871	 LLH-6	0.0012935261623914654	0.0012935261623914654
872	 LLH-6	0.0012931071264922073	0.0012931071264922073
873	 LLH-1	0.0012931071264922073	0.0012931071264922073
874	 LLH-5	0.0012945958832560308	0.0012945958832560308
875	 LLH-5	0.0012931689567212412	0.0012931689567212412
876	 LLH-1	0.0012931906587476962	0.0012931906587476962
877	 LLH-6	0.0012949689332152651	0.0012949689332152651
878	 LLH-4	0.0012939630705575383	0.0012939630705575383
880	 LLH-5	0.0012930964533046025	0.0012930964533046025
881	 LLH-3	0.001388453116309998	0.001388453116309998
882	 LLH-0	0.0013860090306165795	0.0013860090306165795
883	 LLH-5	0.0013822893808948934	0.0013822893808948934
884	 LLH-6	0.0013827319131938273	0.0013827319131938273
885	 LLH-2	0.0013873773499774211	0.0013873773499774211
886	 LLH-1	0.0013873773499774211	0.0013873773499774211
887	 LLH-0	0.0013895946979878692	0.0013895946979878692
888	 LLH-0	0.0013917846848913549	0.0013917846848913549
889	 LLH-5	0.0013905534453823385	0.0013905534453823385
890	 LLH-4	0.0013619564010218927	0.0013619564010218927
892	 LLH-3	0.0015433882503591333	0.0013619564010218927
893	 LLH-2	0.0013635706467215619	0.0013635706467215619
894	 LLH-6	0.0013631944923863755	0.0013631944923863755
895	 LLH-5	0.0013626631160628697	0.0013626631160628697
896	 LLH-1	0.0013626631160628697	0.0013626631160628697
897	 LLH-4	0.0013604791337241797	0.0013604791337241797
899	 LLH-6	0.0013585617910025168	0.0013585617910025168
900	 LLH-6	0.0013609045019595306	0.0013609045019595306
901	 LLH-4	0.0013584509913777002	0.0013584509913777002
903	 LLH-1	0.0013584280031266071	0.0013584280031266071
904	 LLH-1	0.0013584576482384035	0.0013584576482384035
905	 LLH-4	0.0013563970883936141	0.0013563970883936141
909	 LLH-1	0.0013563970883936141	0.0013563970883936141
910	 LLH-2	0.0013417558954402615	0.0013417558954402615
911	 LLH-4	0.0013400729662515353	0.0013400729662515353
913	 LLH-4	0.0013384371415114356	0.0013384371415114356
916	 LLH-3	0.0014448698757248038	0.0014448698757248038
917	 LLH-3	0.0012907125071090263	0.0012907125071090263
918	 LLH-6	0.0012886723042701477	0.0012886723042701477
919	 LLH-5	0.0012891781197769138	0.0012891781197769138
920	 LLH-4	0.0012880823203679714	0.0012880823203679714
923	 LLH-1	0.0012880823203679714	0.0012880823203679714
924	 LLH-5	0.001287442278907012	0.001287442278907012
925	 LLH-5	0.001288894869780385	0.001288894869780385
926	 LLH-4	0.0012875663639594342	0.0012875663639594342
928	 LLH-3	0.0013720674727808672	0.0012875663639594342
929	 LLH-5	0.0012878032568481713	0.0012878032568481713
930	 LLH-3	0.0012617231796522824	0.0012617231796522824
931	 LLH-4	0.0012609175777008384	0.0012609175777008384
933	 LLH-3	0.0012486886723108858	0.0012486886723108858
934	 LLH-2	0.0012512616433756683	0.0012512616433756683
935	 LLH-5	0.0012514740553024159	0.0012514740553024159
936	 LLH-3	0.0012835411869495795	0.0012835411869495795
937	 LLH-2	0.0013027698763975575	0.0013027698763975575
938	 LLH-6	0.0013020950966599796	0.0013020950966599796
939	 LLH-4	0.001300841825888254	0.001300841825888254
944	 LLH-5	0.0013013070131874171	0.0013013070131874171
945	 LLH-1	0.0013013070131874171	0.0013013070131874171
946	 LLH-2	0.0012915221582709066	0.0012915221582709066
947	 LLH-3	0.0012757636324000593	0.0012757636324000593
948	 LLH-5	0.0012766571375075469	0.0012766571375075469
949	 LLH-2	0.0012713917743137646	0.0012713917743137646
950	 LLH-0	0.0012725777784520541	0.0012725777784520541
951	 LLH-2	0.0012817195947298836	0.0012817195947298836
952	 LLH-3	0.001373567436538417	0.001373567436538417
953	 LLH-3	0.0012796535340848221	0.0012796535340848221
954	 LLH-2	0.0012825541552736034	0.0012825541552736034
955	 LLH-0	0.0012838093099924392	0.0012838093099924392
956	 LLH-3	0.0012600471403044784	0.0012600471403044784
957	 LLH-5	0.001259751082900526	0.001259751082900526
958	 LLH-0	0.0012605747759224782	0.0012605747759224782
959	 LLH-3	0.0012619333493639603	0.0012619333493639603
960	 LLH-4	0.0012459219749521762	0.0012459219749521762
962	 LLH-4	0.0012459219749521762	0.0012459219749521762
967	 LLH-6	0.001245750408156435	0.001245750408156435
968	 LLH-2	0.001249438716334524	0.001249438716334524
969	 LLH-1	0.001249438716334524	0.001249438716334524
970	 LLH-1	0.0012491820553617707	0.0012491820553617707
971	 LLH-1	0.0012491820553617707	0.0012491820553617707
972	 LLH-5	0.0012502567885814525	0.0012502567885814525
973	 LLH-5	0.001250399007034021	0.001250399007034021
974	 LLH-4	0.001250399007034021	0.001250399007034021
979	 LLH-2	0.0012599394975431179	0.0012599394975431179
980	 LLH-6	0.0012599288621925027	0.0012599288621925027
981	 LLH-6	0.0012607112338223242	0.0012607112338223242
982	 LLH-0	0.0012598745587376848	0.0012598745587376848
983	 LLH-4	0.0012590059576689818	0.0012590059576689818
985	 LLH-5	0.001258697298712783	0.001258697298712783
986	 LLH-5	0.0012579244456630222	0.0012579244456630222
987	 LLH-4	0.001257197719047735	0.001257197719047735
990	 LLH-3	0.0013303407992502209	0.0013303407992502209
991	 LLH-1	0.0013303407992502209	0.0013303407992502209
992	 LLH-0	0.001306646619138786	0.001306646619138786
993	 LLH-3	0.001428319995401489	0.001306646619138786
994	 LLH-4	0.001306646619138786	0.001306646619138786
999	 LLH-0	0.0013080441316546511	0.0013080441316546511
1000	 LLH-6	0.0013066404147662586	0.0013066404147662586
1001	 LLH-6	0.0013059854525683885	0.0013059854525683885
1002	 LLH-0	0.0013047169714796602	0.0013047169714796602
1003	 LLH-5	0.0013055598174661043	0.0013055598174661043
1004	 LLH-3	0.0014248232548163858	0.0014248232548163858
1005	 LLH-6	0.0014253733490840967	0.0014253733490840967
1006	 LLH-3	0.0015671885867854511	0.0014253733490840967
1007	 LLH-5	0.0014253733490840967	0.0014253733490840967
1008	 LLH-0	0.0014228827045287573	0.0014228827045287573
1009	 LLH-6	0.0014210113849078844	0.0014210113849078844
1010	 LLH-2	0.001381880599472681	0.001381880599472681
1011	 LLH-2	0.0013887104103393795	0.0013887104103393795
1012	 LLH-0	0.0013866090087540429	0.0013866090087540429
1013	 LLH-6	0.001382558584884141	0.001382558584884141
1014	 LLH-5	0.00138065887837957	0.00138065887837957
1015	 LLH-0	0.0013831230629719146	0.0013831230629719146
1016	 LLH-0	0.0013809507537552793	0.0013809507537552793
1017	 LLH-3	0.001577915085884295	0.001577915085884295
1018	 LLH-6	0.001576580221364959	0.001576580221364959
1019	 LLH-3	0.001726074940776492	0.001726074940776492
1020	 LLH-4	0.0017175895111387614	0.0017175895111387614
1022	 LLH-5	0.0017163336021293698	0.0017163336021293698
1023	 LLH-4	0.0017080020388100894	0.0017080020388100894
1025	 LLH-4	0.0017080020388100894	0.0017080020388100894
1030	 LLH-4	0.0017080020388100894	0.0017080020388100894
1035	 LLH-5	0.0017068365703975137	0.0017068365703975137
1036	 LLH-5	0.001706212575532922	0.001706212575532922
1037	 LLH-4	0.001706212575532922	0.001706212575532922
1042	 LLH-4	0.001706212575532922	0.001706212575532922
1047	 LLH-6	0.0017084415130265156	0.0017084415130265156
1048	 LLH-5	0.0017071789897597158	0.0017071789897597158
1049	 LLH-6	0.0017069606520704363	0.0017069606520704363
1050	 LLH-1	0.0017069606520704363	0.0017069606520704363
1051	 LLH-4	0.0017069606520704363	0.0017069606520704363
1056	 LLH-6	0.0017079707248211467	0.0017079707248211467
1057	 LLH-4	0.0017079707248211467	0.0017079707248211467
1062	 LLH-0	0.001758843721401566	0.001758843721401566
1063	 LLH-5	0.0017613388288378101	0.0017613388288378101
1064	 LLH-4	0.001752907124957734	0.001752907124957734
1066	 LLH-5	0.0017525647694715714	0.0017525647694715714
1067	 LLH-4	0.0017443648881203429	0.0017443648881203429
1069	 LLH-0	0.0017359256521574137	0.0017359256521574137
1070	 LLH-0	0.0017276859847479276	0.0017276859847479276
1071	 LLH-2	0.0015753307287196894	0.0015753307287196894
1072	 LLH-0	0.0015699484168947909	0.0015699484168947909
1073	 LLH-2	0.0014756531530037693	0.0014756531530037693
1074	 LLH-5	0.0014785734465496188	0.0014785734465496188
1075	 LLH-1	0.0014785734465496188	0.0014785734465496188
1076	 LLH-0	0.0014748856971880911	0.0014748856971880911
1077	 LLH-3	0.0016421665835209013	0.0014748856971880911
1078	 LLH-3	0.001285947390024454	0.001285947390024454
1079	 LLH-2	0.0012921619869580808	0.0012921619869580808
1080	 LLH-3	0.0013837318484786983	0.0013837318484786983
1081	 LLH-2	0.0013631107894356378	0.0013631107894356378
1082	 LLH-0	0.0013613295434465717	0.0013613295434465717
1083	 LLH-6	0.001360186999867248	0.001360186999867248
1084	 LLH-6	0.0013613233447135622	0.0013613233447135622
1085	 LLH-0	0.001359314328668511	0.001359314328668511
1086	 LLH-4	0.0013570491047483128	0.0013570491047483128
1088	 LLH-4	0.0013551038955301423	0.0013551038955301423
1090	 LLH-2	0.0013661688665632427	0.0013661688665632427
1091	 LLH-4	0.0013638960250445206	0.0013638960250445206
1093	 LLH-3	0.0015178622908861542	0.0013638960250445206
1094	 LLH-2	0.0013572803115835328	0.0013572803115835328
1095	 LLH-0	0.0013546369095195042	0.0013546369095195042
1096	 LLH-1	0.0013546410289637899	0.0013546410289637899
1097	 LLH-2	0.0013388921250730192	0.0013388921250730192
1098	 LLH-1	0.0013388921250730192	0.0013388921250730192
1099	 LLH-1	0.0013388921250730192	0.0013388921250730192
1100	 LLH-3	0.0014791630526493366	0.0014791630526493366
1101	 LLH-2	0.0014250555215939828	0.0014250555215939828
1102	 LLH-4	0.0014221717847196053	0.0014221717847196053
1104	 LLH-4	0.0014192807075494769	0.0014192807075494769
1106	 LLH-6	0.001421270846213016	0.001421270846213016
1107	 LLH-4	0.001418340513081141	0.001418340513081141
1109	 LLH-4	0.0014155187254517507	0.0014155187254517507
1111	 LLH-2	0.0013612569432872165	0.0013612569432872165
1112	 LLH-0	0.001389501281277686	0.0013612569432872165
1113	 LLH-4	0.0013612569432872165	0.0013612569432872165
1118	 LLH-5	0.0013615915840935475	0.0013615915840935475
1119	 LLH-2	0.001379288254985455	0.001379288254985455
1120	 LLH-3	0.0012856757378276462	0.0012856757378276462
1121	 LLH-5	0.001285328245542682	0.001285328245542682
1122	 LLH-1	0.001285328245542682	0.001285328245542682
1123	 LLH-3	0.0012568238074163842	0.0012568238074163842
1124	 LLH-4	0.0012559906344909728	0.0012559906344909728
1126	 LLH-1	0.001255849421315731	0.001255849421315731
1127	 LLH-1	0.0012556720633180936	0.0012556720633180936
1128	 LLH-0	0.001256429622957691	0.001256429622957691
1129	 LLH-3	0.0013049456157905965	0.001256429622957691
1130	 LLH-2	0.0012767908465856864	0.0012767908465856864
1131	 LLH-6	0.0012768303548145597	0.0012768303548145597
1132	 LLH-2	0.0012751238414240656	0.0012751238414240656
1133	 LLH-4	0.001274126432375306	0.001274126432375306
1137	 LLH-3	0.001259865529920234	0.001259865529920234
1138	 LLH-0	0.0012606341564200766	0.0012606341564200766
1139	 LLH-6	0.001259981973829373	0.001259981973829373
1140	 LLH-0	0.001260856776346237	0.001260856776346237
1141	 LLH-5	0.0012610846030529869	0.0012610846030529869
1142	 LLH-2	0.0012603123695913993	0.0012603123695913993
1143	 LLH-3	0.0013293703966868536	0.0013293703966868536
1144	 LLH-5	0.0013290344626651345	0.0013290344626651345
1145	 LLH-5	0.0013284615513404615	0.0013284615513404615
1146	 LLH-3	0.0014355998645188125	0.0014355998645188125
1147	 LLH-6	0.0014388220749099615	0.0014388220749099615
1148	 LLH-4	0.0014351729541011431	0.0014351729541011431
1150	 LLH-6	0.0014355975134912099	0.0014355975134912099
1151	 LLH-4	0.0014325358946239057	0.0014325358946239057
1153	 LLH-0	0.0014356278186793455	0.0014356278186793455
1154	 LLH-5	0.00143728136043393	0.00143728136043393
1155	 LLH-1	0.0014369659693767838	0.0014369659693767838
1156	 LLH-3	0.0016877611575607436	0.0014369659693767838
1157	 LLH-2	0.0014140376188482378	0.0014140376188482378
1158	 LLH-5	0.001413978191017802	0.001413978191017802
1159	 LLH-1	0.001413978191017802	0.001413978191017802
1160	 LLH-6	0.0014125317425095773	0.0014125317425095773
1161	 LLH-3	0.001527829605821931	0.001527829605821931
1162	 LLH-1	0.001527829605821931	0.001527829605821931
1163	 LLH-3	0.001316398124333183	0.001316398124333183
1164	 LLH-2	0.0013269225783982966	0.0013269225783982966
1165	 LLH-4	0.0013029975800546263	0.0013029975800546263
1167	 LLH-1	0.0013029582279042548	0.0013029582279042548
1168	 LLH-2	0.0013049990677178628	0.0013049990677178628
1169	 LLH-1	0.0013049990677178628	0.0013049990677178628
1170	 LLH-1	0.0013049990677178628	0.0013049990677178628
1171	 LLH-3	0.00142085540510493	0.00142085540510493
1172	 LLH-5	0.0014207382340808766	0.0014207382340808766
1173	 LLH-2	0.0013823113955219464	0.0013823113955219464
1174	 LLH-4	0.001379748863812784	0.001379748863812784
1178	 LLH-0	0.0013771466679796864	0.0013771466679796864
1179	 LLH-3	0.0015244153807802549	0.0013771466679796864
1180	 LLH-0	0.0013748489391664832	0.0013748489391664832
1181	 LLH-2	0.001361952789856398	0.001361952789856398
1182	 LLH-3	0.00149322705748688	0.00149322705748688
1183	 LLH-3	0.0013167714804151291	0.0013167714804151291
1184	 LLH-2	0.001308847090128423	0.001308847090128423
1185	 LLH-1	0.0013092442436035468	0.0013092442436035468
1186	 LLH-3	0.0012710094523692892	0.0012710094523692892
1187	 LLH-6	0.00127084923593759	0.00127084923593759
1188	 LLH-2	0.0012811404569619796	0.0012811404569619796
1189	 LLH-6	0.0012795279632922718	0.0012795279632922718
1190	 LLH-0	0.0012786399969396136	0.0012786399969396136
1191	 LLH-1	0.0012786399969396136	0.0012786399969396136
1192	 LLH-4	0.0012778313497696886	0.0012778313497696886
1196	 LLH-0	0.0012767234586050283	0.0012767234586050283
1197	 LLH-5	0.0012761863713916055	0.0012761863713916055
1198	 LLH-6	0.001275019649809852	0.001275019649809852
1199	 LLH-2	0.0012674125173136902	0.0012674125173136902
1200	 LLH-6	0.0012698938749112682	0.0012698938749112682
1201	 LLH-6	0.0012693848216297594	0.0012693848216297594
1202	 LLH-5	0.001269563172927071	0.001269563172927071
1203	 LLH-1	0.001269563172927071	0.001269563172927071
1204	 LLH-0	0.0012685593741941573	0.0012685593741941573
1205	 LLH-4	0.0012685593741941573	0.0012685593741941573
1210	 LLH-5	0.0012691748514989973	0.0012691748514989973
1211	 LLH-0	0.0012683064320964511	0.0012683064320964511
1212	 LLH-0	0.0012692246162837632	0.0012692246162837632
1213	 LLH-6	0.0012702759281690305	0.0012702759281690305
1214	 LLH-5	0.0012700717692326281	0.0012700717692326281
1215	 LLH-1	0.0012701494480087591	0.0012701494480087591
1216	 LLH-5	0.0012707252716750567	0.0012707252716750567
1217	 LLH-0	0.0012696225786776242	0.0012696225786776242
1218	 LLH-5	0.0012696006121419266	0.0012696006121419266
1219	 LLH-5	0.0012694614590354457	0.0012694614590354457
1220	 LLH-3	0.0012621996502598961	0.0012621996502598961
1221	 LLH-2	0.0012637308024350258	0.0012637308024350258
1222	 LLH-6	0.0012633173970932944	0.0012633173970932944
1223	 LLH-2	0.0012786073097507552	0.0012786073097507552
1224	 LLH-3	0.001256458162277298	0.001256458162277298
1225	 LLH-3	0.001247150374414099	0.001247150374414099
1226	 LLH-5	0.0012469999751099667	0.0012469999751099667
1227	 LLH-0	0.001247487730425286	0.001247487730425286
1228	 LLH-3	0.0012459609032359604	0.0012459609032359604
1229	 LLH-2	0.0012514303250638235	0.0012514303250638235
1230	 LLH-2	0.0012502586617308153	0.0012502586617308153
1231	 LLH-1	0.0012502586617308153	0.0012502586617308153
1232	 LLH-1	0.0012502586617308153	0.0012502586617308153
1233	 LLH-0	0.001249541139788808	0.001249541139788808
1234	 LLH-4	0.001249541139788808	0.001249541139788808
1239	 LLH-1	0.001249541139788808	0.001249541139788808
1240	 LLH-3	0.0013021131751381296	0.0013021131751381296
1241	 LLH-3	0.0014264190838825521	0.0013021131751381296
1242	 LLH-6	0.0013032333216561618	0.0013032333216561618
1243	 LLH-3	0.001264274840012409	0.001264274840012409
1244	 LLH-0	0.0012650482333091161	0.0012650482333091161
1245	 LLH-4	0.0012642683718902456	0.0012642683718902456
1248	 LLH-1	0.0012642683718902456	0.0012642683718902456
1249	 LLH-6	0.001266699126254472	0.001266699126254472
1250	 LLH-6	0.0012664656935581513	0.0012664656935581513
1251	 LLH-6	0.001266341212125967	0.001266341212125967
1252	 LLH-5	0.0012662397232288218	0.0012662397232288218
1253	 LLH-4	0.0012655463911986889	0.0012655463911986889
1255	 LLH-1	0.0012657792478502528	0.0012657792478502528
1256	 LLH-4	0.0012649466680818048	0.0012649466680818048
1259	 LLH-4	0.0012649466680818048	0.0012649466680818048
1264	 LLH-4	0.0012649466680818048	0.0012649466680818048
1269	 LLH-4	0.0012641359439488553	0.0012641359439488553
1271	 LLH-5	0.0012637891348668366	0.0012637891348668366
1272	 LLH-4	0.0012637891348668366	0.0012637891348668366
1277	 LLH-6	0.0012636554503453988	0.0012636554503453988
1278	 LLH-5	0.0012617559672551525	0.0012617559672551525
1279	 LLH-4	0.0012609270748902284	0.0012609270748902284
1284	 LLH-5	0.001261212599143104	0.001261212599143104
1285	 LLH-0	0.0012621138499683334	0.0012621138499683334
1286	 LLH-0	0.001263177341269076	0.001263177341269076
1287	 LLH-1	0.0012631916855104864	0.0012631916855104864
1288	 LLH-1	0.0012631916855104864	0.0012631916855104864
1289	 LLH-3	0.0012515927485033246	0.0012515927485033246
1290	 LLH-1	0.001251659489321245	0.001251659489321245
1291	 LLH-0	0.0012521786189211032	0.0012521786189211032
1292	 LLH-2	0.0012723928020966307	0.0012723928020966307
1293	 LLH-4	0.0012717086460682543	0.0012717086460682543
1298	 LLH-0	0.0012724955287736098	0.0012724955287736098
1299	 LLH-4	0.0012718988561201457	0.0012718988561201457
1302	 LLH-5	0.0012711742190692856	0.0012711742190692856
1303	 LLH-4	0.0012703925733704856	0.0012703925733704856
1306	 LLH-4	0.0012693455897227603	0.0012693455897227603
1309	 LLH-6	0.0012694251170208917	0.0012694251170208917
1310	 LLH-0	0.0012700204650279504	0.0012700204650279504
1311	 LLH-3	0.001308355867792547	0.0012700204650279504
1312	 LLH-6	0.0012693663852625266	0.0012693663852625266
1313	 LLH-2	0.0012787966853048589	0.0012787966853048589
1314	 LLH-0	0.001277813009347356	0.001277813009347356
1315	 LLH-4	0.0012767430132993019	0.0012767430132993019
1318	 LLH-3	0.0013383275183864044	0.0013383275183864044
1319	 LLH-1	0.0013383275183864044	0.0013383275183864044
1320	 LLH-2	0.0013467896903038336	0.0013467896903038336
1321	 LLH-2	0.0013481413324282702	0.0013481413324282702
1322	 LLH-5	0.001345629332802621	0.001345629332802621
1323	 LLH-1	0.0013457442973439212	0.0013457442973439212
1324	 LLH-0	0.001347529232420879	0.001347529232420879
1325	 LLH-6	0.0013474409431751106	0.0013474409431751106
1326	 LLH-0	0.001349124119492985	0.001349124119492985
1327	 LLH-2	0.0013341561842551669	0.0013341561842551669
1328	 LLH-1	0.0013346167659512177	0.0013346167659512177
1329	 LLH-6	0.0013362080290859426	0.0013362080290859426
1330	 LLH-0	0.0013344192493175767	0.0013344192493175767
1331	 LLH-6	0.0013348492372383816	0.0013348492372383816
1332	 LLH-2	0.0013227359848548507	0.0013227359848548507
1333	 LLH-2	0.001315226888737368	0.001315226888737368
1334	 LLH-1	0.0013151208363718762	0.0013151208363718762
1335	 LLH-1	0.0013149125512852038	0.0013149125512852038
1336	 LLH-1	0.0013148891543839623	0.0013148891543839623
1337	 LLH-3	0.001410803117463961	0.0013148891543839623
1338	 LLH-0	0.0013133150321452422	0.0013133150321452422
1339	 LLH-5	0.0013143436686182015	0.0013143436686182015
1340	 LLH-3	0.0012684415696494783	0.0012684415696494783
1341	 LLH-6	0.001269542289480368	0.001269542289480368
1342	 LLH-3	0.0013383717885777362	0.0013383717885777362
1343	 LLH-4	0.0013364958599629845	0.0013364958599629845
1345	 LLH-2	0.0013152364007710648	0.0013152364007710648
1346	 LLH-6	0.0013106977438537208	0.0013106977438537208
1347	 LLH-6	0.0013120544148283403	0.0013120544148283403
1348	 LLH-4	0.001310531222908438	0.001310531222908438
1350	 LLH-4	0.0013086374243687963	0.0013086374243687963
1354	 LLH-5	0.001310148970431449	0.001310148970431449
1355	 LLH-6	0.00131231853259368	0.00131231853259368
1356	 LLH-0	0.0013103955554310276	0.0013103955554310276
1357	 LLH-6	0.0013105447119326726	0.0013105447119326726
1358	 LLH-2	0.0013156004314980089	0.0013156004314980089
1359	 LLH-3	0.0012735033124368735	0.0012735033124368735
1360	 LLH-6	0.0012732823046569086	0.0012732823046569086
1361	 LLH-4	0.0012721091904661216	0.0012721091904661216
1363	 LLH-4	0.0012710921570762734	0.0012710921570762734
1367	 LLH-6	0.0012699942557945678	0.0012699942557945678
1368	 LLH-2	0.0012847544927344127	0.0012699942557945678
1369	 LLH-0	0.0012687892260767489	0.0012687892260767489
1370	 LLH-0	0.0012699207766379038	0.0012699207766379038
1371	 LLH-0	0.0012706539214123122	0.0012706539214123122
1372	 LLH-6	0.0012737381714914252	0.0012737381714914252
1373	 LLH-2	0.0012885311125145863	0.0012885311125145863
1374	 LLH-6	0.0012883790398921769	0.0012883790398921769
1375	 LLH-6	0.0012886057380337467	0.0012886057380337467
1376	 LLH-0	0.0012895812842564996	0.0012895812842564996
1377	 LLH-2	0.0012851552898251607	0.0012851552898251607
1378	 LLH-0	0.0012861956827384113	0.0012861956827384113
1379	 LLH-6	0.0012853997479752516	0.0012853997479752516
1380	 LLH-1	0.0012852459632216456	0.0012852459632216456
1381	 LLH-0	0.001286330045542614	0.001286330045542614
1382	 LLH-1	0.001286360047093824	0.001286360047093824
1383	 LLH-0	0.0012873297430002466	0.0012873297430002466
1384	 LLH-3	0.00136468549522686	0.00136468549522686
1385	 LLH-3	0.0014661941450835846	0.00136468549522686
1386	 LLH-1	0.0013643767860990759	0.0013643767860990759
1387	 LLH-2	0.0013440295807316451	0.0013440295807316451
1388	 LLH-5	0.0013430279664063325	0.0013430279664063325
1389	 LLH-0	0.0013408424247866536	0.0013408424247866536
1390	 LLH-6	0.0013412122190553577	0.0013412122190553577
1391	 LLH-3	0.0014843845149044295	0.0013412122190553577
1392	 LLH-0	0.0013433071862530468	0.0013433071862530468
1393	 LLH-0	0.0013452292829553914	0.0013452292829553914
1394	 LLH-0	0.0013473057612688375	0.0013473057612688375
1395	 LLH-1	0.0013473057612688375	0.0013473057612688375
1396	 LLH-1	0.0013468971734339756	0.0013468971734339756
1397	 LLH-3	0.001293404488416961	0.001293404488416961
1398	 LLH-2	0.0012899473420284542	0.0012899473420284542
1399	 LLH-4	0.0012888679467933538	0.0012888679467933538
1401	 LLH-1	0.0012888679467933538	0.0012888679467933538
1402	 LLH-6	0.001287813455266658	0.001287813455266658
1403	 LLH-5	0.001287020681053315	0.001287020681053315
1404	 LLH-5	0.001287559652646193	0.001287559652646193
1405	 LLH-2	0.0012996954561080632	0.0012996954561080632
1406	 LLH-4	0.0012996954561080632	0.0012996954561080632
1411	 LLH-2	0.0012858854351067348	0.0012858854351067348
1412	 LLH-5	0.0012869538004525564	0.0012869538004525564
1413	 LLH-4	0.0012869538004525564	0.0012869538004525564
1418	 LLH-1	0.0012872057809188706	0.0012872057809188706
1419	 LLH-2	0.0012899571141877816	0.0012899571141877816
1420	 LLH-4	0.0012885844502802926	0.0012885844502802926
1422	 LLH-1	0.0012886532247219805	0.0012886532247219805
1423	 LLH-6	0.0012893720066035693	0.0012893720066035693
1424	 LLH-5	0.0012891061521516777	0.0012891061521516777
1425	 LLH-2	0.0013073795962057079	0.0013073795962057079
1426	 LLH-0	0.0013087508337329445	0.0013087508337329445
1427	 LLH-4	0.0013072385017593572	0.0013072385017593572
1429	 LLH-0	0.0013060432316997946	0.0013060432316997946
1430	 LLH-4	0.0013060432316997946	0.0013060432316997946
1435	 LLH-1	0.0013059538572451263	0.0013059538572451263
1436	 LLH-1	0.0013058555650468716	0.0013058555650468716
1437	 LLH-2	0.001308723917960383	0.001308723917960383
1438	 LLH-5	0.0013078369966507616	0.0013078369966507616
1439	 LLH-0	0.0013096232979140506	0.0013078369966507616
1440	 LLH-3	0.0012557793760962792	0.0012557793760962792
1441	 LLH-6	0.0012565545993787474	0.0012565545993787474
1442	 LLH-6	0.0012573407209899078	0.0012573407209899078
1443	 LLH-2	0.0012741169929838822	0.0012741169929838822
1444	 LLH-3	0.0013085904015056498	0.0013085904015056498
1445	 LLH-2	0.0013237961794796717	0.0013237961794796717
1446	 LLH-3	0.0014266214759225705	0.0013237961794796717
1447	 LLH-6	0.0013236711116921078	0.0013236711116921078
1448	 LLH-0	0.0013250032590434522	0.0013250032590434522
1449	 LLH-5	0.001325002117654285	0.001325002117654285
1450	 LLH-0	0.001326412840532842	0.001326412840532842
1451	 LLH-6	0.0013244864644733334	0.0013244864644733334
1452	 LLH-4	0.0013230630233628667	0.0013230630233628667
1455	 LLH-0	0.0013246095332556322	0.0013246095332556322
1456	 LLH-4	0.0013231206170799985	0.0013231206170799985
1458	 LLH-1	0.0013231206170799985	0.0013231206170799985
1459	 LLH-1	0.0013231206170799985	0.0013231206170799985
1460	 LLH-1	0.0013231206170799985	0.0013231206170799985
1461	 LLH-2	0.0013171035133552884	0.0013171035133552884
1462	 LLH-0	0.0013186709555570721	0.0013186709555570721
1463	 LLH-1	0.0013183487104977674	0.0013183487104977674
1464	 LLH-4	0.0013183487104977674	0.0013183487104977674
1469	 LLH-4	0.0013169893076889997	0.0013169893076889997
1471	 LLH-1	0.0013169893076889997	0.0013169893076889997
1472	 LLH-1	0.0013168573689033758	0.0013168573689033758
1473	 LLH-4	0.0013152906857164036	0.0013152906857164036
1475	 LLH-2	0.001316106349069836	0.001316106349069836
1476	 LLH-5	0.0013172499232821625	0.0013172499232821625
1477	 LLH-5	0.0013169621792555929	0.0013169621792555929
1478	 LLH-3	0.0014284283254945031	0.0014284283254945031
1479	 LLH-2	0.001381137741307822	0.001381137741307822
1480	 LLH-4	0.0013785929729514125	0.0013785929729514125
1482	 LLH-0	0.001376274968319121	0.001376274968319121
1483	 LLH-2	0.0013708500681497379	0.0013708500681497379
1484	 LLH-3	0.0015056135526032425	0.0013708500681497379
1485	 LLH-2	0.0013917421117517475	0.0013917421117517475
1486	 LLH-1	0.0013917421117517475	0.0013917421117517475
1487	 LLH-2	0.0013806702148597373	0.0013806702148597373
1488	 LLH-1	0.0013809458587022679	0.0013809458587022679
1489	 LLH-6	0.001378467630861834	0.001378467630861834
1490	 LLH-3	0.0012935402736584146	0.0012935402736584146
1491	 LLH-1	0.0012935402736584146	0.0012935402736584146
1492	 LLH-4	0.0012922381284736842	0.0012922381284736842
1494	 LLH-3	0.001268160948919613	0.001268160948919613
1495	 LLH-2	0.0012763297497169102	0.0012763297497169102
1496	 LLH-4	0.0012752457508519784	0.0012752457508519784
1498	 LLH-0	0.0012762179908835153	0.0012762179908835153
1499	 LLH-5	0.001276396174777768	0.001276396174777768
1500	 LLH-5	0.0012764862880518296	0.0012764862880518296
1501	 LLH-5	0.00127641609116953	0.00127641609116953
1502	 LLH-3	0.001321471353343784	0.00127641609116953
1503	 LLH-4	0.00127641609116953	0.00127641609116953
1508	 LLH-0	0.0012776148751606669	0.0012776148751606669
1509	 LLH-1	0.001277946587512538	0.001277946587512538
1510	 LLH-6	0.0012792891947840481	0.0012792891947840481
1511	 LLH-3	0.001316740865753013	0.001316740865753013
1512	 LLH-1	0.001316740865753013	0.001316740865753013
1513	 LLH-3	0.001273625074921706	0.001273625074921706
1514	 LLH-1	0.001273625074921706	0.001273625074921706
1515	 LLH-3	0.0013445780837538451	0.001273625074921706
1516	 LLH-1	0.001273625074921706	0.001273625074921706
1517	 LLH-5	0.001273426135122978	0.001273426135122978
1518	 LLH-0	0.001274476299905184	0.001274476299905184
1519	 LLH-5	0.0012740094703494445	0.0012740094703494445
1520	 LLH-4	0.00127314343626804	0.00127314343626804
1524	 LLH-5	0.001272826045235268	0.001272826045235268
1525	 LLH-6	0.0012729752528564812	0.0012729752528564812
1526	 LLH-5	0.0012725625015105463	0.0012725625015105463
1527	 LLH-4	0.0012713716848193233	0.0012713716848193233
1529	 LLH-3	0.0012504909519631211	0.0012504909519631211
1530	 LLH-5	0.0012507996366702295	0.0012507996366702295
1531	 LLH-3	0.0012461362316853353	0.0012461362316853353
1532	 LLH-1	0.0012461362316853353	0.0012461362316853353
1533	 LLH-5	0.001246309011961247	0.001246309011961247
1534	 LLH-1	0.001246309011961247	0.001246309011961247
1535	 LLH-4	0.001246309011961247	0.001246309011961247
1540	 LLH-1	0.0012457746275640275	0.0012457746275640275
1541	 LLH-4	0.0012453020552019051	0.0012453020552019051
1543	 LLH-1	0.001245396695994682	0.001245396695994682
1544	 LLH-6	0.0012452232315988882	0.0012452232315988882
1545	 LLH-0	0.0012457525928966596	0.0012457525928966596
1546	 LLH-5	0.0012455276231626345	0.0012455276231626345
1547	 LLH-3	0.0012590935961343582	0.0012590935961343582
1548	 LLH-3	0.001294725901117112	0.001294725901117112
1549	 LLH-2	0.0012886820800239586	0.0012886820800239586
1550	 LLH-6	0.0012901246650684128	0.0012901246650684128
1551	 LLH-4	0.0012891018797162818	0.0012891018797162818
1556	 LLH-0	0.001290249835794488	0.001290249835794488
1557	 LLH-0	0.0012915058761494573	0.0012915058761494573
1558	 LLH-3	0.001362708231300473	0.0012915058761494573
1559	 LLH-6	0.0012920409147627106	0.0012920409147627106
1560	 LLH-6	0.0012894097729449733	0.0012894097729449733
1561	 LLH-6	0.0012881832034099627	0.0012881832034099627
1562	 LLH-6	0.001289260001882845	0.001289260001882845
1563	 LLH-6	0.001289391273065719	0.001289391273065719
1564	 LLH-3	0.001270615082563284	0.001270615082563284
1565	 LLH-3	0.001328292773968727	0.001328292773968727
1566	 LLH-3	0.001281169560700036	0.001281169560700036
1567	 LLH-5	0.0012791276559422232	0.0012791276559422232
1568	 LLH-4	0.00127827678698845	0.00127827678698845
1570	 LLH-2	0.0012672547573813239	0.0012672547573813239
1571	 LLH-6	0.0012677899859772162	0.0012677899859772162
1572	 LLH-6	0.0012683429986744296	0.0012683429986744296
1573	 LLH-1	0.0012683429986744296	0.0012683429986744296
1574	 LLH-3	0.0012688422529286176	0.0012688422529286176
1575	 LLH-6	0.0012683113692731455	0.0012683113692731455
1576	 LLH-4	0.0012674037192068753	0.0012674037192068753
1578	 LLH-6	0.0012662236456028985	0.0012662236456028985
1579	 LLH-0	0.001266879442159979	0.001266879442159979
1580	 LLH-0	0.0012498076805365322	0.0012498076805365322
1581	 LLH-3	0.001252760195841308	0.0012498076805365322
1582	 LLH-1	0.0012499323873024506	0.0012499323873024506
1583	 LLH-3	0.001249076537708667	0.001249076537708667
1584	 LLH-5	0.001249101490916462	0.001249101490916462
1585	 LLH-6	0.0012491710255967071	0.0012491710255967071
1586	 LLH-2	0.0012627772939132612	0.0012627772939132612
1587	 LLH-1	0.0012627772939132612	0.0012627772939132612
1588	 LLH-4	0.001262182348861391	0.001262182348861391
1590	 LLH-6	0.0012627514652170276	0.0012627514652170276
1591	 LLH-0	0.001263536845940393	0.001263536845940393
1592	 LLH-5	0.0012639955017870086	0.0012639955017870086
1593	 LLH-5	0.0012639838103163756	0.0012639838103163756
1594	 LLH-6	0.0012642340570046629	0.0012642340570046629
1595	 LLH-3	0.0013029830741539167	0.0013029830741539167
1596	 LLH-3	0.0014304195514277735	0.0013029830741539167
1597	 LLH-6	0.0013027518706487911	0.0013027518706487911
1598	 LLH-0	0.0013014071928191505	0.0013014071928191505
1599	 LLH-5	0.0013011907010752255	0.0013011907010752255
1600	 LLH-3	0.00126826307899445	0.00126826307899445
1601	 LLH-3	0.0012518931630594171	0.0012518931630594171
1602	 LLH-6	0.001252234739135207	0.001252234739135207
1603	 LLH-6	0.0012519222498309714	0.0012519222498309714
1604	 LLH-2	0.0012557659941253704	0.0012557659941253704
1605	 LLH-6	0.0012560712549117062	0.0012560712549117062
1606	 LLH-3	0.0013065642575300648	0.0012560712549117062
1607	 LLH-6	0.00125681281674777	0.00125681281674777
1608	 LLH-0	0.0012574471303897984	0.0012574471303897984
1609	 LLH-6	0.0012581956378781788	0.0012581956378781788
1610	 LLH-4	0.0012574750019471376	0.0012574750019471376
1615	 LLH-5	0.0012572901230090638	0.0012572901230090638
1616	 LLH-2	0.0012630196295243218	0.0012630196295243218
1617	 LLH-3	0.0013294485667711383	0.0012630196295243218
1618	 LLH-5	0.00126126151386303	0.00126126151386303
1619	 LLH-0	0.0012603908325008386	0.0012603908325008386
1620	 LLH-2	0.0012801774739946803	0.0012801774739946803
1621	 LLH-2	0.001291857345839168	0.001291857345839168
1622	 LLH-4	0.0012904930597937999	0.0012904930597937999
1625	 LLH-3	0.0013702400830018146	0.0013702400830018146
1626	 LLH-0	0.0013679542872732419	0.0013679542872732419
1627	 LLH-2	0.0013724682920205759	0.0013724682920205759
1628	 LLH-3	0.001280685212537531	0.001280685212537531
1629	 LLH-5	0.001281218111372565	0.001281218111372565
1630	 LLH-3	0.0013810762456163302	0.0013810762456163302
1631	 LLH-6	0.0013809988518759505	0.0013809988518759505
1632	 LLH-1	0.001380882564904588	0.001380882564904588
1633	 LLH-6	0.001375756411967698	0.001375756411967698
1634	 LLH-2	0.0013308830488982992	0.0013308830488982992
1635	 LLH-5	0.0013303555650532812	0.0013303555650532812
1636	 LLH-5	0.0013306408417404507	0.0013306408417404507
1637	 LLH-5	0.0013306408417404507	0.0013306408417404507
1638	 LLH-4	0.0013286972289863431	0.0013286972289863431
1642	 LLH-2	0.001338715758584556	0.001338715758584556
1643	 LLH-6	0.0013396648286753677	0.0013396648286753677
1644	 LLH-0	0.00133807272654882	0.00133807272654882
1645	 LLH-0	0.0013360825377785649	0.0013360825377785649
1646	 LLH-2	0.0013318195608569379	0.0013318195608569379
1647	 LLH-0	0.0013336301519216547	0.0013336301519216547
1648	 LLH-0	0.0013318573342161412	0.0013318573342161412
1649	 LLH-4	0.0013302251521137027	0.0013302251521137027
1652	 LLH-6	0.0013290969976685611	0.0013290969976685611
1653	 LLH-5	0.0013295289574591369	0.0013295289574591369
1654	 LLH-3	0.0014177898489186058	0.0013295289574591369
1655	 LLH-4	0.001327871881489043	0.001327871881489043
1657	 LLH-5	0.0013279175595169177	0.0013279175595169177
1658	 LLH-5	0.0013276407556877608	0.0013276407556877608
1659	 LLH-6	0.0013282095342862712	0.0013282095342862712
1660	 LLH-6	0.0013287533951047527	0.0013287533951047527
1661	 LLH-6	0.0013309258725523493	0.0013309258725523493
1662	 LLH-6	0.0013326741045061243	0.0013326741045061243
1663	 LLH-4	0.0013310837987714243	0.0013310837987714243
1665	 LLH-3	0.0012786915919735142	0.0012786915919735142
1666	 LLH-3	0.0013558531682928273	0.0013558531682928273
1667	 LLH-0	0.0013538892100814855	0.0013538892100814855
1668	 LLH-5	0.0013531330611538039	0.0013531330611538039
1669	 LLH-2	0.001314688291929039	0.001314688291929039
1670	 LLH-0	0.0013161303369564532	0.0013161303369564532
1671	 LLH-5	0.0013156189293192727	0.0013156189293192727
1672	 LLH-1	0.0013158882670650295	0.0013158882670650295
1673	 LLH-1	0.0013157807831392853	0.0013157807831392853
1674	 LLH-4	0.0013142222829417064	0.0013142222829417064
1676	 LLH-5	0.001314061503969648	0.001314061503969648
1677	 LLH-5	0.0013150530632164278	0.0013150530632164278
1678	 LLH-0	0.0013133925790434129	0.0013133925790434129
1679	 LLH-3	0.001414987438545084	0.0013133925790434129
1680	 LLH-2	0.0013215859554976056	0.0013215859554976056
1681	 LLH-1	0.0013215859554976056	0.0013215859554976056
1682	 LLH-0	0.0013232556040321264	0.0013232556040321264
1683	 LLH-6	0.0013232327809893547	0.0013232327809893547
1684	 LLH-5	0.0013222880964360692	0.0013222880964360692
1685	 LLH-6	0.0013209173431104042	0.0013209173431104042
1686	 LLH-0	0.0013226647149765494	0.0013226647149765494
1687	 LLH-4	0.0013207935336645305	0.0013207935336645305
1689	 LLH-5	0.0013206821182107258	0.0013206821182107258
1690	 LLH-5	0.0013209259517048334	0.0013209259517048334
1691	 LLH-6	0.0013218728649906863	0.0013218728649906863
1692	 LLH-6	0.001322377854153537	0.001322377854153537
1693	 LLH-2	0.0013178720263397952	0.0013178720263397952
1694	 LLH-5	0.001317754066375727	0.001317754066375727
1695	 LLH-6	0.0013209049960484734	0.0013209049960484734
1696	 LLH-4	0.0013195917191589591	0.0013195917191589591
1700	 LLH-0	0.0013214836113297568	0.0013214836113297568
1701	 LLH-3	0.0012682345467105512	0.0012682345467105512
1702	 LLH-4	0.0012671316098088303	0.0012671316098088303
1704	 LLH-2	0.001272689128859647	0.001272689128859647
1705	 LLH-6	0.001272870757437376	0.001272870757437376
1706	 LLH-6	0.0012745605582846604	0.0012745605582846604
1707	 LLH-3	0.0013816413606677674	0.0012745605582846604
1708	 LLH-5	0.0012757257461328973	0.0012757257461328973
1709	 LLH-4	0.0012757257461328973	0.0012757257461328973
1714	 LLH-3	0.001260698835746931	0.001260698835746931
1715	 LLH-0	0.0012600129660130979	0.0012600129660130979
1716	 LLH-6	0.0012582016182288325	0.0012582016182288325
1717	 LLH-5	0.0012596774569945213	0.0012596774569945213
1718	 LLH-3	0.0012514671421212044	0.0012514671421212044
1719	 LLH-5	0.0012517126345118282	0.0012517126345118282
1720	 LLH-1	0.0012517126345118282	0.0012517126345118282
1721	 LLH-0	0.0012522648955144242	0.0012522648955144242
1722	 LLH-0	0.001252790945254016	0.001252790945254016
1723	 LLH-4	0.001252120727234504	0.001252120727234504
1725	 LLH-5	0.0012519092583698943	0.0012519092583698943
1726	 LLH-5	0.0012522748873380412	0.0012522748873380412
1727	 LLH-4	0.0012516825015343978	0.0012516825015343978
1732	 LLH-0	0.0012507625564312827	0.0012507625564312827
1733	 LLH-1	0.0012507625564312827	0.0012507625564312827
1734	 LLH-1	0.0012508373589620024	0.0012508373589620024
1735	 LLH-0	0.0012517414024773626	0.0012517414024773626
1736	 LLH-4	0.0012511458690237615	0.0012511458690237615
1739	 LLH-2	0.0012549632975865652	0.0012549632975865652
1740	 LLH-0	0.0012554805605232706	0.0012554805605232706
1741	 LLH-6	0.0012558900490545683	0.0012558900490545683
1742	 LLH-0	0.001256480901658792	0.001256480901658792
1743	 LLH-3	0.0012468635732757296	0.0012468635732757296
1744	 LLH-0	0.001246407582544882	0.001246407582544882
1745	 LLH-5	0.0012465980747368287	0.0012465980747368287
1746	 LLH-0	0.0012471394749966342	0.0012471394749966342
1747	 LLH-5	0.0012469759055565896	0.0012469759055565896
1748	 LLH-5	0.0012467702269133686	0.0012467702269133686
1749	 LLH-3	0.0012427462454487536	0.0012427462454487536
1750	 LLH-0	0.0012431589724786617	0.0012431589724786617
1751	 LLH-6	0.0012429742272076394	0.0012429742272076394
1752	 LLH-4	0.0012424399848357816	0.0012424399848357816
1754	 LLH-3	0.0012723221645398945	0.0012723221645398945
1755	 LLH-1	0.0012723221645398945	0.0012723221645398945
1756	 LLH-2	0.0012821391364763416	0.0012821391364763416
1757	 LLH-1	0.0012821391364763416	0.0012821391364763416
1758	 LLH-6	0.0012854447651458822	0.0012854447651458822
1759	 LLH-3	0.0012544039759133506	0.0012544039759133506
1760	 LLH-1	0.0012544039759133506	0.0012544039759133506
1761	 LLH-3	0.0012541610618838682	0.0012541610618838682
1762	 LLH-1	0.001254176727457575	0.001254176727457575
1763	 LLH-0	0.001254735552179532	0.001254735552179532
1764	 LLH-3	0.0013009611021693403	0.001254735552179532
1765	 LLH-5	0.0012542625891178386	0.0012542625891178386
1766	 LLH-6	0.001254029354339755	0.001254029354339755
1767	 LLH-1	0.001254029354339755	0.001254029354339755
1768	 LLH-0	0.0012547520240967767	0.0012547520240967767
1769	 LLH-0	0.0012554426584348015	0.0012554426584348015
1770	 LLH-2	0.0012524047378206843	0.0012524047378206843
1771	 LLH-4	0.0012524047378206843	0.0012524047378206843
1776	 LLH-0	0.001252947297250307	0.001252947297250307
1777	 LLH-0	0.0012535374386133235	0.0012535374386133235
1778	 LLH-0	0.0012540911047940117	0.0012540911047940117
1779	 LLH-1	0.0012540911047940117	0.0012540911047940117
1780	 LLH-5	0.0012546937992748617	0.0012546937992748617
1781	 LLH-0	0.0012537012355752235	0.0012537012355752235
1782	 LLH-4	0.0012537012355752235	0.0012537012355752235
1787	 LLH-1	0.0012537012355752235	0.0012537012355752235
1788	 LLH-6	0.0012539594656783245	0.0012539594656783245
1789	 LLH-3	0.0012469429935027514	0.0012469429935027514
1790	 LLH-0	0.0012475030461573536	0.0012475030461573536
1791	 LLH-0	0.0012484438727640938	0.0012484438727640938
1792	 LLH-6	0.0012479367975244695	0.0012479367975244695
1793	 LLH-3	0.001247819574927651	0.001247819574927651
1794	 LLH-5	0.0012467803969888815	0.0012467803969888815
1795	 LLH-4	0.0012467803969888815	0.0012467803969888815
1800	 LLH-5	0.0012461429739013899	0.0012461429739013899
1801	 LLH-4	0.0012461429739013899	0.0012461429739013899
1806	 LLH-5	0.0012463595580583101	0.0012463595580583101
1807	 LLH-6	0.0012462111117027574	0.0012462111117027574
1808	 LLH-0	0.0012466146479130711	0.0012466146479130711
1809	 LLH-6	0.0012472537184105858	0.0012472537184105858
1810	 LLH-4	0.0012472537184105858	0.0012472537184105858
1815	 LLH-6	0.0012483951740100965	0.0012483951740100965
1816	 LLH-4	0.0012483951740100965	0.0012483951740100965
1821	 LLH-3	0.0012493451255113858	0.0012493451255113858
1822	 LLH-2	0.0012576652397691263	0.0012576652397691263
1823	 LLH-0	0.001242537615646334	0.001242537615646334
1824	 LLH-1	0.001242537615646334	0.001242537615646334
1825	 LLH-0	0.0012430211885900643	0.0012430211885900643
1826	 LLH-3	0.0012444484057470093	0.0012444484057470093
1827	 LLH-6	0.0012440613947215066	0.0012440613947215066
1828	 LLH-2	0.0012478845465296474	0.0012478845465296474
1829	 LLH-4	0.0012478845465296474	0.0012478845465296474
1834	 LLH-2	0.0012471280952768625	0.0012471280952768625
1835	 LLH-0	0.001247798334606441	0.001247798334606441
1836	 LLH-6	0.001248199733370903	0.001248199733370903
1837	 LLH-3	0.001303463774076679	0.001303463774076679
1838	 LLH-6	0.0013040143243424089	0.0013040143243424089
1839	 LLH-1	0.0013040143243424089	0.0013040143243424089
1840	 LLH-0	0.0013025687381837251	0.0013025687381837251
1841	 LLH-5	0.001302769000588269	0.001302769000588269
1842	 LLH-3	0.001408223155508461	0.001408223155508461
1843	 LLH-5	0.0014089450462881597	0.0014089450462881597
1844	 LLH-2	0.0013800721239473938	0.0013800721239473938
1845	 LLH-1	0.0013800721239473938	0.0013800721239473938
1846	 LLH-2	0.0013547613001155606	0.0013547613001155606
1847	 LLH-0	0.0013528510669936805	0.0013528510669936805
1848	 LLH-3	0.0015110277979143657	0.0013528510669936805
1849	 LLH-0	0.0013553460817924477	0.0013553460817924477
1850	 LLH-0	0.0013575687791342586	0.0013575687791342586
1851	 LLH-3	0.0012903506877351206	0.0012903506877351206
1852	 LLH-2	0.0012964147873510828	0.0012964147873510828
1853	 LLH-5	0.0012954277531252222	0.0012954277531252222
1854	 LLH-5	0.0012956819579311538	0.0012956819579311538
1855	 LLH-5	0.0012957987341970653	0.0012957987341970653
1856	 LLH-0	0.0012967317443352	0.0012967317443352
1857	 LLH-3	0.0012701552351897163	0.0012701552351897163
1858	 LLH-2	0.0012683371266504963	0.0012683371266504963
1859	 LLH-0	0.001269470295059779	0.001269470295059779
1860	 LLH-0	0.0012703227889122172	0.0012703227889122172
1861	 LLH-0	0.0012712223095190714	0.0012712223095190714
1862	 LLH-6	0.0012711425891783134	0.0012711425891783134
1863	 LLH-3	0.0012545857941230168	0.0012545857941230168
1864	 LLH-4	0.0012545857941230168	0.0012545857941230168
1869	 LLH-1	0.0012545857941230168	0.0012545857941230168
1870	 LLH-1	0.0012545857941230168	0.0012545857941230168
1871	 LLH-1	0.0012545857941230168	0.0012545857941230168
1872	 LLH-0	0.0012552558906732993	0.0012552558906732993
1873	 LLH-6	0.0012545112309785954	0.0012545112309785954
1874	 LLH-6	0.001252985679910021	0.001252985679910021
1875	 LLH-4	0.0012520960810221055	0.0012520960810221055
1877	 LLH-2	0.001255014479483176	0.001255014479483176
1878	 LLH-1	0.001255014479483176	0.001255014479483176
1879	 LLH-6	0.0012548894054694446	0.0012548894054694446
1880	 LLH-3	0.00131137568193736	0.0012548894054694446
1881	 LLH-3	0.0013155464168124905	0.0012548894054694446
1882	 LLH-6	0.0012549906970879634	0.0012549906970879634
1883	 LLH-5	0.0012548949451075596	0.0012548949451075596
1884	 LLH-3	0.0013244359019923598	0.0013244359019923598
1885	 LLH-3	0.0012723867655296491	0.0012723867655296491
1886	 LLH-1	0.0012723280632876521	0.0012723280632876521
1887	 LLH-1	0.0012723280632876521	0.0012723280632876521
1888	 LLH-4	0.0012716694768927612	0.0012716694768927612
1890	 LLH-0	0.0012704760758367117	0.0012704760758367117
1891	 LLH-5	0.001270184739597369	0.001270184739597369
1892	 LLH-0	0.0012693595473511528	0.0012693595473511528
1893	 LLH-1	0.0012693595473511528	0.0012693595473511528
1894	 LLH-3	0.0013402760828491464	0.0012693595473511528
1895	 LLH-3	0.0013474759378835585	0.0012693595473511528
1896	 LLH-6	0.0012689932809621875	0.0012689932809621875
1897	 LLH-6	0.0012694841101040042	0.0012694841101040042
1898	 LLH-6	0.0012703693849922038	0.0012703693849922038
1899	 LLH-4	0.0012693081997399614	0.0012693081997399614
1901	 LLH-4	0.0012684811135427263	0.0012684811135427263
1905	 LLH-3	0.001340544142164492	0.0012684811135427263
1906	 LLH-1	0.0012684811135427263	0.0012684811135427263
1907	 LLH-0	0.0012692597903315786	0.0012692597903315786
1908	 LLH-1	0.0012692597903315786	0.0012692597903315786
1909	 LLH-6	0.0012678978195243581	0.0012678978195243581
1910	 LLH-5	0.001269962457053677	0.001269962457053677
1911	 LLH-2	0.0012667702934771618	0.0012667702934771618
1912	 LLH-2	0.0012866876941352637	0.0012667702934771618
1913	 LLH-1	0.0012667702934771618	0.0012667702934771618
1914	 LLH-6	0.0012664352660044474	0.0012664352660044474
1915	 LLH-0	0.0012676324901051861	0.0012676324901051861
1916	 LLH-2	0.0012809359744206821	0.0012809359744206821
1917	 LLH-0	0.0012796686927871526	0.0012796686927871526
1918	 LLH-6	0.001278285085395836	0.001278285085395836
1919	 LLH-1	0.001278285085395836	0.001278285085395836
1920	 LLH-2	0.0012756821529250055	0.0012756821529250055
1921	 LLH-6	0.001275038129942389	0.001275038129942389
1922	 LLH-5	0.0012772378561311277	0.0012772378561311277
1923	 LLH-2	0.0012785738792819533	0.0012785738792819533
1924	 LLH-6	0.001277533573384992	0.001277533573384992
1925	 LLH-5	0.0012781806769156677	0.0012781806769156677
1926	 LLH-5	0.0012783932987118479	0.0012783932987118479
1927	 LLH-1	0.0012783932987118479	0.0012783932987118479
1928	 LLH-2	0.0012882252383300326	0.0012882252383300326
1929	 LLH-3	0.0013655874891749598	0.0012882252383300326
1930	 LLH-5	0.0012877280941048638	0.0012877280941048638
1931	 LLH-3	0.0013557072618754682	0.0012877280941048638
1932	 LLH-1	0.0012875314275129898	0.0012875314275129898
1933	 LLH-5	0.001286251849635691	0.001286251849635691
1934	 LLH-0	0.0012850379279055759	0.0012850379279055759
1935	 LLH-5	0.0012845981661666211	0.0012845981661666211
1936	 LLH-6	0.0012837641874077776	0.0012837641874077776
1937	 LLH-5	0.0012827727349835477	0.0012827727349835477
1938	 LLH-3	0.0014033670211733393	0.0012827727349835477
1939	 LLH-1	0.0012828240951788293	0.0012828240951788293
1940	 LLH-0	0.001283794530758464	0.001283794530758464
1941	 LLH-3	0.0013594115419590855	0.0013594115419590855
1942	 LLH-1	0.0013595244655512746	0.0013595244655512746
1943	 LLH-5	0.001360328196922357	0.001360328196922357
1944	 LLH-2	0.0013466645164010268	0.0013466645164010268
1945	 LLH-0	0.0013485980470426034	0.0013485980470426034
1946	 LLH-3	0.0014618800000105563	0.0013485980470426034
1947	 LLH-3	0.0014386763355758053	0.0013485980470426034
1948	 LLH-1	0.0013485980470426034	0.0013485980470426034
1949	 LLH-2	0.0013395218547516197	0.0013395218547516197
1950	 LLH-3	0.0014532004075743252	0.0014532004075743252
1951	 LLH-4	0.0014499213810262694	0.0014499213810262694
1954	 LLH-2	0.0014055594364516504	0.0014055594364516504
1955	 LLH-3	0.0012875329547109046	0.0012875329547109046
1956	 LLH-4	0.0012864969737162108	0.0012864969737162108
1958	 LLH-2	0.0013063876136913501	0.0012864969737162108
1959	 LLH-3	0.0012679049526260458	0.0012679049526260458
1960	 LLH-6	0.0012666597179534745	0.0012666597179534745
1961	 LLH-1	0.0012666597179534745	0.0012666597179534745
1962	 LLH-1	0.0012668922102314231	0.0012668922102314231
1963	 LLH-1	0.0012667997603860856	0.0012667997603860856
1964	 LLH-1	0.0012667997603860856	0.0012667997603860856
1965	 LLH-2	0.001264499424683792	0.001264499424683792
1966	 LLH-2	0.0012798609919161697	0.001264499424683792
1967	 LLH-6	0.001266060576301824	0.001266060576301824
1968	 LLH-5	0.0012659760074196255	0.0012659760074196255
1969	 LLH-4	0.0012659760074196255	0.0012659760074196255
1974	 LLH-2	0.0012852692637649132	0.0012659760074196255
1975	 LLH-1	0.0012659760074196255	0.0012659760074196255
1976	 LLH-5	0.00126594671371652	0.00126594671371652
1977	 LLH-0	0.0012667464819202923	0.0012667464819202923
1978	 LLH-3	0.0012656220884311494	0.0012656220884311494
1979	 LLH-5	0.0012658186648086673	0.0012658186648086673
1980	 LLH-3	0.0013020519781506603	0.0012658186648086673
1981	 LLH-5	0.0012666216595265795	0.0012666216595265795
1982	 LLH-6	0.001267144144296833	0.001267144144296833
1983	 LLH-4	0.0012663576956473785	0.0012663576956473785
1985	 LLH-6	0.0012640119783616547	0.0012640119783616547
1986	 LLH-0	0.001263457766783598	0.001263457766783598
1987	 LLH-6	0.0012636519437391708	0.0012636519437391708
1988	 LLH-6	0.0012632322340052765	0.0012632322340052765
1989	 LLH-1	0.0012633663264803848	0.0012633663264803848
1990	 LLH-4	0.0012626637708411255	0.0012626637708411255
1992	 LLH-1	0.00126234782472412	0.00126234782472412
1993	 LLH-0	0.0012629379948559034	0.0012629379948559034
1994	 LLH-0	0.0012638864173712256	0.0012638864173712256
1995	 LLH-2	0.0012706907754070995	0.0012706907754070995
1996	 LLH-3	0.0013340366191646215	0.0013340366191646215
1997	 LLH-3	0.0012851640993828035	0.0012851640993828035
1998	 LLH-6	0.00128562372371685	0.00128562372371685
1999	 LLH-5	0.0012852569858314575	0.0012852569858314575