Initial objective 0.0013105094734534607
1	 LLH-5	0.0013093153716327113	0.0013093153716327113
2	 LLH-0	0.0013076517370912597	0.0013076517370912597
3	 LLH-3	0.0014284230446394714	0.0014284230446394714
4	 LLH-0	0.001431881486471573	0.001431881486471573
5	 LLH-3	0.0016339075274300345	0.001431881486471573
6	 LLH-5	0.0014314948921157178	0.0014314948921157178
7	 LLH-2	0.0014288420831848497	0.0014288420831848497
8	 LLH-4	0.0014256517197576818	0.0014256517197576818
12	 LLH-1	0.0014258606748790504	0.0014258606748790504
13	 LLH-1	0.001425654883409663	0.001425654883409663
14	 LLH-5	0.0014260444214339082	0.0014260444214339082
15	 LLH-4	0.0014233504132112457	0.0014233504132112457
18	 LLH-4	0.0014204323978761909	0.0014204323978761909
20	 LLH-6	0.0014199924385546354	0.0014199924385546354
21	 LLH-5	0.0014208448547105112	0.0014208448547105112
22	 LLH-0	0.0014176528357184568	0.0014176528357184568
23	 LLH-6	0.0014158401624595955	0.0014158401624595955
24	 LLH-3	0.0012939804600968791	0.0012939804600968791
25	 LLH-0	0.0012952508347629772	0.0012952508347629772
26	 LLH-0	0.0012967970434808267	0.0012967970434808267
27	 LLH-0	0.0012983613737703376	0.0012983613737703376
28	 LLH-5	0.001298724064237883	0.001298724064237883
29	 LLH-0	0.0012998951960764608	0.0012998951960764608
30	 LLH-0	0.001301461967933909	0.001301461967933909
31	 LLH-2	0.0013070627010518998	0.0013070627010518998
32	 LLH-6	0.0013068305516428617	0.0013068305516428617
33	 LLH-5	0.001303771687871462	0.001303771687871462
34	 LLH-1	0.0013033303187615388	0.0013033303187615388
35	 LLH-3	0.0012706452301601142	0.0012706452301601142
36	 LLH-6	0.0012716040269423162	0.0012716040269423162
37	 LLH-0	0.001270725857459995	0.001270725857459995
38	 LLH-1	0.001270725857459995	0.001270725857459995
39	 LLH-0	0.001271585955311437	0.001271585955311437
40	 LLH-1	0.001271585955311437	0.001271585955311437
41	 LLH-1	0.001271585955311437	0.001271585955311437
42	 LLH-3	0.0012547582471867462	0.0012547582471867462
43	 LLH-5	0.0012557590365998629	0.0012557590365998629
44	 LLH-3	0.0012591100290400932	0.0012591100290400932
45	 LLH-6	0.0012596967581072233	0.0012596967581072233
46	 LLH-5	0.0012594401751325859	0.0012594401751325859
47	 LLH-1	0.0012594401751325859	0.0012594401751325859
48	 LLH-1	0.0012590732183494849	0.0012590732183494849
49	 LLH-2	0.0012512636092978603	0.0012512636092978603
50	 LLH-1	0.0012511518666469068	0.0012511518666469068
51	 LLH-6	0.0012518137310527908	0.0012518137310527908
52	 LLH-4	0.0012518137310527908	0.0012518137310527908
57	 LLH-3	0.0012952026659712656	0.0012952026659712656
58	 LLH-1	0.0012953221849496045	0.0012953221849496045
59	 LLH-6	0.001294946939253725	0.001294946939253725
60	 LLH-6	0.001296399554344306	0.001296399554344306
61	 LLH-1	0.001296399554344306	0.001296399554344306
62	 LLH-0	0.001297530527252248	0.001297530527252248
63	 LLH-1	0.0012977364557905271	0.0012977364557905271
64	 LLH-2	0.0012983802095055202	0.0012983802095055202
65	 LLH-6	0.0012974876166884331	0.0012974876166884331
66	 LLH-6	0.0012964023649996836	0.0012964023649996836
67	 LLH-3	0.0013749896910868304	0.0013749896910868304
68	 LLH-5	0.00137880562173277	0.00137880562173277
69	 LLH-5	0.0013788669429574997	0.0013788669429574997
70	 LLH-2	0.0013710422222283228	0.0013710422222283228
71	 LLH-5	0.0013708361495806398	0.0013708361495806398
72	 LLH-0	0.0013687995337760455	0.0013687995337760455
73	 LLH-6	0.001367156125480988	0.001367156125480988
74	 LLH-0	0.001364837003379477	0.001364837003379477
75	 LLH-5	0.0013641552553647486	0.0013641552553647486
76	 LLH-1	0.0013641552553647486	0.0013641552553647486
77	 LLH-0	0.0013658738480411999	0.0013658738480411999
78	 LLH-6	0.0013657732101675357	0.0013657732101675357
79	 LLH-1	0.0013657732101675357	0.0013657732101675357
80	 LLH-0	0.0013631767299099825	0.0013631767299099825
81	 LLH-6	0.0013621891140285936	0.0013621891140285936
82	 LLH-1	0.0013622043789944282	0.0013622043789944282
83	 LLH-5	0.0013628875985198185	0.0013628875985198185
84	 LLH-1	0.0013636426535845521	0.0013636426535845521
85	 LLH-0	0.0013616458166583172	0.0013616458166583172
86	 LLH-6	0.001363191329627588	0.001363191329627588
87	 LLH-4	0.001361237173037717	0.001361237173037717
89	 LLH-4	0.0013591929797990383	0.0013591929797990383
91	 LLH-6	0.0013593000629929474	0.0013593000629929474
92	 LLH-4	0.0013574026145143803	0.0013574026145143803
94	 LLH-1	0.0013574026145143803	0.0013574026145143803
95	 LLH-3	0.0015173884475575311	0.0015173884475575311
96	 LLH-6	0.0015173162645046568	0.0015173162645046568
97	 LLH-4	0.0015130092710177138	0.0015130092710177138
99	 LLH-2	0.0014486848486081846	0.0014486848486081846
100	 LLH-6	0.0014474873575777833	0.0014474873575777833
101	 LLH-3	0.0013125900747880063	0.0013125900747880063
102	 LLH-1	0.0013125900747880063	0.0013125900747880063
103	 LLH-1	0.0013125900747880063	0.0013125900747880063
104	 LLH-2	0.00132504799447098	0.00132504799447098
105	 LLH-4	0.0013233939144871379	0.0013233939144871379
107	 LLH-6	0.0013230239555399282	0.0013230239555399282
108	 LLH-0	0.0013247983825708754	0.0013247983825708754
109	 LLH-6	0.0013233897815135567	0.0013233897815135567
110	 LLH-6	0.001323977752470448	0.001323977752470448
111	 LLH-0	0.001325553754956572	0.001325553754956572
112	 LLH-5	0.001324991253732082	0.001324991253732082
113	 LLH-6	0.0013248335891383174	0.0013248335891383174
114	 LLH-0	0.0013233232527100319	0.0013233232527100319
115	 LLH-4	0.001321677664595739	0.001321677664595739
117	 LLH-4	0.0013204429525430978	0.0013204429525430978
121	 LLH-3	0.0012652888403606873	0.0012652888403606873
122	 LLH-1	0.0012652888403606873	0.0012652888403606873
123	 LLH-5	0.0012661589672340818	0.0012661589672340818
124	 LLH-4	0.0012651076861242465	0.0012651076861242465
128	 LLH-4	0.0012642128549264044	0.0012642128549264044
131	 LLH-0	0.0012650302215279517	0.0012650302215279517
132	 LLH-3	0.0012535165003770548	0.0012535165003770548
133	 LLH-2	0.0012706107029110127	0.0012706107029110127
134	 LLH-6	0.0012709544544302123	0.0012709544544302123
135	 LLH-1	0.0012709544544302123	0.0012709544544302123
136	 LLH-3	0.0012477461311317507	0.0012477461311317507
137	 LLH-2	0.001256589069409711	0.001256589069409711
138	 LLH-3	0.001324975812434234	0.001324975812434234
139	 LLH-1	0.001324975812434234	0.001324975812434234
140	 LLH-5	0.0013242570334685334	0.0013242570334685334
141	 LLH-0	0.0013258122651397886	0.0013258122651397886
142	 LLH-0	0.001324114853747015	0.001324114853747015
143	 LLH-5	0.0013244832433479208	0.0013244832433479208
144	 LLH-4	0.00132304377403586	0.00132304377403586
146	 LLH-6	0.001322757276463563	0.001322757276463563
147	 LLH-1	0.0013226365044858208	0.0013226365044858208
148	 LLH-5	0.0013236853741702807	0.0013236853741702807
149	 LLH-1	0.0013237148161822697	0.0013237148161822697
150	 LLH-6	0.0013232764337323428	0.0013232764337323428
151	 LLH-6	0.0013238139004254073	0.0013238139004254073
152	 LLH-1	0.0013238139004254073	0.0013238139004254073
153	 LLH-4	0.0013222926799180685	0.0013222926799180685
157	 LLH-5	0.0013230752732292287	0.0013230752732292287
158	 LLH-5	0.0013227183887442055	0.0013227183887442055
159	 LLH-6	0.0013241569148061975	0.0013241569148061975
160	 LLH-3	0.0012797506570191171	0.0012797506570191171
161	 LLH-2	0.0012781576701521294	0.0012781576701521294
162	 LLH-5	0.0012785191030987085	0.0012785191030987085
163	 LLH-2	0.0012930804237726858	0.0012930804237726858
164	 LLH-5	0.0012928912703178879	0.0012928912703178879
165	 LLH-6	0.001292682792922876	0.001292682792922876
166	 LLH-4	0.0012721917016577516	0.0012721917016577516
168	 LLH-4	0.0012721917016577516	0.0012721917016577516
173	 LLH-6	0.0012713917237347123	0.0012713917237347123
174	 LLH-1	0.0012713917237347123	0.0012713917237347123
175	 LLH-0	0.0012920004999849672	0.0012920004999849672
176	 LLH-1	0.0012920004999849672	0.0012920004999849672
177	 LLH-2	0.001282636486554763	0.001282636486554763
178	 LLH-0	0.0012837613690859827	0.0012837613690859827
179	 LLH-2	0.001302871342264237	0.001302871342264237
180	 LLH-1	0.0013025968642710805	0.0013025968642710805
181	 LLH-1	0.0013030406183407901	0.0013030406183407901
182	 LLH-3	0.0012615916492009728	0.0012615916492009728
183	 LLH-2	0.0012767593646218374	0.0012767593646218374
184	 LLH-5	0.0012772715682790715	0.0012772715682790715
185	 LLH-2	0.0012688612478160912	0.0012688612478160912
186	 LLH-6	0.0012678178048650913	0.0012678178048650913
187	 LLH-4	0.0012678178048650913	0.0012678178048650913
192	 LLH-1	0.0012678178048650913	0.0012678178048650913
193	 LLH-1	0.0012678178048650913	0.0012678178048650913
194	 LLH-5	0.0012673101193970437	0.0012673101193970437
195	 LLH-6	0.001266920444184965	0.001266920444184965
196	 LLH-1	0.0012667248143037309	0.0012667248143037309
197	 LLH-6	0.0012668112336388297	0.0012668112336388297
198	 LLH-2	0.001279899678804052	0.001279899678804052
199	 LLH-3	0.0013683691147298182	0.0013683691147298182
200	 LLH-5	0.0013713595050841663	0.0013713595050841663
201	 LLH-2	0.0013409161919861882	0.0013409161919861882
202	 LLH-5	0.0013409439142614465	0.0013409439142614465
203	 LLH-1	0.0013410384213189417	0.0013410384213189417
204	 LLH-2	0.0013434821375888258	0.0013434821375888258
205	 LLH-5	0.0013419350117237505	0.0013419350117237505
206	 LLH-1	0.0013417642074193788	0.0013417642074193788
207	 LLH-1	0.0013417880710732606	0.0013417880710732606
208	 LLH-3	0.001449583446710033	0.001449583446710033
209	 LLH-4	0.0014462891181888132	0.0014462891181888132
212	 LLH-0	0.00144975043709382	0.00144975043709382
213	 LLH-4	0.0014462984238250579	0.0014462984238250579
215	 LLH-1	0.001446884292064902	0.001446884292064902
216	 LLH-3	0.0016497244116304352	0.0016497244116304352
217	 LLH-1	0.0016497244116304352	0.0016497244116304352
218	 LLH-6	0.0016508506238117123	0.0016508506238117123
219	 LLH-1	0.0016508102631049	0.0016508102631049
220	 LLH-4	0.001644610723184244	0.001644610723184244
222	 LLH-0	0.0016517531961854545	0.0016517531961854545
223	 LLH-5	0.0016513252736958832	0.0016513252736958832
224	 LLH-1	0.0016512897414632552	0.0016512897414632552
225	 LLH-3	0.0013301493583749604	0.0013301493583749604
226	 LLH-6	0.0013312589982684387	0.0013312589982684387
227	 LLH-1	0.0013310124386126132	0.0013310124386126132
228	 LLH-6	0.0013307667536263325	0.0013307667536263325
229	 LLH-6	0.0013306688868699077	0.0013306688868699077
230	 LLH-2	0.001331877293123555	0.001331877293123555
231	 LLH-2	0.0013122815043497124	0.0013122815043497124
232	 LLH-3	0.0012651376716198825	0.0012651376716198825
233	 LLH-1	0.0012652870355475692	0.0012652870355475692
234	 LLH-6	0.0012676606726322774	0.0012676606726322774
235	 LLH-4	0.0012664375784900983	0.0012664375784900983
237	 LLH-0	0.0012671934118817512	0.0012671934118817512
238	 LLH-0	0.0012680926126090422	0.0012680926126090422
239	 LLH-2	0.0012939818882786076	0.0012939818882786076
240	 LLH-1	0.0012939818882786076	0.0012939818882786076
241	 LLH-6	0.0012937528527491586	0.0012937528527491586
242	 LLH-4	0.0012925749336069846	0.0012925749336069846
244	 LLH-4	0.001291469809535721	0.001291469809535721
247	 LLH-3	0.0013733938043979097	0.0013733938043979097
248	 LLH-2	0.0013397947543670563	0.0013397947543670563
249	 LLH-2	0.0013429805736568648	0.0013429805736568648
250	 LLH-6	0.0013417684444908514	0.0013417684444908514
251	 LLH-0	0.0013399530797842936	0.0013399530797842936
252	 LLH-1	0.0013399114545056788	0.0013399114545056788
253	 LLH-2	0.0013492640562195438	0.0013492640562195438
254	 LLH-4	0.0013475085968731335	0.0013475085968731335
257	 LLH-4	0.0013454052977000923	0.0013454052977000923
260	 LLH-4	0.0013432437040236994	0.0013432437040236994
262	 LLH-6	0.0013428197955727827	0.0013428197955727827
263	 LLH-4	0.001341068576653079	0.001341068576653079
267	 LLH-5	0.0013386764600377384	0.0013386764600377384
268	 LLH-3	0.001450567055584716	0.001450567055584716
269	 LLH-0	0.0014540710882501857	0.0014540710882501857
270	 LLH-2	0.001412249333987166	0.001412249333987166
271	 LLH-2	0.0014246186236368228	0.0014246186236368228
272	 LLH-6	0.0014237366693101673	0.0014237366693101673
273	 LLH-2	0.0013809067535215545	0.0013809067535215545
274	 LLH-5	0.0013829492513115261	0.0013829492513115261
275	 LLH-1	0.0013828833525217784	0.0013828833525217784
276	 LLH-6	0.001385031124698862	0.001385031124698862
277	 LLH-1	0.001385031124698862	0.001385031124698862
278	 LLH-3	0.0012812593837025995	0.0012812593837025995
279	 LLH-5	0.0012813997196350654	0.0012813997196350654
280	 LLH-0	0.0012827321753427945	0.0012827321753427945
281	 LLH-6	0.0012805179144015793	0.0012805179144015793
282	 LLH-0	0.0012795597934776946	0.0012795597934776946
283	 LLH-5	0.0012800741960114492	0.0012800741960114492
284	 LLH-2	0.0012850980500524144	0.0012850980500524144
285	 LLH-5	0.0012849454296583313	0.0012849454296583313
286	 LLH-6	0.0012851833528305955	0.0012851833528305955
287	 LLH-1	0.001285406352031966	0.001285406352031966
288	 LLH-4	0.0012840025212217906	0.0012840025212217906
291	 LLH-6	0.0012855143918996384	0.0012855143918996384
292	 LLH-6	0.0012848608288684987	0.0012848608288684987
293	 LLH-1	0.0012848608288684987	0.0012848608288684987
294	 LLH-0	0.0012838398533664805	0.0012838398533664805
295	 LLH-4	0.001282708396499266	0.001282708396499266
299	 LLH-0	0.0012842307537357233	0.0012842307537357233
300	 LLH-4	0.0012830469825570521	0.0012830469825570521
302	 LLH-4	0.0012820188870370612	0.0012820188870370612
305	 LLH-2	0.0012943633633158457	0.0012943633633158457
306	 LLH-5	0.0012948657639803118	0.0012948657639803118
307	 LLH-3	0.0013743242883282876	0.0012948657639803118
308	 LLH-1	0.0012948657639803118	0.0012948657639803118
309	 LLH-2	0.0013084353118540532	0.0013084353118540532
310	 LLH-2	0.001297893706247612	0.001297893706247612
311	 LLH-3	0.0014022283611395607	0.0014022283611395607
312	 LLH-0	0.0014050761394797837	0.0014050761394797837
313	 LLH-3	0.0015626907896227604	0.0015626907896227604
314	 LLH-5	0.0015627433939413432	0.0015627433939413432
315	 LLH-2	0.001489432741896072	0.001489432741896072
316	 LLH-0	0.0014856284921855216	0.0014856284921855216
317	 LLH-0	0.0014814904284384724	0.0014814904284384724
318	 LLH-5	0.0014831424644332343	0.0014831424644332343
319	 LLH-4	0.001479310736615916	0.001479310736615916
321	 LLH-2	0.0014149473899486616	0.0014149473899486616
322	 LLH-2	0.0014037905780057169	0.0014037905780057169
323	 LLH-3	0.001285245995418658	0.001285245995418658
324	 LLH-3	0.0012727550476860968	0.0012727550476860968
325	 LLH-6	0.0012719662236705073	0.0012719662236705073
326	 LLH-6	0.0012720426300648732	0.0012720426300648732
327	 LLH-1	0.001272262721022777	0.001272262721022777
328	 LLH-4	0.001271314784478439	0.001271314784478439
331	 LLH-6	0.0012711107935315178	0.0012711107935315178
332	 LLH-0	0.001272228621335192	0.001272228621335192
333	 LLH-6	0.0012714206227340354	0.0012714206227340354
334	 LLH-4	0.0012714206227340354	0.0012714206227340354
339	 LLH-1	0.0012714206227340354	0.0012714206227340354
340	 LLH-5	0.0012713613949193983	0.0012713613949193983
341	 LLH-2	0.0012619425025919733	0.0012619425025919733
342	 LLH-3	0.0012584296465403433	0.0012584296465403433
343	 LLH-0	0.0012591954193115218	0.0012591954193115218
344	 LLH-3	0.0012457364548925018	0.0012457364548925018
345	 LLH-4	0.0012457364548925018	0.0012457364548925018
350	 LLH-2	0.0012456147889705993	0.0012456147889705993
351	 LLH-4	0.0012449979024007419	0.0012449979024007419
354	 LLH-2	0.0012516670386356025	0.0012516670386356025
355	 LLH-5	0.0012522281546933098	0.0012522281546933098
356	 LLH-5	0.0012503837268440872	0.0012503837268440872
357	 LLH-5	0.001250780224983831	0.001250780224983831
358	 LLH-4	0.0012500956148649232	0.0012500956148649232
362	 LLH-4	0.0012493040677186748	0.0012493040677186748
364	 LLH-6	0.0012492326560075526	0.0012492326560075526
365	 LLH-6	0.001248195802436555	0.001248195802436555
366	 LLH-6	0.0012485578810539446	0.0012485578810539446
367	 LLH-1	0.0012485578810539446	0.0012485578810539446
368	 LLH-2	0.0012588687096731842	0.0012588687096731842
369	 LLH-4	0.0012574447351377687	0.0012574447351377687
373	 LLH-6	0.0012574336822731543	0.0012574336822731543
374	 LLH-0	0.0012582718982005077	0.0012582718982005077
375	 LLH-0	0.0012590504557046188	0.0012590504557046188
376	 LLH-4	0.0012580829134300423	0.0012580829134300423
380	 LLH-4	0.0012580829134300423	0.0012580829134300423
385	 LLH-0	0.0012589996182977997	0.0012589996182977997
386	 LLH-2	0.0012773196866885648	0.0012773196866885648
387	 LLH-5	0.0012771099852410795	0.0012771099852410795
388	 LLH-5	0.0012769522174613155	0.0012769522174613155
389	 LLH-0	0.0012757729539911108	0.0012757729539911108
390	 LLH-5	0.0012760372243471774	0.0012760372243471774
391	 LLH-5	0.001276727857359889	0.001276727857359889
392	 LLH-2	0.001278756572273796	0.001278756572273796
393	 LLH-5	0.0012785996164960452	0.0012785996164960452
394	 LLH-5	0.001278785032694653	0.001278785032694653
395	 LLH-4	0.001277361994595967	0.001277361994595967
398	 LLH-1	0.001277361994595967	0.001277361994595967
399	 LLH-4	0.001276281499940315	0.001276281499940315
401	 LLH-1	0.001276281499940315	0.001276281499940315
402	 LLH-3	0.001256521820726206	0.001256521820726206
403	 LLH-4	0.001256521820726206	0.001256521820726206
408	 LLH-6	0.0012567285634388315	0.0012567285634388315
409	 LLH-3	0.001321722391481668	0.001321722391481668
410	 LLH-5	0.0013196165503442834	0.0013196165503442834
411	 LLH-2	0.0013094146392534146	0.0013094146392534146
412	 LLH-5	0.001310236710481236	0.001310236710481236
413	 LLH-4	0.0013088086333543079	0.0013088086333543079
415	 LLH-0	0.001307485389822512	0.001307485389822512
416	 LLH-4	0.0013057849013777788	0.0013057849013777788
419	 LLH-4	0.0013043280519008072	0.0013043280519008072
422	 LLH-3	0.0012778663190320177	0.0012778663190320177
423	 LLH-0	0.0012788724690203084	0.0012788724690203084
424	 LLH-4	0.001278050402220301	0.001278050402220301
428	 LLH-2	0.0012704189093800037	0.0012704189093800037
429	 LLH-0	0.0012715149874531898	0.0012715149874531898
430	 LLH-5	0.001271488880535999	0.001271488880535999
431	 LLH-6	0.0012706345833790537	0.0012706345833790537
432	 LLH-3	0.0012521191582725757	0.0012521191582725757
433	 LLH-4	0.0012512685325984788	0.0012512685325984788
438	 LLH-1	0.0012512685325984788	0.0012512685325984788
439	 LLH-0	0.0012519846853754775	0.0012519846853754775
440	 LLH-1	0.0012519846853754775	0.0012519846853754775
441	 LLH-1	0.0012518529082170247	0.0012518529082170247
442	 LLH-4	0.0012511531592469447	0.0012511531592469447
444	 LLH-0	0.001252046417055567	0.001252046417055567
445	 LLH-2	0.0012596941383488003	0.0012596941383488003
446	 LLH-1	0.0012596854348513181	0.0012596854348513181
447	 LLH-5	0.001258567486303567	0.001258567486303567
448	 LLH-3	0.0012585663591804265	0.0012585663591804265
449	 LLH-1	0.0012585687150630826	0.0012585687150630826
450	 LLH-6	0.001258211323921515	0.001258211323921515
451	 LLH-4	0.0012419754000773094	0.0012419754000773094
453	 LLH-5	0.001242732634437466	0.001242732634437466
454	 LLH-4	0.001242732634437466	0.001242732634437466
459	 LLH-4	0.001242732634437466	0.001242732634437466
464	 LLH-2	0.0012490108391594098	0.0012490108391594098
465	 LLH-6	0.0012492849610167434	0.0012492849610167434
466	 LLH-6	0.001249726011783946	0.001249726011783946
467	 LLH-1	0.0012500810716022893	0.0012500810716022893
468	 LLH-3	0.001249195016978765	0.001249195016978765
469	 LLH-4	0.0012485926995584168	0.0012485926995584168
472	 LLH-0	0.0012494847324171574	0.0012494847324171574
473	 LLH-3	0.0012738044533497255	0.0012738044533497255
474	 LLH-3	0.0012638701314484399	0.0012638701314484399
475	 LLH-4	0.0012632102536291605	0.0012632102536291605
478	 LLH-2	0.0012653571887039786	0.0012653571887039786
479	 LLH-5	0.001265303799591231	0.001265303799591231
480	 LLH-5	0.0012665173808630468	0.0012665173808630468
481	 LLH-5	0.001266267927269147	0.001266267927269147
482	 LLH-2	0.0012651330209352506	0.0012651330209352506
483	 LLH-2	0.001277752455204255	0.001277752455204255
484	 LLH-1	0.001277752455204255	0.001277752455204255
485	 LLH-0	0.0012787524486233784	0.0012787524486233784
486	 LLH-5	0.0012784683638356993	0.0012784683638356993
487	 LLH-4	0.0012775106916362057	0.0012775106916362057
489	 LLH-0	0.0012785369054796522	0.0012785369054796522
490	 LLH-0	0.0012770359309485307	0.0012770359309485307
491	 LLH-2	0.0012737487081541105	0.0012737487081541105
492	 LLH-4	0.0012728001198089307	0.0012728001198089307
494	 LLH-5	0.001272940427121468	0.001272940427121468
495	 LLH-3	0.0012672457088220492	0.0012672457088220492
496	 LLH-5	0.0012677704871727948	0.0012677704871727948
497	 LLH-5	0.0012679778023092047	0.0012679778023092047
498	 LLH-2	0.0012759905858069907	0.0012759905858069907
499	 LLH-0	0.001274825287045703	0.001274825287045703
500	 LLH-3	0.0013207975116770767	0.0013207975116770767
501	 LLH-2	0.001321478751857643	0.001321478751857643
502	 LLH-6	0.0013200141935932879	0.0013200141935932879
503	 LLH-5	0.0013195311331418542	0.0013195311331418542
504	 LLH-0	0.0013210256252209173	0.0013210256252209173
505	 LLH-2	0.0013072628198350796	0.0013072628198350796
506	 LLH-5	0.0013072628198350796	0.0013072628198350796
507	 LLH-4	0.0013055787206050964	0.0013055787206050964
509	 LLH-6	0.0013062905865911937	0.0013062905865911937
510	 LLH-2	0.0013224510739039586	0.0013224510739039586
511	 LLH-4	0.0013224510739039586	0.0013224510739039586
516	 LLH-5	0.0013216789147811412	0.0013216789147811412
517	 LLH-1	0.0013216789147811412	0.0013216789147811412
518	 LLH-6	0.0013201624517212257	0.0013201624517212257
519	 LLH-6	0.0013220732324303551	0.0013220732324303551
520	 LLH-5	0.0013212037933067928	0.0013212037933067928
521	 LLH-0	0.0013226686347560684	0.0013226686347560684
522	 LLH-2	0.0013034922262284386	0.0013034922262284386
523	 LLH-0	0.0013271902368398743	0.0013271902368398743
524	 LLH-2	0.0013166349673023633	0.0013166349673023633
525	 LLH-1	0.0013165489117694796	0.0013165489117694796
526	 LLH-3	0.0012657235209836547	0.0012657235209836547
527	 LLH-6	0.0012638642699138894	0.0012638642699138894
528	 LLH-0	0.001262970643942844	0.001262970643942844
529	 LLH-3	0.0013328458582873065	0.0013328458582873065
530	 LLH-6	0.0013325153338048165	0.0013325153338048165
531	 LLH-4	0.0013303332048420161	0.0013303332048420161
533	 LLH-2	0.0013066737170968938	0.0013066737170968938
534	 LLH-6	0.001306928667599396	0.001306928667599396
535	 LLH-5	0.0013066727482018612	0.0013066727482018612
536	 LLH-3	0.0014366736026604592	0.0014366736026604592
537	 LLH-6	0.0014326142780275324	0.0014326142780275324
538	 LLH-5	0.0014318000029124834	0.0014318000029124834
539	 LLH-1	0.0014318714183028508	0.0014318714183028508
540	 LLH-1	0.0014319383974346531	0.0014319383974346531
541	 LLH-1	0.0014319383974346531	0.0014319383974346531
542	 LLH-1	0.0014319383974346531	0.0014319383974346531
543	 LLH-1	0.0014319383974346531	0.0014319383974346531
544	 LLH-0	0.001428959213845695	0.001428959213845695
545	 LLH-2	0.0014078915157254332	0.0014078915157254332
546	 LLH-6	0.001406277549319679	0.001406277549319679
547	 LLH-1	0.001406277549319679	0.001406277549319679
548	 LLH-3	0.0013016319546823511	0.0013016319546823511
549	 LLH-3	0.0013868128248547115	0.0013868128248547115
550	 LLH-5	0.0013872700905511687	0.0013872700905511687
551	 LLH-3	0.0012813526458000958	0.0012813526458000958
552	 LLH-6	0.0012810289550259349	0.0012810289550259349
553	 LLH-2	0.0012885051173781728	0.0012885051173781728
554	 LLH-5	0.001287983627750602	0.001287983627750602
555	 LLH-5	0.001287113785121303	0.001287113785121303
556	 LLH-3	0.0012679475217301545	0.0012679475217301545
557	 LLH-0	0.0012686419733044841	0.0012686419733044841
558	 LLH-3	0.0013162883391328335	0.0013162883391328335
559	 LLH-5	0.0013173271264334228	0.0013173271264334228
560	 LLH-0	0.0013159398608199868	0.0013159398608199868
561	 LLH-4	0.001314295603337518	0.001314295603337518
563	 LLH-0	0.0013161161675239673	0.0013161161675239673
564	 LLH-1	0.0013160699054784574	0.0013160699054784574
565	 LLH-6	0.0013147978362800378	0.0013147978362800378
566	 LLH-3	0.0014165725766981114	0.0014165725766981114
567	 LLH-2	0.0014207751814814518	0.0014207751814814518
568	 LLH-3	0.0015694117742940548	0.0015694117742940548
569	 LLH-0	0.0015638666757830943	0.0015638666757830943
570	 LLH-6	0.0015646083355037492	0.0015646083355037492
571	 LLH-2	0.001473950474781834	0.001473950474781834
572	 LLH-6	0.001474266581593328	0.001474266581593328
573	 LLH-1	0.001474266581593328	0.001474266581593328
574	 LLH-2	0.0014377597565224348	0.0014377597565224348
575	 LLH-2	0.0014298397670941564	0.0014298397670941564
576	 LLH-0	0.0014267367280921164	0.0014267367280921164
577	 LLH-4	0.001423586815083988	0.001423586815083988
580	 LLH-3	0.0012797964864328338	0.0012797964864328338
581	 LLH-4	0.0012781070584638626	0.0012781070584638626
583	 LLH-3	0.0012666108216561305	0.0012666108216561305
584	 LLH-3	0.001301276513963565	0.001301276513963565
585	 LLH-6	0.0012999930458855466	0.0012999930458855466
586	 LLH-5	0.0013005762548153326	0.0013005762548153326
587	 LLH-5	0.0012986844818316699	0.0012986844818316699
588	 LLH-1	0.0012985603716577116	0.0012985603716577116
589	 LLH-2	0.0012928186741808347	0.0012928186741808347
590	 LLH-2	0.0012874192446348232	0.0012874192446348232
591	 LLH-0	0.001288623883803927	0.001288623883803927
592	 LLH-5	0.0012883420103927976	0.0012883420103927976
593	 LLH-5	0.0012884569551000324	0.0012884569551000324
594	 LLH-1	0.0012884569551000324	0.0012884569551000324
595	 LLH-5	0.0012896073388505458	0.0012896073388505458
596	 LLH-3	0.001370885630327038	0.001370885630327038
597	 LLH-1	0.001370885630327038	0.001370885630327038
598	 LLH-2	0.0013490952151818808	0.0013490952151818808
599	 LLH-3	0.0012704353508383747	0.0012704353508383747
600	 LLH-5	0.0012714837554615637	0.0012714837554615637
601	 LLH-0	0.0012917763451475543	0.0012917763451475543
602	 LLH-2	0.0012794462216866808	0.0012794462216866808
603	 LLH-4	0.0012782582305644156	0.0012782582305644156
606	 LLH-2	0.0012846404669579696	0.0012846404669579696
607	 LLH-6	0.0012855251058424824	0.0012855251058424824
608	 LLH-0	0.001286709656552039	0.001286709656552039
609	 LLH-6	0.001286528053758463	0.001286528053758463
610	 LLH-5	0.001285930414517253	0.001285930414517253
611	 LLH-3	0.0012658531847150147	0.0012658531847150147
612	 LLH-5	0.0012679116443783725	0.0012679116443783725
613	 LLH-4	0.0012679116443783725	0.0012679116443783725
618	 LLH-3	0.0013263692904644533	0.0013263692904644533
619	 LLH-6	0.0013260224848911529	0.0013260224848911529
620	 LLH-4	0.0013260224848911529	0.0013260224848911529
625	 LLH-2	0.0013344525941838142	0.0013344525941838142
626	 LLH-2	0.0013245937062901863	0.0013245937062901863
627	 LLH-1	0.0013245937062901863	0.0013245937062901863
628	 LLH-4	0.0013226207093011012	0.0013226207093011012
630	 LLH-3	0.001450341263021752	0.001450341263021752
631	 LLH-0	0.0014470629628495328	0.0014470629628495328
632	 LLH-2	0.0014068236451089116	0.0014068236451089116
633	 LLH-5	0.0014073113217974462	0.0014073113217974462
634	 LLH-2	0.0013897475704279217	0.0013897475704279217
635	 LLH-4	0.0013871048186403973	0.0013871048186403973
638	 LLH-4	0.0013849331067469941	0.0013849331067469941
640	 LLH-2	0.0013501792815147095	0.0013501792815147095
641	 LLH-3	0.0014934299686620606	0.0014934299686620606
642	 LLH-1	0.0014934299686620606	0.0014934299686620606
643	 LLH-2	0.0014315621767828253	0.0014315621767828253
644	 LLH-0	0.001428794517530915	0.001428794517530915
645	 LLH-3	0.00160492966457958	0.001428794517530915
646	 LLH-3	0.0016022431496018497	0.001428794517530915
647	 LLH-1	0.0014291231204099169	0.0014291231204099169
648	 LLH-5	0.001429493454048407	0.001429493454048407
649	 LLH-0	0.0014324369978705707	0.0014324369978705707
650	 LLH-5	0.0014335750375641726	0.0014335750375641726
651	 LLH-3	0.0015833031581641123	0.0015833031581641123
652	 LLH-4	0.001578240243695272	0.001578240243695272
654	 LLH-4	0.0015728344007197603	0.0015728344007197603
657	 LLH-0	0.0015780115309206358	0.0015780115309206358
658	 LLH-0	0.0015728256514501156	0.0015728256514501156
659	 LLH-4	0.0015676380195898051	0.0015676380195898051
661	 LLH-4	0.0015623615758175273	0.0015623615758175273
665	 LLH-3	0.001326755036877993	0.001326755036877993
666	 LLH-4	0.001325332874022681	0.001325332874022681
669	 LLH-5	0.0013260937251049507	0.0013260937251049507
670	 LLH-1	0.0013260937251049507	0.0013260937251049507
671	 LLH-3	0.001422507485694759	0.001422507485694759
672	 LLH-5	0.0014224195093478957	0.0014224195093478957
673	 LLH-3	0.0015860794060667057	0.0015860794060667057
674	 LLH-6	0.001586363943121148	0.001586363943121148
675	 LLH-1	0.001586895114293583	0.001586895114293583
676	 LLH-1	0.0015866603396561237	0.0015866603396561237
677	 LLH-1	0.0015863444447206014	0.0015863444447206014
678	 LLH-3	0.0013217493727813313	0.0013217493727813313
679	 LLH-1	0.0013217493727813313	0.0013217493727813313
680	 LLH-0	0.001323375061127604	0.001323375061127604
681	 LLH-2	0.0013072658989757564	0.0013072658989757564
682	 LLH-5	0.0013079059051663705	0.0013079059051663705
683	 LLH-4	0.0013063995448850852	0.0013063995448850852
685	 LLH-1	0.0013063995448850852	0.0013063995448850852
686	 LLH-1	0.0013061919512508979	0.0013061919512508979
687	 LLH-6	0.0013055614674243388	0.0013055614674243388
688	 LLH-3	0.0012656990030917345	0.0012656990030917345
689	 LLH-6	0.001265881765201229	0.001265881765201229
690	 LLH-5	0.0012680374067317959	0.0012680374067317959
691	 LLH-6	0.001268034239519811	0.001268034239519811
692	 LLH-2	0.001294431279627555	0.001294431279627555
693	 LLH-3	0.001347539925789726	0.001347539925789726
694	 LLH-0	0.0013495225268312498	0.0013495225268312498
695	 LLH-3	0.00150334184299657	0.00150334184299657
696	 LLH-0	0.0014988318467801863	0.0014988318467801863
697	 LLH-2	0.001427509809798051	0.001427509809798051
698	 LLH-6	0.0014290496882248757	0.0014290496882248757
699	 LLH-3	0.0015795360655237378	0.0014290496882248757
700	 LLH-5	0.0014288889926393365	0.0014288889926393365
701	 LLH-4	0.0014260722367348746	0.0014260722367348746
703	 LLH-2	0.0013936797982653409	0.0013936797982653409
704	 LLH-6	0.0013930243324898962	0.0013930243324898962
705	 LLH-3	0.0012884793973934414	0.0012884793973934414
706	 LLH-1	0.0012884793973934414	0.0012884793973934414
707	 LLH-2	0.001311763154422441	0.001311763154422441
708	 LLH-6	0.001310704010030896	0.001310704010030896
709	 LLH-6	0.0013128846051192902	0.0013128846051192902
710	 LLH-2	0.0013144755763020962	0.0013144755763020962
711	 LLH-5	0.0013147167199396275	0.0013147167199396275
712	 LLH-5	0.0013145669590343399	0.0013145669590343399
713	 LLH-0	0.001313141948682491	0.001313141948682491
714	 LLH-6	0.00131672789135452	0.00131672789135452
715	 LLH-5	0.0013159403366021132	0.0013159403366021132
716	 LLH-0	0.001317465983340066	0.001317465983340066
717	 LLH-0	0.0013191252087305218	0.0013191252087305218
718	 LLH-1	0.0013191252087305218	0.0013191252087305218
719	 LLH-3	0.001404662308004165	0.0013191252087305218
720	 LLH-3	0.001271322239926376	0.001271322239926376
721	 LLH-3	0.0013367628694822007	0.0013367628694822007
722	 LLH-5	0.0013374073835069676	0.0013374073835069676
723	 LLH-6	0.0013348239979561452	0.0013348239979561452
724	 LLH-4	0.001333451486504356	0.001333451486504356
727	 LLH-5	0.0013330759820849184	0.0013330759820849184
728	 LLH-5	0.0013335140935654395	0.0013335140935654395
729	 LLH-1	0.0013335140935654395	0.0013335140935654395
730	 LLH-0	0.0013318947103445635	0.0013318947103445635
731	 LLH-5	0.0013331626246983334	0.0013331626246983334
732	 LLH-6	0.0013319698484380916	0.0013319698484380916
733	 LLH-0	0.0013336315240052737	0.0013336315240052737
734	 LLH-0	0.0013316249850859655	0.0013316249850859655
735	 LLH-0	0.001329763201662442	0.001329763201662442
736	 LLH-2	0.0013121326174996054	0.0013121326174996054
737	 LLH-0	0.0013138078809403347	0.0013138078809403347
738	 LLH-0	0.0013124128150692313	0.0013124128150692313
739	 LLH-2	0.0013192721729750863	0.0013192721729750863
740	 LLH-5	0.0013187179460656816	0.0013187179460656816
741	 LLH-3	0.0012689385906311033	0.0012689385906311033
742	 LLH-5	0.0012691008611151492	0.0012691008611151492
743	 LLH-3	0.0013493642553018687	0.0013493642553018687
744	 LLH-4	0.0013477101242489928	0.0013477101242489928
746	 LLH-6	0.001347116839298287	0.001347116839298287
747	 LLH-1	0.001347116839298287	0.001347116839298287
748	 LLH-3	0.001291209915071485	0.001291209915071485
749	 LLH-6	0.0012929287353293279	0.0012929287353293279
750	 LLH-5	0.0012933744988811347	0.0012933744988811347
751	 LLH-3	0.0012607889368737848	0.0012607889368737848
752	 LLH-1	0.0012608257495059965	0.0012608257495059965
753	 LLH-2	0.0012616698739347759	0.0012616698739347759
754	 LLH-4	0.0012606519655150531	0.0012606519655150531
758	 LLH-4	0.0012596145432975628	0.0012596145432975628
760	 LLH-6	0.0012613251225839556	0.0012613251225839556
761	 LLH-2	0.0012711005291884177	0.0012711005291884177
762	 LLH-2	0.001292115207982262	0.001292115207982262
763	 LLH-4	0.0012909962436009183	0.0012909962436009183
765	 LLH-3	0.0013678531078754146	0.0013678531078754146
766	 LLH-1	0.0013677646772242331	0.0013677646772242331
767	 LLH-1	0.0013682248376258466	0.0013682248376258466
768	 LLH-6	0.0013668823178184285	0.0013668823178184285
769	 LLH-2	0.0013443124072846258	0.0013443124072846258
770	 LLH-3	0.0014822403062055432	0.0014822403062055432
771	 LLH-5	0.0014852207177322714	0.0014852207177322714
772	 LLH-1	0.0014857750327797528	0.0014857750327797528
773	 LLH-2	0.0014069401539816848	0.0014069401539816848
774	 LLH-6	0.0014057189942661814	0.0014057189942661814
775	 LLH-5	0.0014062587843543576	0.0014062587843543576
776	 LLH-5	0.0014048249263641354	0.0014048249263641354
777	 LLH-4	0.0014018210291507883	0.0014018210291507883
779	 LLH-5	0.0014040478714496959	0.0014040478714496959
780	 LLH-0	0.0014359979285212586	0.0014359979285212586
781	 LLH-0	0.001433110183431305	0.001433110183431305
782	 LLH-2	0.0013702392629849072	0.0013702392629849072
783	 LLH-3	0.0012863741691174677	0.0012863741691174677
784	 LLH-5	0.0012852490152735637	0.0012852490152735637
785	 LLH-5	0.001285140156846143	0.001285140156846143
786	 LLH-6	0.0012869632659177237	0.0012869632659177237
787	 LLH-3	0.0013906480814440945	0.0012869632659177237
788	 LLH-0	0.0012883091830440032	0.0012883091830440032
789	 LLH-2	0.0012879032736207831	0.0012879032736207831
790	 LLH-2	0.0012943974222104965	0.0012943974222104965
791	 LLH-3	0.0012681843164003383	0.0012681843164003383
792	 LLH-0	0.0012691318244294448	0.0012691318244294448
793	 LLH-5	0.0012682370272319075	0.0012682370272319075
794	 LLH-2	0.0012715951732568031	0.0012715951732568031
795	 LLH-0	0.0012722563490661482	0.0012722563490661482
796	 LLH-6	0.0012713965034772726	0.0012713965034772726
797	 LLH-5	0.0012712861088411062	0.0012712861088411062
798	 LLH-4	0.0012712861088411062	0.0012712861088411062
803	 LLH-2	0.0012687134043468835	0.0012687134043468835
804	 LLH-6	0.0012671512357234356	0.0012671512357234356
805	 LLH-0	0.0012659419676870091	0.0012659419676870091
806	 LLH-2	0.0012783807969489534	0.0012783807969489534
807	 LLH-4	0.0012775459706111298	0.0012775459706111298
810	 LLH-6	0.001276532708433458	0.001276532708433458
811	 LLH-2	0.0012706443927268925	0.0012706443927268925
812	 LLH-2	0.001281317800272199	0.001281317800272199
813	 LLH-4	0.0012803727892544978	0.0012803727892544978
817	 LLH-2	0.001307555235802549	0.001307555235802549
818	 LLH-4	0.001305931619226442	0.001305931619226442
820	 LLH-4	0.001305931619226442	0.001305931619226442
825	 LLH-1	0.001305931619226442	0.001305931619226442
826	 LLH-6	0.0013061503718624719	0.0013061503718624719
827	 LLH-2	0.0013018769594745176	0.0013018769594745176
828	 LLH-4	0.001300250161534084	0.001300250161534084
830	 LLH-1	0.001300250161534084	0.001300250161534084
831	 LLH-3	0.0014063226588291215	0.0014063226588291215
832	 LLH-5	0.0014072756205397682	0.0014072756205397682
833	 LLH-1	0.0014072756205397682	0.0014072756205397682
834	 LLH-2	0.001381847806174205	0.001381847806174205
835	 LLH-3	0.0012906988595941609	0.0012906988595941609
836	 LLH-4	0.0012896013857740677	0.0012896013857740677
840	 LLH-6	0.0012902228382564774	0.0012902228382564774
841	 LLH-1	0.0012902228382564774	0.0012902228382564774
842	 LLH-0	0.0012893376173967615	0.0012893376173967615
843	 LLH-2	0.001303112091410199	0.001303112091410199
844	 LLH-2	0.0013001133818477547	0.0013001133818477547
845	 LLH-4	0.0012989114717723612	0.0012989114717723612
847	 LLH-1	0.0012989367156087989	0.0012989367156087989
848	 LLH-1	0.0012989426269245392	0.0012989426269245392
849	 LLH-5	0.0012989426269245392	0.0012989426269245392
850	 LLH-6	0.001300845329757898	0.001300845329757898
851	 LLH-0	0.001299550890751236	0.001299550890751236
852	 LLH-1	0.001299550890751236	0.001299550890751236
853	 LLH-6	0.0012989764495713416	0.0012989764495713416
854	 LLH-1	0.0012989405891023816	0.0012989405891023816
855	 LLH-6	0.0012994671545082318	0.0012994671545082318
856	 LLH-6	0.0012992632323795485	0.0012992632323795485
857	 LLH-4	0.0012979722168033286	0.0012979722168033286
859	 LLH-5	0.0012979722168033286	0.0012979722168033286
860	 LLH-6	0.0012978319690364149	0.0012978319690364149
861	 LLH-1	0.0012978319690364149	0.0012978319690364149
862	 LLH-6	0.001297857997605832	0.001297857997605832
863	 LLH-5	0.0012977124258849438	0.0012977124258849438
864	 LLH-4	0.0012961368123240538	0.0012961368123240538
866	 LLH-5	0.001294589689021362	0.001294589689021362
867	 LLH-4	0.0012932498632043275	0.0012932498632043275
869	 LLH-0	0.0012920083487174714	0.0012920083487174714
870	 LLH-1	0.0012920083487174714	0.0012920083487174714
871	 LLH-6	0.0012935261623914654	0.0012935261623914654
872	 LLH-6	0.0012931071264922073	0.0012931071264922073
873	 LLH-1	0.0012931071264922073	0.0012931071264922073
874	 LLH-5	0.0012945958832560308	0.0012945958832560308
875	 LLH-5	0.0012931689567212412	0.0012931689567212412
876	 LLH-1	0.0012931906587476962	0.0012931906587476962
877	 LLH-6	0.0012949689332152651	0.0012949689332152651
878	 LLH-4	0.0012939630705575383	0.0012939630705575383
880	 LLH-5	0.0012930964533046025	0.0012930964533046025
881	 LLH-3	0.001388453116309998	0.001388453116309998
882	 LLH-0	0.0013860090306165795	0.0013860090306165795
883	 LLH-5	0.0013822893808948934	0.0013822893808948934
884	 LLH-6	0.0013827319131938273	0.0013827319131938273
885	 LLH-2	0.0013873773499774211	0.0013873773499774211
886	 LLH-1	0.0013873773499774211	0.0013873773499774211
887	 LLH-0	0.0013895946979878692	0.0013895946979878692
888	 LLH-0	0.0013917846848913549	0.0013917846848913549
889	 LLH-5	0.0013905534453823385	0.0013905534453823385
890	 LLH-4	0.0013619564010218927	0.0013619564010218927
892	 LLH-3	0.0015433882503591333	0.0013619564010218927
893	 LLH-2	0.0013635706467215619	0.0013635706467215619
894	 LLH-6	0.0013631944923863755	0.0013631944923863755
895	 LLH-5	0.0013626631160628697	0.0013626631160628697
896	 LLH-1	0.0013626631160628697	0.0013626631160628697
897	 LLH-4	0.0013604791337241797	0.0013604791337241797
899	 LLH-6	0.0013585617910025168	0.0013585617910025168
900	 LLH-6	0.0013609045019595306	0.0013609045019595306
901	 LLH-4	0.0013584509913777002	0.0013584509913777002
903	 LLH-1	0.0013584280031266071	0.0013584280031266071
904	 LLH-1	0.0013584576482384035	0.0013584576482384035
905	 LLH-4	0.0013563970883936141	0.0013563970883936141
909	 LLH-1	0.0013563970883936141	0.0013563970883936141
910	 LLH-2	0.0013417558954402615	0.0013417558954402615
911	 LLH-4	0.0013400729662515353	0.0013400729662515353
913	 LLH-4	0.0013384371415114356	0.0013384371415114356
916	 LLH-3	0.0014448698757248038	0.0014448698757248038
917	 LLH-3	0.0012907125071090263	0.0012907125071090263
918	 LLH-6	0.0012886723042701477	0.0012886723042701477
919	 LLH-5	0.0012891781197769138	0.0012891781197769138
920	 LLH-4	0.0012880823203679714	0.0012880823203679714
923	 LLH-1	0.0012880823203679714	0.0012880823203679714
924	 LLH-5	0.001287442278907012	0.001287442278907012
925	 LLH-5	0.001288894869780385	0.001288894869780385
926	 LLH-4	0.0012875663639594342	0.0012875663639594342
928	 LLH-3	0.0013720674727808672	0.0012875663639594342
929	 LLH-5	0.0012878032568481713	0.0012878032568481713
930	 LLH-3	0.0012617231796522824	0.0012617231796522824
931	 LLH-4	0.0012609175777008384	0.0012609175777008384
933	 LLH-3	0.0012486886723108858	0.0012486886723108858
934	 LLH-2	0.0012512616433756683	0.0012512616433756683
935	 LLH-5	0.0012514740553024159	0.0012514740553024159
936	 LLH-3	0.0012835411869495795	0.0012835411869495795
937	 LLH-2	0.0013027698763975575	0.0013027698763975575
938	 LLH-6	0.0013020950966599796	0.0013020950966599796
939	 LLH-4	0.001300841825888254	0.001300841825888254
944	 LLH-5	0.0013013070131874171	0.0013013070131874171
945	 LLH-1	0.0013013070131874171	0.0013013070131874171
946	 LLH-2	0.0012915221582709066	0.0012915221582709066
947	 LLH-3	0.0012757636324000593	0.0012757636324000593
948	 LLH-5	0.0012766571375075469	0.0012766571375075469
949	 LLH-2	0.0012713917743137646	0.0012713917743137646
950	 LLH-0	0.0012725777784520541	0.0012725777784520541
951	 LLH-2	0.0012817195947298836	0.0012817195947298836
952	 LLH-3	0.001373567436538417	0.001373567436538417
953	 LLH-3	0.0012796535340848221	0.0012796535340848221
954	 LLH-2	0.0012825541552736034	0.0012825541552736034
955	 LLH-0	0.0012838093099924392	0.0012838093099924392
956	 LLH-3	0.0012600471403044784	0.0012600471403044784
957	 LLH-5	0.001259751082900526	0.001259751082900526
958	 LLH-0	0.0012605747759224782	0.0012605747759224782
959	 LLH-3	0.0012619333493639603	0.0012619333493639603
960	 LLH-4	0.0012459219749521762	0.0012459219749521762
962	 LLH-4	0.0012459219749521762	0.0012459219749521762
967	 LLH-6	0.001245750408156435	0.001245750408156435
968	 LLH-2	0.001249438716334524	0.001249438716334524
969	 LLH-1	0.001249438716334524	0.001249438716334524
970	 LLH-1	0.0012491820553617707	0.0012491820553617707
971	 LLH-1	0.0012491820553617707	0.0012491820553617707
972	 LLH-5	0.0012502567885814525	0.0012502567885814525
973	 LLH-5	0.001250399007034021	0.001250399007034021
974	 LLH-4	0.001250399007034021	0.001250399007034021
979	 LLH-2	0.0012599394975431179	0.0012599394975431179
980	 LLH-6	0.0012599288621925027	0.0012599288621925027
981	 LLH-6	0.0012607112338223242	0.0012607112338223242
982	 LLH-0	0.0012598745587376848	0.0012598745587376848
983	 LLH-4	0.0012590059576689818	0.0012590059576689818
985	 LLH-5	0.001258697298712783	0.001258697298712783
986	 LLH-5	0.0012579244456630222	0.0012579244456630222
987	 LLH-4	0.001257197719047735	0.001257197719047735
990	 LLH-3	0.0013303407992502209	0.0013303407992502209
991	 LLH-1	0.0013303407992502209	0.0013303407992502209
992	 LLH-0	0.001306646619138786	0.001306646619138786
993	 LLH-3	0.001428319995401489	0.001428319995401489
994	 LLH-4	0.0014253411356391994	0.0014253411356391994
998	 LLH-3	0.0012922537728108632	0.0012922537728108632
999	 LLH-0	0.0012909491214238285	0.0012909491214238285
1000	 LLH-1	0.0012909491214238285	0.0012909491214238285
1001	 LLH-6	0.0012908134768604182	0.0012908134768604182
1002	 LLH-3	0.001387748120859024	0.001387748120859024
1003	 LLH-3	0.00153301311993621	0.00153301311993621
1004	 LLH-0	0.0015282382703253412	0.0015282382703253412
1005	 LLH-4	0.0015235751643187874	0.0015235751643187874
1007	 LLH-5	0.0015241844875916134	0.0015241844875916134
1008	 LLH-3	0.0013181921387793445	0.0013181921387793445
1009	 LLH-3	0.001266181167730974	0.001266181167730974
1010	 LLH-5	0.0012662732967228987	0.0012662732967228987
1011	 LLH-6	0.0012664580997924096	0.0012664580997924096
1012	 LLH-0	0.0012654991332625828	0.0012654991332625828
1013	 LLH-1	0.0012654991332625828	0.0012654991332625828
1014	 LLH-3	0.0012589014251913543	0.0012589014251913543
1015	 LLH-6	0.00125741556289738	0.00125741556289738
1016	 LLH-0	0.0012580669197754487	0.0012580669197754487
1017	 LLH-6	0.0012584587936996417	0.0012584587936996417
1018	 LLH-1	0.0012591741239719202	0.0012591741239719202
1019	 LLH-1	0.0012591741239719202	0.0012591741239719202
1020	 LLH-4	0.0012591741239719202	0.0012591741239719202
1025	 LLH-6	0.0012584755748528884	0.0012584755748528884
1026	 LLH-4	0.0012577663726846312	0.0012577663726846312
1029	 LLH-1	0.0012577663726846312	0.0012577663726846312
1030	 LLH-4	0.0012571362847832099	0.0012571362847832099
1033	 LLH-1	0.0012571697483923822	0.0012571697483923822
1034	 LLH-5	0.0012574427931119603	0.0012574427931119603
1035	 LLH-5	0.001257470158995898	0.001257470158995898
1036	 LLH-2	0.0012650025255771622	0.0012650025255771622
1037	 LLH-6	0.0012648978275635885	0.0012648978275635885
1038	 LLH-0	0.0012656311526819547	0.0012656311526819547
1039	 LLH-2	0.001272843314054695	0.001272843314054695
1040	 LLH-0	0.0012739370027930585	0.0012739370027930585
1041	 LLH-6	0.0012751130991695042	0.0012751130991695042
1042	 LLH-2	0.0012830824228296	0.0012830824228296
1043	 LLH-3	0.00125191261187552	0.00125191261187552
1044	 LLH-6	0.0012502012037249358	0.0012502012037249358
1045	 LLH-1	0.0012502362769625625	0.0012502362769625625
1046	 LLH-1	0.0012505146614765717	0.0012505146614765717
1047	 LLH-2	0.0012604804473779615	0.0012604804473779615
1048	 LLH-3	0.001338006205115428	0.001338006205115428
1049	 LLH-6	0.00133923161594921	0.00133923161594921
1050	 LLH-2	0.0013281985551610992	0.0013281985551610992
1051	 LLH-2	0.0013280019999985428	0.0013280019999985428
1052	 LLH-3	0.001283425750644242	0.001283425750644242
1053	 LLH-1	0.001283425750644242	0.001283425750644242
1054	 LLH-5	0.0012835715546412835	0.0012835715546412835
1055	 LLH-4	0.001264469216875382	0.001264469216875382
1057	 LLH-2	0.0012895950872840035	0.0012895950872840035
1058	 LLH-5	0.001287746667548842	0.001287746667548842
1059	 LLH-3	0.0013602689520005125	0.0013602689520005125
1060	 LLH-3	0.0015012983796160186	0.0013602689520005125
1061	 LLH-2	0.0013362794652457214	0.0013362794652457214
1062	 LLH-3	0.0012689509102274295	0.0012689509102274295
1063	 LLH-5	0.0012685171251263997	0.0012685171251263997
1064	 LLH-4	0.0012675819497947978	0.0012675819497947978
1067	 LLH-2	0.0012816476244187987	0.0012816476244187987
1068	 LLH-3	0.0012603028997321766	0.0012603028997321766
1069	 LLH-3	0.0013127265729587778	0.0013127265729587778
1070	 LLH-1	0.0013127265729587778	0.0013127265729587778
1071	 LLH-2	0.0013251401722263849	0.0013251401722263849
1072	 LLH-5	0.001325269183729651	0.001325269183729651
1073	 LLH-6	0.001325723121049858	0.001325723121049858
1074	 LLH-4	0.0013242687800186445	0.0013242687800186445
1076	 LLH-2	0.0013095090664879741	0.0013095090664879741
1077	 LLH-4	0.0013081488259478699	0.0013081488259478699
1079	 LLH-5	0.0013081559950448018	0.0013081559950448018
1080	 LLH-3	0.0014397679664508028	0.0014397679664508028
1081	 LLH-0	0.0014371096701325434	0.0014371096701325434
1082	 LLH-3	0.0016062146987549757	0.0016062146987549757
1083	 LLH-0	0.0016007188815272827	0.0016007188815272827
1084	 LLH-5	0.001600987042171214	0.001600987042171214
1085	 LLH-4	0.0015954458288048178	0.0015954458288048178
1087	 LLH-0	0.001590318445979773	0.001590318445979773
1088	 LLH-0	0.001595883122255586	0.001595883122255586
1089	 LLH-0	0.0016015295236437386	0.0016015295236437386
1090	 LLH-3	0.001305958316152009	0.001305958316152009
1091	 LLH-2	0.0013176947091969563	0.0013176947091969563
1092	 LLH-1	0.0013178819268726077	0.0013178819268726077
1093	 LLH-5	0.0013166088523059289	0.0013166088523059289
1094	 LLH-3	0.0014413683255351554	0.0014413683255351554
1095	 LLH-2	0.001384346406028588	0.001384346406028588
1096	 LLH-0	0.001382221760274129	0.001382221760274129
1097	 LLH-4	0.0013801092019032606	0.0013801092019032606
1099	 LLH-4	0.0013774427796035451	0.0013774427796035451
1101	 LLH-3	0.0015145185434326078	0.0015145185434326078
1102	 LLH-2	0.0015015470892301575	0.0015015470892301575
1103	 LLH-1	0.0015015470892301575	0.0015015470892301575
1104	 LLH-6	0.0015022939747824189	0.0015022939747824189
1105	 LLH-0	0.0014982226754341593	0.0014982226754341593
1106	 LLH-4	0.0014939955274257473	0.0014939955274257473
1108	 LLH-2	0.0014215270209166002	0.0014215270209166002
1109	 LLH-3	0.0013019583540570443	0.0013019583540570443
1110	 LLH-0	0.001300077257238125	0.001300077257238125
1111	 LLH-3	0.001418445860302779	0.001418445860302779
1112	 LLH-2	0.0013848589908823832	0.0013848589908823832
1113	 LLH-1	0.0013848589908823832	0.0013848589908823832
1114	 LLH-6	0.00138424330102749	0.00138424330102749
1115	 LLH-4	0.00138424330102749	0.00138424330102749
1120	 LLH-1	0.0013839977050324787	0.0013839977050324787
1121	 LLH-5	0.0013839977050324787	0.0013839977050324787
1122	 LLH-1	0.0013839977050324787	0.0013839977050324787
1123	 LLH-5	0.0013845004624055295	0.0013845004624055295
1124	 LLH-0	0.0013821582990045042	0.0013821582990045042
1125	 LLH-5	0.0013826951913406085	0.0013826951913406085
1126	 LLH-6	0.001380239757024974	0.001380239757024974
1127	 LLH-0	0.0013827655245199776	0.0013827655245199776
1128	 LLH-4	0.001380656385606153	0.001380656385606153
1130	 LLH-4	0.001377764355691415	0.001377764355691415
1133	 LLH-0	0.0013755238921608444	0.0013755238921608444
1134	 LLH-6	0.0013752586742439247	0.0013752586742439247
1135	 LLH-0	0.0013727048709222575	0.0013727048709222575
1136	 LLH-4	0.0013727048709222575	0.0013727048709222575
1141	 LLH-5	0.0013712865073402332	0.0013712865073402332
1142	 LLH-4	0.0013689532939488924	0.0013689532939488924
1144	 LLH-5	0.0013684806758913167	0.0013684806758913167
1145	 LLH-6	0.001370755055022757	0.001370755055022757
1146	 LLH-6	0.001370860269831005	0.001370860269831005
1147	 LLH-0	0.0013687886296575786	0.0013687886296575786
1148	 LLH-2	0.0013562673174582957	0.0013562673174582957
1149	 LLH-5	0.001354968080248051	0.001354968080248051
1150	 LLH-3	0.0014859375029491414	0.0014859375029491414
1151	 LLH-2	0.0014068570991214177	0.0014068570991214177
1152	 LLH-3	0.001575219201751511	0.001575219201751511
1153	 LLH-6	0.0015763520095402558	0.0015763520095402558
1154	 LLH-2	0.0014827331352581228	0.0014827331352581228
1155	 LLH-6	0.001482118080823973	0.001482118080823973
1156	 LLH-5	0.0014819476281488831	0.0014819476281488831
1157	 LLH-0	0.0014783499054514728	0.0014783499054514728
1158	 LLH-3	0.0013121836954934946	0.0013121836954934946
1159	 LLH-6	0.001311876046195573	0.001311876046195573
1160	 LLH-2	0.0013066708276337732	0.0013066708276337732
1161	 LLH-0	0.0013080318982455533	0.0013080318982455533
1162	 LLH-1	0.0013080318982455533	0.0013080318982455533
1163	 LLH-2	0.0013111729830372525	0.0013111729830372525
1164	 LLH-3	0.0012689534020175466	0.0012689534020175466
1165	 LLH-4	0.0012680019269813716	0.0012680019269813716
1167	 LLH-3	0.001311342379005172	0.001311342379005172
1168	 LLH-5	0.0013113686811089369	0.0013113686811089369
1169	 LLH-5	0.0013096925509794872	0.0013096925509794872
1170	 LLH-2	0.001319651679539752	0.001319651679539752
1171	 LLH-5	0.001320128579503171	0.001320128579503171
1172	 LLH-5	0.0013206562143939526	0.0013206562143939526
1173	 LLH-0	0.0013224336889641603	0.0013224336889641603
1174	 LLH-6	0.0013236175653059176	0.0013236175653059176
1175	 LLH-1	0.0013237374669672103	0.0013237374669672103
1176	 LLH-0	0.0013253178619175526	0.0013253178619175526
1177	 LLH-2	0.0013196452098782965	0.0013196452098782965
1178	 LLH-0	0.0013209387771370693	0.0013209387771370693
1179	 LLH-4	0.001318868209627625	0.001318868209627625
1183	 LLH-3	0.001418024263766959	0.001418024263766959
1184	 LLH-4	0.001414796660411573	0.001414796660411573
1186	 LLH-2	0.0013832473041196626	0.0013832473041196626
1187	 LLH-5	0.0013828082301202843	0.0013828082301202843
1188	 LLH-1	0.0013828082301202843	0.0013828082301202843
1189	 LLH-3	0.00129463437403494	0.00129463437403494
1190	 LLH-0	0.0012933836657265069	0.0012933836657265069
1191	 LLH-5	0.0012934354005202252	0.0012934354005202252
1192	 LLH-2	0.001296703955632706	0.001296703955632706
1193	 LLH-5	0.0012971829554951685	0.0012971829554951685
1194	 LLH-6	0.0012979043003240286	0.0012979043003240286
1195	 LLH-0	0.0012991167216573419	0.0012991167216573419
1196	 LLH-2	0.0013101555723188524	0.0013101555723188524
1197	 LLH-6	0.0013110271952096637	0.0013110271952096637
1198	 LLH-5	0.0013096897779487074	0.0013096897779487074
1199	 LLH-5	0.001310286100770055	0.001310286100770055
1200	 LLH-0	0.0013087628964351906	0.0013087628964351906
1201	 LLH-3	0.0012723448863792338	0.0012723448863792338
1202	 LLH-4	0.0012713915293445957	0.0012713915293445957
1205	 LLH-6	0.0012701784172239555	0.0012701784172239555
1206	 LLH-1	0.0012702323997135188	0.0012702323997135188
1207	 LLH-4	0.0012694525201690497	0.0012694525201690497
1209	 LLH-2	0.0012672933909527217	0.0012672933909527217
1210	 LLH-2	0.0012857752839235078	0.0012857752839235078
1211	 LLH-1	0.0012857752839235078	0.0012857752839235078
1212	 LLH-3	0.0013436710826162355	0.0013436710826162355
1213	 LLH-3	0.0012716128216132478	0.0012716128216132478
1214	 LLH-3	0.001259104673392668	0.001259104673392668
1215	 LLH-4	0.0012583711932847234	0.0012583711932847234
1219	 LLH-4	0.001257641361537438	0.001257641361537438
1222	 LLH-0	0.001258476297246419	0.001258476297246419
1223	 LLH-3	0.0013174611187020333	0.0013174611187020333
1224	 LLH-5	0.00131744972758167	0.00131744972758167
1225	 LLH-3	0.0014120871358220964	0.0014120871358220964
1226	 LLH-5	0.0014127514080413705	0.0014127514080413705
1227	 LLH-0	0.001409613949030134	0.001409613949030134
1228	 LLH-0	0.0014124186680652372	0.0014124186680652372
1229	 LLH-1	0.0014124186680652372	0.0014124186680652372
1230	 LLH-0	0.001410017567711062	0.001410017567711062
1231	 LLH-0	0.0014422836193787143	0.0014422836193787143
1232	 LLH-0	0.0014396388008161595	0.0014396388008161595
1233	 LLH-6	0.0014398352185728477	0.0014398352185728477
1234	 LLH-5	0.00143931700450172	0.00143931700450172
1235	 LLH-6	0.0014423591901280763	0.0014423591901280763
1236	 LLH-6	0.0014418559063843755	0.0014418559063843755
1237	 LLH-2	0.001370723056925371	0.001370723056925371
1238	 LLH-1	0.001370723056925371	0.001370723056925371
1239	 LLH-1	0.0013708135463591509	0.0013708135463591509
1240	 LLH-1	0.0013708135463591509	0.0013708135463591509
1241	 LLH-6	0.0013701745174061258	0.0013701745174061258
1242	 LLH-1	0.0013701745174061258	0.0013701745174061258
1243	 LLH-5	0.0013700515257707507	0.0013700515257707507
1244	 LLH-5	0.0013710751523335696	0.0013710751523335696
1245	 LLH-1	0.0013715235389745325	0.0013715235389745325
1246	 LLH-5	0.001371294458922063	0.001371294458922063
1247	 LLH-6	0.0013739264222681715	0.0013739264222681715
1248	 LLH-6	0.0013744323588793504	0.0013744323588793504
1249	 LLH-6	0.0013730465658624402	0.0013730465658624402
1250	 LLH-2	0.0013854849272321055	0.0013854849272321055
1251	 LLH-5	0.0013853993778117617	0.0013853993778117617
1252	 LLH-5	0.0013839251810043927	0.0013839251810043927
1253	 LLH-5	0.001383951841838182	0.001383951841838182
1254	 LLH-5	0.0013855303575836414	0.0013855303575836414
1255	 LLH-3	0.0012847802650703102	0.0012847802650703102
1256	 LLH-4	0.001283366053250506	0.001283366053250506
1259	 LLH-1	0.001283366053250506	0.001283366053250506
1260	 LLH-5	0.001284725592218022	0.001284725592218022
1261	 LLH-1	0.0012847518854741651	0.0012847518854741651
1262	 LLH-4	0.0012837086696289312	0.0012837086696289312
1265	 LLH-5	0.0012821113966733236	0.0012821113966733236
1266	 LLH-0	0.0012807422254993914	0.0012807422254993914
1267	 LLH-6	0.0012815087505789803	0.0012815087505789803
1268	 LLH-3	0.0013628649657884467	0.0013628649657884467
1269	 LLH-2	0.0013861324803124877	0.0013861324803124877
1270	 LLH-5	0.001385735021066625	0.001385735021066625
1271	 LLH-4	0.0013836072547004396	0.0013836072547004396
1276	 LLH-1	0.0013836072547004396	0.0013836072547004396
1277	 LLH-2	0.001352587431031695	0.001352587431031695
1278	 LLH-3	0.0012880163583769443	0.0012880163583769443
1279	 LLH-1	0.0012880990920368543	0.0012880990920368543
1280	 LLH-4	0.0012867304729322537	0.0012867304729322537
1282	 LLH-4	0.0012859056842562681	0.0012859056842562681
1285	 LLH-4	0.0012847154062372748	0.0012847154062372748
1290	 LLH-6	0.0012859728348310969	0.0012859728348310969
1291	 LLH-2	0.0012859372742642715	0.0012859372742642715
1292	 LLH-0	0.001284700892588444	0.001284700892588444
1293	 LLH-4	0.0012836600701153767	0.0012836600701153767
1295	 LLH-4	0.001282516746026308	0.001282516746026308
1298	 LLH-5	0.001282983951205601	0.001282983951205601
1299	 LLH-1	0.0012832191234952244	0.0012832191234952244
1300	 LLH-0	0.001284222617174185	0.001284222617174185
1301	 LLH-6	0.0012837440994622033	0.0012837440994622033
1302	 LLH-1	0.0012837440994622033	0.0012837440994622033
1303	 LLH-5	0.001284004705096199	0.001284004705096199
1304	 LLH-4	0.0012828828252419927	0.0012828828252419927
1306	 LLH-4	0.001281860515540652	0.001281860515540652
1310	 LLH-2	0.0012955275119599522	0.0012955275119599522
1311	 LLH-2	0.0013076549694658937	0.0013076549694658937
1312	 LLH-5	0.0013065830048305735	0.0013065830048305735
1313	 LLH-5	0.0013073017033249533	0.0013073017033249533
1314	 LLH-5	0.001307682754261495	0.001307682754261495
1315	 LLH-2	0.0012886394228062605	0.0012886394228062605
1316	 LLH-2	0.0013057342539784494	0.0013057342539784494
1317	 LLH-0	0.0012837746309481476	0.0012837746309481476
1318	 LLH-2	0.0013067378525049905	0.0013067378525049905
1319	 LLH-0	0.0012846638264302473	0.0012846638264302473
1320	 LLH-6	0.0012843630134476685	0.0012843630134476685
1321	 LLH-4	0.0012843630134476685	0.0012843630134476685
1326	 LLH-3	0.0013831999966922917	0.0013831999966922917
1327	 LLH-3	0.001295747153281121	0.001295747153281121
1328	 LLH-0	0.0012970074741842177	0.0012970074741842177
1329	 LLH-3	0.00126177564971078	0.00126177564971078
1330	 LLH-0	0.0012610985230751823	0.0012610985230751823
1331	 LLH-6	0.0012606256384729028	0.0012606256384729028
1332	 LLH-2	0.0012727455276763432	0.0012727455276763432
1333	 LLH-6	0.001272865939620837	0.001272865939620837
1334	 LLH-4	0.0012718333847584267	0.0012718333847584267
1339	 LLH-6	0.0012718744999491922	0.0012718744999491922
1340	 LLH-5	0.0012721592315774533	0.0012721592315774533
1341	 LLH-5	0.0012713783109449314	0.0012713783109449314
1342	 LLH-3	0.0012634174117593837	0.0012634174117593837
1343	 LLH-2	0.0012628962542546819	0.0012628962542546819
1344	 LLH-5	0.001263811366908758	0.001263811366908758
1345	 LLH-1	0.001263811366908758	0.001263811366908758
1346	 LLH-5	0.0012629071878050258	0.0012629071878050258
1347	 LLH-3	0.0012521725670779724	0.0012521725670779724
1348	 LLH-3	0.0012462646888451983	0.0012462646888451983
1349	 LLH-6	0.0012471052626359033	0.0012471052626359033
1350	 LLH-5	0.0012474705747691898	0.0012474705747691898
1351	 LLH-0	0.0012479649409760788	0.0012479649409760788
1352	 LLH-4	0.0012479649409760788	0.0012479649409760788
1357	 LLH-2	0.0012618299054646261	0.0012618299054646261
1358	 LLH-6	0.0012609607777055501	0.0012609607777055501
1359	 LLH-5	0.0012615224677415891	0.0012615224677415891
1360	 LLH-4	0.0012615224677415891	0.0012615224677415891
1365	 LLH-5	0.0012619618618512141	0.0012619618618512141
1366	 LLH-1	0.0012621387543684647	0.0012621387543684647
1367	 LLH-5	0.0012607631555044908	0.0012607631555044908
1368	 LLH-0	0.0012614148788065974	0.0012614148788065974
1369	 LLH-6	0.001261832284325865	0.001261832284325865
1370	 LLH-1	0.001261832284325865	0.001261832284325865
1371	 LLH-2	0.001266205385196486	0.001266205385196486
1372	 LLH-4	0.0012652707422765954	0.0012652707422765954
1374	 LLH-6	0.001264526688039969	0.001264526688039969
1375	 LLH-6	0.0012640057306349203	0.0012640057306349203
1376	 LLH-0	0.0012647362716360676	0.0012647362716360676
1377	 LLH-2	0.00127075185665128	0.00127075185665128
1378	 LLH-6	0.0012702376776092957	0.0012702376776092957
1379	 LLH-2	0.0012759120627496305	0.0012759120627496305
1380	 LLH-3	0.0013577861040673807	0.0013577861040673807
1381	 LLH-0	0.0013315255610832743	0.0013315255610832743
1382	 LLH-4	0.0013315255610832743	0.0013315255610832743
1387	 LLH-6	0.0013313978563301468	0.0013313978563301468
1388	 LLH-1	0.0013313978563301468	0.0013313978563301468
1389	 LLH-5	0.0013322943858438286	0.0013322943858438286
1390	 LLH-5	0.0013323397505025222	0.0013323397505025222
1391	 LLH-6	0.001331346931300763	0.001331346931300763
1392	 LLH-1	0.0013307330680205026	0.0013307330680205026
1393	 LLH-0	0.0013567238826014036	0.0013567238826014036
1394	 LLH-3	0.0014692166080747613	0.0014692166080747613
1395	 LLH-4	0.0014653960340960917	0.0014653960340960917
1397	 LLH-4	0.001461800007752377	0.001461800007752377
1399	 LLH-6	0.001462436231430554	0.001462436231430554
1400	 LLH-3	0.0016194412190323033	0.0016194412190323033
1401	 LLH-4	0.0016134585927876125	0.0016134585927876125
1403	 LLH-0	0.0016078337057937292	0.0016078337057937292
1404	 LLH-5	0.001608312358350776	0.001608312358350776
1405	 LLH-6	0.0016060036264436564	0.0016060036264436564
1406	 LLH-5	0.0016045559907467118	0.0016045559907467118
1407	 LLH-0	0.0016108508714321318	0.0016108508714321318
1408	 LLH-2	0.001482153047099383	0.001482153047099383
1409	 LLH-6	0.0014839955830344685	0.001482153047099383
1410	 LLH-4	0.0014780906647597568	0.0014780906647597568
1412	 LLH-5	0.0014779868224522677	0.0014779868224522677
1413	 LLH-3	0.0017552460208903472	0.0017552460208903472
1414	 LLH-1	0.0017552460208903472	0.0017552460208903472
1415	 LLH-5	0.0017547252268321275	0.0017547252268321275
1416	 LLH-5	0.001755394979217206	0.001755394979217206
1417	 LLH-4	0.0017473144927359937	0.0017473144927359937
1419	 LLH-4	0.0017395097247995782	0.0017395097247995782
1422	 LLH-0	0.0017316090432530832	0.0017316090432530832
1423	 LLH-0	0.0017390112530843017	0.0017390112530843017
1424	 LLH-6	0.0017375561515831127	0.0017375561515831127
1425	 LLH-6	0.0017392599529345975	0.0017392599529345975
1426	 LLH-2	0.0015689933266257476	0.0015689933266257476
1427	 LLH-1	0.0015689933266257476	0.0015689933266257476
1428	 LLH-0	0.0015744217430753182	0.0015744217430753182
1429	 LLH-6	0.0015736729838477406	0.0015736729838477406
1430	 LLH-1	0.001573286705538891	0.001573286705538891
1431	 LLH-1	0.001573216815022145	0.001573216815022145
1432	 LLH-5	0.001570442280346739	0.001570442280346739
1433	 LLH-2	0.0015009465592520125	0.0015009465592520125
1434	 LLH-2	0.0014333301518877476	0.0014333301518877476
1435	 LLH-4	0.0014299964468351368	0.0014299964468351368
1437	 LLH-5	0.0014295055033145682	0.0014295055033145682
1438	 LLH-3	0.0013094796504110628	0.0013094796504110628
1439	 LLH-0	0.0012873860683893295	0.0012873860683893295
1440	 LLH-2	0.0012976902621282943	0.0012976902621282943
1441	 LLH-0	0.0012992108848947845	0.0012992108848947845
1442	 LLH-4	0.0012975376418940085	0.0012975376418940085
1445	 LLH-0	0.0012962695745855901	0.0012962695745855901
1446	 LLH-2	0.0013094303832165046	0.0013094303832165046
1447	 LLH-0	0.0013106521851094985	0.0013106521851094985
1448	 LLH-4	0.0012889149501738566	0.0012889149501738566
1450	 LLH-3	0.0013876810001419591	0.0013876810001419591
1451	 LLH-1	0.0013876810001419591	0.0013876810001419591
1452	 LLH-3	0.0015538136541596343	0.0015538136541596343
1453	 LLH-5	0.001553505240045533	0.001553505240045533
1454	 LLH-5	0.0015541751002638167	0.0015541751002638167
1455	 LLH-2	0.0015003329176935753	0.0015003329176935753
1456	 LLH-0	0.001504536007759461	0.001504536007759461
1457	 LLH-6	0.0015039614719150646	0.0015039614719150646
1458	 LLH-3	0.0013113280718523672	0.0013113280718523672
1459	 LLH-3	0.0012735696166404807	0.0012735696166404807
1460	 LLH-3	0.001349227568339382	0.001349227568339382
1461	 LLH-6	0.001349840854877627	0.001349840854877627
1462	 LLH-6	0.001350206333318738	0.001350206333318738
1463	 LLH-6	0.0013513991097597081	0.0013513991097597081
1464	 LLH-2	0.0013596374908998667	0.0013596374908998667
1465	 LLH-5	0.001356596997009088	0.001356596997009088
1466	 LLH-3	0.0014766253129279766	0.0014766253129279766
1467	 LLH-4	0.0014730047165733456	0.0014730047165733456
1470	 LLH-0	0.0015094053778721946	0.0014730047165733456
1471	 LLH-0	0.001477120417381825	0.001477120417381825
1472	 LLH-1	0.001477120417381825	0.001477120417381825
1473	 LLH-5	0.0014776807297346008	0.0014776807297346008
1474	 LLH-4	0.0014735816981630576	0.0014735816981630576
1477	 LLH-6	0.0014723641487634207	0.0014723641487634207
1478	 LLH-1	0.0014723641487634207	0.0014723641487634207
1479	 LLH-2	0.0014354583294466624	0.0014354583294466624
1480	 LLH-0	0.0014326084968116647	0.0014326084968116647
1481	 LLH-1	0.0014330304742407288	0.0014330304742407288
1482	 LLH-6	0.001434363666666564	0.001434363666666564
1483	 LLH-6	0.0014335900199754642	0.0014335900199754642
1484	 LLH-3	0.0016293426157105292	0.0014335900199754642
1485	 LLH-0	0.0014303558760881858	0.0014303558760881858
1486	 LLH-4	0.0014272591961900342	0.0014272591961900342
1488	 LLH-3	0.0013026146662944702	0.0013026146662944702
1489	 LLH-2	0.0013013315676604301	0.0013013315676604301
1490	 LLH-4	0.0013000930047598767	0.0013000930047598767
1492	 LLH-1	0.0013000930047598767	0.0013000930047598767
1493	 LLH-6	0.001299813718593214	0.001299813718593214
1494	 LLH-5	0.0012995865371751803	0.0012995865371751803
1495	 LLH-5	0.0012992095915966215	0.0012992095915966215
1496	 LLH-0	0.001301036739340618	0.001301036739340618
1497	 LLH-6	0.0013017538595980907	0.0013017538595980907
1498	 LLH-2	0.0013036110486333453	0.0013036110486333453
1499	 LLH-5	0.001303734114383425	0.001303734114383425
1500	 LLH-3	0.0013964324816083847	0.001303734114383425
1501	 LLH-0	0.0013022040727678626	0.0013022040727678626
1502	 LLH-4	0.001300733390999254	0.001300733390999254
1504	 LLH-6	0.0012995767356499223	0.0012995767356499223
1505	 LLH-5	0.0012996730011130965	0.0012996730011130965
1506	 LLH-3	0.001262031473739544	0.001262031473739544
1507	 LLH-3	0.0012539887876470614	0.0012539887876470614
1508	 LLH-3	0.0012439024998166233	0.0012439024998166233
1509	 LLH-3	0.0012801712073191355	0.0012801712073191355
1510	 LLH-4	0.0012789242180965845	0.0012789242180965845
1512	 LLH-0	0.0012800790227489296	0.0012800790227489296
1513	 LLH-0	0.0012790225637903977	0.0012790225637903977
1514	 LLH-6	0.0012795736335084356	0.0012795736335084356
1515	 LLH-3	0.0012654503873803999	0.0012654503873803999
1516	 LLH-0	0.0012645830978698677	0.0012645830978698677
1517	 LLH-0	0.0012654450518428456	0.0012654450518428456
1518	 LLH-5	0.0012654290831686497	0.0012654290831686497
1519	 LLH-1	0.0012655485242538457	0.0012655485242538457
1520	 LLH-6	0.0012649644900574611	0.0012649644900574611
1521	 LLH-2	0.001262537291888488	0.001262537291888488
1522	 LLH-1	0.001262537291888488	0.001262537291888488
1523	 LLH-5	0.0012628185882898185	0.0012628185882898185
1524	 LLH-3	0.001340011065731876	0.001340011065731876
1525	 LLH-4	0.0013382225263726352	0.0013382225263726352
1527	 LLH-0	0.0013366754977967297	0.0013366754977967297
1528	 LLH-2	0.0013321726850254077	0.0013321726850254077
1529	 LLH-4	0.0013307393934911993	0.0013307393934911993
1531	 LLH-6	0.0013322608387344218	0.0013322608387344218
1532	 LLH-0	0.0013306577994043473	0.0013306577994043473
1533	 LLH-0	0.0013326186087131199	0.0013326186087131199
1534	 LLH-4	0.0013304629461010392	0.0013304629461010392
1537	 LLH-1	0.0013304629461010392	0.0013304629461010392
1538	 LLH-2	0.0013087345633072394	0.0013087345633072394
1539	 LLH-3	0.0012704152691524243	0.0012704152691524243
1540	 LLH-0	0.0012717326522572478	0.0012717326522572478
1541	 LLH-6	0.0012711228603672347	0.0012711228603672347
1542	 LLH-0	0.0012722724321981174	0.0012722724321981174
1543	 LLH-0	0.0012732458809051879	0.0012732458809051879
1544	 LLH-3	0.0013578067429345308	0.0012732458809051879
1545	 LLH-5	0.0012735167394733735	0.0012735167394733735
1546	 LLH-0	0.0012747621496521852	0.0012747621496521852
1547	 LLH-2	0.0012921629834195692	0.0012921629834195692
1548	 LLH-5	0.00129135236577918	0.00129135236577918
1549	 LLH-6	0.001288966402809975	0.001288966402809975
1550	 LLH-4	0.001288966402809975	0.001288966402809975
1555	 LLH-3	0.0012571318987888483	0.0012571318987888483
1556	 LLH-2	0.0012727232650236236	0.0012727232650236236
1557	 LLH-3	0.0013422084903130672	0.0013422084903130672
1558	 LLH-4	0.0013407072892542985	0.0013407072892542985
1560	 LLH-6	0.001339370077846038	0.001339370077846038
1561	 LLH-2	0.0013307297664208657	0.0013307297664208657
1562	 LLH-5	0.0013322652125444226	0.0013322652125444226
1563	 LLH-5	0.0013321524425232438	0.0013321524425232438
1564	 LLH-0	0.0013336463519597731	0.0013336463519597731
1565	 LLH-6	0.001332428857467567	0.001332428857467567
1566	 LLH-2	0.0013028617371239368	0.0013028617371239368
1567	 LLH-4	0.0013013533072071854	0.0013013533072071854
1570	 LLH-0	0.0013027390353294943	0.0013027390353294943
1571	 LLH-2	0.0013080019458322246	0.0013080019458322246
1572	 LLH-0	0.001306522712267503	0.001306522712267503
1573	 LLH-2	0.0013232693194377909	0.0013232693194377909
1574	 LLH-1	0.0013230851580011463	0.0013230851580011463
1575	 LLH-5	0.00132316881458349	0.00132316881458349
1576	 LLH-3	0.0014110352228560476	0.00132316881458349
1577	 LLH-2	0.0013187082980226977	0.0013187082980226977
1578	 LLH-4	0.0013167409314783988	0.0013167409314783988
1582	 LLH-1	0.0013167409314783988	0.0013167409314783988
1583	 LLH-4	0.0013151403825455914	0.0013151403825455914
1586	 LLH-2	0.0013179686727903027	0.0013179686727903027
1587	 LLH-0	0.00131657472325423	0.00131657472325423
1588	 LLH-4	0.0013150608394815405	0.0013150608394815405
1593	 LLH-4	0.0013136792003150938	0.0013136792003150938
1595	 LLH-5	0.0013117157779811543	0.0013117157779811543
1596	 LLH-2	0.001307865662899521	0.001307865662899521
1597	 LLH-6	0.0013096783345283216	0.0013096783345283216
1598	 LLH-5	0.0013093604928439613	0.0013093604928439613
1599	 LLH-3	0.00126607146906783	0.00126607146906783
1600	 LLH-6	0.0012657613197920262	0.0012657613197920262
1601	 LLH-4	0.0012657613197920262	0.0012657613197920262
1606	 LLH-6	0.001265274060663384	0.001265274060663384
1607	 LLH-4	0.0012643413556012292	0.0012643413556012292
1609	 LLH-6	0.0012654886458789815	0.0012654886458789815
1610	 LLH-3	0.0013366434708538663	0.0012654886458789815
1611	 LLH-3	0.0013071729456927232	0.0013071729456927232
1612	 LLH-4	0.0013056585278962383	0.0013056585278962383
1616	 LLH-4	0.001304114389942578	0.001304114389942578
1618	 LLH-4	0.001304114389942578	0.001304114389942578
1623	 LLH-0	0.0013059371532216095	0.0013059371532216095
1624	 LLH-0	0.0013045597279442663	0.0013045597279442663
1625	 LLH-6	0.0013025434641449458	0.0013025434641449458
1626	 LLH-3	0.0014348499066429792	0.0013025434641449458
1627	 LLH-3	0.0012613251876414855	0.0012613251876414855
1628	 LLH-4	0.0012613251876414855	0.0012613251876414855
1633	 LLH-5	0.0012608906858640086	0.0012608906858640086
1634	 LLH-0	0.0012802160767518224	0.0012802160767518224
1635	 LLH-0	0.0012792551104637841	0.0012792551104637841
1636	 LLH-3	0.0013362440865845645	0.0013362440865845645
1637	 LLH-5	0.001336316823532825	0.001336316823532825
1638	 LLH-4	0.0013347638636608567	0.0013347638636608567
1643	 LLH-4	0.0013332503238660024	0.0013332503238660024
1645	 LLH-4	0.0013316381625192789	0.0013316381625192789
1647	 LLH-3	0.001433683112021324	0.001433683112021324
1648	 LLH-4	0.0014312550052792707	0.0014312550052792707
1652	 LLH-3	0.0015673405129581638	0.0015673405129581638
1653	 LLH-5	0.0015679311821033548	0.0015679311821033548
1654	 LLH-1	0.0015679311821033548	0.0015679311821033548
1655	 LLH-2	0.0015120013642361614	0.0015120013642361614
1656	 LLH-6	0.0015088066947772606	0.0015088066947772606
1657	 LLH-6	0.0015071543945319892	0.0015071543945319892
1658	 LLH-4	0.001502771083898426	0.001502771083898426
1660	 LLH-3	0.0016611425790608928	0.0016611425790608928
1661	 LLH-0	0.0016681564827024245	0.0016681564827024245
1662	 LLH-6	0.0016698012473509247	0.0016698012473509247
1663	 LLH-5	0.001669626801462301	0.001669626801462301
1664	 LLH-5	0.001669626801462301	0.001669626801462301
1665	 LLH-6	0.0016680880987301721	0.0016680880987301721
1666	 LLH-2	0.0015431993493129357	0.0015431993493129357
1667	 LLH-2	0.0014368154350507733	0.0014368154350507733
1668	 LLH-1	0.0014368154350507733	0.0014368154350507733
1669	 LLH-2	0.0014108232587754866	0.0014108232587754866
1670	 LLH-2	0.0013672092767233776	0.0013672092767233776
1671	 LLH-3	0.001279087719178379	0.001279087719178379
1672	 LLH-4	0.0012777205623176599	0.0012777205623176599
1674	 LLH-4	0.0012763129816061097	0.0012763129816061097
1676	 LLH-4	0.0012753024689290933	0.0012753024689290933
1681	 LLH-6	0.0012769630190248235	0.0012769630190248235
1682	 LLH-5	0.0012766763398501663	0.0012766763398501663
1683	 LLH-5	0.0012761047867192303	0.0012761047867192303
1684	 LLH-5	0.0012782976638327176	0.0012782976638327176
1685	 LLH-3	0.0012612042272214451	0.0012612042272214451
1686	 LLH-1	0.0012611569853867867	0.0012611569853867867
1687	 LLH-3	0.0012533473905004448	0.0012533473905004448
1688	 LLH-6	0.0012524714094847647	0.0012524714094847647
1689	 LLH-3	0.001258334762658434	0.001258334762658434
1690	 LLH-4	0.0012578682098934658	0.0012578682098934658
1692	 LLH-6	0.0012575636680865357	0.0012575636680865357
1693	 LLH-0	0.0012583718266361253	0.0012583718266361253
1694	 LLH-0	0.0012578604649791081	0.0012578604649791081
1695	 LLH-0	0.0012571943494721933	0.0012571943494721933
1696	 LLH-5	0.0012568461738474872	0.0012568461738474872
1697	 LLH-1	0.0012567104178601075	0.0012567104178601075
1698	 LLH-1	0.0012567104178601075	0.0012567104178601075
1699	 LLH-4	0.0012567104178601075	0.0012567104178601075
1704	 LLH-6	0.0012572521980753928	0.0012572521980753928
1705	 LLH-6	0.0012566866213995027	0.0012566866213995027
1706	 LLH-1	0.0012565139967163632	0.0012565139967163632
1707	 LLH-3	0.001279552519897757	0.001279552519897757
1708	 LLH-2	0.0012982074861808272	0.0012982074861808272
1709	 LLH-3	0.0012687281160410947	0.0012687281160410947
1710	 LLH-4	0.0012680689861808347	0.0012680689861808347
1712	 LLH-3	0.00124802332170701	0.00124802332170701
1713	 LLH-4	0.00124802332170701	0.00124802332170701
1718	 LLH-4	0.00124802332170701	0.00124802332170701
1723	 LLH-6	0.0012476472177602586	0.0012476472177602586
1724	 LLH-1	0.001247366239034129	0.001247366239034129
1725	 LLH-5	0.0012476613657682295	0.0012476613657682295
1726	 LLH-2	0.0012579701140685226	0.0012579701140685226
1727	 LLH-1	0.0012579701140685226	0.0012579701140685226
1728	 LLH-5	0.00125804775614515	0.00125804775614515
1729	 LLH-5	0.0012578381964507808	0.0012578381964507808
1730	 LLH-6	0.0012569965528600384	0.0012569965528600384
1731	 LLH-1	0.0012569264165191055	0.0012569264165191055
1732	 LLH-4	0.0012569264165191055	0.0012569264165191055
1737	 LLH-0	0.0012577751083859177	0.0012577751083859177
1738	 LLH-0	0.0012568100192661613	0.0012568100192661613
1739	 LLH-4	0.0012568100192661613	0.0012568100192661613
1744	 LLH-4	0.0012561188361907489	0.0012561188361907489
1746	 LLH-3	0.001260536484364938	0.001260536484364938
1747	 LLH-4	0.001259630330791081	0.001259630330791081
1752	 LLH-2	0.001265475988675276	0.001265475988675276
1753	 LLH-1	0.001265475988675276	0.001265475988675276
1754	 LLH-3	0.0012952409720772798	0.0012952409720772798
1755	 LLH-1	0.0012952409720772798	0.0012952409720772798
1756	 LLH-6	0.0012947882720659924	0.0012947882720659924
1757	 LLH-2	0.0013088208234543876	0.0013088208234543876
1758	 LLH-6	0.001307794215273318	0.001307794215273318
1759	 LLH-3	0.0012724836176103882	0.0012724836176103882
1760	 LLH-3	0.0013388810095408558	0.0013388810095408558
1761	 LLH-2	0.0013386653809218897	0.0013386653809218897
1762	 LLH-4	0.0013369039276701531	0.0013369039276701531
1764	 LLH-0	0.001335053438681518	0.001335053438681518
1765	 LLH-6	0.0013357671979849365	0.0013357671979849365
1766	 LLH-2	0.001332883169185891	0.001332883169185891
1767	 LLH-2	0.0013172866389142934	0.0013172866389142934
1768	 LLH-5	0.001316684081197259	0.001316684081197259
1769	 LLH-3	0.0012811796613642484	0.0012811796613642484
1770	 LLH-4	0.001280075113611531	0.001280075113611531
1772	 LLH-6	0.0012815000695334713	0.0012815000695334713
1773	 LLH-2	0.001278719021771306	0.001278719021771306
1774	 LLH-5	0.0012784603434460597	0.0012784603434460597
1775	 LLH-2	0.0012720302834678026	0.0012720302834678026
1776	 LLH-1	0.0012723464771786824	0.0012723464771786824
1777	 LLH-3	0.0013425492304423355	0.0013425492304423355
1778	 LLH-2	0.0013497415475232865	0.0013497415475232865
1779	 LLH-4	0.001347169011335751	0.001347169011335751
1783	 LLH-6	0.0013455214937260801	0.0013455214937260801
1784	 LLH-2	0.0013316673004517214	0.0013316673004517214
1785	 LLH-2	0.0013299508894757867	0.0013299508894757867
1786	 LLH-1	0.0013300014219753172	0.0013300014219753172
1787	 LLH-2	0.001319135061036628	0.001319135061036628
1788	 LLH-0	0.0013206862734392933	0.0013206862734392933
1789	 LLH-0	0.00131897348911625	0.00131897348911625
1790	 LLH-4	0.0013174261266562085	0.0013174261266562085
1792	 LLH-2	0.0013213752359688131	0.0013213752359688131
1793	 LLH-0	0.0013231059134548517	0.0013231059134548517
1794	 LLH-5	0.0013217784819872123	0.0013217784819872123
1795	 LLH-1	0.0013218267760944631	0.0013218267760944631
1796	 LLH-6	0.001320942467490758	0.001320942467490758
1797	 LLH-2	0.0013162028961068066	0.0013162028961068066
1798	 LLH-2	0.0013284852506003334	0.0013284852506003334
1799	 LLH-1	0.0013284852506003334	0.0013284852506003334
1800	 LLH-5	0.0013278357972846193	0.0013278357972846193
1801	 LLH-3	0.0012726415375631792	0.0012726415375631792
1802	 LLH-4	0.0012718761910343879	0.0012718761910343879
1804	 LLH-2	0.0012629180141850768	0.0012629180141850768
1805	 LLH-1	0.0012629180141850768	0.0012629180141850768
1806	 LLH-6	0.0012620887123765158	0.0012620887123765158
1807	 LLH-3	0.0013354579200726138	0.0013354579200726138
1808	 LLH-3	0.001268508095753119	0.001268508095753119
1809	 LLH-1	0.001268508095753119	0.001268508095753119
1810	 LLH-1	0.0012685510782824343	0.0012685510782824343
1811	 LLH-1	0.0012685510782824343	0.0012685510782824343
1812	 LLH-1	0.0012685510782824343	0.0012685510782824343
1813	 LLH-2	0.0012946466203157684	0.0012946466203157684
1814	 LLH-6	0.0012917884755588686	0.0012917884755588686
1815	 LLH-5	0.0012927456756971784	0.0012927456756971784
1816	 LLH-3	0.001260543450105519	0.001260543450105519
1817	 LLH-4	0.0012597489470611593	0.0012597489470611593
1819	 LLH-6	0.0012614304453088694	0.0012614304453088694
1820	 LLH-2	0.001264621618710473	0.001264621618710473
1821	 LLH-0	0.0012654099995687749	0.0012654099995687749
1822	 LLH-4	0.001264316998497626	0.001264316998497626
1825	 LLH-1	0.001264316998497626	0.001264316998497626
1826	 LLH-6	0.001265466933083677	0.001265466933083677
1827	 LLH-2	0.0012751714026507787	0.0012751714026507787
1828	 LLH-5	0.0012751400749337809	0.0012751400749337809
1829	 LLH-1	0.001274951893312244	0.001274951893312244
1830	 LLH-2	0.0012665493198763815	0.0012665493198763815
1831	 LLH-1	0.0012665493198763815	0.0012665493198763815
1832	 LLH-4	0.001265687195912572	0.001265687195912572
1834	 LLH-1	0.001265687195912572	0.001265687195912572
1835	 LLH-5	0.0012661399876135737	0.0012661399876135737
1836	 LLH-4	0.0012661399876135737	0.0012661399876135737
1841	 LLH-4	0.0012661399876135737	0.0012661399876135737
1846	 LLH-6	0.0012647410718222638	0.0012647410718222638
1847	 LLH-0	0.001265973399650941	0.001265973399650941
1848	 LLH-5	0.001265973399650941	0.001265973399650941
1849	 LLH-0	0.0012666831079817791	0.0012666831079817791
1850	 LLH-1	0.001266829832588457	0.001266829832588457
1851	 LLH-4	0.0012657456722689842	0.0012657456722689842
1853	 LLH-1	0.0012657456722689842	0.0012657456722689842
1854	 LLH-1	0.0012657456722689842	0.0012657456722689842
1855	 LLH-0	0.0012667270880962196	0.0012667270880962196
1856	 LLH-4	0.0012655911133315236	0.0012655911133315236
1859	 LLH-0	0.0012666142130950322	0.0012666142130950322
1860	 LLH-6	0.0012675000920353572	0.0012675000920353572
1861	 LLH-2	0.001291985320170992	0.001291985320170992
1862	 LLH-5	0.0012927869323342118	0.0012927869323342118
1863	 LLH-5	0.0012929842870705705	0.0012929842870705705
1864	 LLH-4	0.0012915645753862805	0.0012915645753862805
1866	 LLH-6	0.0012895576603308922	0.0012895576603308922
1867	 LLH-5	0.0012900113782255336	0.0012900113782255336
1868	 LLH-2	0.0012838131028987591	0.0012838131028987591
1869	 LLH-5	0.0012842700597436522	0.0012842700597436522
1870	 LLH-4	0.0012830895683837613	0.0012830895683837613
1872	 LLH-1	0.0012830895683837613	0.0012830895683837613
1873	 LLH-2	0.0013060423334322897	0.0013060423334322897
1874	 LLH-3	0.0013938842036417122	0.0013938842036417122
1875	 LLH-5	0.0013929060504939417	0.0013929060504939417
1876	 LLH-2	0.0013818695272038847	0.0013818695272038847
1877	 LLH-3	0.0015390823669148334	0.0015390823669148334
1878	 LLH-3	0.0013286634633519834	0.0013286634633519834
1879	 LLH-0	0.0013271108502547915	0.0013271108502547915
1880	 LLH-6	0.0013295306055462282	0.0013295306055462282
1881	 LLH-4	0.0013277917921535325	0.0013277917921535325
1885	 LLH-4	0.0013261730146315945	0.0013261730146315945
1889	 LLH-1	0.0013261730146315945	0.0013261730146315945
1890	 LLH-1	0.001326303828176523	0.001326303828176523
1891	 LLH-4	0.0013244267787342733	0.0013244267787342733
1893	 LLH-3	0.0012729603605667083	0.0012729603605667083
1894	 LLH-4	0.0012720647266666364	0.0012720647266666364
1897	 LLH-1	0.001272119639424248	0.001272119639424248
1898	 LLH-5	0.0012719174871131025	0.0012719174871131025
1899	 LLH-5	0.0012719576259349196	0.0012719576259349196
1900	 LLH-5	0.0012722245855592204	0.0012722245855592204
1901	 LLH-0	0.001271367132772983	0.001271367132772983
1902	 LLH-6	0.0012689372781409644	0.0012689372781409644
1903	 LLH-4	0.0012680435390851755	0.0012680435390851755
1907	 LLH-5	0.0012679962664759832	0.0012679962664759832
1908	 LLH-4	0.0012672487505483397	0.0012672487505483397
1912	 LLH-0	0.0012660205417557129	0.0012660205417557129
1913	 LLH-6	0.001265326963828954	0.001265326963828954
1914	 LLH-5	0.0012647125362089582	0.0012647125362089582
1915	 LLH-1	0.0012648441503811884	0.0012648441503811884
1916	 LLH-1	0.0012648441503811884	0.0012648441503811884
1917	 LLH-0	0.0012639875117112203	0.0012639875117112203
1918	 LLH-4	0.00126294492640204	0.00126294492640204
1921	 LLH-4	0.00126220184350208	0.00126220184350208
1923	 LLH-1	0.0012619986830393435	0.0012619986830393435
1924	 LLH-1	0.001262555495122989	0.001262555495122989
1925	 LLH-2	0.0012781362313626873	0.0012781362313626873
1926	 LLH-1	0.0012781362313626873	0.0012781362313626873
1927	 LLH-4	0.0012771020712017164	0.0012771020712017164
1931	 LLH-4	0.0012771020712017164	0.0012771020712017164
1936	 LLH-6	0.0012762743960225923	0.0012762743960225923
1937	 LLH-5	0.0012771561112554942	0.0012771561112554942
1938	 LLH-5	0.001277476116600688	0.001277476116600688
1939	 LLH-6	0.0012785686054451774	0.0012785686054451774
1940	 LLH-4	0.0012772345580188223	0.0012772345580188223
1942	 LLH-5	0.00127740826961855	0.00127740826961855
1943	 LLH-1	0.001277565652724203	0.001277565652724203
1944	 LLH-2	0.0012732538841522814	0.0012732538841522814
1945	 LLH-5	0.0012723138868448176	0.0012723138868448176
1946	 LLH-1	0.0012723138868448176	0.0012723138868448176
1947	 LLH-5	0.00127259966012845	0.00127259966012845
1948	 LLH-2	0.001282486576308373	0.001282486576308373
1949	 LLH-6	0.001283167753025937	0.001283167753025937
1950	 LLH-2	0.0012707144169220885	0.0012707144169220885
1951	 LLH-5	0.0012708162518628731	0.0012708162518628731
1952	 LLH-6	0.0012727819462831867	0.0012727819462831867
1953	 LLH-3	0.0013638095460956677	0.0013638095460956677
1954	 LLH-3	0.0012773614376839918	0.0012773614376839918
1955	 LLH-6	0.001276411014354374	0.001276411014354374
1956	 LLH-1	0.001276411014354374	0.001276411014354374
1957	 LLH-1	0.001276411014354374	0.001276411014354374
1958	 LLH-4	0.0012752705329005388	0.0012752705329005388
1960	 LLH-4	0.0012742908722726133	0.0012742908722726133
1964	 LLH-4	0.0012731727916251664	0.0012731727916251664
1967	 LLH-1	0.0012731920162515403	0.0012731920162515403
1968	 LLH-4	0.0012717920102743412	0.0012717920102743412
1970	 LLH-6	0.0012718181885584528	0.0012718181885584528
1971	 LLH-2	0.0012835321165343045	0.0012835321165343045
1972	 LLH-2	0.001292732462417662	0.001292732462417662
1973	 LLH-3	0.0012599040083556053	0.0012599040083556053
1974	 LLH-0	0.00126089699333466	0.00126089699333466
1975	 LLH-2	0.0012650013752382645	0.0012650013752382645
1976	 LLH-2	0.0012748011820449222	0.0012748011820449222
1977	 LLH-5	0.0012751690477111513	0.0012751690477111513
1978	 LLH-5	0.0012741571085266717	0.0012741571085266717
1979	 LLH-6	0.0012741788945459286	0.0012741788945459286
1980	 LLH-2	0.0012788845867051962	0.0012788845867051962
1981	 LLH-5	0.0012789565429262252	0.0012789565429262252
1982	 LLH-5	0.0012785933351539833	0.0012785933351539833
1983	 LLH-6	0.0012782821420678062	0.0012782821420678062
1984	 LLH-1	0.0012781733357180788	0.0012781733357180788
1985	 LLH-2	0.0012816809924466152	0.0012816809924466152
1986	 LLH-2	0.001299564601129084	0.001299564601129084
1987	 LLH-1	0.0012993113270693038	0.0012993113270693038
1988	 LLH-5	0.0013018137046153862	0.0013018137046153862
1989	 LLH-5	0.0013010827926218645	0.0013010827926218645
1990	 LLH-6	0.0013001011094313922	0.0013001011094313922
1991	 LLH-6	0.001302620017183293	0.001302620017183293
1992	 LLH-2	0.0013262791201071752	0.0013262791201071752
1993	 LLH-4	0.0013025606205525984	0.0013025606205525984
1995	 LLH-4	0.0013025606205525984	0.0013025606205525984