Initial objective 0.0013051490128821257	 Seed value 115271647
1	 LLH-0	0.0013036843255859556	0.0013036843255859556
2	 LLH-3	0.001433677976031767	0.001433677976031767
3	 LLH-3	0.0013119140454428478	0.0013119140454428478
4	 LLH-6	0.001312000432459485	0.001312000432459485
5	 LLH-5	0.0013120575602239056	0.0013120575602239056
6	 LLH-5	0.001309771946542019	0.001309771946542019
7	 LLH-4	0.0012877062345309285	0.0012877062345309285
9	 LLH-2	0.001300636158232047	0.001300636158232047
10	 LLH-6	0.0013020257225608122	0.0013020257225608122
11	 LLH-1	0.0013016470448225402	0.0013016470448225402
12	 LLH-1	0.001301828777366441	0.001301828777366441
13	 LLH-5	0.0013024284428108457	0.0013024284428108457
14	 LLH-3	0.0013933334314342946	0.0013933334314342946
15	 LLH-1	0.0013933334314342946	0.0013933334314342946
16	 LLH-0	0.001391241980854609	0.001391241980854609
17	 LLH-4	0.0013888283494397715	0.0013888283494397715
19	 LLH-3	0.00148891869008718	0.00148891869008718
20	 LLH-6	0.001486407000715366	0.001486407000715366
21	 LLH-4	0.0014824267945982373	0.0014824267945982373
23	 LLH-3	0.0016716767530571318	0.0016716767530571318
24	 LLH-2	0.0015259382409025446	0.0015259382409025446
25	 LLH-0	0.0015215321450487611	0.0015215321450487611
26	 LLH-2	0.0014278777400696125	0.0014278777400696125
27	 LLH-4	0.001424907994524658	0.001424907994524658
29	 LLH-4	0.0014217602626033594	0.0014217602626033594
34	 LLH-0	0.0014185780813977158	0.0014185780813977158
35	 LLH-2	0.0013751225980531796	0.0013751225980531796
36	 LLH-5	0.0013742622091716201	0.0013742622091716201
37	 LLH-0	0.0013722463015204865	0.0013722463015204865
38	 LLH-1	0.0013722463015204865	0.0013722463015204865
39	 LLH-1	0.0013722463015204865	0.0013722463015204865
40	 LLH-6	0.0013736124524123565	0.0013736124524123565
41	 LLH-1	0.0013736124524123565	0.0013736124524123565
42	 LLH-5	0.0013735485626262007	0.0013735485626262007
43	 LLH-3	0.0014933850437888066	0.0014933850437888066
44	 LLH-0	0.001497248439665808	0.001497248439665808
45	 LLH-5	0.0014966695872180589	0.0014966695872180589
46	 LLH-4	0.001492553877276022	0.001492553877276022
48	 LLH-4	0.0014883086774952743	0.0014883086774952743
51	 LLH-2	0.0014429806883094365	0.0014429806883094365
52	 LLH-6	0.0014421457550191437	0.0014421457550191437
53	 LLH-0	0.0014100104881640861	0.0014100104881640861
54	 LLH-5	0.0014121717391140964	0.0014121717391140964
55	 LLH-6	0.0014105116982653719	0.0014105116982653719
56	 LLH-4	0.0014105116982653719	0.0014105116982653719
61	 LLH-1	0.0014102034677187726	0.0014102034677187726
62	 LLH-6	0.0014102747926760413	0.0014102747926760413
63	 LLH-0	0.0014422921898414867	0.0014422921898414867
64	 LLH-5	0.0014422166796786273	0.0014422166796786273
65	 LLH-4	0.0014098042897045585	0.0014098042897045585
67	 LLH-6	0.0014102080633664753	0.0014102080633664753
68	 LLH-6	0.001410381806873447	0.001410381806873447
69	 LLH-3	0.0016009268379355004	0.001410381806873447
70	 LLH-2	0.0013737500758578358	0.0013737500758578358
71	 LLH-1	0.0013734791305138401	0.0013734791305138401
72	 LLH-0	0.0013710515180782163	0.0013710515180782163
73	 LLH-5	0.00137088413350935	0.00137088413350935
74	 LLH-6	0.0013702422292663913	0.0013702422292663913
75	 LLH-1	0.0013704821271392797	0.0013704821271392797
76	 LLH-2	0.0013759252076827326	0.0013759252076827326
77	 LLH-6	0.0013745469068797138	0.0013745469068797138
78	 LLH-6	0.0013744741691270933	0.0013744741691270933
79	 LLH-2	0.0013706026039973947	0.0013706026039973947
80	 LLH-0	0.0013686540042349227	0.0013686540042349227
81	 LLH-1	0.0013686505354977524	0.0013686505354977524
82	 LLH-0	0.0013660958665547823	0.0013660958665547823
83	 LLH-4	0.0013638920746390586	0.0013638920746390586
85	 LLH-1	0.0013641865653276342	0.0013641865653276342
86	 LLH-3	0.0012927076281197135	0.0012927076281197135
87	 LLH-6	0.0012933310585021892	0.0012933310585021892
88	 LLH-3	0.0012685826119661911	0.0012685826119661911
89	 LLH-5	0.0012679062349162868	0.0012679062349162868
90	 LLH-0	0.0012688371611223872	0.0012688371611223872
91	 LLH-2	0.0012701133628150532	0.0012701133628150532
92	 LLH-1	0.0012701133628150532	0.0012701133628150532
93	 LLH-2	0.001276440949245703	0.001276440949245703
94	 LLH-3	0.0013470073280950734	0.0013470073280950734
95	 LLH-3	0.001284430049933912	0.001284430049933912
96	 LLH-3	0.0013438250224255014	0.0013438250224255014
97	 LLH-5	0.0013438417236252879	0.0013438417236252879
98	 LLH-6	0.0013456669659509565	0.0013456669659509565
99	 LLH-2	0.0013494717225802878	0.0013494717225802878
100	 LLH-6	0.0013500459337281415	0.0013500459337281415
101	 LLH-4	0.0013480853665747835	0.0013480853665747835
103	 LLH-3	0.001488608132038955	0.001488608132038955
104	 LLH-1	0.0014885206354553469	0.0014885206354553469
105	 LLH-3	0.0013046216494685967	0.0013046216494685967
106	 LLH-6	0.0013059563156989926	0.0013059563156989926
107	 LLH-2	0.001323456252806863	0.001323456252806863
108	 LLH-3	0.0012759672088200466	0.0012759672088200466
109	 LLH-0	0.0012768939596895907	0.0012768939596895907
110	 LLH-4	0.0012757903122256442	0.0012757903122256442
112	 LLH-1	0.001275945394424005	0.001275945394424005
113	 LLH-4	0.0012748855476619639	0.0012748855476619639
116	 LLH-2	0.0012713291658123238	0.0012713291658123238
117	 LLH-5	0.0012719896423916727	0.0012719896423916727
118	 LLH-0	0.0012727890772039941	0.0012727890772039941
119	 LLH-4	0.0012717024237761951	0.0012717024237761951
121	 LLH-4	0.0012705556742102695	0.0012705556742102695
125	 LLH-2	0.0012918238050474166	0.0012918238050474166
126	 LLH-4	0.0012712550507530812	0.0012712550507530812
128	 LLH-4	0.0012712550507530812	0.0012712550507530812
133	 LLH-5	0.0012728945494859373	0.0012728945494859373
134	 LLH-5	0.0012732336495550587	0.0012732336495550587
135	 LLH-6	0.001271839585341396	0.001271839585341396
136	 LLH-3	0.0013682716548503462	0.001271839585341396
137	 LLH-6	0.0012704789755219412	0.0012704789755219412
138	 LLH-4	0.0012704789755219412	0.0012704789755219412
143	 LLH-4	0.0012704789755219412	0.0012704789755219412
148	 LLH-2	0.0012912323110439816	0.0012912323110439816
149	 LLH-6	0.001291636688746417	0.001291636688746417
150	 LLH-2	0.001274124637235646	0.001274124637235646
151	 LLH-1	0.001274124637235646	0.001274124637235646
152	 LLH-1	0.001274068829607857	0.001274068829607857
153	 LLH-5	0.0012734639617483373	0.0012734639617483373
154	 LLH-2	0.0012987018921933522	0.0012987018921933522
155	 LLH-3	0.0012687726337115195	0.0012687726337115195
156	 LLH-5	0.0012690800790651914	0.0012690800790651914
157	 LLH-6	0.001268472500244918	0.001268472500244918
158	 LLH-4	0.001267770786485343	0.001267770786485343
162	 LLH-4	0.001267770786485343	0.001267770786485343
167	 LLH-4	0.0012671302190295655	0.0012671302190295655
170	 LLH-6	0.001267931025482315	0.001267931025482315
171	 LLH-3	0.0012555455063624882	0.0012555455063624882
172	 LLH-0	0.0012548670693635256	0.0012548670693635256
173	 LLH-3	0.0012907535923452717	0.0012907535923452717
174	 LLH-4	0.001289416540816712	0.001289416540816712
178	 LLH-3	0.0012653629279418817	0.0012653629279418817
179	 LLH-1	0.0012653629279418817	0.0012653629279418817
180	 LLH-1	0.0012654461465780753	0.0012654461465780753
181	 LLH-4	0.0012654461465780753	0.0012654461465780753
186	 LLH-2	0.0012632905809441654	0.0012632905809441654
187	 LLH-2	0.0012610448084211788	0.0012610448084211788
188	 LLH-1	0.001261144334306817	0.001261144334306817
189	 LLH-4	0.0012600883234781903	0.0012600883234781903
192	 LLH-0	0.0012592197234389277	0.0012592197234389277
193	 LLH-4	0.0012592197234389277	0.0012592197234389277
198	 LLH-3	0.0013289512284682789	0.0013289512284682789
199	 LLH-2	0.001345142430426875	0.001345142430426875
200	 LLH-2	0.001324651403468706	0.001324651403468706
201	 LLH-4	0.001322975248223628	0.001322975248223628
203	 LLH-1	0.001322975248223628	0.001322975248223628
204	 LLH-1	0.001322975248223628	0.001322975248223628
205	 LLH-0	0.0013212661661894246	0.0013212661661894246
206	 LLH-3	0.0012738364005028013	0.0012738364005028013
207	 LLH-3	0.0012541248215531702	0.0012541248215531702
208	 LLH-2	0.0012731162510666782	0.0012731162510666782
209	 LLH-4	0.0012723218910491389	0.0012723218910491389
211	 LLH-3	0.00124800157576149	0.00124800157576149
212	 LLH-2	0.0012509089240761045	0.0012509089240761045
213	 LLH-6	0.0012502142047177993	0.0012502142047177993
214	 LLH-3	0.0013118068885845727	0.0013118068885845727
215	 LLH-0	0.0013135116798864094	0.0013135116798864094
216	 LLH-5	0.001313530570931679	0.001313530570931679
217	 LLH-1	0.001313530570931679	0.001313530570931679
218	 LLH-5	0.001313247090148131	0.001313247090148131
219	 LLH-2	0.0013040960906110831	0.0013040960906110831
220	 LLH-4	0.0013029804896603774	0.0013029804896603774
223	 LLH-6	0.001304077870893656	0.001304077870893656
224	 LLH-2	0.0013095337524626411	0.0013095337524626411
225	 LLH-5	0.0013101647705767829	0.0013101647705767829
226	 LLH-0	0.0013115043850842475	0.0013115043850842475
227	 LLH-2	0.0013041224812355317	0.0013041224812355317
228	 LLH-6	0.0013058801076286126	0.0013058801076286126
229	 LLH-6	0.0013076617917798239	0.0013076617917798239
230	 LLH-5	0.0013079350828420458	0.0013079350828420458
231	 LLH-3	0.001260367807242873	0.001260367807242873
232	 LLH-5	0.0012602431844778283	0.0012602431844778283
233	 LLH-3	0.0012541116197716154	0.0012541116197716154
234	 LLH-5	0.0012548682708744762	0.0012548682708744762
235	 LLH-1	0.0012548682708744762	0.0012548682708744762
236	 LLH-5	0.00125536124221876	0.00125536124221876
237	 LLH-6	0.0012554005030579324	0.0012554005030579324
238	 LLH-3	0.0013071762409476056	0.0013071762409476056
239	 LLH-6	0.0013076820341532676	0.0013076820341532676
240	 LLH-4	0.0012856135827780668	0.0012856135827780668
242	 LLH-1	0.0012856135827780668	0.0012856135827780668
243	 LLH-3	0.0012605394962030673	0.0012605394962030673
244	 LLH-3	0.0013249661507628192	0.0013249661507628192
245	 LLH-3	0.0012774514152736026	0.0012774514152736026
246	 LLH-2	0.0012741121961518506	0.0012741121961518506
247	 LLH-2	0.0012874481538448271	0.0012874481538448271
248	 LLH-0	0.0012864076870449741	0.0012864076870449741
249	 LLH-3	0.001348915120678855	0.001348915120678855
250	 LLH-4	0.0013468891782375037	0.0013468891782375037
252	 LLH-1	0.0013471225509271531	0.0013471225509271531
253	 LLH-3	0.0014987740011880744	0.0014987740011880744
254	 LLH-1	0.0014987740011880744	0.0014987740011880744
255	 LLH-6	0.0014971156990323644	0.0014971156990323644
256	 LLH-5	0.0014975677443524798	0.0014975677443524798
257	 LLH-5	0.0014986650106770959	0.0014986650106770959
258	 LLH-6	0.0014985369015405093	0.0014985369015405093
259	 LLH-3	0.001323040756263724	0.001323040756263724
260	 LLH-1	0.001323040756263724	0.001323040756263724
261	 LLH-5	0.0013233392582333945	0.0013233392582333945
262	 LLH-1	0.0013232294399256111	0.0013232294399256111
263	 LLH-6	0.001322846680816574	0.001322846680816574
264	 LLH-5	0.0013218650131046987	0.0013218650131046987
265	 LLH-6	0.0013239790104431748	0.0013239790104431748
266	 LLH-4	0.0013225898816300273	0.0013225898816300273
269	 LLH-2	0.0013146844093512476	0.0013146844093512476
270	 LLH-1	0.0013146844093512476	0.0013146844093512476
271	 LLH-5	0.0013140231929783326	0.0013140231929783326
272	 LLH-4	0.0013125686706754228	0.0013125686706754228
275	 LLH-4	0.0013111267085939744	0.0013111267085939744
277	 LLH-3	0.0013923152017864845	0.0013111267085939744
278	 LLH-0	0.001312620032754046	0.001312620032754046
279	 LLH-6	0.0013121165138712456	0.0013121165138712456
280	 LLH-0	0.001310942068412375	0.001310942068412375
281	 LLH-4	0.0013094382822697562	0.0013094382822697562
286	 LLH-1	0.0013094382822697562	0.0013094382822697562
287	 LLH-3	0.0012741850043488585	0.0012741850043488585
288	 LLH-6	0.0012731393641484316	0.0012731393641484316
289	 LLH-5	0.00127373799345404	0.00127373799345404
290	 LLH-3	0.0013142157649137284	0.0013142157649137284
291	 LLH-6	0.0013160104460507767	0.0013160104460507767
292	 LLH-2	0.0013157205398000625	0.0013157205398000625
293	 LLH-6	0.001315821593771121	0.001315821593771121
294	 LLH-2	0.0013373315035730283	0.0013373315035730283
295	 LLH-0	0.0013392948112916309	0.0013392948112916309
296	 LLH-3	0.0014766920772694436	0.0014766920772694436
297	 LLH-4	0.0014766920772694436	0.0014766920772694436
302	 LLH-2	0.001443685160449864	0.001443685160449864
303	 LLH-4	0.0014408095500981891	0.0014408095500981891
306	 LLH-0	0.0014376954218910342	0.0014376954218910342
307	 LLH-6	0.0014378982139400943	0.0014378982139400943
308	 LLH-0	0.001434592606074367	0.001434592606074367
309	 LLH-4	0.0014314743030477974	0.0014314743030477974
312	 LLH-3	0.0016633775413376851	0.0014314743030477974
313	 LLH-2	0.0013904245842018118	0.0013904245842018118
314	 LLH-5	0.0013898905069160729	0.0013898905069160729
315	 LLH-2	0.0013828512643167593	0.0013828512643167593
316	 LLH-2	0.0013716113794574696	0.0013716113794574696
317	 LLH-4	0.001369136848313584	0.001369136848313584
319	 LLH-0	0.0013714714951863424	0.0013714714951863424
320	 LLH-1	0.0013714714951863424	0.0013714714951863424
321	 LLH-4	0.0013690826467723728	0.0013690826467723728
323	 LLH-0	0.0013667932506546336	0.0013667932506546336
324	 LLH-4	0.0013645560405366182	0.0013645560405366182
326	 LLH-1	0.0013645117954747814	0.0013645117954747814
327	 LLH-1	0.001364599713059217	0.001364599713059217
328	 LLH-4	0.0013626125894030186	0.0013626125894030186
330	 LLH-1	0.0013626125894030186	0.0013626125894030186
331	 LLH-5	0.0013618835510960407	0.0013618835510960407
332	 LLH-1	0.0013620433455282669	0.0013620433455282669
333	 LLH-6	0.0013626762439095967	0.0013626762439095967
334	 LLH-1	0.0013630446195972924	0.0013630446195972924
335	 LLH-3	0.0015427816602415342	0.0015427816602415342
336	 LLH-1	0.0015423412415609206	0.0015423412415609206
337	 LLH-2	0.0014932379596634417	0.0014932379596634417
338	 LLH-3	0.0013065394661520764	0.0013065394661520764
339	 LLH-2	0.0013056356337070396	0.0013056356337070396
340	 LLH-3	0.001273964000909355	0.001273964000909355
341	 LLH-0	0.001274849629633919	0.001274849629633919
342	 LLH-2	0.0012636474474176178	0.0012636474474176178
343	 LLH-2	0.0012773802289228432	0.0012773802289228432
344	 LLH-6	0.0012779541005641356	0.0012779541005641356
345	 LLH-6	0.0012771755735744147	0.0012771755735744147
346	 LLH-5	0.0012777415962826914	0.0012777415962826914
347	 LLH-5	0.0012769585111181464	0.0012769585111181464
348	 LLH-0	0.0012779217417360042	0.0012779217417360042
349	 LLH-2	0.0012899117985073387	0.0012899117985073387
350	 LLH-5	0.0012888178571532046	0.0012888178571532046
351	 LLH-2	0.001284726998552907	0.001284726998552907
352	 LLH-1	0.0012846306669608806	0.0012846306669608806
353	 LLH-4	0.0012846306669608806	0.0012846306669608806
358	 LLH-1	0.0012846306669608806	0.0012846306669608806
359	 LLH-2	0.0012923985611323246	0.0012923985611323246
360	 LLH-4	0.001291383705104814	0.001291383705104814
362	 LLH-0	0.0012927636813888648	0.0012927636813888648
363	 LLH-6	0.001293061150958172	0.001293061150958172
364	 LLH-1	0.001293061150958172	0.001293061150958172
365	 LLH-0	0.0012727591488107932	0.0012727591488107932
366	 LLH-5	0.0012723619688021146	0.0012723619688021146
367	 LLH-2	0.0012863980166352798	0.0012723619688021146
368	 LLH-3	0.0012602982352488714	0.0012602982352488714
369	 LLH-0	0.0012596038966734583	0.0012596038966734583
370	 LLH-0	0.0012603892094505298	0.0012603892094505298
371	 LLH-5	0.0012604225584658783	0.0012604225584658783
372	 LLH-1	0.0012604225584658783	0.0012604225584658783
373	 LLH-6	0.0012606312219723339	0.0012606312219723339
374	 LLH-3	0.0013048038281013082	0.0013048038281013082
375	 LLH-6	0.0013037537565827179	0.0013037537565827179
376	 LLH-4	0.0013037537565827179	0.0013037537565827179
381	 LLH-5	0.0013036939489061395	0.0013036939489061395
382	 LLH-5	0.0013040496380935934	0.0013040496380935934
383	 LLH-3	0.0012633339592510277	0.0012633339592510277
384	 LLH-0	0.0012641752732235668	0.0012641752732235668
385	 LLH-2	0.0012753021935657791	0.0012753021935657791
386	 LLH-0	0.001274259651359696	0.001274259651359696
387	 LLH-3	0.0012673072965015528	0.0012673072965015528
388	 LLH-4	0.001266113075282024	0.001266113075282024
390	 LLH-4	0.001266113075282024	0.001266113075282024
395	 LLH-5	0.0012666828615007003	0.0012666828615007003
396	 LLH-1	0.0012666828615007003	0.0012666828615007003
397	 LLH-4	0.001265662392776385	0.001265662392776385
400	 LLH-1	0.0012658903687846551	0.0012658903687846551
401	 LLH-3	0.0013253062535479693	0.0013253062535479693
402	 LLH-4	0.0013239029428099936	0.0013239029428099936
407	 LLH-3	0.00143734909988282	0.0013239029428099936
408	 LLH-0	0.0013224350891840552	0.0013224350891840552
409	 LLH-4	0.0013210291131621754	0.0013210291131621754
412	 LLH-0	0.001319307810215489	0.001319307810215489
413	 LLH-3	0.0014401305010886588	0.001319307810215489
414	 LLH-1	0.001319307810215489	0.001319307810215489
415	 LLH-2	0.0013213925365925029	0.0013213925365925029
416	 LLH-5	0.0013212683706387875	0.0013212683706387875
417	 LLH-1	0.0013212683706387875	0.0013212683706387875
418	 LLH-3	0.0014295473826285337	0.0013212683706387875
419	 LLH-5	0.0013212588353558037	0.0013212588353558037
420	 LLH-4	0.001319943586816107	0.001319943586816107
422	 LLH-2	0.0013037401849389971	0.0013037401849389971
423	 LLH-4	0.0013037401849389971	0.0013037401849389971
428	 LLH-5	0.001302843907914172	0.001302843907914172
429	 LLH-4	0.0013013059054792068	0.0013013059054792068
431	 LLH-4	0.0012996460942446436	0.0012996460942446436
433	 LLH-2	0.001299564446738176	0.001299564446738176
434	 LLH-2	0.0013054528531216462	0.0013054528531216462
435	 LLH-6	0.0013048603540442051	0.0013048603540442051
436	 LLH-5	0.00130428675194804	0.00130428675194804
437	 LLH-1	0.00130428675194804	0.00130428675194804
438	 LLH-1	0.00130428675194804	0.00130428675194804
439	 LLH-6	0.0013022955344131146	0.0013022955344131146
440	 LLH-5	0.0013026378316883921	0.0013026378316883921
441	 LLH-5	0.0013015575021787227	0.0013015575021787227
442	 LLH-1	0.0013015575021787227	0.0013015575021787227
443	 LLH-3	0.0014221040524430638	0.0014221040524430638
444	 LLH-4	0.001419464150488989	0.001419464150488989
447	 LLH-5	0.0014194337186856406	0.0014194337186856406
448	 LLH-1	0.0014192581749176397	0.0014192581749176397
449	 LLH-2	0.0013628459496532268	0.0013628459496532268
450	 LLH-3	0.001287292004623518	0.001287292004623518
451	 LLH-2	0.0012840239661556388	0.0012840239661556388
452	 LLH-4	0.0012828539967122187	0.0012828539967122187
454	 LLH-3	0.0012710306135612676	0.0012710306135612676
455	 LLH-5	0.0012710057114854057	0.0012710057114854057
456	 LLH-6	0.001271390526542806	0.001271390526542806
457	 LLH-1	0.0012710747548212243	0.0012710747548212243
458	 LLH-1	0.0012710747548212243	0.0012710747548212243
459	 LLH-5	0.0012706968994598586	0.0012706968994598586
460	 LLH-6	0.0012701802182999286	0.0012701802182999286
461	 LLH-4	0.0012693406213340572	0.0012693406213340572
463	 LLH-5	0.001269211718355867	0.001269211718355867
464	 LLH-6	0.0012691504524402677	0.0012691504524402677
465	 LLH-6	0.0012693211351155957	0.0012693211351155957
466	 LLH-6	0.0012669712695557325	0.0012669712695557325
467	 LLH-6	0.0012678957547856537	0.0012678957547856537
468	 LLH-0	0.0012686319793057778	0.0012686319793057778
469	 LLH-0	0.0012694951073877955	0.0012694951073877955
470	 LLH-2	0.0012780892975202528	0.0012694951073877955
471	 LLH-5	0.001268778765594841	0.001268778765594841
472	 LLH-3	0.0013019390359805005	0.0013019390359805005
473	 LLH-5	0.001302251945304255	0.001302251945304255
474	 LLH-1	0.0013021307884606074	0.0013021307884606074
475	 LLH-1	0.0013023027125787087	0.0013023027125787087
476	 LLH-4	0.0013023027125787087	0.0013023027125787087
481	 LLH-0	0.0013038924752422616	0.0013038924752422616
482	 LLH-3	0.0012769886988346405	0.0012769886988346405
483	 LLH-5	0.0012769829024929466	0.0012769829024929466
484	 LLH-0	0.0012779208535653598	0.0012779208535653598
485	 LLH-6	0.001278433588836101	0.001278433588836101
486	 LLH-4	0.0012774817299170253	0.0012774817299170253
488	 LLH-3	0.0012500312131005786	0.0012500312131005786
489	 LLH-4	0.0012494470035390186	0.0012494470035390186
494	 LLH-0	0.0012663467060765525	0.0012663467060765525
495	 LLH-5	0.0012664783225933732	0.0012664783225933732
496	 LLH-5	0.0012672749039415673	0.0012672749039415673
497	 LLH-3	0.0012936838277655665	0.0012672749039415673
498	 LLH-1	0.0012672749039415673	0.0012672749039415673
499	 LLH-0	0.0012501752711483705	0.0012501752711483705
500	 LLH-2	0.0012556760902773115	0.0012556760902773115
501	 LLH-6	0.0012577112555255592	0.0012577112555255592
502	 LLH-6	0.0012576937304099082	0.0012576937304099082
503	 LLH-5	0.0012576751436205007	0.0012576751436205007
504	 LLH-2	0.00127244732074891	0.0012576751436205007
505	 LLH-2	0.001273077725207493	0.001273077725207493
506	 LLH-3	0.0013305078717651268	0.001273077725207493
507	 LLH-3	0.0012616505518053482	0.0012616505518053482
508	 LLH-1	0.0012616505518053482	0.0012616505518053482
509	 LLH-5	0.0012611417712478498	0.0012611417712478498
510	 LLH-1	0.0012611417712478498	0.0012611417712478498
511	 LLH-2	0.0012700152803906176	0.0012700152803906176
512	 LLH-6	0.0012712394451200803	0.0012712394451200803
513	 LLH-1	0.0012712222312677103	0.0012712222312677103
514	 LLH-3	0.0012615229136337448	0.0012615229136337448
515	 LLH-1	0.0012615304194151739	0.0012615304194151739
516	 LLH-1	0.0012615304194151739	0.0012615304194151739
517	 LLH-2	0.0012672631921804558	0.0012672631921804558
518	 LLH-6	0.0012677150033499809	0.0012677150033499809
519	 LLH-1	0.0012675951769924297	0.0012675951769924297
520	 LLH-6	0.0012665156183645904	0.0012665156183645904
521	 LLH-6	0.001266571371093373	0.001266571371093373
522	 LLH-0	0.0012672528239200454	0.0012672528239200454
523	 LLH-3	0.0013254669894154642	0.0012672528239200454
524	 LLH-5	0.0012669039117942568	0.0012669039117942568
525	 LLH-0	0.0012677493525931802	0.0012669039117942568
526	 LLH-5	0.0012673246226185526	0.0012673246226185526
527	 LLH-4	0.0012666299912397637	0.0012666299912397637
529	 LLH-4	0.0012658373218983937	0.0012658373218983937
532	 LLH-5	0.0012656143375564051	0.0012656143375564051
533	 LLH-4	0.0012656143375564051	0.0012656143375564051
538	 LLH-4	0.0012650741391255415	0.0012650741391255415
543	 LLH-5	0.0012651582346071427	0.0012651582346071427
544	 LLH-5	0.001265372449709533	0.001265372449709533
545	 LLH-5	0.0012648720237280811	0.0012648720237280811
546	 LLH-2	0.0012704676861132512	0.0012704676861132512
547	 LLH-5	0.0012690665053976733	0.0012690665053976733
548	 LLH-5	0.001269594348979767	0.001269594348979767
549	 LLH-2	0.0012645238688454793	0.0012645238688454793
550	 LLH-0	0.001263783312808233	0.001263783312808233
551	 LLH-4	0.0012630615305636605	0.0012630615305636605
553	 LLH-4	0.001262146079898718	0.001262146079898718
555	 LLH-3	0.0013401307003522618	0.001262146079898718
556	 LLH-0	0.0012612655016241954	0.0012612655016241954
557	 LLH-6	0.0012625891933439747	0.0012625891933439747
558	 LLH-6	0.0012612692203810545	0.0012612692203810545
559	 LLH-5	0.0012618304383627923	0.0012618304383627923
560	 LLH-6	0.001263102983586704	0.001263102983586704
561	 LLH-5	0.001263373882447196	0.001263373882447196
562	 LLH-1	0.0012632640620410765	0.0012632640620410765
563	 LLH-0	0.0012642746360692406	0.0012642746360692406
564	 LLH-6	0.0012634213250812942	0.0012634213250812942
565	 LLH-5	0.0012634082175381818	0.0012634082175381818
566	 LLH-6	0.0012618604947811796	0.0012618604947811796
567	 LLH-0	0.001261237246115661	0.001261237246115661
568	 LLH-1	0.001261237246115661	0.001261237246115661
569	 LLH-4	0.001261237246115661	0.001261237246115661
574	 LLH-6	0.0012607687042882555	0.0012607687042882555
575	 LLH-3	0.0012513829378281568	0.0012513829378281568
576	 LLH-0	0.0012520488562587058	0.0012520488562587058
577	 LLH-2	0.0012585440122492148	0.0012585440122492148
578	 LLH-2	0.0012703626503302828	0.0012585440122492148
579	 LLH-2	0.0012786059788428054	0.0012786059788428054
580	 LLH-2	0.0012702919851981494	0.0012702919851981494
581	 LLH-3	0.0012651651736174188	0.0012651651736174188
582	 LLH-3	0.0012957829666782937	0.0012651651736174188
583	 LLH-2	0.0012561406446076203	0.0012561406446076203
584	 LLH-2	0.0012780606643874963	0.0012780606643874963
585	 LLH-3	0.0012652452424227998	0.0012652452424227998
586	 LLH-2	0.0012539889497473048	0.0012539889497473048
587	 LLH-4	0.0012529042998292092	0.0012529042998292092
591	 LLH-6	0.0012533805501646145	0.0012533805501646145
592	 LLH-3	0.001252917486872699	0.001252917486872699
593	 LLH-0	0.00125356715215109	0.00125356715215109
594	 LLH-0	0.001254400060507356	0.001254400060507356
595	 LLH-5	0.0012539216749455815	0.0012539216749455815
596	 LLH-1	0.0012539216749455815	0.0012539216749455815
597	 LLH-0	0.0012545113449905563	0.0012545113449905563
598	 LLH-2	0.001258829656665233	0.001258829656665233
599	 LLH-3	0.0012531845290378828	0.0012531845290378828
600	 LLH-5	0.0012528262477129503	0.0012528262477129503
601	 LLH-0	0.0012535384488838578	0.0012535384488838578
602	 LLH-3	0.0012473718573606865	0.0012473718573606865
603	 LLH-5	0.001248607635528728	0.001248607635528728
604	 LLH-2	0.0012504364485106966	0.0012504364485106966
605	 LLH-5	0.0012500239824539043	0.0012500239824539043
606	 LLH-3	0.0013063307367610394	0.0012500239824539043
607	 LLH-1	0.0012498162611921677	0.0012498162611921677
608	 LLH-0	0.0012503401250503463	0.0012503401250503463
609	 LLH-3	0.0012965679323518758	0.0012503401250503463
610	 LLH-4	0.0012503401250503463	0.0012503401250503463
615	 LLH-1	0.0012503401250503463	0.0012503401250503463
616	 LLH-1	0.0012503401250503463	0.0012503401250503463
617	 LLH-5	0.0012503472711113545	0.0012503472711113545
618	 LLH-4	0.0012503472711113545	0.0012503472711113545
623	 LLH-4	0.0012503472711113545	0.0012503472711113545
628	 LLH-6	0.0012512554861657448	0.0012512554861657448
629	 LLH-5	0.0012506776930639632	0.0012506776930639632
630	 LLH-6	0.0012505469249290374	0.0012505469249290374
631	 LLH-3	0.0012487302893016469	0.0012487302893016469
632	 LLH-4	0.0012487302893016469	0.0012487302893016469
637	 LLH-4	0.0012482891741221634	0.0012482891741221634
642	 LLH-1	0.0012482891741221634	0.0012482891741221634
643	 LLH-5	0.0012482008823730525	0.0012482008823730525
644	 LLH-4	0.0012482008823730525	0.0012482008823730525
649	 LLH-3	0.0012689813177800269	0.0012689813177800269
650	 LLH-1	0.0012689813177800269	0.0012689813177800269
651	 LLH-5	0.0012699103947160873	0.0012699103947160873
652	 LLH-3	0.0013567974390094255	0.0012699103947160873
653	 LLH-1	0.0012699103947160873	0.0012699103947160873
654	 LLH-3	0.0013471123920854103	0.0012699103947160873
655	 LLH-4	0.0012699103947160873	0.0012699103947160873
660	 LLH-3	0.0012629213707903736	0.0012629213707903736
661	 LLH-6	0.00126269413403733	0.00126269413403733
662	 LLH-0	0.0012633581934041746	0.0012633581934041746
663	 LLH-5	0.0012623463676248855	0.0012623463676248855
664	 LLH-2	0.0012638592192221907	0.0012638592192221907
665	 LLH-4	0.0012626957940145027	0.0012626957940145027
667	 LLH-5	0.0012630926052793682	0.0012630926052793682
668	 LLH-1	0.0012630926052793682	0.0012630926052793682
669	 LLH-3	0.0013188378557642017	0.0012630926052793682
670	 LLH-5	0.0012642034798839741	0.0012642034798839741
671	 LLH-0	0.0012633430549744535	0.0012633430549744535
672	 LLH-5	0.0012631113941788022	0.0012631113941788022
673	 LLH-5	0.0012622701652152816	0.0012622701652152816
674	 LLH-5	0.0012623909453675897	0.0012623909453675897
675	 LLH-6	0.0012613715288039761	0.0012613715288039761
676	 LLH-2	0.0012668009475658502	0.0012668009475658502
677	 LLH-4	0.0012668009475658502	0.0012668009475658502
682	 LLH-2	0.0012742031706814779	0.0012742031706814779
683	 LLH-3	0.0012493629690698662	0.0012493629690698662
684	 LLH-4	0.0012484525554836484	0.0012484525554836484
687	 LLH-1	0.0012484525554836484	0.0012484525554836484
688	 LLH-5	0.0012497138222017541	0.0012497138222017541
689	 LLH-1	0.0012497251495080706	0.0012497251495080706
690	 LLH-5	0.00124909758217201	0.00124909758217201
691	 LLH-1	0.00124909758217201	0.00124909758217201
692	 LLH-1	0.00124909758217201	0.00124909758217201
693	 LLH-6	0.0012507220315697975	0.0012507220315697975
694	 LLH-5	0.0012509991859753372	0.0012509991859753372
695	 LLH-2	0.001259942611523094	0.001259942611523094
696	 LLH-3	0.001247955690098179	0.001247955690098179
697	 LLH-4	0.001247955690098179	0.001247955690098179
702	 LLH-4	0.001247955690098179	0.001247955690098179
707	 LLH-5	0.001248317795728877	0.001248317795728877
708	 LLH-3	0.001255331598887197	0.001255331598887197
709	 LLH-6	0.0012555426172420657	0.0012555426172420657
710	 LLH-3	0.0012563960958342647	0.0012563960958342647
711	 LLH-6	0.0012554992366181276	0.0012554992366181276
712	 LLH-0	0.0012550043037870815	0.0012550043037870815
713	 LLH-3	0.001264274640127379	0.0012550043037870815
714	 LLH-3	0.0012481086904298408	0.0012481086904298408
715	 LLH-1	0.0012481086904298408	0.0012481086904298408
716	 LLH-1	0.0012481086904298408	0.0012481086904298408
717	 LLH-1	0.0012481086904298408	0.0012481086904298408
718	 LLH-6	0.0012473585342746077	0.0012473585342746077
719	 LLH-6	0.0012477090448765322	0.0012477090448765322
720	 LLH-5	0.0012479107071439793	0.0012479107071439793
721	 LLH-0	0.0012472239289944209	0.0012472239289944209
722	 LLH-1	0.0012472239289944209	0.0012472239289944209
723	 LLH-6	0.0012461816266418194	0.0012461816266418194
724	 LLH-1	0.0012461816266418194	0.0012461816266418194
725	 LLH-2	0.0012580916245779046	0.0012580916245779046
726	 LLH-1	0.0012574856104864167	0.0012574856104864167
727	 LLH-4	0.0012569786069713078	0.0012569786069713078
730	 LLH-3	0.0012725132700400874	0.0012569786069713078
731	 LLH-2	0.0012488258876118081	0.0012488258876118081
732	 LLH-1	0.0012488258876118081	0.0012488258876118081
733	 LLH-3	0.0012558404618770395	0.0012558404618770395
734	 LLH-1	0.0012558404618770395	0.0012558404618770395
735	 LLH-5	0.0012559931644245184	0.0012559931644245184
736	 LLH-4	0.0012559931644245184	0.0012559931644245184
741	 LLH-4	0.0012559931644245184	0.0012559931644245184
746	 LLH-4	0.0012554345977126746	0.0012554345977126746
748	 LLH-5	0.0012554821143717161	0.0012554821143717161
749	 LLH-1	0.0012554821143717161	0.0012554821143717161
750	 LLH-3	0.0012785981960831017	0.0012554821143717161
751	 LLH-1	0.0012554821143717161	0.0012554821143717161
752	 LLH-0	0.0012550341660349823	0.0012550341660349823
753	 LLH-0	0.0012555439255246196	0.0012555439255246196
754	 LLH-6	0.0012560212325778558	0.0012560212325778558
755	 LLH-3	0.0012547813624641474	0.0012547813624641474
756	 LLH-2	0.0012522154845531729	0.0012522154845531729
757	 LLH-1	0.0012522154845531729	0.0012522154845531729
758	 LLH-6	0.001252513487780938	0.001252513487780938
759	 LLH-6	0.0012518270993083316	0.0012518270993083316
760	 LLH-4	0.0012518270993083316	0.0012518270993083316
765	 LLH-2	0.0012601531016214816	0.0012601531016214816
766	 LLH-3	0.0012484994009676516	0.0012484994009676516
767	 LLH-4	0.0012477117399027076	0.0012477117399027076
770	 LLH-5	0.001247865651729206	0.001247865651729206
771	 LLH-4	0.001247865651729206	0.001247865651729206
776	 LLH-0	0.0012486666392487436	0.0012486666392487436
777	 LLH-3	0.0012456362123861404	0.0012456362123861404
778	 LLH-3	0.0012819486059294893	0.0012456362123861404
779	 LLH-5	0.0012457224457645148	0.0012457224457645148
780	 LLH-4	0.0012457224457645148	0.0012457224457645148
785	 LLH-2	0.0012496256463343366	0.0012496256463343366
786	 LLH-1	0.0012496256463343366	0.0012496256463343366
787	 LLH-4	0.0012496256463343366	0.0012496256463343366
792	 LLH-6	0.0012493001988464817	0.0012493001988464817
793	 LLH-5	0.0012490600285108447	0.0012490600285108447
794	 LLH-0	0.0012496029775983099	0.0012496029775983099
795	 LLH-2	0.0012604334877125626	0.0012604334877125626
796	 LLH-6	0.0012594285645144414	0.0012594285645144414
797	 LLH-2	0.0012680674388182017	0.0012680674388182017
798	 LLH-6	0.0012680445972542758	0.0012680445972542758
799	 LLH-5	0.0012673641070388248	0.0012673641070388248
800	 LLH-4	0.0012662915010427658	0.0012662915010427658
805	 LLH-1	0.0012662915010427658	0.0012662915010427658
806	 LLH-1	0.0012662915010427658	0.0012662915010427658
807	 LLH-4	0.0012655434679705556	0.0012655434679705556
809	 LLH-2	0.0012602766340060246	0.0012602766340060246
810	 LLH-5	0.001262204192298765	0.001262204192298765
811	 LLH-4	0.0012614425040847791	0.0012614425040847791
816	 LLH-6	0.00126133685633697	0.00126133685633697
817	 LLH-4	0.00126133685633697	0.00126133685633697
822	 LLH-0	0.0012621829740796261	0.0012621829740796261
823	 LLH-0	0.0012613194368710967	0.0012613194368710967
824	 LLH-0	0.001262029819011244	0.0012613194368710967
825	 LLH-6	0.0012626212830014086	0.0012626212830014086
826	 LLH-4	0.0012626212830014086	0.0012626212830014086
831	 LLH-5	0.001261472312999531	0.001261472312999531
832	 LLH-1	0.001261472312999531	0.001261472312999531
833	 LLH-1	0.001261472312999531	0.001261472312999531
834	 LLH-3	0.0013277320286474532	0.001261472312999531
835	 LLH-3	0.0013248456965681253	0.001261472312999531
836	 LLH-6	0.0012625487768735738	0.0012625487768735738
837	 LLH-3	0.0012623657841687654	0.0012623657841687654
838	 LLH-0	0.0012465284964233935	0.0012465284964233935
839	 LLH-1	0.0012465284964233935	0.0012465284964233935
840	 LLH-3	0.0012996869659496692	0.0012465284964233935
841	 LLH-0	0.0012471536223406863	0.0012471536223406863
842	 LLH-6	0.0012466629401985986	0.0012466629401985986
843	 LLH-2	0.0012680225848731477	0.0012466629401985986
844	 LLH-0	0.0012471843043419715	0.0012471843043419715
845	 LLH-3	0.0012576572242809446	0.0012576572242809446
846	 LLH-3	0.0012550581797487297	0.0012550581797487297
847	 LLH-3	0.0012464600359996508	0.0012464600359996508
848	 LLH-2	0.0012529263506578178	0.0012464600359996508
849	 LLH-5	0.001246283497318978	0.001246283497318978
850	 LLH-5	0.0012462519708369359	0.0012462519708369359
851	 LLH-3	0.0012554258674182394	0.0012554258674182394
852	 LLH-5	0.0012550878281870222	0.0012550878281870222
853	 LLH-1	0.0012550878281870222	0.0012550878281870222
854	 LLH-2	0.001255480797517664	0.001255480797517664
855	 LLH-6	0.0012547871461330291	0.0012547871461330291
856	 LLH-4	0.0012547871461330291	0.0012547871461330291
861	 LLH-3	0.0012496867610768693	0.0012496867610768693
862	 LLH-2	0.0012475120426623403	0.0012475120426623403
863	 LLH-3	0.001277607376355737	0.0012475120426623403
864	 LLH-1	0.0012475120426623403	0.0012475120426623403
865	 LLH-0	0.001246741366508665	0.001246741366508665
866	 LLH-4	0.001246741366508665	0.001246741366508665
871	 LLH-6	0.001247033096657868	0.001247033096657868
872	 LLH-5	0.0012470772909343906	0.0012470772909343906
873	 LLH-2	0.0012583155327712569	0.0012470772909343906
874	 LLH-3	0.0012909806770133342	0.0012470772909343906
875	 LLH-0	0.0012475330623504942	0.0012475330623504942
876	 LLH-6	0.0012477998274296458	0.0012477998274296458
877	 LLH-4	0.0012477998274296458	0.0012477998274296458
882	 LLH-2	0.0012615847077215084	0.0012615847077215084
883	 LLH-0	0.001262181600127199	0.001262181600127199
884	 LLH-4	0.001261071557360855	0.001261071557360855
889	 LLH-3	0.0012490903084809392	0.0012490903084809392
890	 LLH-1	0.0012490903084809392	0.0012490903084809392
891	 LLH-4	0.0012482412645308761	0.0012482412645308761
893	 LLH-5	0.0012490406887770797	0.0012482412645308761
894	 LLH-4	0.0012482412645308761	0.0012482412645308761
899	 LLH-3	0.0012555907935095734	0.0012482412645308761
900	 LLH-3	0.0012436200365166384	0.0012436200365166384
901	 LLH-0	0.001244188598958571	0.001244188598958571
902	 LLH-2	0.0012604686028453219	0.001244188598958571
903	 LLH-6	0.0012440238792275366	0.0012440238792275366
904	 LLH-1	0.0012440238792275366	0.0012440238792275366
905	 LLH-5	0.0012443008711271082	0.0012443008711271082
906	 LLH-4	0.0012443008711271082	0.0012443008711271082
911	 LLH-2	0.00125841582387697	0.0012443008711271082
912	 LLH-2	0.0012556623799272414	0.0012443008711271082
913	 LLH-5	0.001243777357036961	0.001243777357036961
914	 LLH-4	0.001243777357036961	0.001243777357036961
919	 LLH-1	0.001243777357036961	0.001243777357036961
920	 LLH-6	0.0012438278974097978	0.0012438278974097978
921	 LLH-4	0.0012432608480330376	0.0012432608480330376
926	 LLH-4	0.001242693418738358	0.001242693418738358
928	 LLH-0	0.0012432562768925962	0.0012432562768925962
929	 LLH-5	0.0012432562768925962	0.0012432562768925962
930	 LLH-5	0.0012439614247117333	0.0012439614247117333
931	 LLH-2	0.0012554019910833295	0.0012439614247117333
932	 LLH-6	0.0012438611932728007	0.0012438611932728007
933	 LLH-4	0.0012438611932728007	0.0012438611932728007
938	 LLH-4	0.001243245911569106	0.001243245911569106
943	 LLH-4	0.0012426202688260658	0.0012426202688260658
945	 LLH-1	0.0012426202688260658	0.0012426202688260658
946	 LLH-4	0.0012426202688260658	0.0012426202688260658
951	 LLH-2	0.0012568236535558852	0.0012426202688260658
952	 LLH-1	0.0012426202688260658	0.0012426202688260658
953	 LLH-2	0.001250248962492154	0.0012426202688260658
954	 LLH-0	0.001243033236392112	0.001243033236392112
955	 LLH-0	0.0012435894631495142	0.0012435894631495142
956	 LLH-3	0.0012800360272887917	0.0012435894631495142
957	 LLH-3	0.0012607364255915598	0.0012435894631495142
958	 LLH-2	0.0012442723658609555	0.0012442723658609555
959	 LLH-1	0.0012443918047267528	0.0012443918047267528
960	 LLH-0	0.0012452924031846428	0.0012452924031846428
961	 LLH-6	0.0012455703781729006	0.0012455703781729006
962	 LLH-0	0.0012461693975718154	0.0012455703781729006
963	 LLH-6	0.00124611533588298	0.00124611533588298
964	 LLH-5	0.0012464160749264478	0.0012464160749264478
965	 LLH-4	0.0012464160749264478	0.0012464160749264478
970	 LLH-4	0.0012464160749264478	0.0012464160749264478
975	 LLH-3	0.001291389520276753	0.0012464160749264478
976	 LLH-6	0.0012473555078277043	0.0012473555078277043
977	 LLH-5	0.001247331777497589	0.001247331777497589
978	 LLH-0	0.0012466519903238445	0.0012466519903238445
979	 LLH-5	0.0012462358208473307	0.0012462358208473307
980	 LLH-0	0.0012468937457674634	0.0012468937457674634
981	 LLH-4	0.0012468937457674634	0.0012468937457674634
986	 LLH-5	0.0012472942400204314	0.0012472942400204314
987	 LLH-5	0.0012454620694026112	0.0012454620694026112
988	 LLH-1	0.001245406257878562	0.001245406257878562
989	 LLH-3	0.001256817506795328	0.001245406257878562
990	 LLH-6	0.0012454524842443167	0.0012454524842443167
991	 LLH-3	0.0012537236766477207	0.0012454524842443167
992	 LLH-1	0.0012456134260479688	0.0012456134260479688
993	 LLH-3	0.0012529883042217069	0.0012456134260479688
994	 LLH-3	0.0012507916235127712	0.0012456134260479688
995	 LLH-4	0.0012456134260479688	0.0012456134260479688
1000	 LLH-1	0.0012456134260479688	0.0012456134260479688
1001	 LLH-4	0.0012456134260479688	0.0012456134260479688
1006	 LLH-5	0.0012453772978709868	0.0012453772978709868
1007	 LLH-1	0.0012454698098720645	0.0012454698098720645
1008	 LLH-1	0.0012454698098720645	0.0012454698098720645
1009	 LLH-6	0.0012466450184412101	0.0012466450184412101
1010	 LLH-5	0.001246652798709774	0.001246652798709774
1011	 LLH-0	0.0012457500575187262	0.0012457500575187262
1012	 LLH-2	0.001251512923043989	0.0012457500575187262
1013	 LLH-2	0.0012632511075261461	0.0012457500575187262
1014	 LLH-3	0.0012959046310166825	0.0012457500575187262
1015	 LLH-5	0.0012454631565776515	0.0012454631565776515
1016	 LLH-5	0.0012454920276240991	0.0012454920276240991
1017	 LLH-2	0.001259776161777734	0.0012454920276240991
1018	 LLH-2	0.0012491356041486508	0.0012454920276240991
1019	 LLH-4	0.0012448986612321096	0.0012448986612321096
1022	 LLH-4	0.0012448986612321096	0.0012448986612321096
1027	 LLH-4	0.0012448986612321096	0.0012448986612321096
1032	 LLH-3	0.0012850417262163212	0.0012448986612321096
1033	 LLH-1	0.0012448986612321096	0.0012448986612321096
1034	 LLH-4	0.0012448986612321096	0.0012448986612321096
1039	 LLH-1	0.0012448986612321096	0.0012448986612321096
1040	 LLH-5	0.0012454687324789339	0.0012454687324789339
1041	 LLH-6	0.0012449936085372451	0.0012449936085372451
1042	 LLH-1	0.0012449936085372451	0.0012449936085372451
1043	 LLH-4	0.0012449936085372451	0.0012449936085372451
1048	 LLH-2	0.0012498405072023842	0.0012449936085372451
1049	 LLH-4	0.0012449936085372451	0.0012449936085372451
1054	 LLH-3	0.001283779901974856	0.0012449936085372451
1055	 LLH-0	0.0012454640881135912	0.0012454640881135912
1056	 LLH-0	0.0012460597986432285	0.0012460597986432285
1057	 LLH-0	0.001246642782868958	0.001246642782868958
1058	 LLH-2	0.0012569579763404754	0.001246642782868958
1059	 LLH-5	0.0012468333290224726	0.0012468333290224726
1060	 LLH-4	0.0012460035966841095	0.0012460035966841095
1062	 LLH-4	0.001245390200826181	0.001245390200826181
1067	 LLH-3	0.0012547299077093317	0.001245390200826181
1068	 LLH-3	0.0012534853689745585	0.001245390200826181
1069	 LLH-2	0.0012580161574374453	0.001245390200826181
1070	 LLH-6	0.0012440925008243083	0.0012440925008243083
1071	 LLH-6	0.0012442114532224206	0.0012442114532224206
1072	 LLH-3	0.0012887917818509658	0.0012442114532224206
1073	 LLH-6	0.001244547035647017	0.001244547035647017
1074	 LLH-4	0.001244547035647017	0.001244547035647017
1079	 LLH-4	0.0012436905579889614	0.0012436905579889614
1082	 LLH-1	0.0012436905579889614	0.0012436905579889614
1083	 LLH-4	0.0012436905579889614	0.0012436905579889614
1088	 LLH-6	0.0012442838070869122	0.0012442838070869122
1089	 LLH-1	0.0012442838070869122	0.0012442838070869122
1090	 LLH-1	0.0012442838070869122	0.0012442838070869122
1091	 LLH-4	0.0012442838070869122	0.0012442838070869122
1096	 LLH-0	0.0012448053127751858	0.0012448053127751858
1097	 LLH-3	0.0012552425026638003	0.0012448053127751858
1098	 LLH-5	0.0012451799220648465	0.0012451799220648465
1099	 LLH-1	0.0012451799220648465	0.0012451799220648465
1100	 LLH-1	0.0012451799220648465	0.0012451799220648465
1101	 LLH-0	0.0012457317372968789	0.0012457317372968789
1102	 LLH-3	0.0012989886574762846	0.0012457317372968789
1103	 LLH-0	0.0012463021181641767	0.0012463021181641767
1104	 LLH-4	0.001245642447440027	0.001245642447440027
1106	 LLH-2	0.001265044597997503	0.001245642447440027
1107	 LLH-5	0.0012452004989652354	0.0012452004989652354
1108	 LLH-0	0.0012446925459393364	0.0012446925459393364
1109	 LLH-4	0.0012442166898164282	0.0012442166898164282
1113	 LLH-4	0.0012442166898164282	0.0012442166898164282
1118	 LLH-2	0.0012617877101162316	0.0012442166898164282
1119	 LLH-4	0.0012442166898164282	0.0012442166898164282
1124	 LLH-1	0.001244034308274442	0.001244034308274442
1125	 LLH-6	0.0012439410639239056	0.0012439410639239056
1126	 LLH-2	0.0012487637250658465	0.0012439410639239056
1127	 LLH-3	0.0012515276286245833	0.0012439410639239056
1128	 LLH-6	0.0012452708116762656	0.0012452708116762656
1129	 LLH-5	0.0012444459295050654	0.0012444459295050654
1130	 LLH-3	0.0012482431318318165	0.0012444459295050654
1131	 LLH-2	0.0012535580622588722	0.0012444459295050654
1132	 LLH-2	0.001256096636030521	0.0012444459295050654
1133	 LLH-1	0.0012444459295050654	0.0012444459295050654
1134	 LLH-0	0.0012449112512917877	0.0012449112512917877
1135	 LLH-4	0.0012442977474871565	0.0012442977474871565
1137	 LLH-6	0.001243903421873204	0.001243903421873204
1138	 LLH-3	0.0012971645516866447	0.001243903421873204
1139	 LLH-1	0.001243903421873204	0.001243903421873204
1140	 LLH-4	0.001243903421873204	0.001243903421873204
1145	 LLH-0	0.0012445509858239822	0.001243903421873204
1146	 LLH-4	0.001243903421873204	0.001243903421873204
1151	 LLH-1	0.0012441163411022757	0.0012441163411022757
1152	 LLH-5	0.0012449276215784266	0.0012441163411022757
1153	 LLH-6	0.0012429658661290916	0.0012429658661290916
1154	 LLH-1	0.0012429658661290916	0.0012429658661290916
1155	 LLH-1	0.0012429658661290916	0.0012429658661290916
1156	 LLH-1	0.0012431349152532472	0.0012431349152532472
1157	 LLH-5	0.001242984646974731	0.001242984646974731
1158	 LLH-6	0.001244181645079788	0.001244181645079788
1159	 LLH-5	0.0012442272743914359	0.0012442272743914359
1160	 LLH-0	0.0012604352319507582	0.0012442272743914359
1161	 LLH-0	0.0012449513253668673	0.0012449513253668673
1162	 LLH-3	0.0013038491291235473	0.0012449513253668673
1163	 LLH-1	0.0012449513253668673	0.0012449513253668673
1164	 LLH-1	0.0012448137395358804	0.0012448137395358804
1165	 LLH-6	0.001245696368975581	0.0012448137395358804
1166	 LLH-0	0.0012453741940873792	0.0012453741940873792
1167	 LLH-5	0.0012454387024660885	0.0012454387024660885
1168	 LLH-0	0.0012462947891591207	0.0012462947891591207
1169	 LLH-3	0.0012977087201011214	0.0012462947891591207
1170	 LLH-3	0.0013003346586640209	0.0012462947891591207
1171	 LLH-1	0.001246270897924535	0.001246270897924535
1172	 LLH-0	0.0012455369354535427	0.0012455369354535427
1173	 LLH-2	0.0012533954765555815	0.0012455369354535427
1174	 LLH-2	0.0012606780554788905	0.0012455369354535427
1175	 LLH-1	0.0012455339010494467	0.0012455339010494467
1176	 LLH-6	0.0012451789587013867	0.0012451789587013867
1177	 LLH-6	0.0012459184176649945	0.0012459184176649945
1178	 LLH-1	0.0012459184176649945	0.0012459184176649945
1179	 LLH-0	0.001245292195225711	0.001245292195225711
1180	 LLH-1	0.0012455184963948783	0.0012455184963948783
1181	 LLH-2	0.001247908483689447	0.0012455184963948783
1182	 LLH-0	0.0012463354031742326	0.0012455184963948783
1183	 LLH-1	0.0012455184963948783	0.0012455184963948783
1184	 LLH-0	0.001246063035648015	0.001246063035648015
1185	 LLH-4	0.0012455221447827422	0.0012455221447827422
1189	 LLH-1	0.0012455221447827422	0.0012455221447827422
1190	 LLH-4	0.0012447749005496062	0.0012447749005496062
1194	 LLH-2	0.0012633693651161978	0.0012447749005496062
1195	 LLH-6	0.0012446529748330226	0.0012446529748330226
1196	 LLH-6	0.0012449940143664177	0.0012449940143664177
1197	 LLH-3	0.0013010835136546923	0.0012449940143664177
1198	 LLH-3	0.0012859263779886553	0.0012449940143664177
1199	 LLH-6	0.0012448357356120807	0.0012448357356120807
1200	 LLH-4	0.0012448357356120807	0.0012448357356120807
1205	 LLH-6	0.0012454311910540619	0.0012448357356120807
1206	 LLH-0	0.001245843904546143	0.0012448357356120807
1207	 LLH-5	0.001244700611447213	0.001244700611447213
1208	 LLH-4	0.001244700611447213	0.001244700611447213
1213	 LLH-1	0.001244426620455457	0.001244426620455457
1214	 LLH-0	0.001260545774609803	0.001244426620455457
1215	 LLH-4	0.001244426620455457	0.001244426620455457
1220	 LLH-4	0.001244426620455457	0.001244426620455457
1225	 LLH-5	0.0012448791262957921	0.0012448791262957921
1226	 LLH-0	0.0012455399083477385	0.0012455399083477385
1227	 LLH-2	0.0012611687615966772	0.0012455399083477385
1228	 LLH-2	0.001264313508276838	0.0012455399083477385
1229	 LLH-0	0.0012445208975439697	0.0012445208975439697
1230	 LLH-6	0.0012444376831421502	0.0012444376831421502
1231	 LLH-4	0.0012444376831421502	0.0012444376831421502
1236	 LLH-5	0.0012440826412501214	0.0012440826412501214
1237	 LLH-6	0.001243468595781501	0.001243468595781501
1238	 LLH-6	0.0012440666302065174	0.001243468595781501
1239	 LLH-3	0.0012949607847657684	0.001243468595781501
1240	 LLH-5	0.0012441772444039437	0.001243468595781501
1241	 LLH-0	0.0012441002930942276	0.0012441002930942276
1242	 LLH-6	0.0012452330528966212	0.0012441002930942276
1243	 LLH-0	0.0012434485488910347	0.0012434485488910347
1244	 LLH-4	0.0012434485488910347	0.0012434485488910347
1249	 LLH-6	0.0012435246147844753	0.0012434485488910347
1250	 LLH-3	0.0012861075521840822	0.0012434485488910347
1251	 LLH-5	0.0012441450265480824	0.0012434485488910347
1252	 LLH-2	0.0012461894796832098	0.0012434485488910347
1253	 LLH-2	0.0012623960816334357	0.0012434485488910347
1254	 LLH-2	0.0012550590337952515	0.0012434485488910347
1255	 LLH-3	0.001253856995698451	0.0012434485488910347
1256	 LLH-1	0.0012434485488910347	0.0012434485488910347
1257	 LLH-1	0.0012434485488910347	0.0012434485488910347
1258	 LLH-4	0.0012434485488910347	0.0012434485488910347
1263	 LLH-4	0.0012434485488910347	0.0012434485488910347
1268	 LLH-1	0.0012434485488910347	0.0012434485488910347
1269	 LLH-0	0.0012595171952301566	0.0012434485488910347
1270	 LLH-0	0.001244094977876934	0.001244094977876934
1271	 LLH-5	0.0012444867222103056	0.001244094977876934
1272	 LLH-6	0.001242967181118616	0.001242967181118616
1273	 LLH-2	0.0012555643230718898	0.001242967181118616
1274	 LLH-4	0.001242967181118616	0.001242967181118616
1279	 LLH-2	0.0012487097759595047	0.001242967181118616
1280	 LLH-2	0.0012498736952260081	0.001242967181118616
1281	 LLH-2	0.0012485453810635717	0.001242967181118616
1282	 LLH-2	0.0012604394015055395	0.001242967181118616
1283	 LLH-5	0.0012431641598866364	0.001242967181118616
1284	 LLH-2	0.0012555892121858243	0.001242967181118616
1285	 LLH-3	0.001249642170201497	0.001242967181118616
1286	 LLH-1	0.001242967181118616	0.001242967181118616
1287	 LLH-1	0.001242967181118616	0.001242967181118616
1288	 LLH-2	0.0012487260503330569	0.001242967181118616
1289	 LLH-1	0.0012430857407958857	0.0012430857407958857
1290	 LLH-2	0.0012503569518779736	0.0012430857407958857
1291	 LLH-5	0.001244086351619165	0.0012430857407958857
1292	 LLH-1	0.0012430382982495393	0.0012430382982495393
1293	 LLH-1	0.0012428627330333334	0.0012428627330333334
1294	 LLH-5	0.0012426316364726748	0.0012426316364726748
1295	 LLH-6	0.00124302436798147	0.00124302436798147
1296	 LLH-3	0.0012891173466058744	0.00124302436798147
1297	 LLH-4	0.00124302436798147	0.00124302436798147
1302	 LLH-0	0.0012435479884889413	0.0012435479884889413
1303	 LLH-3	0.0013033732037972796	0.0012435479884889413
1304	 LLH-4	0.0012435479884889413	0.0012435479884889413
1309	 LLH-3	0.0012503932330588678	0.0012435479884889413
1310	 LLH-5	0.0012435371036891155	0.0012435371036891155
1311	 LLH-4	0.0012429702912139448	0.0012429702912139448
1313	 LLH-4	0.0012429702912139448	0.0012429702912139448
1318	 LLH-6	0.0012429254918343662	0.0012429254918343662
1319	 LLH-6	0.0012447579585079028	0.0012429254918343662
1320	 LLH-1	0.0012429254918343662	0.0012429254918343662
1321	 LLH-4	0.0012429254918343662	0.0012429254918343662
1326	 LLH-5	0.0012431498516325328	0.0012431498516325328
1327	 LLH-3	0.0012516922349316462	0.0012431498516325328
1328	 LLH-1	0.0012431498516325328	0.0012431498516325328
1329	 LLH-3	0.0012464093012340275	0.0012431498516325328
1330	 LLH-0	0.0012436629215798814	0.0012431498516325328
1331	 LLH-3	0.001254213734624156	0.0012431498516325328
1332	 LLH-6	0.0012433696305573518	0.0012433696305573518
1333	 LLH-2	0.0012501258178504728	0.0012433696305573518
1334	 LLH-4	0.0012428750341180986	0.0012428750341180986
1338	 LLH-5	0.0012434606846090316	0.0012434606846090316
1339	 LLH-0	0.0012442903360683946	0.0012442903360683946
1340	 LLH-0	0.0012449692603886406	0.0012449692603886406
1341	 LLH-5	0.0012451433190811244	0.0012451433190811244
1342	 LLH-2	0.0012650955172333793	0.0012451433190811244
1343	 LLH-6	0.0012461547011165053	0.0012451433190811244
1344	 LLH-0	0.0012463080753380867	0.0012451433190811244
1345	 LLH-3	0.0012930615830825912	0.0012451433190811244
1346	 LLH-2	0.0012625113344916193	0.0012451433190811244
1347	 LLH-6	0.0012465771817289732	0.0012451433190811244
1348	 LLH-0	0.0012462067653934306	0.0012451433190811244
1349	 LLH-1	0.0012451433190811244	0.0012451433190811244
1350	 LLH-2	0.0012641663767236468	0.0012451433190811244
1351	 LLH-4	0.0012446007084793212	0.0012446007084793212
1356	 LLH-5	0.001245952892747827	0.0012446007084793212
1357	 LLH-0	0.0012451372947238429	0.0012446007084793212
1358	 LLH-6	0.0012438610833158661	0.0012438610833158661
1359	 LLH-0	0.001244359753866512	0.0012438610833158661
1360	 LLH-5	0.0012439876942463531	0.0012439876942463531
1361	 LLH-1	0.0012439876942463531	0.0012439876942463531
1362	 LLH-0	0.0012447328871492414	0.0012447328871492414
1363	 LLH-1	0.0012447328871492414	0.0012447328871492414
1364	 LLH-5	0.001244401400505046	0.001244401400505046
1365	 LLH-5	0.0012444214191556081	0.0012444214191556081
1366	 LLH-3	0.0012533499192761265	0.0012444214191556081
1367	 LLH-4	0.001243953883100052	0.001243953883100052
1369	 LLH-0	0.0012444026208863388	0.0012444026208863388
1370	 LLH-3	0.0012888267536623993	0.0012444026208863388
1371	 LLH-1	0.0012444026208863388	0.0012444026208863388
1372	 LLH-2	0.0012624170469982777	0.0012444026208863388
1373	 LLH-0	0.0012449093628352725	0.0012444026208863388
1374	 LLH-3	0.0012848822856694642	0.0012444026208863388
1375	 LLH-3	0.0013049630056692885	0.0012444026208863388
1376	 LLH-4	0.001243953883100052	0.001243953883100052
1378	 LLH-6	0.0012438871491075656	0.0012438871491075656
1379	 LLH-4	0.0012438871491075656	0.0012438871491075656
1384	 LLH-2	0.0012507795143241068	0.0012438871491075656
1385	 LLH-3	0.0012437993997250997	0.0012437993997250997
1386	 LLH-5	0.0012446423257250266	0.0012437993997250997
1387	 LLH-4	0.001243043256174505	0.001243043256174505
1391	 LLH-2	0.001258015491544379	0.001243043256174505
1392	 LLH-1	0.001243043256174505	0.001243043256174505
1393	 LLH-1	0.001243043256174505	0.001243043256174505
1394	 LLH-0	0.0012437395700364592	0.001243043256174505
1395	 LLH-2	0.0012510823050105992	0.001243043256174505
1396	 LLH-5	0.001243407984673672	0.001243043256174505
1397	 LLH-5	0.0012433319228791063	0.0012433319228791063
1398	 LLH-3	0.0012454970269302063	0.0012433319228791063
1399	 LLH-4	0.0012433319228791063	0.0012433319228791063
1404	 LLH-0	0.0012437892421266758	0.0012437892421266758
1405	 LLH-5	0.001243671740620672	0.001243671740620672
1406	 LLH-6	0.0012435374443216722	0.0012435374443216722
1407	 LLH-2	0.00125211450862792	0.0012435374443216722
1408	 LLH-1	0.0012435374443216722	0.0012435374443216722
1409	 LLH-6	0.0012433597720879867	0.0012433597720879867
1410	 LLH-6	0.0012444783580194204	0.0012433597720879867
1411	 LLH-4	0.0012433597720879867	0.0012433597720879867
1416	 LLH-0	0.001244043129795441	0.001244043129795441
1417	 LLH-1	0.001244043129795441	0.001244043129795441
1418	 LLH-6	0.0012453507503819583	0.001244043129795441
1419	 LLH-0	0.0012447913994955305	0.001244043129795441
1420	 LLH-1	0.001244043129795441	0.001244043129795441
1421	 LLH-6	0.0012441050161443464	0.0012441050161443464
1422	 LLH-4	0.0012441050161443464	0.0012441050161443464
1427	 LLH-4	0.0012436295879645954	0.0012436295879645954
1431	 LLH-3	0.0012444735319772189	0.0012436295879645954
1432	 LLH-2	0.0012530473715635913	0.0012436295879645954
1433	 LLH-0	0.0012441821941311362	0.0012436295879645954
1434	 LLH-4	0.0012436295879645954	0.0012436295879645954
1439	 LLH-4	0.001243225661494161	0.001243225661494161
1444	 LLH-0	0.001242827495673052	0.001242827495673052
1445	 LLH-1	0.0012428438505209377	0.0012428438505209377
1446	 LLH-0	0.0012435194919270685	0.0012435194919270685
1447	 LLH-4	0.0012430576174227244	0.0012430576174227244
1451	 LLH-2	0.0012582079873921374	0.0012430576174227244
1452	 LLH-6	0.0012439728841297996	0.0012430576174227244
1453	 LLH-6	0.001244131717223246	0.0012430576174227244
1454	 LLH-4	0.0012425929556103812	0.0012425929556103812
1456	 LLH-1	0.0012425929556103812	0.0012425929556103812
1457	 LLH-6	0.001243086443762261	0.001243086443762261
1458	 LLH-3	0.0012480327724012686	0.001243086443762261
1459	 LLH-0	0.0012435654102435551	0.0012435654102435551
1460	 LLH-5	0.0012440246395526969	0.0012435654102435551
1461	 LLH-6	0.0012439776248557217	0.0012439776248557217
1462	 LLH-5	0.0012437951105603374	0.0012437951105603374
1463	 LLH-0	0.001243036222431692	0.001243036222431692
1464	 LLH-0	0.0012435273837059643	0.001243036222431692
1465	 LLH-3	0.0012490620403078937	0.001243036222431692
1466	 LLH-5	0.001243181873405833	0.001243036222431692
1467	 LLH-2	0.0012564348150718011	0.001243036222431692
1468	 LLH-4	0.0012426210652996688	0.0012426210652996688
1470	 LLH-1	0.0012426210652996688	0.0012426210652996688
1471	 LLH-1	0.0012426210652996688	0.0012426210652996688
1472	 LLH-5	0.0012426098029738165	0.0012426098029738165
1473	 LLH-3	0.0012481170402080422	0.0012426098029738165
1474	 LLH-4	0.0012426098029738165	0.0012426098029738165
1479	 LLH-2	0.0012541788602806589	0.0012426098029738165
1480	 LLH-4	0.0012426098029738165	0.0012426098029738165
1485	 LLH-6	0.0012428036798265013	0.0012428036798265013
1486	 LLH-0	0.001243244185858258	0.001243244185858258
1487	 LLH-6	0.0012439492899471998	0.001243244185858258
1488	 LLH-3	0.0012929648673388674	0.001243244185858258
1489	 LLH-0	0.0012437990774730216	0.001243244185858258
1490	 LLH-1	0.001243244185858258	0.001243244185858258
1491	 LLH-1	0.0012429979953018902	0.0012429979953018902
1492	 LLH-6	0.001243927664687805	0.0012429979953018902
1493	 LLH-1	0.0012429979953018902	0.0012429979953018902
1494	 LLH-5	0.0012430766282614338	0.0012430766282614338
1495	 LLH-3	0.0012450528134985294	0.0012430766282614338
1496	 LLH-1	0.0012428867328620693	0.0012428867328620693
1497	 LLH-5	0.0012435268880540925	0.0012428867328620693
1498	 LLH-3	0.0012446301104686206	0.0012428867328620693
1499	 LLH-3	0.0012850806339497322	0.0012428867328620693
1500	 LLH-4	0.0012428867328620693	0.0012428867328620693
1505	 LLH-5	0.001243360298345963	0.001243360298345963
1506	 LLH-5	0.0012440376526385046	0.001243360298345963
1507	 LLH-2	0.0012535767090148255	0.001243360298345963
1508	 LLH-5	0.00124334046703321	0.00124334046703321
1509	 LLH-4	0.00124334046703321	0.00124334046703321
1514	 LLH-6	0.0012428510267932225	0.0012428510267932225
1515	 LLH-1	0.0012428510267932225	0.0012428510267932225
1516	 LLH-2	0.0012557383882120065	0.0012428510267932225
1517	 LLH-3	0.0012487359135947749	0.0012428510267932225
1518	 LLH-4	0.0012424309944135713	0.0012424309944135713
1520	 LLH-0	0.0012428312224265145	0.0012428312224265145
1521	 LLH-2	0.0012530587720093506	0.0012428312224265145
1522	 LLH-6	0.0012435938175968263	0.0012428312224265145
1523	 LLH-2	0.001249387893340203	0.0012428312224265145
1524	 LLH-1	0.0012426317341381733	0.0012426317341381733
1525	 LLH-4	0.0012426317341381733	0.0012426317341381733
1530	 LLH-6	0.0012420252120631506	0.0012420252120631506
1531	 LLH-3	0.0012791902752378272	0.0012420252120631506
1532	 LLH-1	0.0012420252120631506	0.0012420252120631506
1533	 LLH-3	0.0012748519062570668	0.0012420252120631506
1534	 LLH-6	0.0012426383129277643	0.0012420252120631506
1535	 LLH-4	0.0012420252120631506	0.0012420252120631506
1540	 LLH-4	0.0012413429947557672	0.0012413429947557672
1542	 LLH-4	0.0012406169554459614	0.0012406169554459614
1547	 LLH-1	0.0012406169554459614	0.0012406169554459614
1548	 LLH-3	0.0012463803792371745	0.0012406169554459614
1549	 LLH-0	0.0012411008557863788	0.0012406169554459614
1550	 LLH-0	0.0012411003290126949	0.0012411003290126949
1551	 LLH-3	0.0012453309106793282	0.0012411003290126949
1552	 LLH-4	0.0012406556018376646	0.0012406556018376646
1557	 LLH-5	0.0012406080133384075	0.0012406080133384075
1558	 LLH-3	0.0012464806850645686	0.0012406080133384075
1559	 LLH-6	0.001240796187349455	0.0012406080133384075
1560	 LLH-3	0.0012735653769971084	0.0012406080133384075
1561	 LLH-1	0.0012406080133384075	0.0012406080133384075
1562	 LLH-3	0.0012783124619949252	0.0012406080133384075
1563	 LLH-1	0.0012406080133384075	0.0012406080133384075
1564	 LLH-0	0.0012401308782318003	0.0012401308782318003
1565	 LLH-5	0.0012400050200301685	0.0012400050200301685
1566	 LLH-0	0.0012404403135335405	0.0012400050200301685
1567	 LLH-4	0.0012400050200301685	0.0012400050200301685
1572	 LLH-1	0.0012400050200301685	0.0012400050200301685
1573	 LLH-6	0.001240420414507491	0.001240420414507491
1574	 LLH-0	0.0012398749606040535	0.0012398749606040535
1575	 LLH-6	0.0012398466156109712	0.0012398466156109712
1576	 LLH-5	0.0012403011555143246	0.0012403011555143246
1577	 LLH-5	0.001240300728261338	0.001240300728261338
1578	 LLH-5	0.001240322964593873	0.001240322964593873
1579	 LLH-2	0.0012455377423531663	0.001240322964593873
1580	 LLH-0	0.001241345805588238	0.001240322964593873
1581	 LLH-4	0.001240322964593873	0.001240322964593873
1586	 LLH-6	0.0012403331919791608	0.0012403331919791608
1587	 LLH-5	0.0012404165088564208	0.0012404165088564208
1588	 LLH-5	0.00124045721694525	0.00124045721694525
1589	 LLH-5	0.0012406962579256814	0.0012406962579256814
1590	 LLH-1	0.0012406962579256814	0.0012406962579256814
1591	 LLH-0	0.0012554122765148184	0.0012406962579256814
1592	 LLH-6	0.0012414865779083316	0.0012406962579256814
1593	 LLH-5	0.001240686485269312	0.001240686485269312
1594	 LLH-5	0.0012408551951735615	0.001240686485269312
1595	 LLH-3	0.001265750029964576	0.001240686485269312
1596	 LLH-0	0.001241148836349959	0.001240686485269312
1597	 LLH-4	0.001240686485269312	0.001240686485269312
1602	 LLH-6	0.0012406356305305068	0.0012406356305305068
1603	 LLH-1	0.0012406356305305068	0.0012406356305305068
1604	 LLH-5	0.0012410725315798263	0.0012406356305305068
1605	 LLH-6	0.001241555812314493	0.0012406356305305068
1606	 LLH-2	0.001246132984712033	0.0012406356305305068
1607	 LLH-5	0.0012406734929760336	0.0012406356305305068
1608	 LLH-6	0.001240770578742837	0.001240770578742837
1609	 LLH-4	0.001240770578742837	0.001240770578742837
1614	 LLH-6	0.0012420225266121185	0.001240770578742837
1615	 LLH-6	0.001240639545787185	0.001240639545787185
1616	 LLH-6	0.0012411159522372904	0.001240639545787185
1617	 LLH-0	0.0012410854624361099	0.001240639545787185
1618	 LLH-3	0.001244620559787119	0.001240639545787185
1619	 LLH-2	0.0012600387319313534	0.001240639545787185
1620	 LLH-3	0.001245342256439113	0.001240639545787185
1621	 LLH-1	0.001240639545787185	0.001240639545787185
1622	 LLH-4	0.001240639545787185	0.001240639545787185
1627	 LLH-1	0.001240639545787185	0.001240639545787185
1628	 LLH-1	0.001240639545787185	0.001240639545787185
1629	 LLH-5	0.0012412089627880207	0.001240639545787185
1630	 LLH-2	0.0012578101495676626	0.001240639545787185
1631	 LLH-6	0.001240828128599599	0.001240639545787185
1632	 LLH-6	0.0012416980429284196	0.001240639545787185
1633	 LLH-4	0.001240639545787185	0.001240639545787185
1638	 LLH-1	0.001240639545787185	0.001240639545787185
1639	 LLH-5	0.0012411862949114137	0.001240639545787185
1640	 LLH-0	0.0012410644168466616	0.001240639545787185
1641	 LLH-4	0.001240639545787185	0.001240639545787185
1646	 LLH-0	0.001241095603916192	0.001240639545787185
1647	 LLH-5	0.00124113534196325	0.001240639545787185
1648	 LLH-6	0.0012422214559879346	0.001240639545787185
1649	 LLH-3	0.001245410331828694	0.001240639545787185
1650	 LLH-1	0.001240639545787185	0.001240639545787185
1651	 LLH-1	0.001240592431293028	0.001240592431293028
1652	 LLH-1	0.001240592431293028	0.001240592431293028
1653	 LLH-6	0.0012404979043720884	0.0012404979043720884
1654	 LLH-5	0.0012409000508906837	0.0012404979043720884
1655	 LLH-0	0.0012552386642868197	0.0012404979043720884
1656	 LLH-5	0.0012407520247892916	0.0012407520247892916
1657	 LLH-0	0.0012411831675180622	0.0012407520247892916
1658	 LLH-5	0.0012407552172966276	0.0012407552172966276
1659	 LLH-4	0.0012407552172966276	0.0012407552172966276
1664	 LLH-0	0.0012412031798664318	0.0012407552172966276
1665	 LLH-5	0.0012407552172966276	0.0012407552172966276
1666	 LLH-6	0.001240922819804145	0.001240922819804145
1667	 LLH-1	0.0012409212636145563	0.0012409212636145563
1668	 LLH-6	0.0012411504125834786	0.0012409212636145563
1669	 LLH-6	0.0012413949851506488	0.0012409212636145563
1670	 LLH-1	0.0012409212636145563	0.0012409212636145563
1671	 LLH-3	0.001250285067432097	0.0012409212636145563
1672	 LLH-1	0.0012409212636145563	0.0012409212636145563
1673	 LLH-2	0.0012473009319836936	0.0012409212636145563
1674	 LLH-3	0.0012749701065909126	0.0012409212636145563
1675	 LLH-0	0.001241314927249254	0.0012409212636145563
1676	 LLH-3	0.0012734735448291976	0.0012409212636145563
1677	 LLH-4	0.0012409212636145563	0.0012409212636145563
1682	 LLH-5	0.0012404767097941077	0.0012404767097941077
1683	 LLH-2	0.001255413266371434	0.0012404767097941077
1684	 LLH-3	0.0012608663448512704	0.0012404767097941077
1685	 LLH-5	0.0012408506033000028	0.0012404767097941077
1686	 LLH-5	0.0012413110285823554	0.0012404767097941077
1687	 LLH-3	0.001245600194933985	0.0012404767097941077
1688	 LLH-6	0.001240846464360439	0.0012404767097941077
1689	 LLH-3	0.0012481042203780737	0.0012404767097941077
1690	 LLH-5	0.0012404739439035952	0.0012404739439035952
1691	 LLH-1	0.0012404739439035952	0.0012404739439035952
1692	 LLH-2	0.0012512846401901466	0.0012404739439035952
1693	 LLH-6	0.001241746390416814	0.0012404739439035952
1694	 LLH-6	0.0012407573850873595	0.0012404739439035952
1695	 LLH-0	0.0012411937279510064	0.0012404739439035952
1696	 LLH-1	0.0012404739439035952	0.0012404739439035952
1697	 LLH-3	0.0012463166232368266	0.0012404739439035952
1698	 LLH-6	0.0012404952493089753	0.0012404952493089753
1699	 LLH-4	0.0012404952493089753	0.0012404952493089753
1704	 LLH-1	0.0012404952493089753	0.0012404952493089753
1705	 LLH-4	0.0012404952493089753	0.0012404952493089753
1710	 LLH-5	0.0012405042532256506	0.0012405042532256506
1711	 LLH-1	0.0012405042532256506	0.0012405042532256506
1712	 LLH-3	0.0012779023452537189	0.0012405042532256506
1713	 LLH-6	0.0012420593934498252	0.0012405042532256506
1714	 LLH-2	0.0012512880745506971	0.0012405042532256506
1715	 LLH-3	0.0012447755116569799	0.0012405042532256506
1716	 LLH-4	0.0012405042532256506	0.0012405042532256506
1721	 LLH-2	0.0012516676397615826	0.0012405042532256506
1722	 LLH-4	0.0012405042532256506	0.0012405042532256506
1727	 LLH-6	0.0012406502704958738	0.0012405042532256506
1728	 LLH-5	0.001240527736342914	0.001240527736342914
1729	 LLH-2	0.0012467400812809562	0.001240527736342914
1730	 LLH-5	0.0012404297047615828	0.0012404297047615828
1731	 LLH-4	0.0012404297047615828	0.0012404297047615828
1736	 LLH-1	0.0012404297047615828	0.0012404297047615828
1737	 LLH-6	0.0012404738277057544	0.0012404297047615828
1738	 LLH-2	0.0012454018497820242	0.0012404297047615828
1739	 LLH-6	0.0012414763391531572	0.0012404297047615828
1740	 LLH-6	0.001241468241506532	0.0012404297047615828
1741	 LLH-5	0.0012406189151876348	0.0012404297047615828
1742	 LLH-5	0.0012408218657579736	0.0012404297047615828
1743	 LLH-4	0.0012404297047615828	0.0012404297047615828
1748	 LLH-0	0.0012550870058608752	0.0012404297047615828
1749	 LLH-1	0.0012404297047615828	0.0012404297047615828
1750	 LLH-3	0.0012462518678022622	0.0012404297047615828
1751	 LLH-4	0.0012404297047615828	0.0012404297047615828
1756	 LLH-5	0.0012409504788786197	0.0012404297047615828
1757	 LLH-3	0.0012447807738904812	0.0012404297047615828
1758	 LLH-5	0.0012407552799389699	0.0012404297047615828
1759	 LLH-1	0.0012404297047615828	0.0012404297047615828
1760	 LLH-6	0.0012410537415362374	0.0012404297047615828
1761	 LLH-2	0.0012454082800743805	0.0012404297047615828
1762	 LLH-6	0.0012405410271280858	0.0012404297047615828
1763	 LLH-1	0.0012404297047615828	0.0012404297047615828
1764	 LLH-3	0.001270216012753922	0.0012404297047615828
1765	 LLH-1	0.0012404297047615828	0.0012404297047615828
1766	 LLH-6	0.0012416380052417259	0.0012404297047615828
1767	 LLH-1	0.0012404110549818503	0.0012404110549818503
1768	 LLH-5	0.0012399293099307537	0.0012399293099307537
1769	 LLH-3	0.0012913425074433348	0.0012399293099307537
1770	 LLH-2	0.0012568550364125046	0.0012399293099307537
1771	 LLH-5	0.001241072170737293	0.0012399293099307537
1772	 LLH-3	0.001244563255418205	0.0012399293099307537
1773	 LLH-3	0.0012791118762816704	0.0012399293099307537
1774	 LLH-4	0.0012399293099307537	0.0012399293099307537
1779	 LLH-1	0.0012402394469823975	0.0012399293099307537
1780	 LLH-5	0.0012399293099307537	0.0012399293099307537
1781	 LLH-4	0.0012399293099307537	0.0012399293099307537
1786	 LLH-0	0.001240454039284254	0.0012399293099307537
1787	 LLH-4	0.0012399293099307537	0.0012399293099307537
1792	 LLH-3	0.0012469616287901421	0.0012399293099307537
1793	 LLH-2	0.0012505550092302498	0.0012399293099307537
1794	 LLH-0	0.0012404263990487513	0.0012399293099307537
1795	 LLH-2	0.0012506158733274538	0.0012399293099307537
1796	 LLH-0	0.001240672879356674	0.0012399293099307537
1797	 LLH-0	0.0012544016728592618	0.0012399293099307537
1798	 LLH-1	0.0012399293099307537	0.0012399293099307537
1799	 LLH-0	0.0012403553290629484	0.0012399293099307537
1800	 LLH-5	0.0012402606699913378	0.0012399293099307537
1801	 LLH-0	0.0012403629859677704	0.0012399293099307537
1802	 LLH-5	0.0012399293099307537	0.0012399293099307537
1803	 LLH-1	0.0012399293099307537	0.0012399293099307537
1804	 LLH-0	0.0012403891405869455	0.0012399293099307537
1805	 LLH-4	0.0012399293099307537	0.0012399293099307537
1810	 LLH-1	0.001239978771977757	0.0012399293099307537
1811	 LLH-1	0.0012399293099307537	0.0012399293099307537
1812	 LLH-0	0.0012404176417792033	0.0012399293099307537
1813	 LLH-1	0.0012399293099307537	0.0012399293099307537
1814	 LLH-3	0.001271181702391473	0.0012399293099307537
1815	 LLH-0	0.0012403394224511036	0.0012399293099307537
1816	 LLH-1	0.0012399293099307537	0.0012399293099307537
1817	 LLH-5	0.001239990149874696	0.0012399293099307537
1818	 LLH-5	0.0012404633841891877	0.0012399293099307537
1819	 LLH-0	0.0012403134311748277	0.0012399293099307537
1820	 LLH-0	0.0012403319083726823	0.0012399293099307537
1821	 LLH-0	0.0012403740690812108	0.0012399293099307537
1822	 LLH-1	0.0012399293099307537	0.0012399293099307537
1823	 LLH-6	0.0012410737420495296	0.0012399293099307537
1824	 LLH-6	0.001240370624958406	0.0012399293099307537
1825	 LLH-5	0.001240171393169286	0.0012399293099307537
1826	 LLH-5	0.0012406052872131004	0.0012399293099307537
1827	 LLH-4	0.0012399293099307537	0.0012399293099307537
1832	 LLH-3	0.0012472824477063101	0.0012399293099307537
1833	 LLH-0	0.001240459495154341	0.0012399293099307537
1834	 LLH-0	0.0012403806489484656	0.0012399293099307537
1835	 LLH-3	0.0012738439697810098	0.0012399293099307537
1836	 LLH-6	0.0012414425857167968	0.0012399293099307537
1837	 LLH-6	0.001241431569672919	0.0012399293099307537
1838	 LLH-0	0.001240390869876001	0.0012399293099307537
1839	 LLH-6	0.001240726210292785	0.0012399293099307537
1840	 LLH-1	0.0012399293099307537	0.0012399293099307537
1841	 LLH-4	0.0012399293099307537	0.0012399293099307537
1846	 LLH-2	0.0012486703345101775	0.0012399293099307537
1847	 LLH-5	0.00124012679856935	0.0012399293099307537
1848	 LLH-4	0.0012399293099307537	0.0012399293099307537
1853	 LLH-4	0.0012399293099307537	0.0012399293099307537
1858	 LLH-2	0.001249494788037228	0.0012399293099307537
1859	 LLH-0	0.0012403724139238201	0.0012399293099307537
1860	 LLH-6	0.0012404598781043427	0.0012399293099307537
1861	 LLH-3	0.0012574939696594954	0.0012399293099307537
1862	 LLH-1	0.0012399293099307537	0.0012399293099307537
1863	 LLH-0	0.0012546376774818144	0.0012399293099307537
1864	 LLH-4	0.0012399293099307537	0.0012399293099307537
1869	 LLH-6	0.0012401975333954905	0.0012399293099307537
1870	 LLH-4	0.0012399293099307537	0.0012399293099307537
1875	 LLH-2	0.0012460762151829355	0.0012399293099307537
1876	 LLH-3	0.0012843236351058455	0.0012399293099307537
1877	 LLH-2	0.0012507997807742295	0.0012399293099307537
1878	 LLH-5	0.0012398269481191282	0.0012398269481191282
1879	 LLH-6	0.0012409181646187311	0.0012398269481191282
1880	 LLH-5	0.0012400385257774552	0.0012398269481191282
1881	 LLH-0	0.0012403327366407625	0.0012398269481191282
1882	 LLH-6	0.001239791458401397	0.001239791458401397
1883	 LLH-3	0.0012468863469151477	0.001239791458401397
1884	 LLH-0	0.0012402790711845992	0.001239791458401397
1885	 LLH-0	0.0012402555465343002	0.001239791458401397
1886	 LLH-0	0.0012543050172314483	0.001239791458401397
1887	 LLH-3	0.0012763426971304074	0.001239791458401397
1888	 LLH-0	0.0012543050172314483	0.001239791458401397
1889	 LLH-2	0.0012501685472821674	0.001239791458401397
1890	 LLH-0	0.0012403982993950918	0.001239791458401397
1891	 LLH-2	0.0012500791217612084	0.001239791458401397
1892	 LLH-3	0.0012668583823832263	0.001239791458401397
1893	 LLH-6	0.0012404887601789709	0.001239791458401397
1894	 LLH-4	0.001239791458401397	0.001239791458401397
1899	 LLH-6	0.0012405020405690057	0.001239791458401397
1900	 LLH-4	0.001239791458401397	0.001239791458401397
1905	 LLH-3	0.0012418422124069002	0.001239791458401397
1906	 LLH-1	0.001239791458401397	0.001239791458401397
1907	 LLH-4	0.001239791458401397	0.001239791458401397
1912	 LLH-6	0.001239952723346088	0.001239791458401397
1913	 LLH-6	0.0012407123254100582	0.001239791458401397
1914	 LLH-2	0.0012534352311614643	0.001239791458401397
1915	 LLH-1	0.0012398079743458441	0.001239791458401397
1916	 LLH-6	0.001240029466285806	0.001239791458401397
1917	 LLH-5	0.001240204551731648	0.001239791458401397
1918	 LLH-2	0.0012591543714936797	0.001239791458401397
1919	 LLH-0	0.0012402765912641154	0.001239791458401397
1920	 LLH-2	0.0012467612919816948	0.001239791458401397
1921	 LLH-3	0.00124385000939329	0.001239791458401397
1922	 LLH-2	0.0012442083050838025	0.001239791458401397
1923	 LLH-4	0.001239791458401397	0.001239791458401397
1928	 LLH-0	0.0012542319010055778	0.001239791458401397
1929	 LLH-1	0.001239791458401397	0.001239791458401397
1930	 LLH-6	0.0012414617137092433	0.001239791458401397
1931	 LLH-3	0.0012442075918256625	0.001239791458401397
1932	 LLH-2	0.0012459863485662095	0.001239791458401397
1933	 LLH-1	0.001239791458401397	0.001239791458401397
1934	 LLH-1	0.0012398177964744667	0.001239791458401397
1935	 LLH-2	0.0012493492822951823	0.001239791458401397
1936	 LLH-6	0.0012402922252948867	0.001239791458401397
1937	 LLH-0	0.0012404337872850076	0.001239791458401397
1938	 LLH-5	0.0012394570166749661	0.0012394570166749661
1939	 LLH-3	0.0012440696711877577	0.0012394570166749661
1940	 LLH-5	0.0012394570166749661	0.0012394570166749661
1941	 LLH-5	0.0012397935386677347	0.0012394570166749661
1942	 LLH-0	0.0012541088017925621	0.0012394570166749661
1943	 LLH-4	0.0012394570166749661	0.0012394570166749661
1948	 LLH-0	0.001239897475032709	0.0012394570166749661
1949	 LLH-1	0.0012394570166749661	0.0012394570166749661
1950	 LLH-1	0.0012394570166749661	0.0012394570166749661
1951	 LLH-0	0.0012399292322679352	0.0012394570166749661
1952	 LLH-5	0.0012398649720348851	0.0012394570166749661
1953	 LLH-3	0.0012764633144923903	0.0012394570166749661
1954	 LLH-3	0.001244685120412431	0.0012394570166749661
1955	 LLH-3	0.0012442914083298764	0.0012394570166749661
1956	 LLH-5	0.0012398984673774207	0.0012394570166749661
1957	 LLH-1	0.0012394570166749661	0.0012394570166749661
1958	 LLH-5	0.0012401967038651563	0.0012394570166749661
1959	 LLH-4	0.0012394570166749661	0.0012394570166749661
1964	 LLH-0	0.001240135397834485	0.0012394570166749661
1965	 LLH-0	0.0012402088494302126	0.0012394570166749661
1966	 LLH-2	0.0012467881507915283	0.0012394570166749661
1967	 LLH-6	0.0012398324808374711	0.0012394570166749661
1968	 LLH-0	0.0012402012727806408	0.0012394570166749661
1969	 LLH-4	0.0012394570166749661	0.0012394570166749661
1974	 LLH-6	0.0012407023116457485	0.0012394570166749661
1975	 LLH-0	0.001240027043520497	0.0012394570166749661
1976	 LLH-0	0.0012399364390951822	0.0012394570166749661
1977	 LLH-0	0.0012398688702219146	0.0012394570166749661
1978	 LLH-2	0.00124638473903479	0.0012394570166749661
1979	 LLH-4	0.0012394570166749661	0.0012394570166749661
1984	 LLH-4	0.0012394570166749661	0.0012394570166749661
1989	 LLH-0	0.0012541825957605411	0.0012394570166749661
1990	 LLH-1	0.0012393558883592448	0.0012393558883592448
1991	 LLH-2	0.001249430193978636	0.0012393558883592448
1992	 LLH-0	0.0012398261823340483	0.0012393558883592448
1993	 LLH-1	0.0012393558883592448	0.0012393558883592448
1994	 LLH-5	0.0012400492747467247	0.0012393558883592448
1995	 LLH-1	0.0012393558883592448	0.0012393558883592448
1996	 LLH-2	0.0012578924035351832	0.0012393558883592448
1997	 LLH-1	0.0012393558883592448	0.0012393558883592448
1998	 LLH-4	0.0012393558883592448	0.0012393558883592448
GRID-Start
0.0	0.0
0.0	308.0385
0.0	616.077
0.0	924.1155
0.0	1232.154
0.0	1540.1925
0.0	1848.2310000000002
0.0	2156.2695000000003
0.0	2464.3080000000004
0.0	2772.3465000000006
0.0	3080.3850000000007
0.0	3388.423500000001
0.0	3696.462000000001
0.0	4004.500500000001
0.0	4312.539000000001
0.0	4620.5775
0.0	4928.616
0.0	5236.6545
0.0	5544.692999999999
0.0	5852.731499999999
0.0	6160.769999999999
0.0	6468.808499999998
308.0385	0.0
308.0385	308.0385
308.0385	616.077
308.0385	924.1155
308.0385	1232.154
308.0385	1540.1925
308.0385	1848.2310000000002
308.0385	2156.2695000000003
308.0385	2464.3080000000004
308.0385	2772.3465000000006
308.0385	3080.3850000000007
308.0385	3388.423500000001
308.0385	3696.462000000001
308.0385	4004.500500000001
308.0385	4312.539000000001
308.0385	4620.5775
308.0385	4928.616
308.0385	5236.6545
308.0385	5544.692999999999
308.0385	5852.731499999999
308.0385	6160.769999999999
308.0385	6468.808499999998
616.077	0.0
616.077	308.0385
616.077	616.077
616.077	924.1155
616.077	1232.154
616.077	1540.1925
616.077	1848.2310000000002
616.077	2156.2695000000003
616.077	2464.3080000000004
616.077	2772.3465000000006
616.077	3080.3850000000007
616.077	3388.423500000001
616.077	3696.462000000001
616.077	4004.500500000001
616.077	4312.539000000001
616.077	4620.5775
616.077	4928.616
616.077	5236.6545
616.077	5544.692999999999
616.077	5852.731499999999
616.077	6160.769999999999
616.077	6468.808499999998
924.1155	0.0
924.1155	308.0385
924.1155	616.077
924.1155	924.1155
924.1155	1232.154
924.1155	1540.1925
924.1155	1848.2310000000002
924.1155	2156.2695000000003
924.1155	2464.3080000000004
924.1155	2772.3465000000006
924.1155	3080.3850000000007
924.1155	3388.423500000001
924.1155	3696.462000000001
924.1155	4004.500500000001
924.1155	4312.539000000001
924.1155	4620.5775
924.1155	4928.616
924.1155	5236.6545
924.1155	5544.692999999999
924.1155	5852.731499999999
924.1155	6160.769999999999
924.1155	6468.808499999998
1232.154	0.0
1232.154	308.0385
1232.154	616.077
1232.154	924.1155
1232.154	1232.154
1232.154	1540.1925
1232.154	1848.2310000000002
1232.154	2156.2695000000003
1232.154	2464.3080000000004
1232.154	2772.3465000000006
1232.154	3080.3850000000007
1232.154	4620.5775
1232.154	4928.616
1232.154	5236.6545
1232.154	5544.692999999999
1232.154	5852.731499999999
1232.154	6160.769999999999
1232.154	6468.808499999998
1540.1925	0.0
1540.1925	308.0385
1540.1925	616.077
1540.1925	924.1155
1540.1925	1232.154
1540.1925	1540.1925
1540.1925	1848.2310000000002
1540.1925	2156.2695000000003
1540.1925	2464.3080000000004
1540.1925	2772.3465000000006
1540.1925	3080.3850000000007
1540.1925	4620.5775
1540.1925	4928.616
1540.1925	5236.6545
1540.1925	5544.692999999999
1540.1925	5852.731499999999
1540.1925	6160.769999999999
1540.1925	6468.808499999998
1848.2310000000002	0.0
1848.2310000000002	308.0385
1848.2310000000002	616.077
1848.2310000000002	924.1155
1848.2310000000002	1232.154
1848.2310000000002	1540.1925
1848.2310000000002	1848.2310000000002
1848.2310000000002	2156.2695000000003
1848.2310000000002	2464.3080000000004
1848.2310000000002	2772.3465000000006
1848.2310000000002	3080.3850000000007
1848.2310000000002	4620.5775
1848.2310000000002	4928.616
1848.2310000000002	5236.6545
1848.2310000000002	5544.692999999999
1848.2310000000002	5852.731499999999
1848.2310000000002	6160.769999999999
1848.2310000000002	6468.808499999998
2156.2695000000003	0.0
2156.2695000000003	308.0385
2156.2695000000003	616.077
2156.2695000000003	924.1155
2156.2695000000003	1232.154
2156.2695000000003	1540.1925
2156.2695000000003	1848.2310000000002
2156.2695000000003	2156.2695000000003
2156.2695000000003	2464.3080000000004
2156.2695000000003	2772.3465000000006
2156.2695000000003	3080.3850000000007
2156.2695000000003	4620.5775
2156.2695000000003	4928.616
2156.2695000000003	5236.6545
2156.2695000000003	5544.692999999999
2156.2695000000003	5852.731499999999
2156.2695000000003	6160.769999999999
2156.2695000000003	6468.808499999998
2464.3080000000004	0.0
2464.3080000000004	2464.3080000000004
2464.3080000000004	2772.3465000000006
2464.3080000000004	3080.3850000000007
2464.3080000000004	3388.423500000001
2464.3080000000004	3696.462000000001
2464.3080000000004	4004.500500000001
2464.3080000000004	4312.539000000001
2464.3080000000004	4620.5775
2464.3080000000004	4928.616
2464.3080000000004	5236.6545
2464.3080000000004	5544.692999999999
2464.3080000000004	5852.731499999999
2464.3080000000004	6160.769999999999
2464.3080000000004	6468.808499999998
2772.3465000000006	0.0
2772.3465000000006	2464.3080000000004
2772.3465000000006	2772.3465000000006
2772.3465000000006	3080.3850000000007
2772.3465000000006	3388.423500000001
2772.3465000000006	3696.462000000001
2772.3465000000006	4004.500500000001
2772.3465000000006	4312.539000000001
2772.3465000000006	4620.5775
2772.3465000000006	4928.616
2772.3465000000006	5236.6545
2772.3465000000006	5544.692999999999
2772.3465000000006	5852.731499999999
2772.3465000000006	6160.769999999999
2772.3465000000006	6468.808499999998
3080.3850000000007	0.0
3080.3850000000007	2464.3080000000004
3080.3850000000007	2772.3465000000006
3080.3850000000007	3080.3850000000007
3080.3850000000007	3388.423500000001
3080.3850000000007	3696.462000000001
3080.3850000000007	4004.500500000001
3080.3850000000007	4312.539000000001
3080.3850000000007	4620.5775
3080.3850000000007	4928.616
3080.3850000000007	5236.6545
3080.3850000000007	5544.692999999999
3080.3850000000007	5852.731499999999
3080.3850000000007	6160.769999999999
3080.3850000000007	6468.808499999998
3388.423500000001	0.0
3388.423500000001	2464.3080000000004
3388.423500000001	2772.3465000000006
3388.423500000001	3080.3850000000007
3388.423500000001	3388.423500000001
3388.423500000001	3696.462000000001
3388.423500000001	4004.500500000001
3388.423500000001	4312.539000000001
3388.423500000001	4620.5775
3388.423500000001	4928.616
3388.423500000001	5236.6545
3388.423500000001	5544.692999999999
3388.423500000001	5852.731499999999
3388.423500000001	6160.769999999999
3388.423500000001	6468.808499999998
3696.462000000001	0.0
3696.462000000001	308.0385
3696.462000000001	616.077
3696.462000000001	924.1155
3696.462000000001	1232.154
3696.462000000001	1540.1925
3696.462000000001	1848.2310000000002
3696.462000000001	2156.2695000000003
3696.462000000001	3388.423500000001
3696.462000000001	3696.462000000001
3696.462000000001	4004.500500000001
3696.462000000001	4312.539000000001
3696.462000000001	4620.5775
3696.462000000001	4928.616
3696.462000000001	5236.6545
3696.462000000001	5544.692999999999
3696.462000000001	5852.731499999999
3696.462000000001	6160.769999999999
3696.462000000001	6468.808499999998
4004.500500000001	0.0
4004.500500000001	308.0385
4004.500500000001	616.077
4004.500500000001	924.1155
4004.500500000001	1232.154
4004.500500000001	1540.1925
4004.500500000001	1848.2310000000002
4004.500500000001	2156.2695000000003
4004.500500000001	3388.423500000001
4004.500500000001	3696.462000000001
4004.500500000001	4004.500500000001
4004.500500000001	4312.539000000001
4004.500500000001	4620.5775
4004.500500000001	4928.616
4004.500500000001	5236.6545
4004.500500000001	5544.692999999999
4004.500500000001	5852.731499999999
4004.500500000001	6160.769999999999
4004.500500000001	6468.808499999998
4312.539000000001	0.0
4312.539000000001	308.0385
4312.539000000001	616.077
4312.539000000001	924.1155
4312.539000000001	1232.154
4312.539000000001	1540.1925
4312.539000000001	1848.2310000000002
4312.539000000001	2156.2695000000003
4312.539000000001	3388.423500000001
4312.539000000001	3696.462000000001
4312.539000000001	4004.500500000001
4312.539000000001	4312.539000000001
4312.539000000001	4620.5775
4312.539000000001	4928.616
4312.539000000001	5236.6545
4312.539000000001	5544.692999999999
4312.539000000001	5852.731499999999
4312.539000000001	6160.769999999999
4312.539000000001	6468.808499999998
4620.5775	0.0
4620.5775	308.0385
4620.5775	616.077
4620.5775	924.1155
4620.5775	1232.154
4620.5775	1540.1925
4620.5775	1848.2310000000002
4620.5775	2156.2695000000003
4620.5775	2464.3080000000004
4620.5775	2772.3465000000006
4620.5775	3080.3850000000007
4620.5775	3388.423500000001
4620.5775	3696.462000000001
4620.5775	4004.500500000001
4620.5775	4312.539000000001
4620.5775	4620.5775
4620.5775	4928.616
4620.5775	5236.6545
4620.5775	5544.692999999999
4620.5775	5852.731499999999
4620.5775	6160.769999999999
4620.5775	6468.808499999998
4928.616	0.0
4928.616	308.0385
4928.616	616.077
4928.616	924.1155
4928.616	1232.154
4928.616	1540.1925
4928.616	1848.2310000000002
4928.616	2156.2695000000003
4928.616	2464.3080000000004
4928.616	2772.3465000000006
4928.616	3080.3850000000007
4928.616	3388.423500000001
4928.616	3696.462000000001
4928.616	4004.500500000001
4928.616	4312.539000000001
4928.616	4620.5775
4928.616	4928.616
4928.616	5236.6545
4928.616	5544.692999999999
4928.616	5852.731499999999
4928.616	6160.769999999999
4928.616	6468.808499999998
5236.6545	0.0
5236.6545	308.0385
5236.6545	616.077
5236.6545	924.1155
5236.6545	1232.154
5236.6545	1540.1925
5236.6545	1848.2310000000002
5236.6545	2156.2695000000003
5236.6545	2464.3080000000004
5236.6545	2772.3465000000006
5236.6545	3080.3850000000007
5236.6545	3388.423500000001
5236.6545	3696.462000000001
5236.6545	4004.500500000001
5236.6545	4312.539000000001
5236.6545	4620.5775
5236.6545	4928.616
5236.6545	5236.6545
5236.6545	5544.692999999999
5236.6545	5852.731499999999
5236.6545	6160.769999999999
5236.6545	6468.808499999998
5544.692999999999	0.0
5544.692999999999	308.0385
5544.692999999999	616.077
5544.692999999999	924.1155
5544.692999999999	1232.154
5544.692999999999	1540.1925
5544.692999999999	1848.2310000000002
5544.692999999999	2156.2695000000003
5544.692999999999	2464.3080000000004
5544.692999999999	2772.3465000000006
5544.692999999999	3080.3850000000007
5544.692999999999	3388.423500000001
5544.692999999999	3696.462000000001
5544.692999999999	4004.500500000001
5544.692999999999	4312.539000000001
5544.692999999999	4620.5775
5544.692999999999	4928.616
5544.692999999999	5236.6545
5544.692999999999	5544.692999999999
5544.692999999999	5852.731499999999
5544.692999999999	6160.769999999999
5544.692999999999	6468.808499999998
5852.731499999999	0.0
5852.731499999999	308.0385
5852.731499999999	616.077
5852.731499999999	924.1155
5852.731499999999	1232.154
5852.731499999999	1540.1925
5852.731499999999	1848.2310000000002
5852.731499999999	2156.2695000000003
5852.731499999999	2464.3080000000004
5852.731499999999	2772.3465000000006
5852.731499999999	3080.3850000000007
5852.731499999999	3388.423500000001
5852.731499999999	3696.462000000001
5852.731499999999	4004.500500000001
5852.731499999999	4312.539000000001
5852.731499999999	4620.5775
5852.731499999999	4928.616
5852.731499999999	5236.6545
5852.731499999999	5544.692999999999
5852.731499999999	5852.731499999999
5852.731499999999	6160.769999999999
5852.731499999999	6468.808499999998
6160.769999999999	0.0
6160.769999999999	308.0385
6160.769999999999	616.077
6160.769999999999	924.1155
6160.769999999999	1232.154
6160.769999999999	1540.1925
6160.769999999999	1848.2310000000002
6160.769999999999	2156.2695000000003
6160.769999999999	2464.3080000000004
6160.769999999999	2772.3465000000006
6160.769999999999	3080.3850000000007
6160.769999999999	3388.423500000001
6160.769999999999	3696.462000000001
6160.769999999999	4004.500500000001
6160.769999999999	4312.539000000001
6160.769999999999	4620.5775
6160.769999999999	4928.616
6160.769999999999	5236.6545
6160.769999999999	5544.692999999999
6160.769999999999	5852.731499999999
6160.769999999999	6160.769999999999
6160.769999999999	6468.808499999998
6468.808499999998	0.0
6468.808499999998	308.0385
6468.808499999998	616.077
6468.808499999998	924.1155
6468.808499999998	1232.154
6468.808499999998	1540.1925
6468.808499999998	1848.2310000000002
6468.808499999998	2156.2695000000003
6468.808499999998	2464.3080000000004
6468.808499999998	2772.3465000000006
6468.808499999998	3080.3850000000007
6468.808499999998	3388.423500000001
6468.808499999998	3696.462000000001
6468.808499999998	4004.500500000001
6468.808499999998	4312.539000000001
6468.808499999998	4620.5775
6468.808499999998	4928.616
6468.808499999998	5236.6545
6468.808499999998	5544.692999999999
6468.808499999998	5852.731499999999
6468.808499999998	6160.769999999999
6468.808499999998	6468.808499999998
6776.846999999998	0.0
6776.846999999998	308.0385
6776.846999999998	616.077
6776.846999999998	924.1155
6776.846999999998	1232.154
6776.846999999998	1540.1925
6776.846999999998	1848.2310000000002
6776.846999999998	2156.2695000000003
6776.846999999998	2464.3080000000004
6776.846999999998	2772.3465000000006
6776.846999999998	3080.3850000000007
6776.846999999998	3388.423500000001
6776.846999999998	3696.462000000001
6776.846999999998	4004.500500000001
6776.846999999998	4312.539000000001
6776.846999999998	4620.5775
6776.846999999998	4928.616
6776.846999999998	5236.6545
6776.846999999998	5544.692999999999
6776.846999999998	5852.731499999999
6776.846999999998	6160.769999999999
6776.846999999998	6468.808499999998
7084.885499999998	0.0
7084.885499999998	308.0385
7084.885499999998	616.077
7084.885499999998	924.1155
7084.885499999998	1232.154
7084.885499999998	1540.1925
7084.885499999998	1848.2310000000002
7084.885499999998	2156.2695000000003
7084.885499999998	2464.3080000000004
7084.885499999998	2772.3465000000006
7084.885499999998	3080.3850000000007
7084.885499999998	3388.423500000001
7084.885499999998	3696.462000000001
7084.885499999998	4004.500500000001
7084.885499999998	4312.539000000001
7084.885499999998	4620.5775
7084.885499999998	4928.616
7084.885499999998	5236.6545
7084.885499999998	5544.692999999999
7084.885499999998	5852.731499999999
7084.885499999998	6160.769999999999
7084.885499999998	6468.808499999998
7392.923999999997	0.0
7392.923999999997	308.0385
7392.923999999997	616.077
7392.923999999997	924.1155
7392.923999999997	1232.154
7392.923999999997	1540.1925
7392.923999999997	1848.2310000000002
7392.923999999997	2156.2695000000003
7392.923999999997	2464.3080000000004
7392.923999999997	2772.3465000000006
7392.923999999997	3080.3850000000007
7392.923999999997	3388.423500000001
7392.923999999997	3696.462000000001
7392.923999999997	4004.500500000001
7392.923999999997	4312.539000000001
7392.923999999997	4620.5775
7392.923999999997	4928.616
7392.923999999997	5236.6545
7392.923999999997	5544.692999999999
7392.923999999997	5852.731499999999
7392.923999999997	6160.769999999999
7392.923999999997	6468.808499999998
7700.962499999997	0.0
7700.962499999997	308.0385
7700.962499999997	616.077
7700.962499999997	924.1155
7700.962499999997	1232.154
7700.962499999997	1540.1925
7700.962499999997	1848.2310000000002
7700.962499999997	2156.2695000000003
7700.962499999997	2464.3080000000004
7700.962499999997	2772.3465000000006
7700.962499999997	3080.3850000000007
7700.962499999997	3388.423500000001
7700.962499999997	3696.462000000001
7700.962499999997	4004.500500000001
7700.962499999997	4312.539000000001
7700.962499999997	4620.5775
7700.962499999997	4928.616
7700.962499999997	5236.6545
7700.962499999997	5544.692999999999
7700.962499999997	5852.731499999999
7700.962499999997	6160.769999999999
7700.962499999997	6468.808499999998
8009.000999999997	0.0
8009.000999999997	308.0385
8009.000999999997	616.077
8009.000999999997	924.1155
8009.000999999997	1232.154
8009.000999999997	1540.1925
8009.000999999997	1848.2310000000002
8009.000999999997	2156.2695000000003
8009.000999999997	2464.3080000000004
8009.000999999997	2772.3465000000006
8009.000999999997	3080.3850000000007
8009.000999999997	3388.423500000001
8009.000999999997	3696.462000000001
8009.000999999997	4004.500500000001
8009.000999999997	4312.539000000001
8009.000999999997	4620.5775
8009.000999999997	4928.616
8009.000999999997	5236.6545
8009.000999999997	5544.692999999999
8009.000999999997	5852.731499999999
8009.000999999997	6160.769999999999
8009.000999999997	6468.808499999998
8317.039499999997	0.0
8317.039499999997	308.0385
8317.039499999997	616.077
8317.039499999997	924.1155
8317.039499999997	1232.154
8317.039499999997	1540.1925
8317.039499999997	1848.2310000000002
8317.039499999997	2156.2695000000003
8317.039499999997	2464.3080000000004
8317.039499999997	2772.3465000000006
8317.039499999997	3080.3850000000007
8317.039499999997	3388.423500000001
8317.039499999997	3696.462000000001
8317.039499999997	4004.500500000001
8317.039499999997	4312.539000000001
8317.039499999997	4620.5775
8317.039499999997	4928.616
8317.039499999997	5236.6545
8317.039499999997	5544.692999999999
8317.039499999997	5852.731499999999
8317.039499999997	6160.769999999999
8317.039499999997	6468.808499999998
8625.077999999998	0.0
8625.077999999998	308.0385
8625.077999999998	616.077
8625.077999999998	924.1155
8625.077999999998	1232.154
8625.077999999998	1540.1925
8625.077999999998	1848.2310000000002
8625.077999999998	2156.2695000000003
8625.077999999998	2464.3080000000004
8625.077999999998	2772.3465000000006
8625.077999999998	3080.3850000000007
8625.077999999998	3388.423500000001
8625.077999999998	3696.462000000001
8625.077999999998	4004.500500000001
8625.077999999998	4312.539000000001
8625.077999999998	4620.5775
8625.077999999998	4928.616
8625.077999999998	5236.6545
8625.077999999998	5544.692999999999
8625.077999999998	5852.731499999999
8625.077999999998	6160.769999999999
8625.077999999998	6468.808499999998
8933.116499999998	0.0
8933.116499999998	308.0385
8933.116499999998	616.077
8933.116499999998	924.1155
8933.116499999998	1232.154
8933.116499999998	1540.1925
8933.116499999998	1848.2310000000002
8933.116499999998	2156.2695000000003
8933.116499999998	2464.3080000000004
8933.116499999998	2772.3465000000006
8933.116499999998	3080.3850000000007
8933.116499999998	3388.423500000001
8933.116499999998	3696.462000000001
8933.116499999998	4004.500500000001
8933.116499999998	4312.539000000001
8933.116499999998	4620.5775
8933.116499999998	4928.616
8933.116499999998	5236.6545
8933.116499999998	5544.692999999999
8933.116499999998	5852.731499999999
8933.116499999998	6160.769999999999
8933.116499999998	6468.808499999998
GRID-End
num_of_evaluations 2000
best obj 0.0012393558883592448
LLH0	44
LLH1	33
LLH2	36
LLH3	50
LLH4	92
LLH5	79
LLH6	66