Initial objective 0.0013229580174094206	 Seed value 343180675
1	 LLH-2	0.0013387401907098107	0.0013387401907098107
2	 LLH-6	0.00133895871262789	0.00133895871262789
3	 LLH-1	0.00133895871262789	0.00133895871262789
4	 LLH-3	0.0012629146986801447	0.0012629146986801447
5	 LLH-0	0.001263761690402269	0.001263761690402269
6	 LLH-0	0.0012646399876920802	0.0012646399876920802
7	 LLH-0	0.00126556144395948	0.00126556144395948
8	 LLH-6	0.0012652334671820822	0.0012652334671820822
9	 LLH-4	0.0012652334671820822	0.0012652334671820822
14	 LLH-1	0.0012652334671820822	0.0012652334671820822
15	 LLH-2	0.0012871542449464516	0.0012871542449464516
16	 LLH-4	0.001285922999125237	0.001285922999125237
19	 LLH-3	0.0012566243804844998	0.0012566243804844998
20	 LLH-5	0.0012565328299835028	0.0012565328299835028
21	 LLH-5	0.001257399500934533	0.001257399500934533
22	 LLH-6	0.0012568845361269965	0.0012568845361269965
23	 LLH-1	0.0012568845361269965	0.0012568845361269965
24	 LLH-5	0.001256749167189429	0.001256749167189429
25	 LLH-6	0.001255133582792377	0.001255133582792377
26	 LLH-2	0.0012583133398629148	0.0012583133398629148
27	 LLH-5	0.00125815283980964	0.00125815283980964
28	 LLH-6	0.0012605736564788202	0.0012605736564788202
29	 LLH-1	0.001260581339269348	0.001260581339269348
30	 LLH-3	0.0013336314931060307	0.0013336314931060307
31	 LLH-2	0.001325203816922721	0.001325203816922721
32	 LLH-4	0.0013237208937878842	0.0013237208937878842
34	 LLH-5	0.0013244089881773874	0.0013244089881773874
35	 LLH-6	0.0013227171216804122	0.0013227171216804122
36	 LLH-2	0.0013240063328782213	0.0013240063328782213
37	 LLH-4	0.0013228526336570088	0.0013228526336570088
40	 LLH-3	0.0012773222946862528	0.0012773222946862528
41	 LLH-0	0.0012785358686875903	0.0012785358686875903
42	 LLH-2	0.0012764898811118168	0.0012764898811118168
43	 LLH-2	0.0012745008909629157	0.0012745008909629157
44	 LLH-6	0.0012748049802805052	0.0012748049802805052
45	 LLH-0	0.0012951839731333828	0.0012951839731333828
46	 LLH-1	0.001295138891742382	0.001295138891742382
47	 LLH-3	0.0013747906744872858	0.001295138891742382
48	 LLH-2	0.001281845838471888	0.001281845838471888
49	 LLH-1	0.0012817300875817075	0.0012817300875817075
50	 LLH-0	0.001282750969574805	0.001282750969574805
51	 LLH-0	0.001281434041362498	0.001281434041362498
52	 LLH-2	0.0012920039355508374	0.0012920039355508374
53	 LLH-6	0.0012911961545612734	0.0012911961545612734
54	 LLH-4	0.0012898528782703006	0.0012898528782703006
56	 LLH-2	0.0013057469667446682	0.0013057469667446682
57	 LLH-6	0.0013061783430229575	0.0013061783430229575
58	 LLH-3	0.00126875045765149	0.00126875045765149
59	 LLH-6	0.0012685137305749096	0.0012685137305749096
60	 LLH-5	0.0012673211706863065	0.0012673211706863065
61	 LLH-3	0.0012464596324557927	0.0012464596324557927
62	 LLH-6	0.0012462997853809835	0.0012462997853809835
63	 LLH-3	0.0012532095440134557	0.0012532095440134557
64	 LLH-0	0.0012538798295274824	0.0012538798295274824
65	 LLH-3	0.0012791896301310997	0.0012791896301310997
66	 LLH-5	0.0012791999744918793	0.0012791999744918793
67	 LLH-6	0.0012807581030810974	0.0012807581030810974
68	 LLH-6	0.0012821752141696564	0.0012821752141696564
69	 LLH-0	0.0012837374166411262	0.0012837374166411262
70	 LLH-4	0.0012826760891709254	0.0012826760891709254
73	 LLH-5	0.0012818368325737128	0.0012818368325737128
74	 LLH-6	0.0012829049518416468	0.0012829049518416468
75	 LLH-2	0.0012872461071839147	0.0012872461071839147
76	 LLH-4	0.0012860069839954811	0.0012860069839954811
78	 LLH-0	0.0012846336628646914	0.0012846336628646914
79	 LLH-2	0.0012807585243659611	0.0012807585243659611
80	 LLH-4	0.0012797509197864938	0.0012797509197864938
84	 LLH-6	0.0012794764649434185	0.0012794764649434185
85	 LLH-4	0.0012782036426955028	0.0012782036426955028
87	 LLH-4	0.001277203632049498	0.001277203632049498
89	 LLH-6	0.00127623233142026	0.00127623233142026
90	 LLH-6	0.0012763633339146787	0.0012763633339146787
91	 LLH-4	0.001275286354642053	0.001275286354642053
95	 LLH-6	0.0012747818484481336	0.0012747818484481336
96	 LLH-4	0.0012734500172267528	0.0012734500172267528
100	 LLH-3	0.0013939180338137667	0.0013939180338137667
101	 LLH-5	0.0013924549176280523	0.0013924549176280523
102	 LLH-6	0.0013922808827347556	0.0013922808827347556
103	 LLH-0	0.0013898855307563265	0.0013898855307563265
104	 LLH-2	0.00135341966847739	0.00135341966847739
105	 LLH-4	0.0013513371083179399	0.0013513371083179399
107	 LLH-5	0.001351169109226703	0.001351169109226703
108	 LLH-0	0.0013533304276068347	0.0013533304276068347
109	 LLH-3	0.0012870705226564613	0.0012870705226564613
110	 LLH-5	0.0012875694294579689	0.0012875694294579689
111	 LLH-1	0.0012875694294579689	0.0012875694294579689
112	 LLH-1	0.0012876585328960354	0.0012876585328960354
113	 LLH-1	0.0012876585328960354	0.0012876585328960354
114	 LLH-0	0.0012886519936108733	0.0012886519936108733
115	 LLH-0	0.0012872824601653347	0.0012872824601653347
116	 LLH-0	0.0012881621475043172	0.0012881621475043172
117	 LLH-0	0.0012894478254328783	0.0012894478254328783
118	 LLH-0	0.0012905798127816391	0.0012905798127816391
119	 LLH-2	0.0012884681503282042	0.0012884681503282042
120	 LLH-5	0.0012905271194973069	0.0012905271194973069
121	 LLH-1	0.0012907005893991249	0.0012907005893991249
122	 LLH-6	0.001289293043391273	0.001289293043391273
123	 LLH-4	0.001289293043391273	0.001289293043391273
128	 LLH-3	0.0013732044620699854	0.0013732044620699854
129	 LLH-5	0.0013734906259028578	0.0013734906259028578
130	 LLH-5	0.0013734955780095085	0.0013734955780095085
131	 LLH-0	0.0013712165411433486	0.0013712165411433486
132	 LLH-5	0.0013707069715994556	0.0013707069715994556
133	 LLH-4	0.0013682771342357074	0.0013682771342357074
135	 LLH-2	0.0013730036377112558	0.0013730036377112558
136	 LLH-0	0.0013709373637648542	0.0013709373637648542
137	 LLH-4	0.0013686317009373849	0.0013686317009373849
139	 LLH-5	0.0013675125910481696	0.0013675125910481696
140	 LLH-3	0.001502418661822472	0.0013675125910481696
141	 LLH-5	0.0013659508010960598	0.0013659508010960598
142	 LLH-1	0.0013657668597482238	0.0013657668597482238
143	 LLH-0	0.0013636646997679785	0.0013636646997679785
144	 LLH-5	0.0013638033136916647	0.0013638033136916647
145	 LLH-3	0.001279671833192404	0.001279671833192404
146	 LLH-1	0.001279671833192404	0.001279671833192404
147	 LLH-3	0.0013776058498633586	0.001279671833192404
148	 LLH-1	0.001279671833192404	0.001279671833192404
149	 LLH-5	0.0012792479393447282	0.0012792479393447282
150	 LLH-6	0.0012800561009065872	0.0012800561009065872
151	 LLH-2	0.0012847129019016362	0.0012847129019016362
152	 LLH-6	0.0012846220630715302	0.0012846220630715302
153	 LLH-1	0.0012846220630715302	0.0012846220630715302
154	 LLH-6	0.0012850429032489504	0.0012850429032489504
155	 LLH-1	0.0012850429032489504	0.0012850429032489504
156	 LLH-0	0.0012859781639785238	0.0012859781639785238
157	 LLH-5	0.0012866812370068738	0.0012866812370068738
158	 LLH-4	0.001285330930202105	0.001285330930202105
160	 LLH-3	0.0012661054452765192	0.0012661054452765192
161	 LLH-1	0.0012660290156274762	0.0012660290156274762
162	 LLH-0	0.0012650630213095805	0.0012650630213095805
163	 LLH-4	0.0012650630213095805	0.0012650630213095805
168	 LLH-3	0.0013169407480583767	0.0013169407480583767
169	 LLH-3	0.0014471705315012298	0.0014471705315012298
170	 LLH-4	0.0014438671512788741	0.0014438671512788741
173	 LLH-5	0.0014430026866323708	0.0014430026866323708
174	 LLH-4	0.0014397731983397805	0.0014397731983397805
177	 LLH-5	0.0014380902631986763	0.0014380902631986763
178	 LLH-2	0.001409488586010765	0.001409488586010765
179	 LLH-2	0.0013673222526342519	0.0013673222526342519
180	 LLH-5	0.0013675500722543769	0.0013675500722543769
181	 LLH-1	0.001367656178500209	0.001367656178500209
182	 LLH-4	0.001365449650110076	0.001365449650110076
184	 LLH-1	0.0013656537256224956	0.0013656537256224956
185	 LLH-1	0.0013653794177318713	0.0013653794177318713
186	 LLH-4	0.0013631063253777861	0.0013631063253777861
189	 LLH-1	0.0013631063253777861	0.0013631063253777861
190	 LLH-2	0.001383704692648137	0.001383704692648137
191	 LLH-2	0.0013681121364599355	0.0013681121364599355
192	 LLH-1	0.0013681121364599355	0.0013681121364599355
193	 LLH-2	0.0013296415913725576	0.0013296415913725576
194	 LLH-4	0.0013296415913725576	0.0013296415913725576
199	 LLH-6	0.0013289843297115372	0.0013289843297115372
200	 LLH-2	0.0013224244178062082	0.0013224244178062082
201	 LLH-1	0.0013224244178062082	0.0013224244178062082
202	 LLH-3	0.0012702599818866758	0.0012702599818866758
203	 LLH-0	0.001268908660274569	0.001268908660274569
204	 LLH-3	0.0012547438704999761	0.0012547438704999761
205	 LLH-6	0.0012541141077971475	0.0012541141077971475
206	 LLH-3	0.0012484781350555634	0.0012484781350555634
207	 LLH-1	0.0012484781350555634	0.0012484781350555634
208	 LLH-2	0.0012596694677802505	0.0012596694677802505
209	 LLH-4	0.0012596694677802505	0.0012596694677802505
214	 LLH-5	0.0012603670935398801	0.0012603670935398801
215	 LLH-6	0.0012609678360669884	0.0012609678360669884
216	 LLH-4	0.0012602196828750264	0.0012602196828750264
218	 LLH-0	0.0012608899119379356	0.0012608899119379356
219	 LLH-2	0.001262791551539133	0.001262791551539133
220	 LLH-5	0.0012628639621257405	0.0012628639621257405
221	 LLH-4	0.0012621957569962866	0.0012621957569962866
223	 LLH-1	0.0012621957569962866	0.0012621957569962866
224	 LLH-2	0.0012609004609739308	0.0012609004609739308
225	 LLH-0	0.0012601785374143893	0.0012601785374143893
226	 LLH-4	0.0012591476232670664	0.0012591476232670664
229	 LLH-3	0.0013096016003248567	0.0012591476232670664
230	 LLH-0	0.0012598986357005271	0.0012598986357005271
231	 LLH-2	0.0012781806458478486	0.0012781806458478486
232	 LLH-4	0.001277091793508244	0.001277091793508244
235	 LLH-3	0.001260996098199138	0.001260996098199138
236	 LLH-4	0.0012603433367116199	0.0012603433367116199
239	 LLH-3	0.00125251382323751	0.00125251382323751
240	 LLH-1	0.00125251382323751	0.00125251382323751
241	 LLH-4	0.0012520419143631622	0.0012520419143631622
244	 LLH-3	0.0012472995584685731	0.0012472995584685731
245	 LLH-0	0.0012477451212578692	0.0012477451212578692
246	 LLH-5	0.0012478775017766622	0.0012478775017766622
247	 LLH-1	0.001247794035688541	0.001247794035688541
248	 LLH-6	0.00124677831178627	0.00124677831178627
249	 LLH-3	0.001277831797918444	0.001277831797918444
250	 LLH-5	0.0012772272562114645	0.0012772272562114645
251	 LLH-4	0.0012772272562114645	0.0012772272562114645
256	 LLH-1	0.0012772272562114645	0.0012772272562114645
257	 LLH-2	0.001279111010474154	0.001279111010474154
258	 LLH-5	0.001278482931209099	0.001278482931209099
259	 LLH-1	0.001278482931209099	0.001278482931209099
260	 LLH-3	0.0013385987939216908	0.001278482931209099
261	 LLH-3	0.00134663617009815	0.00134663617009815
262	 LLH-5	0.0013465288366178324	0.0013465288366178324
263	 LLH-2	0.0013314409071448563	0.0013314409071448563
264	 LLH-3	0.0014901052112230068	0.0014901052112230068
265	 LLH-4	0.0014863939798276684	0.0014863939798276684
267	 LLH-2	0.0014087222081865466	0.0014087222081865466
268	 LLH-4	0.0014087222081865466	0.0014087222081865466
273	 LLH-1	0.0014087708751223213	0.0014087708751223213
274	 LLH-1	0.0014087708751223213	0.0014087708751223213
275	 LLH-5	0.001407513209478505	0.001407513209478505
276	 LLH-6	0.0014066341429541545	0.0014066341429541545
277	 LLH-3	0.0012915221424898943	0.0012915221424898943
278	 LLH-4	0.0012902113478552573	0.0012902113478552573
281	 LLH-4	0.0012887337703030382	0.0012887337703030382
284	 LLH-2	0.0013083871139296602	0.0013083871139296602
285	 LLH-4	0.0013072852272220156	0.0013072852272220156
288	 LLH-0	0.0013086946763806258	0.0013086946763806258
289	 LLH-2	0.0013085938814029249	0.0013085938814029249
290	 LLH-5	0.0013088814511259348	0.0013088814511259348
291	 LLH-2	0.0013051819776206306	0.0013051819776206306
292	 LLH-0	0.0013063410275409159	0.0013063410275409159
293	 LLH-4	0.001305185361569919	0.001305185361569919
295	 LLH-3	0.0014220191594455746	0.0014220191594455746
296	 LLH-2	0.0013881777352219519	0.0013881777352219519
297	 LLH-5	0.0013855646570626941	0.0013855646570626941
298	 LLH-1	0.0013855646570626941	0.0013855646570626941
299	 LLH-3	0.001298039662539798	0.001298039662539798
300	 LLH-5	0.0012988551410153812	0.0012988551410153812
301	 LLH-6	0.0012984746045940742	0.0012984746045940742
302	 LLH-0	0.0012997089918850068	0.0012997089918850068
303	 LLH-0	0.0013014325473210905	0.0013014325473210905
304	 LLH-5	0.0013015734867925911	0.0013015734867925911
305	 LLH-0	0.0013029309845398029	0.0013029309845398029
306	 LLH-0	0.0013044171691077501	0.0013044171691077501
307	 LLH-5	0.0013053091280890191	0.0013053091280890191
308	 LLH-2	0.0012966993025197505	0.0012966993025197505
309	 LLH-5	0.0012971593476145233	0.0012971593476145233
310	 LLH-6	0.0012961533757814086	0.0012961533757814086
311	 LLH-3	0.0014363384125345693	0.0012961533757814086
312	 LLH-4	0.0012949464420094717	0.0012949464420094717
314	 LLH-5	0.0012936614282867312	0.0012936614282867312
315	 LLH-1	0.0012936666336543017	0.0012936666336543017
316	 LLH-5	0.0012937906310162553	0.0012937906310162553
317	 LLH-4	0.0012925495847654392	0.0012925495847654392
319	 LLH-1	0.0012925495847654392	0.0012925495847654392
320	 LLH-3	0.0012699856033981007	0.0012699856033981007
321	 LLH-5	0.0012693746695318787	0.0012693746695318787
322	 LLH-5	0.001270166336129233	0.001270166336129233
323	 LLH-5	0.0012700058121123002	0.0012700058121123002
324	 LLH-0	0.0012707953084868395	0.0012707953084868395
325	 LLH-5	0.0012705955266679968	0.0012705955266679968
326	 LLH-3	0.001256515946985993	0.001256515946985993
327	 LLH-1	0.0012559616065144245	0.0012559616065144245
328	 LLH-6	0.0012572804601974396	0.0012572804601974396
329	 LLH-2	0.0012655248427692117	0.0012655248427692117
330	 LLH-6	0.001264643006261552	0.001264643006261552
331	 LLH-2	0.00126601512576133	0.00126601512576133
332	 LLH-1	0.0012661385584223789	0.0012661385584223789
333	 LLH-0	0.0012670733619506713	0.0012670733619506713
334	 LLH-2	0.001283701749884861	0.001283701749884861
335	 LLH-1	0.0012836541453894142	0.0012836541453894142
336	 LLH-5	0.0012840504053411358	0.0012840504053411358
337	 LLH-5	0.0012827054495534542	0.0012827054495534542
338	 LLH-3	0.0013513857805373558	0.0013513857805373558
339	 LLH-4	0.0013491998835504578	0.0013491998835504578
341	 LLH-5	0.0013500925366683504	0.0013500925366683504
342	 LLH-3	0.001284698803167096	0.001284698803167096
343	 LLH-4	0.0012838925388316538	0.0012838925388316538
346	 LLH-6	0.0012848307061870583	0.0012848307061870583
347	 LLH-2	0.0012786933237067877	0.0012786933237067877
348	 LLH-3	0.0012734355055338139	0.0012734355055338139
349	 LLH-3	0.001330620174041009	0.001330620174041009
350	 LLH-4	0.001328979089070985	0.001328979089070985
354	 LLH-2	0.0013121684058576208	0.0013121684058576208
355	 LLH-4	0.0013102135483148117	0.0013102135483148117
357	 LLH-0	0.0013086595437530055	0.0013086595437530055
358	 LLH-0	0.001332587721475252	0.001332587721475252
359	 LLH-2	0.0013264190680422597	0.0013264190680422597
360	 LLH-3	0.001417703832446264	0.001417703832446264
361	 LLH-4	0.0014145226075639675	0.0014145226075639675
364	 LLH-4	0.0014116603346733063	0.0014116603346733063
366	 LLH-4	0.0014116603346733063	0.0014116603346733063
371	 LLH-2	0.0013817688987212845	0.0013817688987212845
372	 LLH-6	0.0013814581241151903	0.0013814581241151903
373	 LLH-4	0.0013788712558158508	0.0013788712558158508
376	 LLH-0	0.0013816953295435223	0.0013816953295435223
377	 LLH-1	0.0013820853994293576	0.0013820853994293576
378	 LLH-1	0.001381889104202414	0.001381889104202414
379	 LLH-6	0.0013815473403192414	0.0013815473403192414
380	 LLH-5	0.0013805041239615518	0.0013805041239615518
381	 LLH-6	0.0013822380343805883	0.0013822380343805883
382	 LLH-3	0.0012810763217729632	0.0012810763217729632
383	 LLH-0	0.0012820591772039955	0.0012820591772039955
384	 LLH-4	0.001280768450915853	0.001280768450915853
387	 LLH-0	0.0012793966698473542	0.0012793966698473542
388	 LLH-4	0.0012781584189895854	0.0012781584189895854
390	 LLH-2	0.001303553172973192	0.001303553172973192
391	 LLH-5	0.001302649253018491	0.001302649253018491
392	 LLH-1	0.0013027599556184057	0.0013027599556184057
393	 LLH-5	0.0013039856850816712	0.0013039856850816712
394	 LLH-1	0.0013038253107782506	0.0013038253107782506
395	 LLH-0	0.0013028545560207303	0.0013028545560207303
396	 LLH-6	0.0013028259065903383	0.0013028259065903383
397	 LLH-3	0.001272484038688796	0.001272484038688796
398	 LLH-6	0.0012733997096672225	0.0012733997096672225
399	 LLH-0	0.0012743398981054322	0.0012743398981054322
400	 LLH-5	0.0012737874577096408	0.0012737874577096408
401	 LLH-6	0.0012726847459566923	0.0012726847459566923
402	 LLH-5	0.0012722642768582715	0.0012722642768582715
403	 LLH-3	0.0012519360703789873	0.0012519360703789873
404	 LLH-2	0.001253378423041965	0.001253378423041965
405	 LLH-6	0.001254062162567691	0.001254062162567691
406	 LLH-0	0.0012551805192000532	0.0012551805192000532
407	 LLH-4	0.0012551805192000532	0.0012551805192000532
412	 LLH-3	0.0013104218630963723	0.0013104218630963723
413	 LLH-5	0.0013106980803131644	0.0013106980803131644
414	 LLH-3	0.001419176835064772	0.0013106980803131644
415	 LLH-1	0.0013106118384057295	0.0013106118384057295
416	 LLH-4	0.0013091965263942384	0.0013091965263942384
420	 LLH-3	0.001435624478713066	0.001435624478713066
421	 LLH-0	0.0014388344241057175	0.0014388344241057175
422	 LLH-6	0.0014392597457803438	0.0014392597457803438
423	 LLH-3	0.0016355034276633099	0.0014392597457803438
424	 LLH-3	0.0015702658504629782	0.0014392597457803438
425	 LLH-2	0.0013690848569512541	0.0013690848569512541
426	 LLH-3	0.0015545717900524413	0.0013690848569512541
427	 LLH-3	0.0014944185181275606	0.0013690848569512541
428	 LLH-3	0.0015079733713484022	0.0015079733713484022
429	 LLH-2	0.001446753456414413	0.001446753456414413
430	 LLH-6	0.001449633072309821	0.001449633072309821
431	 LLH-2	0.001431989363370564	0.001431989363370564
432	 LLH-6	0.00143415782267957	0.00143415782267957
433	 LLH-4	0.001431505994990003	0.001431505994990003
435	 LLH-3	0.001305840677474767	0.001305840677474767
436	 LLH-0	0.001307394620249482	0.001307394620249482
437	 LLH-6	0.0013068659013400455	0.0013068659013400455
438	 LLH-6	0.0013061721037520937	0.0013061721037520937
439	 LLH-6	0.0013043996475321992	0.0013043996475321992
440	 LLH-2	0.0012916740397294036	0.0012916740397294036
441	 LLH-2	0.0012876948990413635	0.0012876948990413635
442	 LLH-0	0.0012888413182766516	0.0012888413182766516
443	 LLH-1	0.001288827885192816	0.001288827885192816
444	 LLH-4	0.001288827885192816	0.001288827885192816
449	 LLH-6	0.0012883564603401604	0.0012883564603401604
450	 LLH-6	0.0012897335504635848	0.0012897335504635848
451	 LLH-5	0.0012907204862769735	0.0012907204862769735
452	 LLH-6	0.0012908976142368667	0.0012908976142368667
453	 LLH-0	0.0012925086378277248	0.0012925086378277248
454	 LLH-0	0.0012913386886632152	0.0012913386886632152
455	 LLH-2	0.0013019963741346295	0.0013019963741346295
456	 LLH-2	0.001298418032778868	0.001298418032778868
457	 LLH-2	0.0013080303179162935	0.0013080303179162935
458	 LLH-0	0.0013067798000448968	0.0013067798000448968
459	 LLH-0	0.0013079721005835345	0.0013079721005835345
460	 LLH-6	0.001306539276120026	0.001306539276120026
461	 LLH-6	0.0013052153084471242	0.0013052153084471242
462	 LLH-6	0.001305931046631759	0.001305931046631759
463	 LLH-4	0.0013047915629760267	0.0013047915629760267
467	 LLH-3	0.0014040081022136705	0.0014040081022136705
468	 LLH-5	0.0014040081022136705	0.0014040081022136705
469	 LLH-2	0.001375483543663385	0.001375483543663385
470	 LLH-2	0.0013689086837463161	0.0013689086837463161
471	 LLH-0	0.0013710427712131299	0.0013710427712131299
472	 LLH-6	0.0013706909491268797	0.0013706909491268797
473	 LLH-2	0.00134453966710999	0.00134453966710999
474	 LLH-1	0.0013448949268013775	0.0013448949268013775
475	 LLH-6	0.0013453515375712868	0.0013453515375712868
476	 LLH-2	0.0013322268449175122	0.0013322268449175122
477	 LLH-3	0.0014495546840823815	0.0013322268449175122
478	 LLH-1	0.0013322268449175122	0.0013322268449175122
479	 LLH-6	0.001331168404998249	0.001331168404998249
480	 LLH-0	0.0013293072668683155	0.0013293072668683155
481	 LLH-2	0.0013168338017185183	0.0013168338017185183
482	 LLH-3	0.0012685063512842523	0.0012685063512842523
483	 LLH-6	0.0012685555625976213	0.0012685555625976213
484	 LLH-1	0.0012685555625976213	0.0012685555625976213
485	 LLH-2	0.0012716015562312978	0.0012716015562312978
486	 LLH-1	0.0012716015562312978	0.0012716015562312978
487	 LLH-6	0.0012704792726390274	0.0012704792726390274
488	 LLH-2	0.0012745857471335711	0.0012745857471335711
489	 LLH-2	0.0012904944452045294	0.0012745857471335711
490	 LLH-4	0.0012736806124805352	0.0012736806124805352
495	 LLH-1	0.0012735108637718113	0.0012735108637718113
496	 LLH-4	0.0012725403013980094	0.0012725403013980094
499	 LLH-1	0.0012728108536674862	0.0012728108536674862
500	 LLH-1	0.0012728350249982257	0.0012728350249982257
501	 LLH-6	0.0012758954194305328	0.0012758954194305328
502	 LLH-5	0.0012776068964389913	0.0012776068964389913
503	 LLH-2	0.0012768910327928492	0.0012768910327928492
504	 LLH-5	0.0012771845932360137	0.0012771845932360137
505	 LLH-5	0.0012764263269226513	0.0012764263269226513
506	 LLH-5	0.0012764797287776418	0.0012764797287776418
507	 LLH-5	0.001276721750555716	0.001276721750555716
508	 LLH-3	0.0012566855119727324	0.0012566855119727324
509	 LLH-5	0.00125529231320897	0.00125529231320897
510	 LLH-4	0.00125529231320897	0.00125529231320897
515	 LLH-6	0.0012562702285811805	0.0012562702285811805
516	 LLH-4	0.0012555705034236794	0.0012555705034236794
518	 LLH-4	0.0012547180020757972	0.0012547180020757972
520	 LLH-6	0.0012553475420087068	0.0012553475420087068
521	 LLH-6	0.0012553073323170623	0.0012553073323170623
522	 LLH-3	0.0012590028532696563	0.0012590028532696563
523	 LLH-5	0.001258140755712424	0.001258140755712424
524	 LLH-2	0.0012508397237084583	0.0012508397237084583
525	 LLH-6	0.0012509270931688114	0.0012509270931688114
526	 LLH-6	0.0012514740157161404	0.0012514740157161404
527	 LLH-2	0.0012553286068311574	0.0012553286068311574
528	 LLH-2	0.0012770028256226082	0.0012770028256226082
529	 LLH-1	0.001276861872690045	0.001276861872690045
530	 LLH-4	0.001276861872690045	0.001276861872690045
535	 LLH-6	0.0012770831970736584	0.0012770831970736584
536	 LLH-1	0.0012770113930581075	0.0012770113930581075
537	 LLH-2	0.0012708588573979052	0.0012708588573979052
538	 LLH-1	0.0012708588573979052	0.0012708588573979052
539	 LLH-4	0.0012697838489601175	0.0012697838489601175
541	 LLH-1	0.00126993824737177	0.00126993824737177
542	 LLH-2	0.001286190767503225	0.001286190767503225
543	 LLH-3	0.001264505526002863	0.001264505526002863
544	 LLH-2	0.0012566532268117239	0.0012566532268117239
545	 LLH-3	0.0012489530482355873	0.0012489530482355873
546	 LLH-0	0.0012497631813523083	0.0012497631813523083
547	 LLH-1	0.0012497631813523083	0.0012497631813523083
548	 LLH-4	0.0012491167718514191	0.0012491167718514191
552	 LLH-5	0.0012480964552933642	0.0012480964552933642
553	 LLH-3	0.0012533821603945452	0.0012533821603945452
554	 LLH-3	0.0012536625773836303	0.0012536625773836303
555	 LLH-5	0.0012536013135285963	0.0012536013135285963
556	 LLH-6	0.0012529624466205724	0.0012529624466205724
557	 LLH-1	0.0012529624466205724	0.0012529624466205724
558	 LLH-6	0.0012531537480496401	0.0012531537480496401
559	 LLH-0	0.0012538774320062698	0.0012538774320062698
560	 LLH-3	0.0012731046360886255	0.0012538774320062698
561	 LLH-5	0.001253787183343361	0.001253787183343361
562	 LLH-4	0.001253787183343361	0.001253787183343361
567	 LLH-4	0.0012533826810861362	0.0012533826810861362
570	 LLH-0	0.0012538735631731643	0.0012538735631731643
571	 LLH-5	0.001253638703662149	0.001253638703662149
572	 LLH-3	0.0012749872339000185	0.0012749872339000185
573	 LLH-3	0.0013567401676005092	0.0012749872339000185
574	 LLH-4	0.0012738534350613057	0.0012738534350613057
576	 LLH-3	0.0012691103415806446	0.0012691103415806446
577	 LLH-3	0.0012540725209440411	0.0012540725209440411
578	 LLH-6	0.0012541343802223994	0.0012541343802223994
579	 LLH-4	0.0012541343802223994	0.0012541343802223994
584	 LLH-1	0.0012539904550083944	0.0012539904550083944
585	 LLH-3	0.0012506263681674103	0.0012506263681674103
586	 LLH-1	0.001250515443474997	0.001250515443474997
587	 LLH-5	0.001249982156014586	0.001249982156014586
588	 LLH-3	0.0012922259013866525	0.0012922259013866525
589	 LLH-2	0.0012845226283741483	0.0012845226283741483
590	 LLH-4	0.0012831897529156084	0.0012831897529156084
592	 LLH-6	0.0012832646218645443	0.0012832646218645443
593	 LLH-4	0.0012822220088751545	0.0012822220088751545
596	 LLH-2	0.0013079213700358929	0.0012822220088751545
597	 LLH-1	0.0012822220088751545	0.0012822220088751545
598	 LLH-5	0.0012807329494433127	0.0012807329494433127
599	 LLH-2	0.0013021579227853002	0.0012807329494433127
600	 LLH-6	0.0012812133391618993	0.0012812133391618993
601	 LLH-0	0.0012801559421973905	0.0012801559421973905
602	 LLH-3	0.001260016338837851	0.001260016338837851
603	 LLH-5	0.001259815019740219	0.001259815019740219
604	 LLH-4	0.0012590960103170492	0.0012590960103170492
606	 LLH-4	0.0012590960103170492	0.0012590960103170492
611	 LLH-2	0.00127004526756934	0.00127004526756934
612	 LLH-5	0.0012701053298609763	0.0012701053298609763
613	 LLH-4	0.0012692693442316173	0.0012692693442316173
617	 LLH-4	0.0012683405257414558	0.0012683405257414558
621	 LLH-2	0.0012799850372560888	0.0012683405257414558
622	 LLH-1	0.0012683405257414558	0.0012683405257414558
623	 LLH-3	0.0013157518314799975	0.0013157518314799975
624	 LLH-5	0.00131738576047941	0.0013157518314799975
625	 LLH-5	0.001315485528125621	0.001315485528125621
626	 LLH-6	0.0013140922856148306	0.0013140922856148306
627	 LLH-0	0.0013157542889255846	0.0013157542889255846
628	 LLH-5	0.0013149747521173567	0.0013149747521173567
629	 LLH-6	0.0013149809636364036	0.0013149809636364036
630	 LLH-6	0.001314800265750086	0.001314800265750086
631	 LLH-6	0.0013140395827448614	0.0013140395827448614
632	 LLH-4	0.0013124741915380342	0.0013124741915380342
634	 LLH-4	0.0013110215959533072	0.0013110215959533072
636	 LLH-6	0.0013108511763624347	0.0013108511763624347
637	 LLH-4	0.0013095624235451083	0.0013095624235451083
639	 LLH-3	0.0012794896006775877	0.0012794896006775877
640	 LLH-6	0.0012805875475171875	0.0012805875475171875
641	 LLH-5	0.0012791485339064702	0.0012791485339064702
642	 LLH-3	0.001264423933436364	0.001264423933436364
643	 LLH-1	0.001264423933436364	0.001264423933436364
644	 LLH-4	0.0012634350433088858	0.0012634350433088858
646	 LLH-4	0.0012634350433088858	0.0012634350433088858
651	 LLH-6	0.0012634212222070998	0.0012634212222070998
652	 LLH-0	0.0012641206172369654	0.0012641206172369654
653	 LLH-2	0.0012651159575021629	0.0012651159575021629
654	 LLH-4	0.0012651159575021629	0.0012651159575021629
659	 LLH-3	0.0013041678734561695	0.0012651159575021629
660	 LLH-2	0.0012659980702581875	0.0012659980702581875
661	 LLH-5	0.0012650230059290499	0.0012650230059290499
662	 LLH-6	0.0012658897946031713	0.0012658897946031713
663	 LLH-0	0.0012650172183559403	0.0012650172183559403
664	 LLH-1	0.0012650780369733053	0.0012650780369733053
665	 LLH-0	0.0012644320259755355	0.0012644320259755355
666	 LLH-6	0.0012676881703210443	0.0012676881703210443
667	 LLH-6	0.0012665620236192525	0.0012665620236192525
668	 LLH-3	0.001250469727823741	0.001250469727823741
669	 LLH-4	0.001250469727823741	0.001250469727823741
674	 LLH-4	0.00124985291430304	0.00124985291430304
679	 LLH-0	0.0012504290963527903	0.0012504290963527903
680	 LLH-0	0.0012510314760989026	0.0012510314760989026
681	 LLH-3	0.0012571386077216123	0.0012571386077216123
682	 LLH-0	0.0012564626307860682	0.0012564626307860682
683	 LLH-4	0.0012564626307860682	0.0012564626307860682
688	 LLH-2	0.0012603403814621373	0.0012603403814621373
689	 LLH-3	0.0013019202026378243	0.0012603403814621373
690	 LLH-0	0.0012441696694253973	0.0012441696694253973
691	 LLH-6	0.0012435694026391422	0.0012435694026391422
692	 LLH-3	0.0012418388388594189	0.0012418388388594189
693	 LLH-0	0.0012422653590139388	0.0012422653590139388
694	 LLH-1	0.0012422653590139388	0.0012422653590139388
695	 LLH-1	0.001242148332384014	0.001242148332384014
696	 LLH-6	0.0012429739540234797	0.001242148332384014
697	 LLH-4	0.001242148332384014	0.001242148332384014
702	 LLH-6	0.001241201815349628	0.001241201815349628
703	 LLH-2	0.0012515877858411577	0.001241201815349628
704	 LLH-4	0.001241201815349628	0.001241201815349628
709	 LLH-3	0.0012807002514281045	0.001241201815349628
710	 LLH-2	0.0012488005031755793	0.0012488005031755793
711	 LLH-3	0.0012901172581704268	0.0012488005031755793
712	 LLH-4	0.0012488005031755793	0.0012488005031755793
717	 LLH-2	0.001266269881447548	0.0012488005031755793
718	 LLH-4	0.0012488005031755793	0.0012488005031755793
723	 LLH-6	0.0012482220989393253	0.0012482220989393253
724	 LLH-1	0.0012482220989393253	0.0012482220989393253
725	 LLH-1	0.0012482220989393253	0.0012482220989393253
726	 LLH-2	0.0012487741046579392	0.0012487741046579392
727	 LLH-3	0.0012938501787381298	0.0012487741046579392
728	 LLH-0	0.001247907508889075	0.001247907508889075
729	 LLH-6	0.0012483060676125495	0.0012483060676125495
730	 LLH-2	0.0012557558710224461	0.0012557558710224461
731	 LLH-2	0.0012666067168059945	0.0012666067168059945
732	 LLH-6	0.0012674931822572123	0.0012674931822572123
733	 LLH-0	0.0012684959477100442	0.0012684959477100442
734	 LLH-1	0.0012684959477100442	0.0012684959477100442
735	 LLH-2	0.0012656742550821005	0.0012656742550821005
736	 LLH-1	0.0012656742550821005	0.0012656742550821005
737	 LLH-2	0.0012697044326471943	0.0012697044326471943
738	 LLH-1	0.0012690565215711302	0.0012690565215711302
739	 LLH-3	0.0013478183164788693	0.0012690565215711302
740	 LLH-2	0.0012805137550872827	0.0012690565215711302
741	 LLH-3	0.001347639526382391	0.0012690565215711302
742	 LLH-5	0.0012684059248855328	0.0012684059248855328
743	 LLH-5	0.001268209388953279	0.001268209388953279
744	 LLH-5	0.001268308065033607	0.001268308065033607
745	 LLH-0	0.0012691346442679763	0.0012691346442679763
746	 LLH-1	0.0012690901455655432	0.0012690901455655432
747	 LLH-2	0.001289324811082427	0.0012690901455655432
748	 LLH-6	0.0012680834940720681	0.0012680834940720681
749	 LLH-5	0.0012689690848781158	0.0012689690848781158
750	 LLH-6	0.001270244663352434	0.001270244663352434
751	 LLH-5	0.001270624701918444	0.001270624701918444
752	 LLH-6	0.0012690042286399182	0.0012690042286399182
753	 LLH-4	0.0012681713262659875	0.0012681713262659875
757	 LLH-0	0.0012692738386817285	0.0012692738386817285
758	 LLH-5	0.0012706312291092463	0.0012706312291092463
759	 LLH-2	0.0012903169629485604	0.0012706312291092463
760	 LLH-4	0.0012695766124208366	0.0012695766124208366
762	 LLH-6	0.0012688917277867474	0.0012688917277867474
763	 LLH-3	0.0012613696802297044	0.0012613696802297044
764	 LLH-4	0.0012604821688225413	0.0012604821688225413
767	 LLH-1	0.0012604821688225413	0.0012604821688225413
768	 LLH-3	0.0012885529625379275	0.0012604821688225413
769	 LLH-2	0.0012629368527332517	0.0012629368527332517
770	 LLH-6	0.0012621806136077504	0.0012621806136077504
771	 LLH-4	0.0012614957300109849	0.0012614957300109849
775	 LLH-1	0.001261645112377306	0.001261645112377306
776	 LLH-5	0.0012613602276223903	0.0012613602276223903
777	 LLH-6	0.0012614878011329219	0.0012614878011329219
778	 LLH-6	0.0012619206279084825	0.0012619206279084825
779	 LLH-3	0.0013082992783987907	0.0012619206279084825
780	 LLH-6	0.0012641796693807939	0.0012619206279084825
781	 LLH-1	0.0012619206279084825	0.0012619206279084825
782	 LLH-0	0.0012626130322833796	0.0012626130322833796
783	 LLH-1	0.0012625145653550156	0.0012625145653550156
784	 LLH-6	0.0012616405942712655	0.0012616405942712655
785	 LLH-4	0.001260915861392711	0.001260915861392711
787	 LLH-2	0.0012702432055837376	0.0012702432055837376
788	 LLH-0	0.0012711145269192364	0.0012711145269192364
789	 LLH-5	0.0012710975932680004	0.0012710975932680004
790	 LLH-0	0.00127209654110158	0.00127209654110158
791	 LLH-6	0.0012727472555083758	0.0012727472555083758
792	 LLH-4	0.0012717567323128874	0.0012717567323128874
795	 LLH-1	0.0012721170090193989	0.0012721170090193989
796	 LLH-1	0.0012721170090193989	0.0012721170090193989
797	 LLH-0	0.001271250874288392	0.001271250874288392
798	 LLH-1	0.001271250874288392	0.001271250874288392
799	 LLH-5	0.0012714179499682236	0.0012714179499682236
800	 LLH-1	0.0012714179499682236	0.0012714179499682236
801	 LLH-1	0.0012711974711172435	0.0012711974711172435
802	 LLH-2	0.001278544131852078	0.0012711974711172435
803	 LLH-2	0.0012773202892222696	0.0012711974711172435
804	 LLH-6	0.0012720112977266604	0.0012720112977266604
805	 LLH-2	0.001274973049835236	0.0012720112977266604
806	 LLH-0	0.0012710372799092735	0.0012710372799092735
807	 LLH-6	0.0012700793020500513	0.0012700793020500513
808	 LLH-3	0.0012545653580709362	0.0012545653580709362
809	 LLH-3	0.001293390719620069	0.0012545653580709362
810	 LLH-1	0.0012545653580709362	0.0012545653580709362
811	 LLH-2	0.0012639258759086992	0.0012545653580709362
812	 LLH-4	0.0012545653580709362	0.0012545653580709362
817	 LLH-5	0.0012538590394132322	0.0012538590394132322
818	 LLH-1	0.0012535812914343312	0.0012535812914343312
819	 LLH-4	0.0012531094011206073	0.0012531094011206073
822	 LLH-5	0.001253496718616303	0.001253496718616303
823	 LLH-1	0.001253496718616303	0.001253496718616303
824	 LLH-2	0.0012560554378108096	0.0012560554378108096
825	 LLH-2	0.0012599475188542187	0.0012560554378108096
826	 LLH-2	0.0012673450000471173	0.0012673450000471173
827	 LLH-2	0.0012775562884250447	0.0012673450000471173
828	 LLH-3	0.0012586982190385045	0.0012586982190385045
829	 LLH-4	0.0012581877259560665	0.0012581877259560665
833	 LLH-5	0.0012575161265215387	0.0012575161265215387
834	 LLH-6	0.0012566721153708111	0.0012566721153708111
835	 LLH-0	0.0012572368651276595	0.0012572368651276595
836	 LLH-1	0.0012569657689993838	0.0012569657689993838
837	 LLH-2	0.0012633099819287098	0.0012633099819287098
838	 LLH-1	0.0012633099819287098	0.0012633099819287098
839	 LLH-2	0.0012663274435167527	0.0012663274435167527
840	 LLH-6	0.001265955066746466	0.001265955066746466
841	 LLH-1	0.0012660713774881613	0.0012660713774881613
842	 LLH-5	0.0012657859306034604	0.0012657859306034604
843	 LLH-6	0.0012667299903388013	0.0012667299903388013
844	 LLH-4	0.001266089113850214	0.001266089113850214
848	 LLH-0	0.0012654012141147645	0.0012654012141147645
849	 LLH-6	0.0012664795523643902	0.0012664795523643902
850	 LLH-0	0.0012672274913812568	0.0012672274913812568
851	 LLH-1	0.0012674466038898134	0.0012674466038898134
852	 LLH-0	0.001268419062043208	0.001268419062043208
853	 LLH-5	0.0012686524486443902	0.0012686524486443902
854	 LLH-0	0.0012675704104441578	0.0012675704104441578
855	 LLH-1	0.0012677730111297517	0.0012677730111297517
856	 LLH-5	0.0012688202697150018	0.0012688202697150018
857	 LLH-4	0.0012678328249843545	0.0012678328249843545
860	 LLH-4	0.0012670225430264602	0.0012670225430264602
862	 LLH-1	0.0012670225430264602	0.0012670225430264602
863	 LLH-6	0.001267611850092137	0.001267611850092137
864	 LLH-5	0.001266662312304295	0.001266662312304295
865	 LLH-1	0.0012668364036781574	0.0012668364036781574
866	 LLH-2	0.0012713800635538997	0.0012713800635538997
867	 LLH-0	0.0012721446642319216	0.0012721446642319216
868	 LLH-6	0.0012719835624265988	0.0012719835624265988
869	 LLH-0	0.0012728981964596968	0.0012719835624265988
870	 LLH-0	0.0012726888607795216	0.0012726888607795216
871	 LLH-3	0.0012623023391572388	0.0012623023391572388
872	 LLH-1	0.0012623023391572388	0.0012623023391572388
873	 LLH-5	0.001260880280931589	0.001260880280931589
874	 LLH-4	0.0012602049339273424	0.0012602049339273424
876	 LLH-6	0.0012600329713131756	0.0012600329713131756
877	 LLH-0	0.001260699729286645	0.0012600329713131756
878	 LLH-2	0.0012540868402225543	0.0012540868402225543
879	 LLH-0	0.001253215462067631	0.001253215462067631
880	 LLH-0	0.001254138377171244	0.001254138377171244
881	 LLH-6	0.0012547900559301555	0.0012547900559301555
882	 LLH-6	0.0012569498408593267	0.0012569498408593267
883	 LLH-0	0.001257951261217713	0.001257951261217713
884	 LLH-2	0.0012784675635327965	0.001257951261217713
885	 LLH-3	0.0013088181539664663	0.001257951261217713
886	 LLH-4	0.001257058482259032	0.001257058482259032
888	 LLH-3	0.0012509656869488313	0.0012509656869488313
889	 LLH-5	0.0012511066248806061	0.0012511066248806061
890	 LLH-0	0.0012517988775509904	0.0012517988775509904
891	 LLH-5	0.001252172956852633	0.001252172956852633
892	 LLH-2	0.001265571955259671	0.001252172956852633
893	 LLH-2	0.0012621066888520074	0.001252172956852633
894	 LLH-6	0.001252069569418258	0.001252069569418258
895	 LLH-2	0.0012582136361515969	0.0012582136361515969
896	 LLH-5	0.0012584527515836453	0.0012584527515836453
897	 LLH-6	0.001259860712980306	0.001259860712980306
898	 LLH-1	0.001259860712980306	0.001259860712980306
899	 LLH-4	0.0012587312283059767	0.0012587312283059767
902	 LLH-3	0.0013187606220594406	0.0012587312283059767
903	 LLH-0	0.0012595197950064038	0.0012587312283059767
904	 LLH-1	0.0012585939626147424	0.0012585939626147424
905	 LLH-4	0.001257756710251507	0.001257756710251507
909	 LLH-3	0.0013162723617727939	0.001257756710251507
910	 LLH-2	0.00126735868647867	0.001257756710251507
911	 LLH-4	0.0012571271683473621	0.0012571271683473621
914	 LLH-3	0.0012577068186562404	0.0012577068186562404
915	 LLH-2	0.0012537068041032124	0.0012537068041032124
916	 LLH-1	0.0012537068041032124	0.0012537068041032124
917	 LLH-4	0.0012537068041032124	0.0012537068041032124
922	 LLH-0	0.0012545782336126684	0.0012545782336126684
923	 LLH-0	0.0012553516775476558	0.0012553516775476558
924	 LLH-5	0.001255828479345011	0.001255828479345011
925	 LLH-6	0.0012565047745979954	0.001255828479345011
926	 LLH-1	0.001255828479345011	0.001255828479345011
927	 LLH-0	0.001256572748578534	0.001256572748578534
928	 LLH-3	0.0013302098201745643	0.001256572748578534
929	 LLH-5	0.0012565691885702923	0.0012565691885702923
930	 LLH-5	0.001256701269002157	0.001256701269002157
931	 LLH-4	0.0012558301611214772	0.0012558301611214772
936	 LLH-0	0.0012568408735461412	0.0012568408735461412
937	 LLH-1	0.001256817370323979	0.001256817370323979
938	 LLH-0	0.0012578066772516452	0.0012578066772516452
939	 LLH-6	0.0012578817533775892	0.0012578817533775892
940	 LLH-1	0.0012578817533775892	0.0012578817533775892
941	 LLH-2	0.0012654308320663617	0.0012578817533775892
942	 LLH-4	0.0012572489773523205	0.0012572489773523205
944	 LLH-0	0.0012566124072970807	0.0012566124072970807
945	 LLH-2	0.0012591283985924837	0.0012591283985924837
946	 LLH-5	0.0012582024143769285	0.0012582024143769285
947	 LLH-1	0.0012583767119305755	0.0012583767119305755
948	 LLH-1	0.0012583380546640744	0.0012583380546640744
949	 LLH-4	0.001257539716813595	0.001257539716813595
952	 LLH-1	0.0012573119881313978	0.0012573119881313978
953	 LLH-0	0.001256637148357927	0.001256637148357927
954	 LLH-1	0.0012565504557081092	0.0012565504557081092
955	 LLH-0	0.0012573348542342143	0.0012565504557081092
956	 LLH-6	0.0012577099073705791	0.0012577099073705791
957	 LLH-6	0.001256592308073396	0.001256592308073396
958	 LLH-0	0.001257422863275998	0.001256592308073396
959	 LLH-0	0.0012574543484808296	0.0012574543484808296
960	 LLH-0	0.001258199515121866	0.0012574543484808296
961	 LLH-2	0.0012794010979439423	0.0012574543484808296
962	 LLH-2	0.0012700909676752821	0.0012574543484808296
963	 LLH-5	0.001257474157181401	0.001257474157181401
964	 LLH-6	0.0012575884427436978	0.0012575884427436978
965	 LLH-4	0.0012566332872110328	0.0012566332872110328
969	 LLH-1	0.0012566332872110328	0.0012566332872110328
970	 LLH-5	0.0012559338271146585	0.0012559338271146585
971	 LLH-5	0.0012561515407536875	0.0012561515407536875
972	 LLH-6	0.0012533906575047623	0.0012533906575047623
973	 LLH-5	0.0012538144576228023	0.0012538144576228023
974	 LLH-4	0.0012538144576228023	0.0012538144576228023
979	 LLH-4	0.0012538144576228023	0.0012538144576228023
984	 LLH-1	0.0012538144576228023	0.0012538144576228023
985	 LLH-4	0.0012538144576228023	0.0012538144576228023
990	 LLH-4	0.0012538144576228023	0.0012538144576228023
995	 LLH-6	0.0012540223988391946	0.0012540223988391946
996	 LLH-3	0.0012521810616278285	0.0012521810616278285
997	 LLH-5	0.001252545163024324	0.001252545163024324
998	 LLH-4	0.0012519273453817756	0.0012519273453817756
1000	 LLH-1	0.0012519199266015245	0.0012519199266015245
1001	 LLH-2	0.0012604806960018655	0.0012604806960018655
1002	 LLH-5	0.0012607524288900346	0.0012607524288900346
1003	 LLH-3	0.001305620014494083	0.0012607524288900346
1004	 LLH-1	0.0012607524288900346	0.0012607524288900346
1005	 LLH-1	0.0012607524288900346	0.0012607524288900346
1006	 LLH-6	0.0012615209369764473	0.0012615209369764473
1007	 LLH-6	0.0012612274945521603	0.0012612274945521603
1008	 LLH-6	0.001259679733997079	0.001259679733997079
1009	 LLH-6	0.0012603180853293645	0.0012603180853293645
1010	 LLH-0	0.0012611217785137541	0.0012611217785137541
1011	 LLH-5	0.0012609383103590207	0.0012609383103590207
1012	 LLH-1	0.0012609383103590207	0.0012609383103590207
1013	 LLH-6	0.0012605416222656977	0.0012605416222656977
1014	 LLH-4	0.0012605416222656977	0.0012605416222656977
1019	 LLH-0	0.0012613812075716975	0.0012613812075716975
1020	 LLH-0	0.0012620160318442633	0.0012620160318442633
1021	 LLH-3	0.0013211764124343285	0.0012620160318442633
1022	 LLH-3	0.0012464175939738706	0.0012464175939738706
1023	 LLH-2	0.0012652409584652123	0.0012464175939738706
1024	 LLH-6	0.001245562217600327	0.001245562217600327
1025	 LLH-5	0.00124577540407515	0.00124577540407515
1026	 LLH-4	0.00124577540407515	0.00124577540407515
1031	 LLH-4	0.00124577540407515	0.00124577540407515
1036	 LLH-1	0.0012458316505419495	0.0012458316505419495
1037	 LLH-6	0.0012459829003998468	0.0012459829003998468
1038	 LLH-1	0.0012459829003998468	0.0012459829003998468
1039	 LLH-0	0.0012619206657626522	0.0012459829003998468
1040	 LLH-1	0.0012460245499005464	0.0012460245499005464
1041	 LLH-4	0.0012460245499005464	0.0012460245499005464
1046	 LLH-0	0.001246531963864851	0.001246531963864851
1047	 LLH-2	0.0012653322053400127	0.001246531963864851
1048	 LLH-5	0.0012468842012588997	0.0012468842012588997
1049	 LLH-6	0.0012449064412766687	0.0012449064412766687
1050	 LLH-6	0.0012461639037384315	0.0012449064412766687
1051	 LLH-3	0.0012976614878526243	0.0012449064412766687
1052	 LLH-3	0.0012545770858532418	0.0012449064412766687
1053	 LLH-1	0.0012449064412766687	0.0012449064412766687
1054	 LLH-5	0.0012447996289477491	0.0012447996289477491
1055	 LLH-6	0.0012459552225015135	0.0012447996289477491
1056	 LLH-2	0.0012537170987312963	0.0012447996289477491
1057	 LLH-6	0.0012452227225424929	0.0012452227225424929
1058	 LLH-4	0.0012446293966999222	0.0012446293966999222
1061	 LLH-4	0.0012446293966999222	0.0012446293966999222
1066	 LLH-0	0.00124542569159264	0.00124542569159264
1067	 LLH-0	0.0012461278134254803	0.0012461278134254803
1068	 LLH-5	0.0012459964679786477	0.0012459964679786477
1069	 LLH-4	0.0012454430496165536	0.0012454430496165536
1071	 LLH-4	0.0012448934425907132	0.0012448934425907132
1073	 LLH-6	0.0012449974401730615	0.0012449974401730615
1074	 LLH-0	0.0012455478161157035	0.0012455478161157035
1075	 LLH-0	0.00124618287007173	0.00124618287007173
1076	 LLH-4	0.0012453502168545633	0.0012453502168545633
1078	 LLH-2	0.0012539251790006016	0.0012453502168545633
1079	 LLH-0	0.0012459391970340095	0.0012459391970340095
1080	 LLH-6	0.001246495698923254	0.0012459391970340095
1081	 LLH-4	0.0012459391970340095	0.0012459391970340095
1086	 LLH-4	0.0012459391970340095	0.0012459391970340095
1091	 LLH-0	0.0012454078376669267	0.0012454078376669267
1092	 LLH-3	0.0012933556349688648	0.0012454078376669267
1093	 LLH-5	0.0012455058221371741	0.0012455058221371741
1094	 LLH-2	0.0012547195362161247	0.0012455058221371741
1095	 LLH-2	0.0012555864434614645	0.0012455058221371741
1096	 LLH-2	0.0012555419159355837	0.0012455058221371741
1097	 LLH-6	0.0012444955920885234	0.0012444955920885234
1098	 LLH-3	0.0012963911441273952	0.0012444955920885234
1099	 LLH-1	0.0012442988279523686	0.0012442988279523686
1100	 LLH-4	0.001243759959587578	0.001243759959587578
1104	 LLH-1	0.001243639462079981	0.001243639462079981
1105	 LLH-0	0.0012443001524066455	0.0012443001524066455
1106	 LLH-3	0.001254253478552916	0.0012443001524066455
1107	 LLH-2	0.0012533716953411764	0.0012443001524066455
1108	 LLH-0	0.0012452160982451685	0.0012452160982451685
1109	 LLH-1	0.001245063837652674	0.001245063837652674
1110	 LLH-3	0.0012464558122923777	0.001245063837652674
1111	 LLH-2	0.0012533325211438572	0.001245063837652674
1112	 LLH-6	0.001245712197885937	0.001245712197885937
1113	 LLH-2	0.0012517677854733714	0.0012517677854733714
1114	 LLH-1	0.0012513687324093624	0.0012513687324093624
1115	 LLH-0	0.0012520270690967845	0.0012520270690967845
1116	 LLH-1	0.0012522826935120737	0.0012522826935120737
1117	 LLH-1	0.0012522826935120737	0.0012522826935120737
1118	 LLH-2	0.0012576594056251545	0.0012522826935120737
1119	 LLH-3	0.0013060468586417165	0.0012522826935120737
1120	 LLH-2	0.001268960149190011	0.0012522826935120737
1121	 LLH-0	0.0012514201501469635	0.0012514201501469635
1122	 LLH-2	0.0012706146838540986	0.0012514201501469635
1123	 LLH-3	0.0013264913135880118	0.0012514201501469635
1124	 LLH-6	0.0012518666580590674	0.0012518666580590674
1125	 LLH-6	0.0012523991466743519	0.0012523991466743519
1126	 LLH-2	0.0012582331576603714	0.0012582331576603714
1127	 LLH-0	0.0012590807089024427	0.0012582331576603714
1128	 LLH-5	0.0012581881824721781	0.0012581881824721781
1129	 LLH-2	0.0012674439436112226	0.0012581881824721781
1130	 LLH-4	0.0012574210710183005	0.0012574210710183005
1133	 LLH-2	0.001272232536965596	0.0012574210710183005
1134	 LLH-2	0.0012652787735624507	0.0012574210710183005
1135	 LLH-6	0.0012568877658350316	0.0012568877658350316
1136	 LLH-0	0.001257567238354329	0.0012568877658350316
1137	 LLH-6	0.0012567896146212622	0.0012567896146212622
1138	 LLH-0	0.0012561203256411962	0.0012561203256411962
1139	 LLH-1	0.0012561203256411962	0.0012561203256411962
1140	 LLH-3	0.0012474432185382363	0.0012474432185382363
1141	 LLH-3	0.001255578075267396	0.0012474432185382363
1142	 LLH-6	0.0012477945757355178	0.0012477945757355178
1143	 LLH-4	0.0012470534192395772	0.0012470534192395772
1145	 LLH-3	0.0012533590288790666	0.0012470534192395772
1146	 LLH-3	0.0012583831662866468	0.0012470534192395772
1147	 LLH-0	0.0012632335660942152	0.0012470534192395772
1148	 LLH-0	0.0012477941602752228	0.0012477941602752228
1149	 LLH-0	0.001246622317045563	0.001246622317045563
1150	 LLH-0	0.0012471046817499798	0.0012471046817499798
1151	 LLH-1	0.0012471046817499798	0.0012471046817499798
1152	 LLH-0	0.001247606944293853	0.001247606944293853
1153	 LLH-3	0.0012950424276468929	0.001247606944293853
1154	 LLH-3	0.0012841353740519477	0.001247606944293853
1155	 LLH-5	0.0012478912014930851	0.0012478912014930851
1156	 LLH-1	0.0012478912014930851	0.0012478912014930851
1157	 LLH-6	0.0012477806440392943	0.0012477806440392943
1158	 LLH-1	0.001247820635656091	0.001247820635656091
1159	 LLH-5	0.001247275007030094	0.001247275007030094
1160	 LLH-2	0.00125307889095859	0.001247275007030094
1161	 LLH-3	0.0012572355295036033	0.001247275007030094
1162	 LLH-6	0.001246447400180345	0.001246447400180345
1163	 LLH-1	0.001246447400180345	0.001246447400180345
1164	 LLH-5	0.0012469565331436187	0.0012469565331436187
1165	 LLH-6	0.0012459450887322935	0.0012459450887322935
1166	 LLH-6	0.001246615908383876	0.0012459450887322935
1167	 LLH-1	0.001245951110964733	0.001245951110964733
1168	 LLH-1	0.0012458704935120184	0.0012458704935120184
1169	 LLH-5	0.0012458926504081782	0.0012458926504081782
1170	 LLH-3	0.0012527475308439539	0.0012458926504081782
1171	 LLH-2	0.0012540086116093199	0.0012458926504081782
1172	 LLH-0	0.0012465072188410711	0.0012465072188410711
1173	 LLH-3	0.0012882085158221683	0.0012465072188410711
1174	 LLH-2	0.0012506474601916325	0.0012465072188410711
1175	 LLH-3	0.001248326634189848	0.0012465072188410711
1176	 LLH-0	0.0012472225447119172	0.0012472225447119172
1177	 LLH-2	0.0012600120724390726	0.0012472225447119172
1178	 LLH-0	0.0012481607740994554	0.0012472225447119172
1179	 LLH-2	0.0012548265444287882	0.0012472225447119172
1180	 LLH-3	0.001287028066807583	0.0012472225447119172
1181	 LLH-0	0.0012480004526727278	0.0012480004526727278
1182	 LLH-1	0.0012480004526727278	0.0012480004526727278
1183	 LLH-3	0.0012541624627120797	0.0012480004526727278
1184	 LLH-5	0.0012482966736115284	0.0012482966736115284
1185	 LLH-2	0.001271988325660803	0.0012482966736115284
1186	 LLH-3	0.0012960257863846728	0.0012482966736115284
1187	 LLH-6	0.00124820116174135	0.00124820116174135
1188	 LLH-1	0.00124820116174135	0.00124820116174135
1189	 LLH-1	0.00124820116174135	0.00124820116174135
1190	 LLH-1	0.0012481123776037135	0.0012481123776037135
1191	 LLH-0	0.0012475113159951604	0.0012475113159951604
1192	 LLH-1	0.0012475113159951604	0.0012475113159951604
1193	 LLH-6	0.0012460753883902073	0.0012460753883902073
1194	 LLH-6	0.0012457218351789629	0.0012457218351789629
1195	 LLH-5	0.0012465150053262222	0.0012465150053262222
1196	 LLH-5	0.001246329091240683	0.001246329091240683
1197	 LLH-4	0.001246329091240683	0.001246329091240683
1202	 LLH-1	0.001246329091240683	0.001246329091240683
1203	 LLH-1	0.001246329091240683	0.001246329091240683
1204	 LLH-5	0.0012461067256264607	0.0012461067256264607
1205	 LLH-6	0.0012470594878729773	0.0012461067256264607
1206	 LLH-6	0.0012474837941975413	0.0012461067256264607
1207	 LLH-4	0.0012456223553977555	0.0012456223553977555
1210	 LLH-5	0.0012458093994395319	0.0012458093994395319
1211	 LLH-3	0.0012554952475689707	0.0012458093994395319
1212	 LLH-6	0.0012470317406188336	0.0012458093994395319
1213	 LLH-1	0.0012459561695579813	0.0012459561695579813
1214	 LLH-6	0.0012470434753410241	0.0012459561695579813
1215	 LLH-5	0.001245732743616001	0.001245732743616001
1216	 LLH-0	0.0012466679011841667	0.0012466679011841667
1217	 LLH-6	0.0012475726529271795	0.0012475726529271795
1218	 LLH-4	0.0012470593625846572	0.0012470593625846572
1220	 LLH-0	0.0012477790733954719	0.0012470593625846572
1221	 LLH-0	0.00124781425926637	0.0012470593625846572
1222	 LLH-2	0.0012581523135075502	0.0012470593625846572
1223	 LLH-1	0.0012470593625846572	0.0012470593625846572
1224	 LLH-1	0.001246862445062761	0.001246862445062761
1225	 LLH-1	0.001246862445062761	0.001246862445062761
1226	 LLH-0	0.001246324719303184	0.001246324719303184
1227	 LLH-0	0.0012457155452061668	0.0012457155452061668
1228	 LLH-2	0.0012619140738867967	0.0012457155452061668
1229	 LLH-2	0.0012528453445612652	0.0012457155452061668
1230	 LLH-0	0.0012465529574658537	0.0012465529574658537
1231	 LLH-4	0.0012465529574658537	0.0012465529574658537
1236	 LLH-3	0.0012545459757902903	0.0012465529574658537
1237	 LLH-5	0.0012473590607774397	0.0012465529574658537
1238	 LLH-2	0.0012531420942764556	0.0012465529574658537
1239	 LLH-2	0.0012596287873717206	0.0012465529574658537
1240	 LLH-0	0.0012470689919809133	0.0012470689919809133
1241	 LLH-5	0.0012478512298083767	0.0012478512298083767
1242	 LLH-0	0.0012483378433544375	0.0012483378433544375
1243	 LLH-4	0.0012476152662348437	0.0012476152662348437
1246	 LLH-6	0.0012475975073330792	0.0012475975073330792
1247	 LLH-5	0.0012478606128876121	0.0012478606128876121
1248	 LLH-6	0.0012464891947459667	0.0012464891947459667
1249	 LLH-6	0.0012463800304870327	0.0012463800304870327
1250	 LLH-0	0.001246950114395877	0.0012463800304870327
1251	 LLH-5	0.0012472318092851807	0.0012463800304870327
1252	 LLH-3	0.0012573170571510456	0.0012463800304870327
1253	 LLH-6	0.001247144609457674	0.0012463800304870327
1254	 LLH-5	0.0012466746015689831	0.0012466746015689831
1255	 LLH-0	0.0012461276026293094	0.0012461276026293094
1256	 LLH-2	0.0012622346429950544	0.0012461276026293094
1257	 LLH-4	0.0012456372503953836	0.0012456372503953836
1262	 LLH-2	0.0012563024002412986	0.0012456372503953836
1263	 LLH-5	0.0012459073294086831	0.0012459073294086831
1264	 LLH-3	0.0012543258383509593	0.0012459073294086831
1265	 LLH-1	0.0012462791954565497	0.0012462791954565497
1266	 LLH-0	0.00124700431177224	0.00124700431177224
1267	 LLH-2	0.0012587236261070334	0.00124700431177224
1268	 LLH-4	0.00124700431177224	0.00124700431177224
1273	 LLH-2	0.0012525132619781924	0.00124700431177224
1274	 LLH-5	0.0012473285530328034	0.0012473285530328034
1275	 LLH-6	0.0012479579004330463	0.0012479579004330463
1276	 LLH-5	0.0012485227057282206	0.0012479579004330463
1277	 LLH-1	0.0012479579004330463	0.0012479579004330463
1278	 LLH-2	0.0012649224187185073	0.0012479579004330463
1279	 LLH-3	0.0013041030766715407	0.0012479579004330463
1280	 LLH-0	0.0012472187973323415	0.0012472187973323415
1281	 LLH-1	0.0012472665630322078	0.0012472665630322078
1282	 LLH-0	0.0012478399476396843	0.0012478399476396843
1283	 LLH-4	0.0012469571089028105	0.0012469571089028105
1286	 LLH-5	0.001246832638754082	0.001246832638754082
1287	 LLH-1	0.001246832638754082	0.001246832638754082
1288	 LLH-4	0.00124604417510595	0.00124604417510595
1290	 LLH-6	0.0012468071396024066	0.0012468071396024066
1291	 LLH-1	0.0012468071396024066	0.0012468071396024066
1292	 LLH-6	0.001247237216098457	0.001247237216098457
1293	 LLH-2	0.0012518015738024173	0.001247237216098457
1294	 LLH-0	0.0012476903987237084	0.001247237216098457
1295	 LLH-4	0.001247237216098457	0.001247237216098457
1300	 LLH-0	0.0012480712901434313	0.001247237216098457
1301	 LLH-3	0.0012541410260320399	0.001247237216098457
1302	 LLH-5	0.0012481602728285721	0.001247237216098457
1303	 LLH-5	0.0012470116197828144	0.0012470116197828144
1304	 LLH-6	0.0012475795909143883	0.0012470116197828144
1305	 LLH-6	0.0012472750366891087	0.0012470116197828144
1306	 LLH-4	0.0012470116197828144	0.0012470116197828144
1311	 LLH-6	0.0012475263256491178	0.0012470116197828144
1312	 LLH-6	0.0012456816886966336	0.0012456816886966336
1313	 LLH-0	0.0012618431857383708	0.0012456816886966336
1314	 LLH-3	0.0012576605108387481	0.0012456816886966336
1315	 LLH-0	0.001261940340067295	0.0012456816886966336
1316	 LLH-2	0.001266227579924634	0.0012456816886966336
1317	 LLH-6	0.0012471400484430637	0.0012456816886966336
1318	 LLH-2	0.0012528106323846755	0.0012456816886966336
1319	 LLH-2	0.0012515656889257735	0.0012456816886966336
1320	 LLH-1	0.0012455638563143852	0.0012455638563143852
1321	 LLH-6	0.0012468901067577262	0.0012455638563143852
1322	 LLH-6	0.0012455213787846732	0.0012455213787846732
1323	 LLH-3	0.0012542580470421617	0.0012455213787846732
1324	 LLH-6	0.0012462794629594521	0.0012455213787846732
1325	 LLH-6	0.0012459209420442644	0.0012459209420442644
1326	 LLH-4	0.0012459209420442644	0.0012459209420442644
1331	 LLH-4	0.0012459209420442644	0.0012459209420442644
1336	 LLH-4	0.0012459209420442644	0.0012459209420442644
1341	 LLH-4	0.0012459209420442644	0.0012459209420442644
1346	 LLH-2	0.0012617469364845796	0.0012459209420442644
1347	 LLH-2	0.0012546970143753457	0.0012459209420442644
1348	 LLH-4	0.0012459209420442644	0.0012459209420442644
1353	 LLH-6	0.0012469547688582832	0.0012459209420442644
1354	 LLH-0	0.0012467574365149004	0.0012459209420442644
1355	 LLH-1	0.0012459209420442644	0.0012459209420442644
1356	 LLH-5	0.001246234046231483	0.001246234046231483
1357	 LLH-6	0.0012470514242701298	0.001246234046231483
1358	 LLH-0	0.0012624435230866005	0.001246234046231483
1359	 LLH-3	0.0012976402682645005	0.001246234046231483
1360	 LLH-0	0.0012622454783677076	0.001246234046231483
1361	 LLH-5	0.0012473111217362882	0.001246234046231483
1362	 LLH-3	0.001242760566593124	0.001242760566593124
1363	 LLH-2	0.0012612318341102054	0.001242760566593124
1364	 LLH-6	0.0012440160280566353	0.001242760566593124
1365	 LLH-6	0.0012425548905563746	0.0012425548905563746
1366	 LLH-4	0.0012425548905563746	0.0012425548905563746
1371	 LLH-0	0.0012429900687215146	0.0012425548905563746
1372	 LLH-6	0.0012427439700694511	0.0012427439700694511
1373	 LLH-4	0.0012427439700694511	0.0012427439700694511
1378	 LLH-4	0.0012427439700694511	0.0012427439700694511
1383	 LLH-4	0.0012427439700694511	0.0012427439700694511
1388	 LLH-2	0.0012485246274255028	0.0012427439700694511
1389	 LLH-6	0.0012433989081522849	0.0012433989081522849
1390	 LLH-2	0.0012532639872947543	0.0012433989081522849
1391	 LLH-4	0.0012433989081522849	0.0012433989081522849
1396	 LLH-3	0.0012450961883078658	0.0012433989081522849
1397	 LLH-2	0.0012581818913443923	0.0012433989081522849
1398	 LLH-1	0.0012433989081522849	0.0012433989081522849
1399	 LLH-1	0.0012433989081522849	0.0012433989081522849
1400	 LLH-2	0.0012558431104009418	0.0012433989081522849
1401	 LLH-3	0.0012549242449616247	0.0012433989081522849
1402	 LLH-1	0.001243391593775457	0.001243391593775457
1403	 LLH-2	0.0012561354719136607	0.001243391593775457
1404	 LLH-4	0.001243391593775457	0.001243391593775457
1409	 LLH-6	0.001242989227244952	0.001242989227244952
1410	 LLH-1	0.001242989227244952	0.001242989227244952
1411	 LLH-3	0.001255984237170091	0.001242989227244952
1412	 LLH-4	0.001242989227244952	0.001242989227244952
1417	 LLH-1	0.001242989227244952	0.001242989227244952
1418	 LLH-5	0.001242989227244952	0.001242989227244952
1419	 LLH-0	0.001243485998368842	0.001242989227244952
1420	 LLH-5	0.0012432707954125961	0.001242989227244952
1421	 LLH-0	0.0012438041836931061	0.001242989227244952
1422	 LLH-1	0.0012428987682959083	0.0012428987682959083
1423	 LLH-2	0.001258124048967272	0.0012428987682959083
1424	 LLH-3	0.0012903643016811427	0.0012428987682959083
1425	 LLH-0	0.0012434501243295392	0.0012428987682959083
1426	 LLH-1	0.0012428987682959083	0.0012428987682959083
1427	 LLH-1	0.0012428987682959083	0.0012428987682959083
1428	 LLH-0	0.001243367346130847	0.0012428987682959083
1429	 LLH-3	0.001256018709622346	0.0012428987682959083
1430	 LLH-6	0.0012439760422184919	0.0012428987682959083
1431	 LLH-1	0.0012428987682959083	0.0012428987682959083
1432	 LLH-1	0.0012428987682959083	0.0012428987682959083
1433	 LLH-2	0.001250364880550376	0.0012428987682959083
1434	 LLH-3	0.0012437676778763195	0.0012428987682959083
1435	 LLH-4	0.0012428987682959083	0.0012428987682959083
1440	 LLH-0	0.0012583446428878083	0.0012428987682959083
1441	 LLH-3	0.0012560649319897964	0.0012428987682959083
1442	 LLH-2	0.0012455611249891714	0.0012428987682959083
1443	 LLH-4	0.0012428987682959083	0.0012428987682959083
1448	 LLH-6	0.0012428803598838064	0.0012428803598838064
1449	 LLH-2	0.0012526156313858719	0.0012428803598838064
1450	 LLH-0	0.0012434889561305036	0.0012428803598838064
1451	 LLH-4	0.0012428803598838064	0.0012428803598838064
1456	 LLH-5	0.001243056886440316	0.001243056886440316
1457	 LLH-3	0.0012863454840400645	0.001243056886440316
1458	 LLH-5	0.0012423391392554712	0.0012423391392554712
1459	 LLH-0	0.0012428222277185194	0.0012423391392554712
1460	 LLH-3	0.0012981295517097238	0.0012423391392554712
1461	 LLH-2	0.001248140524514882	0.0012423391392554712
1462	 LLH-4	0.0012423391392554712	0.0012423391392554712
1467	 LLH-1	0.0012426439478468547	0.0012423391392554712
1468	 LLH-6	0.0012425931390820954	0.0012423391392554712
1469	 LLH-5	0.001242422253867325	0.0012423391392554712
1470	 LLH-1	0.0012423391392554712	0.0012423391392554712
1471	 LLH-3	0.0012971264619877328	0.0012423391392554712
1472	 LLH-4	0.0012423391392554712	0.0012423391392554712
1477	 LLH-6	0.0012421989543021361	0.0012421989543021361
1478	 LLH-4	0.0012421989543021361	0.0012421989543021361
1483	 LLH-4	0.0012421989543021361	0.0012421989543021361
1488	 LLH-5	0.0012425229463170298	0.0012421989543021361
1489	 LLH-5	0.0012423082617328766	0.0012423082617328766
1490	 LLH-5	0.0012428401786195023	0.0012423082617328766
1491	 LLH-5	0.0012421830072374932	0.0012421830072374932
1492	 LLH-0	0.00125756274661008	0.0012421830072374932
1493	 LLH-4	0.0012421830072374932	0.0012421830072374932
1498	 LLH-5	0.0012419533810615494	0.0012419533810615494
1499	 LLH-1	0.0012419533810615494	0.0012419533810615494
1500	 LLH-3	0.0012790555506724483	0.0012419533810615494
1501	 LLH-5	0.0012423032519068527	0.0012419533810615494
1502	 LLH-2	0.001245413331324274	0.0012419533810615494
1503	 LLH-1	0.0012419533810615494	0.0012419533810615494
1504	 LLH-3	0.0012435235410597643	0.0012419533810615494
1505	 LLH-1	0.0012419533810615494	0.0012419533810615494
1506	 LLH-6	0.001241911727055797	0.001241911727055797
1507	 LLH-6	0.0012417022284349018	0.0012417022284349018
1508	 LLH-0	0.0012422136793039137	0.0012422136793039137
1509	 LLH-0	0.001242729775391762	0.0012422136793039137
1510	 LLH-4	0.0012412977680620549	0.0012412977680620549
1513	 LLH-1	0.0012413439912405558	0.0012413439912405558
1514	 LLH-0	0.0012418481258709248	0.0012413439912405558
1515	 LLH-3	0.0012414218987713119	0.0012414218987713119
1516	 LLH-6	0.001242175469885095	0.0012414218987713119
1517	 LLH-3	0.0012453877144284738	0.0012414218987713119
1518	 LLH-0	0.001241875922867615	0.0012414218987713119
1519	 LLH-1	0.0012419777386491555	0.0012414218987713119
1520	 LLH-5	0.0012413855853249745	0.0012413855853249745
1521	 LLH-6	0.0012416310118337167	0.0012416310118337167
1522	 LLH-1	0.0012416310118337167	0.0012416310118337167
1523	 LLH-1	0.0012416310118337167	0.0012416310118337167
1524	 LLH-0	0.0012423220702501517	0.0012416310118337167
1525	 LLH-3	0.00128225388314114	0.0012416310118337167
1526	 LLH-0	0.001242125622661771	0.001242125622661771
1527	 LLH-6	0.0012424369905644286	0.001242125622661771
1528	 LLH-3	0.0012780321720183892	0.001242125622661771
1529	 LLH-2	0.0012538177434799139	0.001242125622661771
1530	 LLH-4	0.001242125622661771	0.001242125622661771
1535	 LLH-3	0.001248501283102041	0.001242125622661771
1536	 LLH-0	0.0012426460675230922	0.001242125622661771
1537	 LLH-1	0.0012420702495261572	0.0012420702495261572
1538	 LLH-0	0.0012424653205274838	0.0012420702495261572
1539	 LLH-6	0.0012418816327293422	0.0012418816327293422
1540	 LLH-1	0.0012418816327293422	0.0012418816327293422
1541	 LLH-5	0.0012418786767836767	0.0012418786767836767
1542	 LLH-6	0.0012420030934855136	0.0012418786767836767
1543	 LLH-3	0.0012456282523313938	0.0012418786767836767
1544	 LLH-1	0.0012419443314242073	0.0012419443314242073
1545	 LLH-3	0.0012801769904567594	0.0012419443314242073
1546	 LLH-5	0.0012421108498622598	0.0012419443314242073
1547	 LLH-3	0.0012445775405825299	0.0012419443314242073
1548	 LLH-4	0.0012413190582843908	0.0012413190582843908
1551	 LLH-4	0.001240889455638391	0.001240889455638391
1555	 LLH-5	0.0012406095511245793	0.0012406095511245793
1556	 LLH-4	0.0012406095511245793	0.0012406095511245793
1561	 LLH-3	0.0012437424879986445	0.0012406095511245793
1562	 LLH-0	0.001240221844689036	0.001240221844689036
1563	 LLH-1	0.001240221844689036	0.001240221844689036
1564	 LLH-4	0.001240221844689036	0.001240221844689036
1569	 LLH-2	0.0012432833208864938	0.001240221844689036
1570	 LLH-5	0.0012396149225576217	0.0012396149225576217
1571	 LLH-5	0.0012396149225576217	0.0012396149225576217
1572	 LLH-5	0.0012397828282121957	0.0012397828282121957
1573	 LLH-1	0.0012397828282121957	0.0012397828282121957
1574	 LLH-4	0.0012397828282121957	0.0012397828282121957
1579	 LLH-0	0.001240254193197262	0.0012397828282121957
1580	 LLH-3	0.001271484068913831	0.0012397828282121957
1581	 LLH-5	0.0012400881319833503	0.0012397828282121957
1582	 LLH-0	0.0012402392769190298	0.0012397828282121957
1583	 LLH-1	0.0012397828282121957	0.0012397828282121957
1584	 LLH-6	0.0012401644354244031	0.0012397828282121957
1585	 LLH-1	0.0012397828282121957	0.0012397828282121957
1586	 LLH-0	0.0012544807384320595	0.0012397828282121957
1587	 LLH-6	0.0012397000726813384	0.0012397000726813384
1588	 LLH-6	0.0012407254565905935	0.0012397000726813384
1589	 LLH-1	0.0012397300881509666	0.0012397300881509666
1590	 LLH-5	0.001240579617803286	0.0012397300881509666
1591	 LLH-4	0.0012397300881509666	0.0012397300881509666
1596	 LLH-6	0.0012403095390294244	0.0012397300881509666
1597	 LLH-1	0.0012397300881509666	0.0012397300881509666
1598	 LLH-3	0.001243149316622527	0.0012397300881509666
1599	 LLH-2	0.0012574909399151535	0.0012397300881509666
1600	 LLH-5	0.001240062152922851	0.0012397300881509666
1601	 LLH-5	0.0012394877290210994	0.0012394877290210994
1602	 LLH-3	0.0012463190309253145	0.0012394877290210994
1603	 LLH-2	0.001254161619799424	0.0012394877290210994
1604	 LLH-3	0.0012598631099017	0.0012394877290210994
1605	 LLH-6	0.0012413307860851264	0.0012394877290210994
1606	 LLH-6	0.0012397793818767356	0.0012394877290210994
1607	 LLH-6	0.0012401135053030888	0.0012394877290210994
1608	 LLH-6	0.0012405515367381267	0.0012394877290210994
1609	 LLH-5	0.0012394590677387155	0.0012394590677387155
1610	 LLH-6	0.0012395957892487653	0.0012394590677387155
1611	 LLH-6	0.0012402818154896977	0.0012394590677387155
1612	 LLH-0	0.0012398465615581407	0.0012394590677387155
1613	 LLH-0	0.0012398675860521612	0.0012394590677387155
1614	 LLH-6	0.0012403516629222973	0.0012394590677387155
1615	 LLH-3	0.0012464095114995523	0.0012394590677387155
1616	 LLH-1	0.0012395262025916896	0.0012394590677387155
1617	 LLH-5	0.0012403809370101259	0.0012394590677387155
1618	 LLH-6	0.0012404362534631371	0.0012394590677387155
1619	 LLH-2	0.0012520842712024538	0.0012394590677387155
1620	 LLH-2	0.0012419217450167174	0.0012394590677387155
1621	 LLH-3	0.0012425369251727347	0.0012394590677387155
1622	 LLH-5	0.0012394281972897506	0.0012394281972897506
1623	 LLH-6	0.001239655356945522	0.001239655356945522
1624	 LLH-1	0.0012398874176204806	0.001239655356945522
1625	 LLH-0	0.001240234486212907	0.001239655356945522
1626	 LLH-0	0.001240079190653372	0.001239655356945522
1627	 LLH-4	0.001239655356945522	0.001239655356945522
1632	 LLH-4	0.001239655356945522	0.001239655356945522
1637	 LLH-2	0.0012457585282708026	0.001239655356945522
1638	 LLH-5	0.001239849822423988	0.001239655356945522
1639	 LLH-2	0.001251035460768591	0.001239655356945522
1640	 LLH-6	0.0012396636784825547	0.0012396636784825547
1641	 LLH-1	0.0012396636784825547	0.0012396636784825547
1642	 LLH-3	0.001246327915477686	0.0012396636784825547
1643	 LLH-3	0.0012465340259150987	0.0012396636784825547
1644	 LLH-5	0.0012395624874197656	0.0012395624874197656
1645	 LLH-1	0.0012395624874197656	0.0012395624874197656
1646	 LLH-6	0.001240267893851218	0.0012395624874197656
1647	 LLH-3	0.0012451572023318715	0.0012395624874197656
1648	 LLH-1	0.0012395624874197656	0.0012395624874197656
1649	 LLH-1	0.0012395624874197656	0.0012395624874197656
1650	 LLH-0	0.001240279665262009	0.0012395624874197656
1651	 LLH-6	0.0012403156721148615	0.0012395624874197656
1652	 LLH-5	0.0012399148764802809	0.0012395624874197656
1653	 LLH-2	0.0012591015409682542	0.0012395624874197656
1654	 LLH-1	0.0012397295365523223	0.0012395624874197656
1655	 LLH-6	0.0012398008683652472	0.0012395624874197656
1656	 LLH-1	0.0012395624874197656	0.0012395624874197656
1657	 LLH-4	0.0012395624874197656	0.0012395624874197656
1662	 LLH-2	0.0012560811086120213	0.0012395624874197656
1663	 LLH-4	0.0012395624874197656	0.0012395624874197656
1668	 LLH-6	0.0012398422127163236	0.0012395624874197656
1669	 LLH-6	0.0012407470449280157	0.0012395624874197656
1670	 LLH-4	0.0012395624874197656	0.0012395624874197656
1675	 LLH-3	0.0012444703801965601	0.0012395624874197656
1676	 LLH-3	0.00128606565173657	0.0012395624874197656
1677	 LLH-4	0.0012395624874197656	0.0012395624874197656
1682	 LLH-1	0.0012395624874197656	0.0012395624874197656
1683	 LLH-6	0.001241431922666104	0.0012395624874197656
1684	 LLH-6	0.0012401213567148671	0.0012395624874197656
1685	 LLH-2	0.0012499639878730013	0.0012395624874197656
1686	 LLH-2	0.001252357847211973	0.0012395624874197656
1687	 LLH-2	0.0012461856042643704	0.0012395624874197656
1688	 LLH-6	0.0012409604206141214	0.0012395624874197656
1689	 LLH-6	0.0012406402271226433	0.0012395624874197656
1690	 LLH-2	0.001249006214297515	0.0012395624874197656
1691	 LLH-3	0.0012705234157309665	0.0012395624874197656
1692	 LLH-6	0.001239962735242878	0.0012395624874197656
1693	 LLH-5	0.0012400264242415342	0.0012395624874197656
1694	 LLH-5	0.001239692403058524	0.001239692403058524
1695	 LLH-1	0.001239692403058524	0.001239692403058524
1696	 LLH-1	0.0012399259389070068	0.001239692403058524
1697	 LLH-3	0.001246161394758759	0.001239692403058524
1698	 LLH-2	0.0012582414288509556	0.001239692403058524
1699	 LLH-1	0.001239692403058524	0.001239692403058524
1700	 LLH-3	0.0012469502091786717	0.001239692403058524
1701	 LLH-4	0.001239692403058524	0.001239692403058524
1706	 LLH-5	0.0012399742630079043	0.001239692403058524
1707	 LLH-6	0.0012402486864782009	0.001239692403058524
1708	 LLH-5	0.0012400927331199807	0.001239692403058524
1709	 LLH-6	0.0012410643903926326	0.001239692403058524
1710	 LLH-3	0.001245864267816866	0.001239692403058524
1711	 LLH-3	0.0012716201748773674	0.001239692403058524
1712	 LLH-2	0.001257607717054727	0.001239692403058524
1713	 LLH-1	0.001239654068901743	0.001239654068901743
1714	 LLH-4	0.001239654068901743	0.001239654068901743
1719	 LLH-4	0.001239654068901743	0.001239654068901743
1724	 LLH-3	0.0012830970130732412	0.001239654068901743
1725	 LLH-5	0.001240307345502931	0.001239654068901743
1726	 LLH-3	0.0012446195713959355	0.001239654068901743
1727	 LLH-6	0.0012402617825712499	0.001239654068901743
1728	 LLH-2	0.0012523042771985864	0.001239654068901743
1729	 LLH-0	0.0012401688021125552	0.001239654068901743
1730	 LLH-0	0.0012402058944120157	0.001239654068901743
1731	 LLH-1	0.0012398109876933623	0.001239654068901743
1732	 LLH-5	0.0012397900103932476	0.001239654068901743
1733	 LLH-1	0.001239654068901743	0.001239654068901743
1734	 LLH-5	0.0012391078906200063	0.0012391078906200063
1735	 LLH-5	0.0012396300609359902	0.0012391078906200063
1736	 LLH-3	0.0012739007802180257	0.0012391078906200063
1737	 LLH-6	0.0012398969030312833	0.0012391078906200063
1738	 LLH-0	0.001239562399545656	0.0012391078906200063
1739	 LLH-4	0.0012391078906200063	0.0012391078906200063
1744	 LLH-0	0.0012397566301724139	0.0012391078906200063
1745	 LLH-5	0.0012399453992745536	0.0012391078906200063
1746	 LLH-0	0.0012395267642424045	0.0012391078906200063
1747	 LLH-5	0.0012393708228780947	0.0012391078906200063
1748	 LLH-3	0.0012802272394242277	0.0012391078906200063
1749	 LLH-0	0.0012396603807015235	0.0012391078906200063
1750	 LLH-2	0.0012541099525453974	0.0012391078906200063
1751	 LLH-2	0.0012541042801542045	0.0012391078906200063
1752	 LLH-4	0.0012391078906200063	0.0012391078906200063
1757	 LLH-3	0.001279356031095971	0.0012391078906200063
1758	 LLH-6	0.0012397696536238366	0.0012391078906200063
1759	 LLH-2	0.001249789542003005	0.0012391078906200063
1760	 LLH-0	0.001239552267053175	0.0012391078906200063
1761	 LLH-1	0.0012391078906200063	0.0012391078906200063
1762	 LLH-3	0.0012437806261443626	0.0012391078906200063
1763	 LLH-4	0.0012391078906200063	0.0012391078906200063
1768	 LLH-5	0.0012393598469909535	0.0012391078906200063
1769	 LLH-0	0.0012395601800094063	0.0012391078906200063
1770	 LLH-5	0.001239372441573352	0.0012391078906200063
1771	 LLH-4	0.0012391078906200063	0.0012391078906200063
1776	 LLH-5	0.001239419442302129	0.0012391078906200063
1777	 LLH-3	0.0012740861643810281	0.0012391078906200063
1778	 LLH-0	0.0012396440828315862	0.0012391078906200063
1779	 LLH-4	0.0012391078906200063	0.0012391078906200063
1784	 LLH-5	0.0012391157837662431	0.0012391157837662431
1785	 LLH-3	0.0012420268574413228	0.0012391157837662431
1786	 LLH-0	0.0012395720116850067	0.0012391157837662431
1787	 LLH-5	0.0012399685463130538	0.0012391157837662431
1788	 LLH-2	0.0012440090644354046	0.0012391157837662431
1789	 LLH-3	0.001265071266984726	0.0012391157837662431
1790	 LLH-5	0.0012389308685887307	0.0012389308685887307
1791	 LLH-0	0.0012396721792145666	0.0012389308685887307
1792	 LLH-4	0.0012389308685887307	0.0012389308685887307
1797	 LLH-2	0.001254009739276266	0.0012389308685887307
1798	 LLH-0	0.0012396466843852968	0.0012389308685887307
1799	 LLH-4	0.0012389308685887307	0.0012389308685887307
1804	 LLH-0	0.0012536324075423594	0.0012389308685887307
1805	 LLH-6	0.0012398470186935288	0.0012389308685887307
1806	 LLH-1	0.0012389308685887307	0.0012389308685887307
1807	 LLH-0	0.0012394997061275274	0.0012389308685887307
1808	 LLH-6	0.0012394386729232066	0.0012389308685887307
1809	 LLH-4	0.0012389308685887307	0.0012389308685887307
1814	 LLH-4	0.0012389308685887307	0.0012389308685887307
1819	 LLH-0	0.001239386178632054	0.0012389308685887307
1820	 LLH-0	0.0012396317642042588	0.0012389308685887307
1821	 LLH-4	0.0012389308685887307	0.0012389308685887307
1826	 LLH-4	0.0012389308685887307	0.0012389308685887307
1831	 LLH-5	0.0012389387068636485	0.0012389387068636485
1832	 LLH-3	0.0012788833214114237	0.0012389387068636485
1833	 LLH-2	0.0012427101136855778	0.0012389387068636485
1834	 LLH-4	0.0012389387068636485	0.0012389387068636485
1839	 LLH-6	0.0012397961768098266	0.0012389387068636485
1840	 LLH-3	0.0012490288045535827	0.0012389387068636485
1841	 LLH-2	0.0012460430742090652	0.0012389387068636485
1842	 LLH-5	0.0012389387068636485	0.0012389387068636485
1843	 LLH-5	0.0012393177464372746	0.0012389387068636485
1844	 LLH-4	0.0012389387068636485	0.0012389387068636485
1849	 LLH-6	0.0012397991195350377	0.0012389387068636485
1850	 LLH-0	0.001253621646402151	0.0012389387068636485
1851	 LLH-3	0.0012634128605697444	0.0012389387068636485
1852	 LLH-2	0.001246221530532103	0.0012389387068636485
1853	 LLH-1	0.0012389387068636485	0.0012389387068636485
1854	 LLH-4	0.0012389387068636485	0.0012389387068636485
1859	 LLH-5	0.0012390223500029344	0.0012389387068636485
1860	 LLH-2	0.0012532938062236162	0.0012389387068636485
1861	 LLH-0	0.0012396019439557847	0.0012389387068636485
1862	 LLH-2	0.0012444080815663383	0.0012389387068636485
1863	 LLH-6	0.0012400289699504062	0.0012389387068636485
1864	 LLH-5	0.0012389387068636485	0.0012389387068636485
1865	 LLH-1	0.0012389387068636485	0.0012389387068636485
1866	 LLH-3	0.0012437454635851005	0.0012389387068636485
1867	 LLH-4	0.0012389387068636485	0.0012389387068636485
1872	 LLH-6	0.0012391951455625267	0.0012389387068636485
1873	 LLH-0	0.0012536130018514589	0.0012389387068636485
1874	 LLH-0	0.0012394813098918888	0.0012389387068636485
1875	 LLH-4	0.0012389387068636485	0.0012389387068636485
1880	 LLH-1	0.0012389387068636485	0.0012389387068636485
1881	 LLH-2	0.001250851753214042	0.0012389387068636485
1882	 LLH-6	0.0012393038915326123	0.0012389387068636485
1883	 LLH-1	0.0012389387068636485	0.0012389387068636485
1884	 LLH-3	0.0012833894753038263	0.0012389387068636485
1885	 LLH-6	0.001239308083446334	0.0012389387068636485
1886	 LLH-0	0.0012396799233719842	0.0012389387068636485
1887	 LLH-6	0.0012388200774727462	0.0012388200774727462
1888	 LLH-6	0.0012393403124285743	0.0012388200774727462
1889	 LLH-6	0.001239458298527976	0.0012388200774727462
1890	 LLH-4	0.0012388200774727462	0.0012388200774727462
1895	 LLH-1	0.0012388200774727462	0.0012388200774727462
1896	 LLH-0	0.0012392908225121973	0.0012388200774727462
1897	 LLH-5	0.0012392170773088686	0.0012388200774727462
1898	 LLH-4	0.0012388200774727462	0.0012388200774727462
1903	 LLH-3	0.0012750414737654394	0.0012388200774727462
1904	 LLH-1	0.0012388200774727462	0.0012388200774727462
1905	 LLH-4	0.0012388200774727462	0.0012388200774727462
1910	 LLH-2	0.00125942398918685	0.0012388200774727462
1911	 LLH-3	0.0012455074577600877	0.0012388200774727462
1912	 LLH-1	0.0012388200774727462	0.0012388200774727462
1913	 LLH-1	0.0012388200774727462	0.0012388200774727462
1914	 LLH-1	0.001238820021291471	0.001238820021291471
1915	 LLH-1	0.0012387412081379145	0.0012387412081379145
1916	 LLH-1	0.0012387318557015089	0.0012387318557015089
1917	 LLH-1	0.0012387318557015089	0.0012387318557015089
1918	 LLH-1	0.0012387318557015089	0.0012387318557015089
1919	 LLH-2	0.001254315169337088	0.0012387318557015089
1920	 LLH-4	0.0012387318557015089	0.0012387318557015089
1925	 LLH-4	0.0012387318557015089	0.0012387318557015089
1930	 LLH-3	0.0012710531624713136	0.0012387318557015089
1931	 LLH-2	0.0012435407450827932	0.0012387318557015089
1932	 LLH-5	0.0012391315345039748	0.0012387318557015089
1933	 LLH-4	0.0012387318557015089	0.0012387318557015089
1938	 LLH-1	0.0012387318557015089	0.0012387318557015089
1939	 LLH-4	0.0012387318557015089	0.0012387318557015089
1944	 LLH-0	0.0012392961997412953	0.0012387318557015089
1945	 LLH-5	0.001239148815567849	0.0012387318557015089
1946	 LLH-0	0.001239176054821953	0.0012387318557015089
1947	 LLH-1	0.0012384461793752404	0.0012384461793752404
1948	 LLH-3	0.0012811030520610946	0.0012384461793752404
1949	 LLH-5	0.0012396914345913137	0.0012384461793752404
1950	 LLH-6	0.001239778251907391	0.0012384461793752404
1951	 LLH-1	0.0012384461793752404	0.0012384461793752404
1952	 LLH-0	0.0012392253476694206	0.0012384461793752404
1953	 LLH-5	0.0012393411551419058	0.0012384461793752404
1954	 LLH-6	0.00123939410784351	0.0012384461793752404
1955	 LLH-4	0.0012384461793752404	0.0012384461793752404
1960	 LLH-3	0.00128200065511838	0.0012384461793752404
1961	 LLH-5	0.0012387421381890968	0.0012384461793752404
1962	 LLH-2	0.001252756273808621	0.0012384461793752404
1963	 LLH-3	0.0012453875309826634	0.0012384461793752404
1964	 LLH-0	0.0012390561830069266	0.0012384461793752404
1965	 LLH-6	0.0012389122975818565	0.0012384461793752404
1966	 LLH-0	0.0012392756341138057	0.0012384461793752404
1967	 LLH-0	0.0012391542734425476	0.0012384461793752404
1968	 LLH-6	0.0012395942465466912	0.0012384461793752404
1969	 LLH-5	0.0012383818597392746	0.0012383818597392746
1970	 LLH-1	0.0012383818597392746	0.0012383818597392746
1971	 LLH-2	0.0012568180727929369	0.0012383818597392746
1972	 LLH-1	0.0012383818597392746	0.0012383818597392746
1973	 LLH-5	0.001238484231397602	0.0012383818597392746
1974	 LLH-2	0.001249834257854215	0.0012383818597392746
1975	 LLH-4	0.0012383818597392746	0.0012383818597392746
1980	 LLH-4	0.0012383818597392746	0.0012383818597392746
1985	 LLH-1	0.0012383818597392746	0.0012383818597392746
1986	 LLH-6	0.0012390208311338939	0.0012383818597392746
1987	 LLH-6	0.00123945997290076	0.0012383818597392746
1988	 LLH-1	0.0012383818597392746	0.0012383818597392746
1989	 LLH-3	0.001243616577293088	0.0012383818597392746
1990	 LLH-3	0.0012655047730563784	0.0012383818597392746
1991	 LLH-0	0.0012391444726195884	0.0012383818597392746
1992	 LLH-3	0.0012656068311414762	0.0012383818597392746
1993	 LLH-4	0.0012383818597392746	0.0012383818597392746
1998	 LLH-0	0.001238921330288624	0.0012383818597392746
1999	 LLH-1	0.0012383818597392746	0.0012383818597392746
GRID-Start
0.0	0.0
0.0	308.0385
0.0	616.077
0.0	924.1155
0.0	1232.154
0.0	1540.1925
0.0	1848.2310000000002
0.0	2156.2695000000003
0.0	2464.3080000000004
0.0	2772.3465000000006
0.0	3080.3850000000007
0.0	3388.423500000001
0.0	3696.462000000001
0.0	4004.500500000001
0.0	4312.539000000001
0.0	4620.5775
0.0	4928.616
0.0	5236.6545
0.0	5544.692999999999
0.0	5852.731499999999
0.0	6160.769999999999
0.0	6468.808499999998
308.0385	0.0
308.0385	308.0385
308.0385	616.077
308.0385	924.1155
308.0385	1232.154
308.0385	1540.1925
308.0385	1848.2310000000002
308.0385	2156.2695000000003
308.0385	2464.3080000000004
308.0385	2772.3465000000006
308.0385	3080.3850000000007
308.0385	3388.423500000001
308.0385	3696.462000000001
308.0385	4004.500500000001
308.0385	4312.539000000001
308.0385	4620.5775
308.0385	4928.616
308.0385	5236.6545
308.0385	5544.692999999999
308.0385	5852.731499999999
308.0385	6160.769999999999
308.0385	6468.808499999998
616.077	0.0
616.077	308.0385
616.077	616.077
616.077	924.1155
616.077	1232.154
616.077	1540.1925
616.077	1848.2310000000002
616.077	2156.2695000000003
616.077	2464.3080000000004
616.077	2772.3465000000006
616.077	3080.3850000000007
616.077	3388.423500000001
616.077	3696.462000000001
616.077	4004.500500000001
616.077	4312.539000000001
616.077	4620.5775
616.077	4928.616
616.077	5236.6545
616.077	5544.692999999999
616.077	5852.731499999999
616.077	6160.769999999999
616.077	6468.808499999998
924.1155	0.0
924.1155	308.0385
924.1155	616.077
924.1155	924.1155
924.1155	1232.154
924.1155	1540.1925
924.1155	1848.2310000000002
924.1155	2156.2695000000003
924.1155	2464.3080000000004
924.1155	2772.3465000000006
924.1155	3080.3850000000007
924.1155	3388.423500000001
924.1155	3696.462000000001
924.1155	4004.500500000001
924.1155	4312.539000000001
924.1155	4620.5775
924.1155	4928.616
924.1155	5236.6545
924.1155	5544.692999999999
924.1155	5852.731499999999
924.1155	6160.769999999999
924.1155	6468.808499999998
1232.154	0.0
1232.154	308.0385
1232.154	616.077
1232.154	924.1155
1232.154	1232.154
1232.154	1540.1925
1232.154	1848.2310000000002
1232.154	2156.2695000000003
1232.154	2464.3080000000004
1232.154	2772.3465000000006
1232.154	3080.3850000000007
1232.154	4620.5775
1232.154	4928.616
1232.154	5236.6545
1232.154	5544.692999999999
1232.154	5852.731499999999
1232.154	6160.769999999999
1232.154	6468.808499999998
1540.1925	0.0
1540.1925	308.0385
1540.1925	616.077
1540.1925	924.1155
1540.1925	1232.154
1540.1925	1540.1925
1540.1925	1848.2310000000002
1540.1925	2156.2695000000003
1540.1925	2464.3080000000004
1540.1925	2772.3465000000006
1540.1925	3080.3850000000007
1540.1925	4620.5775
1540.1925	4928.616
1540.1925	5236.6545
1540.1925	5544.692999999999
1540.1925	5852.731499999999
1540.1925	6160.769999999999
1540.1925	6468.808499999998
1848.2310000000002	0.0
1848.2310000000002	308.0385
1848.2310000000002	616.077
1848.2310000000002	924.1155
1848.2310000000002	1232.154
1848.2310000000002	1540.1925
1848.2310000000002	1848.2310000000002
1848.2310000000002	2156.2695000000003
1848.2310000000002	2464.3080000000004
1848.2310000000002	2772.3465000000006
1848.2310000000002	3080.3850000000007
1848.2310000000002	4620.5775
1848.2310000000002	4928.616
1848.2310000000002	5236.6545
1848.2310000000002	5544.692999999999
1848.2310000000002	5852.731499999999
1848.2310000000002	6160.769999999999
1848.2310000000002	6468.808499999998
2156.2695000000003	0.0
2156.2695000000003	308.0385
2156.2695000000003	616.077
2156.2695000000003	924.1155
2156.2695000000003	1232.154
2156.2695000000003	1540.1925
2156.2695000000003	1848.2310000000002
2156.2695000000003	2156.2695000000003
2156.2695000000003	2464.3080000000004
2156.2695000000003	2772.3465000000006
2156.2695000000003	3080.3850000000007
2156.2695000000003	4620.5775
2156.2695000000003	4928.616
2156.2695000000003	5236.6545
2156.2695000000003	5544.692999999999
2156.2695000000003	5852.731499999999
2156.2695000000003	6160.769999999999
2156.2695000000003	6468.808499999998
2464.3080000000004	0.0
2464.3080000000004	2464.3080000000004
2464.3080000000004	2772.3465000000006
2464.3080000000004	3080.3850000000007
2464.3080000000004	3388.423500000001
2464.3080000000004	3696.462000000001
2464.3080000000004	4004.500500000001
2464.3080000000004	4312.539000000001
2464.3080000000004	4620.5775
2464.3080000000004	4928.616
2464.3080000000004	5236.6545
2464.3080000000004	5544.692999999999
2464.3080000000004	5852.731499999999
2464.3080000000004	6160.769999999999
2464.3080000000004	6468.808499999998
2772.3465000000006	0.0
2772.3465000000006	2464.3080000000004
2772.3465000000006	2772.3465000000006
2772.3465000000006	3080.3850000000007
2772.3465000000006	3388.423500000001
2772.3465000000006	3696.462000000001
2772.3465000000006	4004.500500000001
2772.3465000000006	4312.539000000001
2772.3465000000006	4620.5775
2772.3465000000006	4928.616
2772.3465000000006	5236.6545
2772.3465000000006	5544.692999999999
2772.3465000000006	5852.731499999999
2772.3465000000006	6160.769999999999
2772.3465000000006	6468.808499999998
3080.3850000000007	0.0
3080.3850000000007	2464.3080000000004
3080.3850000000007	2772.3465000000006
3080.3850000000007	3080.3850000000007
3080.3850000000007	3388.423500000001
3080.3850000000007	3696.462000000001
3080.3850000000007	4004.500500000001
3080.3850000000007	4312.539000000001
3080.3850000000007	4620.5775
3080.3850000000007	4928.616
3080.3850000000007	5236.6545
3080.3850000000007	5544.692999999999
3080.3850000000007	5852.731499999999
3080.3850000000007	6160.769999999999
3080.3850000000007	6468.808499999998
3388.423500000001	0.0
3388.423500000001	2464.3080000000004
3388.423500000001	2772.3465000000006
3388.423500000001	3080.3850000000007
3388.423500000001	3388.423500000001
3388.423500000001	3696.462000000001
3388.423500000001	4004.500500000001
3388.423500000001	4312.539000000001
3388.423500000001	4620.5775
3388.423500000001	4928.616
3388.423500000001	5236.6545
3388.423500000001	5544.692999999999
3388.423500000001	5852.731499999999
3388.423500000001	6160.769999999999
3388.423500000001	6468.808499999998
3696.462000000001	0.0
3696.462000000001	308.0385
3696.462000000001	616.077
3696.462000000001	924.1155
3696.462000000001	1232.154
3696.462000000001	1540.1925
3696.462000000001	1848.2310000000002
3696.462000000001	2156.2695000000003
3696.462000000001	3388.423500000001
3696.462000000001	3696.462000000001
3696.462000000001	4004.500500000001
3696.462000000001	4312.539000000001
3696.462000000001	4620.5775
3696.462000000001	4928.616
3696.462000000001	5236.6545
3696.462000000001	5544.692999999999
3696.462000000001	5852.731499999999
3696.462000000001	6160.769999999999
3696.462000000001	6468.808499999998
4004.500500000001	0.0
4004.500500000001	308.0385
4004.500500000001	616.077
4004.500500000001	924.1155
4004.500500000001	1232.154
4004.500500000001	1540.1925
4004.500500000001	1848.2310000000002
4004.500500000001	2156.2695000000003
4004.500500000001	3388.423500000001
4004.500500000001	3696.462000000001
4004.500500000001	4004.500500000001
4004.500500000001	4312.539000000001
4004.500500000001	4620.5775
4004.500500000001	4928.616
4004.500500000001	5236.6545
4004.500500000001	5544.692999999999
4004.500500000001	5852.731499999999
4004.500500000001	6160.769999999999
4004.500500000001	6468.808499999998
4312.539000000001	0.0
4312.539000000001	308.0385
4312.539000000001	616.077
4312.539000000001	924.1155
4312.539000000001	1232.154
4312.539000000001	1540.1925
4312.539000000001	1848.2310000000002
4312.539000000001	2156.2695000000003
4312.539000000001	3388.423500000001
4312.539000000001	3696.462000000001
4312.539000000001	4004.500500000001
4312.539000000001	4312.539000000001
4312.539000000001	4620.5775
4312.539000000001	4928.616
4312.539000000001	5236.6545
4312.539000000001	5544.692999999999
4312.539000000001	5852.731499999999
4312.539000000001	6160.769999999999
4312.539000000001	6468.808499999998
4620.5775	0.0
4620.5775	308.0385
4620.5775	616.077
4620.5775	924.1155
4620.5775	1232.154
4620.5775	1540.1925
4620.5775	1848.2310000000002
4620.5775	2156.2695000000003
4620.5775	2464.3080000000004
4620.5775	2772.3465000000006
4620.5775	3080.3850000000007
4620.5775	3388.423500000001
4620.5775	3696.462000000001
4620.5775	4004.500500000001
4620.5775	4312.539000000001
4620.5775	4620.5775
4620.5775	4928.616
4620.5775	5236.6545
4620.5775	5544.692999999999
4620.5775	5852.731499999999
4620.5775	6160.769999999999
4620.5775	6468.808499999998
4928.616	0.0
4928.616	308.0385
4928.616	616.077
4928.616	924.1155
4928.616	1232.154
4928.616	1540.1925
4928.616	1848.2310000000002
4928.616	2156.2695000000003
4928.616	2464.3080000000004
4928.616	2772.3465000000006
4928.616	3080.3850000000007
4928.616	3388.423500000001
4928.616	3696.462000000001
4928.616	4004.500500000001
4928.616	4312.539000000001
4928.616	4620.5775
4928.616	4928.616
4928.616	5236.6545
4928.616	5544.692999999999
4928.616	5852.731499999999
4928.616	6160.769999999999
4928.616	6468.808499999998
5236.6545	0.0
5236.6545	308.0385
5236.6545	616.077
5236.6545	924.1155
5236.6545	1232.154
5236.6545	1540.1925
5236.6545	1848.2310000000002
5236.6545	2156.2695000000003
5236.6545	2464.3080000000004
5236.6545	2772.3465000000006
5236.6545	3080.3850000000007
5236.6545	3388.423500000001
5236.6545	3696.462000000001
5236.6545	4004.500500000001
5236.6545	4312.539000000001
5236.6545	4620.5775
5236.6545	4928.616
5236.6545	5236.6545
5236.6545	5544.692999999999
5236.6545	5852.731499999999
5236.6545	6160.769999999999
5236.6545	6468.808499999998
5544.692999999999	0.0
5544.692999999999	308.0385
5544.692999999999	616.077
5544.692999999999	924.1155
5544.692999999999	1232.154
5544.692999999999	1540.1925
5544.692999999999	1848.2310000000002
5544.692999999999	2156.2695000000003
5544.692999999999	2464.3080000000004
5544.692999999999	2772.3465000000006
5544.692999999999	3080.3850000000007
5544.692999999999	3388.423500000001
5544.692999999999	3696.462000000001
5544.692999999999	4004.500500000001
5544.692999999999	4312.539000000001
5544.692999999999	4620.5775
5544.692999999999	4928.616
5544.692999999999	5236.6545
5544.692999999999	5544.692999999999
5544.692999999999	5852.731499999999
5544.692999999999	6160.769999999999
5544.692999999999	6468.808499999998
5852.731499999999	0.0
5852.731499999999	308.0385
5852.731499999999	616.077
5852.731499999999	924.1155
5852.731499999999	1232.154
5852.731499999999	1540.1925
5852.731499999999	1848.2310000000002
5852.731499999999	2156.2695000000003
5852.731499999999	2464.3080000000004
5852.731499999999	2772.3465000000006
5852.731499999999	3080.3850000000007
5852.731499999999	3388.423500000001
5852.731499999999	3696.462000000001
5852.731499999999	4004.500500000001
5852.731499999999	4312.539000000001
5852.731499999999	4620.5775
5852.731499999999	4928.616
5852.731499999999	5236.6545
5852.731499999999	5544.692999999999
5852.731499999999	5852.731499999999
5852.731499999999	6160.769999999999
5852.731499999999	6468.808499999998
6160.769999999999	0.0
6160.769999999999	308.0385
6160.769999999999	616.077
6160.769999999999	924.1155
6160.769999999999	1232.154
6160.769999999999	1540.1925
6160.769999999999	1848.2310000000002
6160.769999999999	2156.2695000000003
6160.769999999999	2464.3080000000004
6160.769999999999	2772.3465000000006
6160.769999999999	3080.3850000000007
6160.769999999999	3388.423500000001
6160.769999999999	3696.462000000001
6160.769999999999	4004.500500000001
6160.769999999999	4312.539000000001
6160.769999999999	4620.5775
6160.769999999999	4928.616
6160.769999999999	5236.6545
6160.769999999999	5544.692999999999
6160.769999999999	5852.731499999999
6160.769999999999	6160.769999999999
6160.769999999999	6468.808499999998
6468.808499999998	0.0
6468.808499999998	308.0385
6468.808499999998	616.077
6468.808499999998	924.1155
6468.808499999998	1232.154
6468.808499999998	1540.1925
6468.808499999998	1848.2310000000002
6468.808499999998	2156.2695000000003
6468.808499999998	2464.3080000000004
6468.808499999998	2772.3465000000006
6468.808499999998	3080.3850000000007
6468.808499999998	3388.423500000001
6468.808499999998	3696.462000000001
6468.808499999998	4004.500500000001
6468.808499999998	4312.539000000001
6468.808499999998	4620.5775
6468.808499999998	4928.616
6468.808499999998	5236.6545
6468.808499999998	5544.692999999999
6468.808499999998	5852.731499999999
6468.808499999998	6160.769999999999
6468.808499999998	6468.808499999998
6776.846999999998	0.0
6776.846999999998	308.0385
6776.846999999998	616.077
6776.846999999998	924.1155
6776.846999999998	1232.154
6776.846999999998	1540.1925
6776.846999999998	1848.2310000000002
6776.846999999998	2156.2695000000003
6776.846999999998	2464.3080000000004
6776.846999999998	2772.3465000000006
6776.846999999998	3080.3850000000007
6776.846999999998	3388.423500000001
6776.846999999998	3696.462000000001
6776.846999999998	4004.500500000001
6776.846999999998	4312.539000000001
6776.846999999998	4620.5775
6776.846999999998	4928.616
6776.846999999998	5236.6545
6776.846999999998	5544.692999999999
6776.846999999998	5852.731499999999
6776.846999999998	6160.769999999999
6776.846999999998	6468.808499999998
7084.885499999998	0.0
7084.885499999998	308.0385
7084.885499999998	616.077
7084.885499999998	924.1155
7084.885499999998	1232.154
7084.885499999998	1540.1925
7084.885499999998	1848.2310000000002
7084.885499999998	2156.2695000000003
7084.885499999998	2464.3080000000004
7084.885499999998	2772.3465000000006
7084.885499999998	3080.3850000000007
7084.885499999998	3388.423500000001
7084.885499999998	3696.462000000001
7084.885499999998	4004.500500000001
7084.885499999998	4312.539000000001
7084.885499999998	4620.5775
7084.885499999998	4928.616
7084.885499999998	5236.6545
7084.885499999998	5544.692999999999
7084.885499999998	5852.731499999999
7084.885499999998	6160.769999999999
7084.885499999998	6468.808499999998
7392.923999999997	0.0
7392.923999999997	308.0385
7392.923999999997	616.077
7392.923999999997	924.1155
7392.923999999997	1232.154
7392.923999999997	1540.1925
7392.923999999997	1848.2310000000002
7392.923999999997	2156.2695000000003
7392.923999999997	2464.3080000000004
7392.923999999997	2772.3465000000006
7392.923999999997	3080.3850000000007
7392.923999999997	3388.423500000001
7392.923999999997	3696.462000000001
7392.923999999997	4004.500500000001
7392.923999999997	4312.539000000001
7392.923999999997	4620.5775
7392.923999999997	4928.616
7392.923999999997	5236.6545
7392.923999999997	5544.692999999999
7392.923999999997	5852.731499999999
7392.923999999997	6160.769999999999
7392.923999999997	6468.808499999998
7700.962499999997	0.0
7700.962499999997	308.0385
7700.962499999997	616.077
7700.962499999997	924.1155
7700.962499999997	1232.154
7700.962499999997	1540.1925
7700.962499999997	1848.2310000000002
7700.962499999997	2156.2695000000003
7700.962499999997	2464.3080000000004
7700.962499999997	2772.3465000000006
7700.962499999997	3080.3850000000007
7700.962499999997	3388.423500000001
7700.962499999997	3696.462000000001
7700.962499999997	4004.500500000001
7700.962499999997	4312.539000000001
7700.962499999997	4620.5775
7700.962499999997	4928.616
7700.962499999997	5236.6545
7700.962499999997	5544.692999999999
7700.962499999997	5852.731499999999
7700.962499999997	6160.769999999999
7700.962499999997	6468.808499999998
8009.000999999997	0.0
8009.000999999997	308.0385
8009.000999999997	616.077
8009.000999999997	924.1155
8009.000999999997	1232.154
8009.000999999997	1540.1925
8009.000999999997	1848.2310000000002
8009.000999999997	2156.2695000000003
8009.000999999997	2464.3080000000004
8009.000999999997	2772.3465000000006
8009.000999999997	3080.3850000000007
8009.000999999997	3388.423500000001
8009.000999999997	3696.462000000001
8009.000999999997	4004.500500000001
8009.000999999997	4312.539000000001
8009.000999999997	4620.5775
8009.000999999997	4928.616
8009.000999999997	5236.6545
8009.000999999997	5544.692999999999
8009.000999999997	5852.731499999999
8009.000999999997	6160.769999999999
8009.000999999997	6468.808499999998
8317.039499999997	0.0
8317.039499999997	308.0385
8317.039499999997	616.077
8317.039499999997	924.1155
8317.039499999997	1232.154
8317.039499999997	1540.1925
8317.039499999997	1848.2310000000002
8317.039499999997	2156.2695000000003
8317.039499999997	2464.3080000000004
8317.039499999997	2772.3465000000006
8317.039499999997	3080.3850000000007
8317.039499999997	3388.423500000001
8317.039499999997	3696.462000000001
8317.039499999997	4004.500500000001
8317.039499999997	4312.539000000001
8317.039499999997	4620.5775
8317.039499999997	4928.616
8317.039499999997	5236.6545
8317.039499999997	5544.692999999999
8317.039499999997	5852.731499999999
8317.039499999997	6160.769999999999
8317.039499999997	6468.808499999998
8625.077999999998	0.0
8625.077999999998	308.0385
8625.077999999998	616.077
8625.077999999998	924.1155
8625.077999999998	1232.154
8625.077999999998	1540.1925
8625.077999999998	1848.2310000000002
8625.077999999998	2156.2695000000003
8625.077999999998	2464.3080000000004
8625.077999999998	2772.3465000000006
8625.077999999998	3080.3850000000007
8625.077999999998	3388.423500000001
8625.077999999998	3696.462000000001
8625.077999999998	4004.500500000001
8625.077999999998	4312.539000000001
8625.077999999998	4620.5775
8625.077999999998	4928.616
8625.077999999998	5236.6545
8625.077999999998	5544.692999999999
8625.077999999998	5852.731499999999
8625.077999999998	6160.769999999999
8625.077999999998	6468.808499999998
8933.116499999998	0.0
8933.116499999998	308.0385
8933.116499999998	616.077
8933.116499999998	924.1155
8933.116499999998	1232.154
8933.116499999998	1540.1925
8933.116499999998	1848.2310000000002
8933.116499999998	2156.2695000000003
8933.116499999998	2464.3080000000004
8933.116499999998	2772.3465000000006
8933.116499999998	3080.3850000000007
8933.116499999998	3388.423500000001
8933.116499999998	3696.462000000001
8933.116499999998	4004.500500000001
8933.116499999998	4312.539000000001
8933.116499999998	4620.5775
8933.116499999998	4928.616
8933.116499999998	5236.6545
8933.116499999998	5544.692999999999
8933.116499999998	5852.731499999999
8933.116499999998	6160.769999999999
8933.116499999998	6468.808499999998
GRID-End
num_of_evaluations 2000
best obj 0.0012383818597392746
LLH0	39
LLH1	46
LLH2	42
LLH3	45
LLH4	99
LLH5	77
LLH6	85