Initial objective 0.0013066254796460061	 Seed value 394936987
1	 LLH-5	0.0013072683461330988	0.0013072683461330988
2	 LLH-5	0.0013084004502695087	0.0013084004502695087
3	 LLH-0	0.0013099247578793507	0.0013099247578793507
4	 LLH-6	0.001311649169911504	0.001311649169911504
5	 LLH-0	0.0013134264644608486	0.0013134264644608486
6	 LLH-4	0.001311779158021011	0.001311779158021011
9	 LLH-0	0.001313458680207772	0.001313458680207772
10	 LLH-3	0.0012818951463648954	0.0012818951463648954
11	 LLH-2	0.0012712654619803255	0.0012712654619803255
12	 LLH-0	0.0012721285725015572	0.0012721285725015572
13	 LLH-3	0.001347339390433057	0.001347339390433057
14	 LLH-3	0.0012727053891615674	0.0012727053891615674
15	 LLH-4	0.0012716928531643263	0.0012716928531643263
19	 LLH-3	0.0012602833556039496	0.0012602833556039496
20	 LLH-5	0.0012599004616635696	0.0012599004616635696
21	 LLH-6	0.0012590066519871498	0.0012590066519871498
22	 LLH-0	0.00125983825353057	0.00125983825353057
23	 LLH-3	0.0012556675006729651	0.0012556675006729651
24	 LLH-6	0.0012562437842566865	0.0012562437842566865
25	 LLH-4	0.0012562437842566865	0.0012562437842566865
30	 LLH-0	0.0012567216502152795	0.0012567216502152795
31	 LLH-2	0.0012599100414364525	0.0012599100414364525
32	 LLH-1	0.0012600462722247325	0.0012600462722247325
33	 LLH-1	0.0012600462722247325	0.0012600462722247325
34	 LLH-2	0.001262340366433526	0.001262340366433526
35	 LLH-6	0.0012628274964760317	0.0012628274964760317
36	 LLH-4	0.0012619340433729833	0.0012619340433729833
41	 LLH-5	0.0012612004127615668	0.0012612004127615668
42	 LLH-3	0.0013040361271556876	0.0013040361271556876
43	 LLH-2	0.0013049503483261663	0.0013049503483261663
44	 LLH-1	0.0013046254399535695	0.0013046254399535695
45	 LLH-3	0.0012639760653007622	0.0012639760653007622
46	 LLH-1	0.0012640359782928644	0.0012640359782928644
47	 LLH-3	0.0012558174636668389	0.0012558174636668389
48	 LLH-3	0.0013032035469735437	0.0013032035469735437
49	 LLH-0	0.0013020540220903072	0.0013020540220903072
50	 LLH-1	0.0013020938157383382	0.0013020938157383382
51	 LLH-2	0.0012978136533059795	0.0012978136533059795
52	 LLH-4	0.001296357042176822	0.001296357042176822
57	 LLH-6	0.0012967999699850727	0.0012967999699850727
58	 LLH-0	0.0012980382965072535	0.0012980382965072535
59	 LLH-6	0.001296665802665266	0.001296665802665266
60	 LLH-4	0.0012953222456341105	0.0012953222456341105
64	 LLH-1	0.0012953222456341105	0.0012953222456341105
65	 LLH-5	0.001296513673635269	0.001296513673635269
66	 LLH-3	0.0013864143765453224	0.0013864143765453224
67	 LLH-2	0.001338413504713518	0.001338413504713518
68	 LLH-6	0.0013376829329809806	0.0013376829329809806
69	 LLH-2	0.0013396333758120952	0.0013396333758120952
70	 LLH-1	0.0013396333758120952	0.0013396333758120952
71	 LLH-5	0.0013389028146256264	0.0013389028146256264
72	 LLH-0	0.0013370318231141329	0.0013370318231141329
73	 LLH-1	0.0013369842866557634	0.0013369842866557634
74	 LLH-6	0.0013377613498902186	0.0013377613498902186
75	 LLH-4	0.001336254585739737	0.001336254585739737
79	 LLH-3	0.0014732283771184593	0.0014732283771184593
80	 LLH-5	0.0014735476453447741	0.0014735476453447741
81	 LLH-6	0.001473986904224156	0.001473986904224156
82	 LLH-0	0.0014775511339412243	0.0014775511339412243
83	 LLH-6	0.0014794425853851562	0.0014794425853851562
84	 LLH-1	0.0014794771559715808	0.0014794771559715808
85	 LLH-5	0.0014799659006443876	0.0014799659006443876
86	 LLH-3	0.0013027576891334637	0.0013027576891334637
87	 LLH-5	0.001303685154548222	0.001303685154548222
88	 LLH-5	0.0013031392775862253	0.0013031392775862253
89	 LLH-4	0.0013015511147022086	0.0013015511147022086
91	 LLH-6	0.0012999875220157493	0.0012999875220157493
92	 LLH-0	0.0013019364950797928	0.0013019364950797928
93	 LLH-1	0.0013019629543486806	0.0013019629543486806
94	 LLH-1	0.0013019629543486806	0.0013019629543486806
95	 LLH-4	0.0013006042661386763	0.0013006042661386763
98	 LLH-4	0.0012990609458292265	0.0012990609458292265
101	 LLH-3	0.0012770037433574213	0.0012770037433574213
102	 LLH-6	0.0012790339333334253	0.0012790339333334253
103	 LLH-3	0.001325881401963685	0.001325881401963685
104	 LLH-2	0.0013259986928309763	0.0013259986928309763
105	 LLH-2	0.0013423303148573061	0.0013423303148573061
106	 LLH-6	0.0013413071140749469	0.0013413071140749469
107	 LLH-5	0.0013414241505289777	0.0013414241505289777
108	 LLH-5	0.0013408820564223276	0.0013408820564223276
109	 LLH-0	0.0013428190516541188	0.0013428190516541188
110	 LLH-6	0.001343941747709508	0.001343941747709508
111	 LLH-6	0.0013447287217152487	0.0013447287217152487
112	 LLH-6	0.0013425409282354177	0.0013425409282354177
113	 LLH-0	0.0013407958836960054	0.0013407958836960054
114	 LLH-6	0.0013416020928052608	0.0013416020928052608
115	 LLH-3	0.0014414709314586084	0.0014414709314586084
116	 LLH-3	0.0016906730751351437	0.0014414709314586084
117	 LLH-3	0.0016547887276278685	0.0014414709314586084
118	 LLH-1	0.0014414709314586084	0.0014414709314586084
119	 LLH-4	0.0014384947616186364	0.0014384947616186364
121	 LLH-3	0.0012977305193376384	0.0012977305193376384
122	 LLH-0	0.0012992005552761507	0.0012992005552761507
123	 LLH-0	0.0013005722191874827	0.0013005722191874827
124	 LLH-3	0.001263284126439276	0.001263284126439276
125	 LLH-5	0.0012631973993597796	0.0012631973993597796
126	 LLH-2	0.001274631192547171	0.001274631192547171
127	 LLH-0	0.0012760415354889274	0.0012760415354889274
128	 LLH-6	0.0012746779111600978	0.0012746779111600978
129	 LLH-1	0.001274947622691665	0.001274947622691665
130	 LLH-6	0.0012762301668325046	0.0012762301668325046
131	 LLH-3	0.0012582217745853944	0.0012582217745853944
132	 LLH-0	0.0012589941769026844	0.0012589941769026844
133	 LLH-0	0.00126008155138424	0.00126008155138424
134	 LLH-4	0.0012589961070041454	0.0012589961070041454
137	 LLH-4	0.0012589961070041454	0.0012589961070041454
142	 LLH-3	0.0013035243365961335	0.0013035243365961335
143	 LLH-4	0.0013019367732746848	0.0013019367732746848
146	 LLH-2	0.0012997754364269703	0.0012997754364269703
147	 LLH-6	0.0012976459775601162	0.0012976459775601162
148	 LLH-1	0.001297112466979781	0.001297112466979781
149	 LLH-0	0.0012983327947271137	0.0012983327947271137
150	 LLH-3	0.0012643997068953225	0.0012643997068953225
151	 LLH-6	0.0012647551914395487	0.0012647551914395487
152	 LLH-6	0.001263355089147283	0.001263355089147283
153	 LLH-2	0.0012698689525549268	0.0012698689525549268
154	 LLH-5	0.0012694740219331081	0.0012694740219331081
155	 LLH-1	0.0012694740219331081	0.0012694740219331081
156	 LLH-2	0.0012788002873905658	0.0012788002873905658
157	 LLH-6	0.0012777324382407334	0.0012777324382407334
158	 LLH-5	0.001277868579660408	0.001277868579660408
159	 LLH-4	0.0012768479224350767	0.0012768479224350767
163	 LLH-3	0.0012615320832455943	0.0012615320832455943
164	 LLH-6	0.0012613740804877998	0.0012613740804877998
165	 LLH-1	0.0012613740804877998	0.0012613740804877998
166	 LLH-6	0.0012620908303165991	0.0012620908303165991
167	 LLH-6	0.0012626455847586865	0.0012626455847586865
168	 LLH-3	0.0012445244033513453	0.0012445244033513453
169	 LLH-4	0.0012445244033513453	0.0012445244033513453
174	 LLH-3	0.0012928704129816868	0.0012928704129816868
175	 LLH-5	0.001292926683698857	0.001292926683698857
176	 LLH-4	0.0012919019179028152	0.0012919019179028152
179	 LLH-4	0.0012919019179028152	0.0012919019179028152
184	 LLH-0	0.0012932005663876325	0.0012932005663876325
185	 LLH-6	0.0012946012085846925	0.0012946012085846925
186	 LLH-5	0.0012941346394482016	0.0012941346394482016
187	 LLH-6	0.0012931547063997305	0.0012931547063997305
188	 LLH-5	0.001292625059672982	0.001292625059672982
189	 LLH-2	0.0013000328498630601	0.0013000328498630601
190	 LLH-2	0.0012979788048356228	0.0012979788048356228
191	 LLH-0	0.0012992697150768335	0.0012992697150768335
192	 LLH-1	0.0012989566256896136	0.0012989566256896136
193	 LLH-4	0.0012975497001660992	0.0012975497001660992
195	 LLH-4	0.0012961279512307751	0.0012961279512307751
198	 LLH-0	0.0012974880994986368	0.0012974880994986368
199	 LLH-0	0.0012988810426636463	0.0012988810426636463
200	 LLH-6	0.0013002739843102978	0.0013002739843102978
201	 LLH-1	0.0013002739843102978	0.0013002739843102978
202	 LLH-3	0.0012657814322452597	0.0012657814322452597
203	 LLH-0	0.0012649275471844324	0.0012649275471844324
204	 LLH-1	0.0012649275471844324	0.0012649275471844324
205	 LLH-0	0.0012656906205906846	0.0012656906205906846
206	 LLH-0	0.00126505917377363	0.00126505917377363
207	 LLH-2	0.001260519844366384	0.001260519844366384
208	 LLH-6	0.0012604999131910419	0.0012604999131910419
209	 LLH-5	0.0012604615488045513	0.0012604615488045513
210	 LLH-3	0.0012615579183210895	0.0012615579183210895
211	 LLH-1	0.0012615579183210895	0.0012615579183210895
212	 LLH-0	0.0012455105678942173	0.0012455105678942173
213	 LLH-3	0.001256059637835746	0.001256059637835746
214	 LLH-4	0.0012555728320391153	0.0012555728320391153
219	 LLH-0	0.0012561062718848405	0.0012561062718848405
220	 LLH-0	0.001255305045479164	0.001255305045479164
221	 LLH-0	0.0012557743481548182	0.0012557743481548182
222	 LLH-6	0.0012554711809387921	0.0012554711809387921
223	 LLH-0	0.0012559578982167252	0.0012559578982167252
224	 LLH-0	0.0012567697492284159	0.0012567697492284159
225	 LLH-0	0.0012576297748813788	0.0012576297748813788
226	 LLH-3	0.0012784552330009765	0.0012784552330009765
227	 LLH-2	0.001288012958890944	0.001288012958890944
228	 LLH-0	0.0012870666520404415	0.0012870666520404415
229	 LLH-5	0.0012875413450173666	0.0012875413450173666
230	 LLH-2	0.001278508814065808	0.001278508814065808
231	 LLH-5	0.001278418623668697	0.001278418623668697
232	 LLH-6	0.001278629617958628	0.001278629617958628
233	 LLH-1	0.001278629617958628	0.001278629617958628
234	 LLH-6	0.001278918744108263	0.001278918744108263
235	 LLH-1	0.0012789106388093662	0.0012789106388093662
236	 LLH-0	0.0012798207545507935	0.0012798207545507935
237	 LLH-6	0.0012821337035471931	0.0012821337035471931
238	 LLH-0	0.0012831359639928724	0.0012831359639928724
239	 LLH-1	0.0012829834543221757	0.0012829834543221757
240	 LLH-5	0.0012840747124082815	0.0012840747124082815
241	 LLH-1	0.0012840747124082815	0.0012840747124082815
242	 LLH-1	0.0012840747124082815	0.0012840747124082815
243	 LLH-5	0.0012849957309657599	0.0012849957309657599
244	 LLH-0	0.0012837210008545229	0.0012837210008545229
245	 LLH-0	0.0012848046479708535	0.0012848046479708535
246	 LLH-2	0.0012836347653769555	0.0012836347653769555
247	 LLH-0	0.0012825638952772421	0.0012825638952772421
248	 LLH-3	0.0012629041564379754	0.0012629041564379754
249	 LLH-4	0.0012622028871346223	0.0012622028871346223
252	 LLH-3	0.0013160577583126607	0.0013160577583126607
253	 LLH-6	0.0013151266980946468	0.0013151266980946468
254	 LLH-4	0.001313429896523769	0.001313429896523769
257	 LLH-2	0.001313369947951077	0.001313369947951077
258	 LLH-0	0.001311912807893357	0.001311912807893357
259	 LLH-1	0.0013117848116361414	0.0013117848116361414
260	 LLH-6	0.0013132577781945322	0.0013132577781945322
261	 LLH-4	0.0013132577781945322	0.0013132577781945322
266	 LLH-1	0.0013132577781945322	0.0013132577781945322
267	 LLH-3	0.0012824422577003495	0.0012824422577003495
268	 LLH-4	0.0012814863724316514	0.0012814863724316514
271	 LLH-4	0.001280578368164636	0.001280578368164636
275	 LLH-4	0.001279514507103557	0.001279514507103557
280	 LLH-1	0.001279514507103557	0.001279514507103557
281	 LLH-2	0.0012804597239295394	0.0012804597239295394
282	 LLH-2	0.001283964993387962	0.001283964993387962
283	 LLH-2	0.0012897099124680668	0.0012897099124680668
284	 LLH-3	0.001397528629718255	0.001397528629718255
285	 LLH-2	0.0013711839457343704	0.0013711839457343704
286	 LLH-4	0.0013687822795921776	0.0013687822795921776
288	 LLH-5	0.0013681260721334016	0.0013681260721334016
289	 LLH-0	0.0013703042041640287	0.0013703042041640287
290	 LLH-5	0.0013712545270203277	0.0013712545270203277
291	 LLH-1	0.0013712545270203277	0.0013712545270203277
292	 LLH-3	0.0012935383070666992	0.0012935383070666992
293	 LLH-4	0.0012923509897733855	0.0012923509897733855
296	 LLH-0	0.0012935854341089273	0.0012935854341089273
297	 LLH-4	0.0012921153664603037	0.0012921153664603037
299	 LLH-4	0.0012921153664603037	0.0012921153664603037
304	 LLH-6	0.001290924536862896	0.001290924536862896
305	 LLH-3	0.0012559790312637027	0.0012559790312637027
306	 LLH-4	0.0012559790312637027	0.0012559790312637027
311	 LLH-2	0.0012715834482724885	0.0012715834482724885
312	 LLH-4	0.0012708515278803284	0.0012708515278803284
315	 LLH-0	0.0012718021869525902	0.0012718021869525902
316	 LLH-6	0.0012687593113984042	0.0012687593113984042
317	 LLH-5	0.0012685580486157286	0.0012685580486157286
318	 LLH-2	0.0012915038305097203	0.0012685580486157286
319	 LLH-1	0.0012684125214106482	0.0012684125214106482
320	 LLH-0	0.0012695339693926152	0.0012695339693926152
321	 LLH-1	0.0012694637451802662	0.0012694637451802662
322	 LLH-3	0.0012522969183569692	0.0012522969183569692
323	 LLH-6	0.0012520791590043998	0.0012520791590043998
324	 LLH-3	0.0013204573306386128	0.0012520791590043998
325	 LLH-1	0.0012520791590043998	0.0012520791590043998
326	 LLH-3	0.001306570776211639	0.0012520791590043998
327	 LLH-4	0.001251395075676026	0.001251395075676026
330	 LLH-6	0.0012514047092369027	0.0012514047092369027
331	 LLH-2	0.0012660957235464663	0.0012660957235464663
332	 LLH-3	0.0013100735985068692	0.0013100735985068692
333	 LLH-4	0.0013085701081590787	0.0013085701081590787
335	 LLH-4	0.001307069423561408	0.001307069423561408
337	 LLH-0	0.0013086665957238743	0.0013086665957238743
338	 LLH-1	0.0013087412060058033	0.0013087412060058033
339	 LLH-3	0.0014184221330732988	0.0013087412060058033
340	 LLH-3	0.0014323089501228335	0.0014323089501228335
341	 LLH-4	0.0014295340014554997	0.0014295340014554997
343	 LLH-4	0.001426645312322944	0.001426645312322944
346	 LLH-0	0.0014238008517842736	0.0014238008517842736
347	 LLH-4	0.001420978377210773	0.001420978377210773
349	 LLH-5	0.0014214242066242062	0.0014214242066242062
350	 LLH-4	0.0014185602207618243	0.0014185602207618243
352	 LLH-5	0.0014181622738492338	0.0014181622738492338
353	 LLH-0	0.0014151102108384632	0.0014151102108384632
354	 LLH-2	0.0013683639842722198	0.0013683639842722198
355	 LLH-0	0.0013661608779726366	0.0013661608779726366
356	 LLH-3	0.0015592515926110596	0.0015592515926110596
357	 LLH-1	0.0015598977140902671	0.0015598977140902671
358	 LLH-1	0.0015596551389513219	0.0015596551389513219
359	 LLH-0	0.001554485562705087	0.001554485562705087
360	 LLH-3	0.0017292312585681134	0.001554485562705087
361	 LLH-5	0.001553493500382069	0.001553493500382069
362	 LLH-0	0.0015485961564073467	0.0015485961564073467
363	 LLH-3	0.0013162444703351522	0.0013162444703351522
364	 LLH-1	0.0013162444703351522	0.0013162444703351522
365	 LLH-4	0.0013147659826279082	0.0013147659826279082
367	 LLH-5	0.001313442800807436	0.001313442800807436
368	 LLH-6	0.0013157599061833641	0.0013157599061833641
369	 LLH-2	0.0013253084755978934	0.0013253084755978934
370	 LLH-0	0.0013234010594513949	0.0013234010594513949
371	 LLH-4	0.0013221034342805892	0.0013221034342805892
375	 LLH-2	0.0013142730245415794	0.0013142730245415794
376	 LLH-0	0.0013126237718590092	0.0013126237718590092
377	 LLH-4	0.0013110213020520668	0.0013110213020520668
380	 LLH-0	0.0013127871046836417	0.0013127871046836417
381	 LLH-6	0.0013118375546674623	0.0013118375546674623
382	 LLH-2	0.0013128525540134215	0.0013128525540134215
383	 LLH-3	0.00142977961835146	0.0013128525540134215
384	 LLH-0	0.0013141125155610566	0.0013141125155610566
385	 LLH-6	0.0013136345672468694	0.0013136345672468694
386	 LLH-3	0.0014042496785987924	0.0014042496785987924
387	 LLH-0	0.0014014490149841527	0.0014014490149841527
388	 LLH-3	0.0016351480170171107	0.0016351480170171107
389	 LLH-5	0.0016351808448406514	0.0016351808448406514
390	 LLH-3	0.0013274685925971056	0.0013274685925971056
391	 LLH-6	0.001325605353617761	0.001325605353617761
392	 LLH-6	0.001328428404920904	0.001328428404920904
393	 LLH-4	0.0013268191964999332	0.0013268191964999332
397	 LLH-3	0.0012806057719555307	0.0012806057719555307
398	 LLH-2	0.0012801214214780746	0.0012801214214780746
399	 LLH-5	0.0012800676297349337	0.0012800676297349337
400	 LLH-1	0.0012800676297349337	0.0012800676297349337
401	 LLH-2	0.0012896749401806649	0.0012896749401806649
402	 LLH-4	0.001288383720117742	0.001288383720117742
407	 LLH-2	0.0012914717561433677	0.0012914717561433677
408	 LLH-2	0.001297517963627194	0.001297517963627194
409	 LLH-2	0.0012959646301673512	0.0012959646301673512
410	 LLH-4	0.0012944957036125108	0.0012944957036125108
414	 LLH-4	0.0012930804894976803	0.0012930804894976803
419	 LLH-3	0.0012670001514436214	0.0012670001514436214
420	 LLH-1	0.0012671051215232766	0.0012671051215232766
421	 LLH-6	0.001265412486535771	0.001265412486535771
422	 LLH-3	0.0013226835381360091	0.001265412486535771
423	 LLH-4	0.001265412486535771	0.001265412486535771
428	 LLH-1	0.0012653683944955935	0.0012653683944955935
429	 LLH-2	0.0012648173127659797	0.0012648173127659797
430	 LLH-1	0.0012648173127659797	0.0012648173127659797
431	 LLH-6	0.001265282236473915	0.001265282236473915
432	 LLH-2	0.0012681725742340769	0.0012681725742340769
433	 LLH-5	0.0012685161219946482	0.0012685161219946482
434	 LLH-5	0.001268722822244466	0.001268722822244466
435	 LLH-3	0.0012515463466786288	0.0012515463466786288
436	 LLH-0	0.0012522498040484155	0.0012522498040484155
437	 LLH-3	0.0012595601039322006	0.0012595601039322006
438	 LLH-2	0.0012603858990981212	0.0012603858990981212
439	 LLH-3	0.0012870297760372638	0.0012870297760372638
440	 LLH-1	0.0012870297760372638	0.0012870297760372638
441	 LLH-0	0.0013091421677715947	0.0013091421677715947
442	 LLH-3	0.0012617777091271836	0.0012617777091271836
443	 LLH-5	0.001262407013980148	0.001262407013980148
444	 LLH-5	0.0012616835112222566	0.0012616835112222566
445	 LLH-3	0.001251140656062875	0.001251140656062875
446	 LLH-3	0.00125438456343582	0.00125438456343582
447	 LLH-6	0.0012560613723171191	0.0012560613723171191
448	 LLH-5	0.001254819209769058	0.001254819209769058
449	 LLH-1	0.001254819209769058	0.001254819209769058
450	 LLH-0	0.0012542692856667243	0.0012542692856667243
451	 LLH-5	0.0012542264172399203	0.0012542264172399203
452	 LLH-5	0.0012548251848272399	0.0012548251848272399
453	 LLH-5	0.0012550046191620134	0.0012550046191620134
454	 LLH-6	0.0012533790357566442	0.0012533790357566442
455	 LLH-5	0.0012531754481698437	0.0012531754481698437
456	 LLH-2	0.0012442204918462398	0.0012442204918462398
457	 LLH-3	0.0012563999304780796	0.0012442204918462398
458	 LLH-3	0.0012527492554182081	0.0012527492554182081
459	 LLH-6	0.0012531121133603643	0.0012531121133603643
460	 LLH-3	0.0012548419547890846	0.0012548419547890846
461	 LLH-0	0.001255357812006687	0.001255357812006687
462	 LLH-4	0.0012546778908932594	0.0012546778908932594
464	 LLH-2	0.0012470322225036593	0.0012470322225036593
465	 LLH-0	0.0012478357151759379	0.0012478357151759379
466	 LLH-4	0.0012473039776152216	0.0012473039776152216
470	 LLH-5	0.0012472285750727784	0.0012472285750727784
471	 LLH-0	0.0012477884288894065	0.0012477884288894065
472	 LLH-5	0.0012479411966304116	0.0012479411966304116
473	 LLH-3	0.0012456519151467713	0.0012456519151467713
474	 LLH-2	0.001260238464480374	0.001260238464480374
475	 LLH-5	0.0012595280011647742	0.0012595280011647742
476	 LLH-0	0.001260329522807485	0.001260329522807485
477	 LLH-4	0.001260329522807485	0.001260329522807485
482	 LLH-6	0.0012598166319579248	0.0012598166319579248
483	 LLH-1	0.0012598227499403386	0.0012598227499403386
484	 LLH-3	0.0012496918328479272	0.0012496918328479272
485	 LLH-4	0.00124924605342347	0.00124924605342347
489	 LLH-6	0.0012491291380279108	0.0012491291380279108
490	 LLH-6	0.0012490193353271663	0.0012490193353271663
491	 LLH-0	0.0012485824141668918	0.0012485824141668918
492	 LLH-4	0.0012485824141668918	0.0012485824141668918
497	 LLH-5	0.0012488989232295876	0.0012488989232295876
498	 LLH-3	0.0012523756241876014	0.0012523756241876014
499	 LLH-6	0.0012523670323179598	0.0012523670323179598
500	 LLH-1	0.0012523670323179598	0.0012523670323179598
501	 LLH-0	0.0012529367028587498	0.0012529367028587498
502	 LLH-0	0.001252246568762433	0.001252246568762433
503	 LLH-3	0.0012801918789473005	0.0012801918789473005
504	 LLH-2	0.00126542674340041	0.00126542674340041
505	 LLH-5	0.0012649082463311967	0.0012649082463311967
506	 LLH-1	0.0012650011246955431	0.0012650011246955431
507	 LLH-4	0.0012641754866548184	0.0012641754866548184
509	 LLH-1	0.0012643268707282168	0.0012643268707282168
510	 LLH-3	0.0012471858230249876	0.0012471858230249876
511	 LLH-3	0.0012491490871123633	0.0012491490871123633
512	 LLH-0	0.0012486146488715126	0.0012486146488715126
513	 LLH-4	0.0012480250692050098	0.0012480250692050098
516	 LLH-5	0.0012477929527696825	0.0012477929527696825
517	 LLH-0	0.0012482604636853787	0.0012482604636853787
518	 LLH-1	0.0012482604636853787	0.0012482604636853787
519	 LLH-2	0.0012540493510783792	0.0012540493510783792
520	 LLH-5	0.001254144048458786	0.001254144048458786
521	 LLH-5	0.0012539960878653234	0.0012539960878653234
522	 LLH-2	0.0012595452789835601	0.0012595452789835601
523	 LLH-1	0.0012595452789835601	0.0012595452789835601
524	 LLH-2	0.0012594406464565679	0.0012594406464565679
525	 LLH-2	0.0012729707538740318	0.0012729707538740318
526	 LLH-2	0.0012789899732046865	0.0012789899732046865
527	 LLH-3	0.0012649497422432762	0.0012649497422432762
528	 LLH-4	0.0012649497422432762	0.0012649497422432762
533	 LLH-0	0.0012659134557633702	0.0012659134557633702
534	 LLH-3	0.0012464279659773212	0.0012464279659773212
535	 LLH-4	0.0012464279659773212	0.0012464279659773212
540	 LLH-1	0.0012464279659773212	0.0012464279659773212
541	 LLH-0	0.001246996453426402	0.001246996453426402
542	 LLH-0	0.0012462457149803893	0.0012462457149803893
543	 LLH-6	0.0012453509064565213	0.0012453509064565213
544	 LLH-0	0.0012458242227390572	0.0012458242227390572
545	 LLH-5	0.0012454230025993002	0.0012454230025993002
546	 LLH-4	0.001244934433305247	0.001244934433305247
548	 LLH-3	0.0012448400560874015	0.0012448400560874015
549	 LLH-5	0.0012448815477397743	0.0012448815477397743
550	 LLH-1	0.0012448815477397743	0.0012448815477397743
551	 LLH-3	0.0012494912217488933	0.0012494912217488933
552	 LLH-6	0.0012494271855093384	0.0012494271855093384
553	 LLH-3	0.001269891298785579	0.0012494271855093384
554	 LLH-0	0.0012498425030284823	0.0012498425030284823
555	 LLH-6	0.0012497047016926763	0.0012497047016926763
556	 LLH-6	0.0012504050275348626	0.0012504050275348626
557	 LLH-2	0.001255927448617861	0.001255927448617861
558	 LLH-5	0.0012559625548285132	0.0012559625548285132
559	 LLH-1	0.0012559625548285132	0.0012559625548285132
560	 LLH-0	0.0012550845244204776	0.0012550845244204776
561	 LLH-4	0.0012546146102691937	0.0012546146102691937
564	 LLH-2	0.0012610850750236476	0.0012546146102691937
565	 LLH-0	0.0012550633243482616	0.0012550633243482616
566	 LLH-6	0.0012551121157256253	0.0012551121157256253
567	 LLH-0	0.0012557796249802688	0.0012557796249802688
568	 LLH-2	0.001251488456621349	0.001251488456621349
569	 LLH-5	0.0012522929009797772	0.0012522929009797772
570	 LLH-0	0.0012532446388442222	0.0012532446388442222
571	 LLH-3	0.0012590687534290847	0.0012590687534290847
572	 LLH-5	0.0012589121736605378	0.0012589121736605378
573	 LLH-2	0.001257630583843006	0.001257630583843006
574	 LLH-0	0.0012582275529432392	0.0012582275529432392
575	 LLH-4	0.001257444429408541	0.001257444429408541
578	 LLH-0	0.0012581230391163591	0.0012581230391163591
579	 LLH-0	0.0012587831545045449	0.0012587831545045449
580	 LLH-2	0.0012715249093439907	0.0012715249093439907
581	 LLH-0	0.001272507105461966	0.001272507105461966
582	 LLH-6	0.0012726892925894787	0.0012726892925894787
583	 LLH-0	0.0012545038875795308	0.0012545038875795308
584	 LLH-0	0.0012552785218942668	0.0012552785218942668
585	 LLH-6	0.0012558435454174503	0.0012558435454174503
586	 LLH-5	0.0012561639087588139	0.0012561639087588139
587	 LLH-3	0.0013063449776880768	0.0012561639087588139
588	 LLH-3	0.0012517381958093302	0.0012517381958093302
589	 LLH-1	0.0012517381958093302	0.0012517381958093302
590	 LLH-3	0.001259357074729074	0.0012517381958093302
591	 LLH-5	0.0012523638723592593	0.0012523638723592593
592	 LLH-0	0.0012530078510487855	0.0012530078510487855
593	 LLH-0	0.0012524693467375059	0.0012524693467375059
594	 LLH-3	0.0012460125152449725	0.0012460125152449725
595	 LLH-3	0.0012466340282811577	0.0012466340282811577
596	 LLH-0	0.0012471287608950869	0.0012471287608950869
597	 LLH-2	0.0012556172407136473	0.0012556172407136473
598	 LLH-4	0.0012549096836169528	0.0012549096836169528
602	 LLH-0	0.0012540851238197666	0.0012540851238197666
603	 LLH-3	0.001299895782396311	0.0012540851238197666
604	 LLH-2	0.0012624901474326243	0.0012540851238197666
605	 LLH-6	0.0012554273605911116	0.0012554273605911116
606	 LLH-0	0.0012545193582925484	0.0012545193582925484
607	 LLH-1	0.0012545193582925484	0.0012545193582925484
608	 LLH-1	0.001254512357881388	0.001254512357881388
609	 LLH-3	0.001297907243909299	0.001254512357881388
610	 LLH-0	0.0012550931811015562	0.0012550931811015562
611	 LLH-6	0.0012542075194854558	0.0012542075194854558
612	 LLH-4	0.0012535143438958697	0.0012535143438958697
616	 LLH-1	0.0012535472881523284	0.0012535472881523284
617	 LLH-1	0.0012535472881523284	0.0012535472881523284
618	 LLH-4	0.0012526677654559025	0.0012526677654559025
620	 LLH-4	0.0012521710061687084	0.0012521710061687084
622	 LLH-3	0.0012897877975631164	0.0012521710061687084
623	 LLH-5	0.001251504942667332	0.001251504942667332
624	 LLH-4	0.001251504942667332	0.001251504942667332
629	 LLH-0	0.0012522470754816322	0.0012522470754816322
630	 LLH-0	0.0012529540403185375	0.0012529540403185375
631	 LLH-5	0.001252630818854045	0.001252630818854045
632	 LLH-6	0.0012526683899509515	0.0012526683899509515
633	 LLH-1	0.0012528493058597677	0.0012528493058597677
634	 LLH-1	0.0012528493058597677	0.0012528493058597677
635	 LLH-3	0.0012843857771472436	0.0012843857771472436
636	 LLH-1	0.0012847049494804433	0.0012847049494804433
637	 LLH-2	0.001305245494828987	0.001305245494828987
638	 LLH-3	0.0012651428832224116	0.0012651428832224116
639	 LLH-2	0.0012691705672271758	0.0012691705672271758
640	 LLH-6	0.0012683719253473364	0.0012683719253473364
641	 LLH-3	0.0013491300920534743	0.0012683719253473364
642	 LLH-2	0.0012752265408710513	0.0012752265408710513
643	 LLH-0	0.0012764392982629147	0.0012764392982629147
644	 LLH-2	0.0012876990160194121	0.0012764392982629147
645	 LLH-6	0.001277605596138646	0.001277605596138646
646	 LLH-5	0.0012777102142539384	0.0012777102142539384
647	 LLH-2	0.0012881841279441856	0.0012881841279441856
648	 LLH-2	0.0012740235159836913	0.0012740235159836913
649	 LLH-3	0.00136833125541109	0.0012740235159836913
650	 LLH-6	0.0012738110341971867	0.0012738110341971867
651	 LLH-0	0.0012746347770461132	0.0012746347770461132
652	 LLH-4	0.0012733495058228923	0.0012733495058228923
656	 LLH-0	0.0012742753169663636	0.0012742753169663636
657	 LLH-0	0.0012730711344932845	0.0012730711344932845
658	 LLH-3	0.0013404210498768614	0.0012730711344932845
659	 LLH-5	0.0012734674850492479	0.0012734674850492479
660	 LLH-0	0.001272559855574642	0.001272559855574642
661	 LLH-2	0.0012805049326467246	0.001272559855574642
662	 LLH-2	0.0012949489633458408	0.0012949489633458408
663	 LLH-2	0.0012953801353497063	0.0012953801353497063
664	 LLH-6	0.0012982580540411028	0.0012982580540411028
665	 LLH-5	0.0012991406214742786	0.0012991406214742786
666	 LLH-0	0.001300504530665381	0.001300504530665381
667	 LLH-0	0.001302033745402479	0.001300504530665381
668	 LLH-6	0.0012987746254561833	0.0012987746254561833
669	 LLH-1	0.0012987746254561833	0.0012987746254561833
670	 LLH-0	0.001297572601078835	0.001297572601078835
671	 LLH-5	0.0012973302630788427	0.0012973302630788427
672	 LLH-4	0.0012958848465971624	0.0012958848465971624
674	 LLH-5	0.0012959576567079306	0.0012959576567079306
675	 LLH-6	0.0012965225561580283	0.0012965225561580283
676	 LLH-4	0.0012950563262879497	0.0012950563262879497
680	 LLH-4	0.0012939127644495095	0.0012939127644495095
683	 LLH-3	0.001390633647664808	0.0012939127644495095
684	 LLH-6	0.0012951390258788423	0.0012951390258788423
685	 LLH-1	0.0012951390258788423	0.0012951390258788423
686	 LLH-4	0.0012939076140995895	0.0012939076140995895
689	 LLH-4	0.001292580976205893	0.001292580976205893
691	 LLH-6	0.001290767151238793	0.001290767151238793
692	 LLH-0	0.0012893014521926983	0.0012893014521926983
693	 LLH-6	0.0012895311949799107	0.0012895311949799107
694	 LLH-3	0.001270275016640422	0.001270275016640422
695	 LLH-0	0.0012711508876164632	0.0012711508876164632
696	 LLH-3	0.0013452063755377797	0.0012711508876164632
697	 LLH-3	0.0012553984213267719	0.0012553984213267719
698	 LLH-3	0.0012942860084822476	0.0012942860084822476
699	 LLH-3	0.0012603816142119366	0.0012603816142119366
700	 LLH-0	0.0012614873404113022	0.0012614873404113022
701	 LLH-1	0.0012613903880865163	0.0012613903880865163
702	 LLH-5	0.0012611596341460635	0.0012611596341460635
703	 LLH-2	0.0012791125835110773	0.0012611596341460635
704	 LLH-5	0.001262037441085863	0.001262037441085863
705	 LLH-3	0.001251701057346552	0.001251701057346552
706	 LLH-5	0.0012510815258670888	0.0012510815258670888
707	 LLH-5	0.0012510482577662778	0.0012510482577662778
708	 LLH-3	0.0013034456931677863	0.0012510482577662778
709	 LLH-0	0.0012517676874223944	0.0012517676874223944
710	 LLH-3	0.0012534879723820813	0.0012517676874223944
711	 LLH-2	0.0012685222176899514	0.0012517676874223944
712	 LLH-2	0.0012643065555919925	0.0012643065555919925
713	 LLH-1	0.0012643065555919925	0.0012643065555919925
714	 LLH-6	0.0012623179472543951	0.0012623179472543951
715	 LLH-1	0.0012623179472543951	0.0012623179472543951
716	 LLH-0	0.0012630388317465134	0.0012630388317465134
717	 LLH-2	0.0012688276086108429	0.0012630388317465134
718	 LLH-2	0.001269077232277893	0.001269077232277893
719	 LLH-3	0.0013324210503685727	0.001269077232277893
720	 LLH-0	0.001269951888798729	0.001269951888798729
721	 LLH-3	0.001348296680469203	0.001269951888798729
722	 LLH-4	0.0012689751201038384	0.0012689751201038384
724	 LLH-6	0.0012697747863167873	0.0012697747863167873
725	 LLH-2	0.0012680276987533875	0.0012680276987533875
726	 LLH-4	0.001267010246464328	0.001267010246464328
728	 LLH-1	0.001267010246464328	0.001267010246464328
729	 LLH-6	0.0012673343432192217	0.0012673343432192217
730	 LLH-3	0.001252820805298663	0.001252820805298663
731	 LLH-4	0.0012522057249061498	0.0012522057249061498
736	 LLH-3	0.0012467538021504751	0.0012467538021504751
737	 LLH-1	0.0012467538021504751	0.0012467538021504751
738	 LLH-5	0.0012468884997941135	0.0012468884997941135
739	 LLH-3	0.0012847269094791315	0.0012468884997941135
740	 LLH-2	0.0012544019493331581	0.0012468884997941135
741	 LLH-5	0.001246866577076741	0.001246866577076741
742	 LLH-0	0.0012478090761280916	0.0012478090761280916
743	 LLH-4	0.0012478090761280916	0.0012478090761280916
748	 LLH-0	0.0012471874182956775	0.0012471874182956775
749	 LLH-1	0.0012471874182956775	0.0012471874182956775
750	 LLH-5	0.0012478600396692622	0.0012478600396692622
751	 LLH-6	0.0012482895648454869	0.0012482895648454869
752	 LLH-3	0.0012450056465273577	0.0012450056465273577
753	 LLH-0	0.0012443501520780402	0.0012443501520780402
754	 LLH-1	0.0012443501520780402	0.0012443501520780402
755	 LLH-5	0.0012442982528097718	0.0012442982528097718
756	 LLH-4	0.001243881079582923	0.001243881079582923
759	 LLH-2	0.0012527502609717585	0.001243881079582923
760	 LLH-0	0.0012444974311504348	0.0012444974311504348
761	 LLH-1	0.0012445003864827839	0.0012445003864827839
762	 LLH-2	0.0012551230883990356	0.0012551230883990356
763	 LLH-3	0.0012493453713809213	0.0012493453713809213
764	 LLH-6	0.001249231977084595	0.001249231977084595
765	 LLH-4	0.001249231977084595	0.001249231977084595
770	 LLH-0	0.0012497189505287375	0.0012497189505287375
771	 LLH-1	0.00124923539908491	0.00124923539908491
772	 LLH-3	0.0012507684876307671	0.0012507684876307671
773	 LLH-6	0.0012503276676060944	0.0012503276676060944
774	 LLH-2	0.0012615860007390883	0.0012615860007390883
775	 LLH-1	0.0012614263863556848	0.0012614263863556848
776	 LLH-2	0.0012591323146949713	0.0012591323146949713
777	 LLH-5	0.0012587153394839725	0.0012587153394839725
778	 LLH-0	0.00125785619986794	0.00125785619986794
779	 LLH-6	0.0012586503388655327	0.0012586503388655327
780	 LLH-1	0.0012586503388655327	0.0012586503388655327
781	 LLH-2	0.0012637479921626075	0.0012637479921626075
782	 LLH-6	0.0012627841327179136	0.0012627841327179136
783	 LLH-3	0.0012543313742558113	0.0012543313742558113
784	 LLH-6	0.0012546533397883126	0.0012546533397883126
785	 LLH-5	0.0012543924113069772	0.0012543924113069772
786	 LLH-5	0.0012538544400552093	0.0012538544400552093
787	 LLH-5	0.0012539146279881468	0.0012539146279881468
788	 LLH-2	0.001254848937217883	0.001254848937217883
789	 LLH-0	0.0012554849242463874	0.0012554849242463874
790	 LLH-1	0.0012554849242463874	0.0012554849242463874
791	 LLH-5	0.0012550409315337568	0.0012550409315337568
792	 LLH-2	0.0012581574058632842	0.0012581574058632842
793	 LLH-2	0.0012555001397175772	0.0012555001397175772
794	 LLH-1	0.0012555001397175772	0.0012555001397175772
795	 LLH-5	0.001255596332092723	0.001255596332092723
796	 LLH-0	0.001254769506500904	0.001254769506500904
797	 LLH-5	0.0012556103903615186	0.0012556103903615186
798	 LLH-6	0.001256821848201261	0.001256821848201261
799	 LLH-5	0.001257451970844454	0.001257451970844454
800	 LLH-5	0.0012566870546836442	0.0012566870546836442
801	 LLH-5	0.001257206003824586	0.001257206003824586
802	 LLH-2	0.0012755844276657415	0.001257206003824586
803	 LLH-0	0.0012582552156902346	0.0012582552156902346
804	 LLH-6	0.001258864487949299	0.001258864487949299
805	 LLH-4	0.001258864487949299	0.001258864487949299
810	 LLH-3	0.0012594508731284693	0.0012594508731284693
811	 LLH-2	0.0012709727706108032	0.0012594508731284693
812	 LLH-2	0.001267625450382931	0.001267625450382931
813	 LLH-2	0.0012706129731696312	0.0012706129731696312
814	 LLH-6	0.0012700940977298477	0.0012700940977298477
815	 LLH-5	0.001270596636451238	0.001270596636451238
816	 LLH-3	0.0012571639983111808	0.0012571639983111808
817	 LLH-0	0.0012580026951608328	0.0012580026951608328
818	 LLH-6	0.001258209537192881	0.001258209537192881
819	 LLH-5	0.0012585386497516893	0.0012585386497516893
820	 LLH-2	0.0012624499939982868	0.0012585386497516893
821	 LLH-3	0.0013081282290780382	0.0012585386497516893
822	 LLH-0	0.001259376711702849	0.001259376711702849
823	 LLH-4	0.0012585878632088469	0.0012585878632088469
827	 LLH-1	0.0012585878632088469	0.0012585878632088469
828	 LLH-0	0.001259482390781003	0.001259482390781003
829	 LLH-6	0.0012585735120868905	0.0012585735120868905
830	 LLH-6	0.0012589296617265256	0.0012589296617265256
831	 LLH-1	0.001258953909685097	0.001258953909685097
832	 LLH-3	0.001312560870435017	0.001258953909685097
833	 LLH-4	0.0012582487370102553	0.0012582487370102553
838	 LLH-6	0.0012573775093893795	0.0012573775093893795
839	 LLH-2	0.0012694337760903477	0.0012573775093893795
840	 LLH-4	0.0012567408940938488	0.0012567408940938488
845	 LLH-4	0.0012559722890524412	0.0012559722890524412
849	 LLH-4	0.0012552220275007173	0.0012552220275007173
851	 LLH-3	0.0012551722857374456	0.0012551722857374456
852	 LLH-3	0.0012424939732254604	0.0012424939732254604
853	 LLH-1	0.0012424939732254604	0.0012424939732254604
854	 LLH-2	0.0012488053095508788	0.0012488053095508788
855	 LLH-5	0.0012483252113308016	0.0012483252113308016
856	 LLH-6	0.0012482607773487378	0.0012482607773487378
857	 LLH-0	0.0012488266740805455	0.0012488266740805455
858	 LLH-6	0.001248784428597409	0.001248784428597409
859	 LLH-3	0.0013056072698030153	0.001248784428597409
860	 LLH-1	0.001248784428597409	0.001248784428597409
861	 LLH-3	0.0012466069975994257	0.0012466069975994257
862	 LLH-1	0.0012466069975994257	0.0012466069975994257
863	 LLH-3	0.0012509875430225608	0.0012466069975994257
864	 LLH-3	0.0012913081486845026	0.0012466069975994257
865	 LLH-6	0.0012472541367730466	0.0012472541367730466
866	 LLH-3	0.0012846076648802226	0.0012472541367730466
867	 LLH-1	0.0012472024502781223	0.0012472024502781223
868	 LLH-2	0.0012570472472995702	0.0012472024502781223
869	 LLH-3	0.0012880234748269925	0.0012472024502781223
870	 LLH-4	0.001246759551287111	0.001246759551287111
873	 LLH-6	0.0012472578715075973	0.0012472578715075973
874	 LLH-6	0.0012465544668081342	0.0012465544668081342
875	 LLH-6	0.001246755554140302	0.001246755554140302
876	 LLH-6	0.001245980359739262	0.001245980359739262
877	 LLH-5	0.0012463216359020971	0.0012463216359020971
878	 LLH-2	0.0012467948099746844	0.0012467948099746844
879	 LLH-4	0.0012467948099746844	0.0012467948099746844
884	 LLH-3	0.001257855093366939	0.001257855093366939
885	 LLH-2	0.001250137148174851	0.001250137148174851
886	 LLH-2	0.0012604062669406692	0.001250137148174851
887	 LLH-2	0.00126429513039143	0.001250137148174851
888	 LLH-2	0.0012584465443620935	0.001250137148174851
889	 LLH-5	0.0012501293222630847	0.0012501293222630847
890	 LLH-1	0.0012502432551915028	0.0012502432551915028
891	 LLH-6	0.0012510905195016152	0.0012510905195016152
892	 LLH-3	0.0013003815921070136	0.0012510905195016152
893	 LLH-2	0.0012529945976449577	0.0012510905195016152
894	 LLH-0	0.0012516118526949545	0.0012510905195016152
895	 LLH-4	0.0012501925970582655	0.0012501925970582655
899	 LLH-1	0.0012502318864691599	0.0012502318864691599
900	 LLH-5	0.0012498953773860996	0.0012498953773860996
901	 LLH-5	0.0012498953773860996	0.0012498953773860996
902	 LLH-5	0.0012503259406682653	0.0012503259406682653
903	 LLH-3	0.0012516647989409384	0.0012516647989409384
904	 LLH-6	0.0012521351981409417	0.0012521351981409417
905	 LLH-5	0.0012529017922569127	0.0012529017922569127
906	 LLH-2	0.0012626849410933127	0.0012529017922569127
907	 LLH-0	0.0012536129093387379	0.0012529017922569127
908	 LLH-1	0.0012529017922569127	0.0012529017922569127
909	 LLH-3	0.001254625238026902	0.001254625238026902
910	 LLH-0	0.0012553217006559998	0.0012553217006559998
911	 LLH-6	0.0012555581008118586	0.0012553217006559998
912	 LLH-4	0.0012553217006559998	0.0012553217006559998
917	 LLH-1	0.0012553217006559998	0.0012553217006559998
918	 LLH-6	0.0012553129218855446	0.0012553129218855446
919	 LLH-2	0.0012500669212509828	0.0012500669212509828
920	 LLH-0	0.0012507581309506974	0.0012507581309506974
921	 LLH-4	0.0012507581309506974	0.0012507581309506974
926	 LLH-5	0.0012516506155011082	0.0012507581309506974
927	 LLH-3	0.0012446626596880229	0.0012446626596880229
928	 LLH-5	0.001244490575554396	0.001244490575554396
929	 LLH-1	0.001244490575554396	0.001244490575554396
930	 LLH-6	0.001244696695101988	0.001244696695101988
931	 LLH-5	0.0012448015609329908	0.0012448015609329908
932	 LLH-3	0.0012463938764653334	0.0012463938764653334
933	 LLH-3	0.001251229939591548	0.001251229939591548
934	 LLH-0	0.001251668020532236	0.001251668020532236
935	 LLH-2	0.0012476398655971981	0.0012476398655971981
936	 LLH-3	0.0012764902738253048	0.0012476398655971981
937	 LLH-5	0.0012477752316424151	0.0012477752316424151
938	 LLH-6	0.0012480613487202816	0.0012480613487202816
939	 LLH-0	0.001248559088207959	0.001248559088207959
940	 LLH-5	0.0012485348427582492	0.0012485348427582492
941	 LLH-4	0.0012485348427582492	0.0012485348427582492
946	 LLH-6	0.0012491413203736463	0.0012485348427582492
947	 LLH-3	0.0012752360577930888	0.0012485348427582492
948	 LLH-0	0.0012489763651913656	0.0012489763651913656
949	 LLH-4	0.001248510627007424	0.001248510627007424
952	 LLH-1	0.0012483625131106406	0.0012483625131106406
953	 LLH-4	0.0012479549818856025	0.0012479549818856025
958	 LLH-2	0.0012583511550281748	0.0012479549818856025
959	 LLH-2	0.0012477346704279986	0.0012477346704279986
960	 LLH-4	0.0012477346704279986	0.0012477346704279986
965	 LLH-5	0.0012483202187865057	0.0012483202187865057
966	 LLH-3	0.0012950629323552616	0.0012483202187865057
967	 LLH-1	0.0012483202187865057	0.0012483202187865057
968	 LLH-6	0.001248286463236394	0.001248286463236394
969	 LLH-3	0.00128762877448396	0.001248286463236394
970	 LLH-5	0.0012480543720354122	0.0012480543720354122
971	 LLH-5	0.0012485692001273775	0.0012485692001273775
972	 LLH-1	0.0012486999022834969	0.0012486999022834969
973	 LLH-0	0.0012493671476025308	0.0012493671476025308
974	 LLH-3	0.0012437816523999392	0.0012437816523999392
975	 LLH-4	0.0012437816523999392	0.0012437816523999392
980	 LLH-3	0.0013069009349911934	0.0012437816523999392
981	 LLH-1	0.0012434391970464645	0.0012434391970464645
982	 LLH-4	0.0012434391970464645	0.0012434391970464645
987	 LLH-5	0.0012442633953855444	0.0012442633953855444
988	 LLH-0	0.0012437502078201412	0.0012437502078201412
989	 LLH-4	0.001243227480498974	0.001243227480498974
992	 LLH-5	0.0012425987342414534	0.0012425987342414534
993	 LLH-4	0.0012425987342414534	0.0012425987342414534
998	 LLH-6	0.0012414328933673313	0.0012414328933673313
999	 LLH-3	0.0012766020931314725	0.0012414328933673313
1000	 LLH-6	0.0012427628085927619	0.0012427628085927619
1001	 LLH-1	0.0012427628085927619	0.0012427628085927619
1002	 LLH-2	0.0012553300091056134	0.0012427628085927619
1003	 LLH-3	0.00127600986274654	0.0012427628085927619
1004	 LLH-3	0.0012842536369458146	0.0012427628085927619
1005	 LLH-4	0.0012427628085927619	0.0012427628085927619
1010	 LLH-2	0.0012514343567581027	0.0012427628085927619
1011	 LLH-1	0.0012427628085927619	0.0012427628085927619
1012	 LLH-1	0.0012427628085927619	0.0012427628085927619
1013	 LLH-3	0.0012769748287052155	0.0012427628085927619
1014	 LLH-6	0.0012427364840502883	0.0012427364840502883
1015	 LLH-6	0.0012431395446575566	0.0012427364840502883
1016	 LLH-3	0.001254436086331144	0.001254436086331144
1017	 LLH-2	0.0012528140989328698	0.0012528140989328698
1018	 LLH-5	0.0012528366678117209	0.0012528366678117209
1019	 LLH-3	0.0012893402729807382	0.0012528366678117209
1020	 LLH-5	0.0012524730503907944	0.0012524730503907944
1021	 LLH-2	0.0012530905173828283	0.0012530905173828283
1022	 LLH-3	0.0012853439056872557	0.0012530905173828283
1023	 LLH-5	0.0012531792047448588	0.0012531792047448588
1024	 LLH-6	0.0012528921472871929	0.0012528921472871929
1025	 LLH-4	0.0012528921472871929	0.0012528921472871929
1030	 LLH-5	0.0012531502444532165	0.0012531502444532165
1031	 LLH-5	0.001253121441870428	0.001253121441870428
1032	 LLH-3	0.0012424692567489612	0.0012424692567489612
1033	 LLH-0	0.0012429735329570308	0.0012429735329570308
1034	 LLH-6	0.0012433613124873204	0.0012429735329570308
1035	 LLH-4	0.0012424438941380717	0.0012424438941380717
1038	 LLH-3	0.0012723042488284229	0.0012424438941380717
1039	 LLH-3	0.0012833723506433625	0.0012424438941380717
1040	 LLH-3	0.0012538828882467602	0.0012424438941380717
1041	 LLH-5	0.0012423336751779819	0.0012423336751779819
1042	 LLH-0	0.0012429090072566611	0.0012423336751779819
1043	 LLH-1	0.0012423336751779819	0.0012423336751779819
1044	 LLH-3	0.001286939947420593	0.0012423336751779819
1045	 LLH-3	0.001276774543989538	0.0012423336751779819
1046	 LLH-4	0.0012423336751779819	0.0012423336751779819
1051	 LLH-4	0.0012423336751779819	0.0012423336751779819
1056	 LLH-1	0.0012423336751779819	0.0012423336751779819
1057	 LLH-2	0.0012469414766462	0.0012423336751779819
1058	 LLH-5	0.0012425408864502566	0.0012425408864502566
1059	 LLH-3	0.0012545435404082643	0.0012425408864502566
1060	 LLH-1	0.0012425408864502566	0.0012425408864502566
1061	 LLH-1	0.0012425408864502566	0.0012425408864502566
1062	 LLH-0	0.0012434394941817195	0.0012434394941817195
1063	 LLH-2	0.0012538675766688085	0.0012434394941817195
1064	 LLH-2	0.0012512530106229577	0.0012434394941817195
1065	 LLH-5	0.0012438234846885614	0.0012438234846885614
1066	 LLH-2	0.0012501856632673993	0.0012501856632673993
1067	 LLH-3	0.0013088031778000341	0.0012501856632673993
1068	 LLH-0	0.001250998079409506	0.0012501856632673993
1069	 LLH-5	0.0012500590513519023	0.0012500590513519023
1070	 LLH-1	0.0012501758370993474	0.0012501758370993474
1071	 LLH-3	0.0012977990803258706	0.0012501758370993474
1072	 LLH-2	0.0012558194407016618	0.0012501758370993474
1073	 LLH-1	0.0012501758370993474	0.0012501758370993474
1074	 LLH-6	0.0012493225352363767	0.0012493225352363767
1075	 LLH-4	0.0012484106764112802	0.0012484106764112802
1077	 LLH-3	0.0013058298719151628	0.0012484106764112802
1078	 LLH-0	0.0012489380262424303	0.0012489380262424303
1079	 LLH-3	0.0012436060682872803	0.0012436060682872803
1080	 LLH-2	0.0012465055617767447	0.0012436060682872803
1081	 LLH-1	0.0012436060682872803	0.0012436060682872803
1082	 LLH-4	0.001243016745270272	0.001243016745270272
1084	 LLH-5	0.0012436675686622028	0.0012436675686622028
1085	 LLH-6	0.001244940613942064	0.0012436675686622028
1086	 LLH-3	0.0012773026045930762	0.0012436675686622028
1087	 LLH-6	0.001242493024743054	0.001242493024743054
1088	 LLH-6	0.0012426131067495047	0.0012426131067495047
1089	 LLH-4	0.0012426131067495047	0.0012426131067495047
1094	 LLH-5	0.0012431854426968982	0.0012426131067495047
1095	 LLH-3	0.001293950442582019	0.0012426131067495047
1096	 LLH-2	0.0012511463903718601	0.0012426131067495047
1097	 LLH-0	0.0012430588659767573	0.0012430588659767573
1098	 LLH-6	0.0012432447661878136	0.0012432447661878136
1099	 LLH-4	0.0012432447661878136	0.0012432447661878136
1104	 LLH-5	0.001243264190948935	0.001243264190948935
1105	 LLH-5	0.0012445723879098423	0.001243264190948935
1106	 LLH-0	0.0012437953996192555	0.0012437953996192555
1107	 LLH-3	0.001292247496966382	0.0012437953996192555
1108	 LLH-6	0.0012437357554478511	0.0012437357554478511
1109	 LLH-2	0.0012537153615800195	0.0012437357554478511
1110	 LLH-0	0.0012444401508726057	0.0012437357554478511
1111	 LLH-4	0.0012431840710149186	0.0012431840710149186
1116	 LLH-2	0.0012552967463100642	0.0012431840710149186
1117	 LLH-6	0.001242593294212261	0.001242593294212261
1118	 LLH-6	0.0012429418194095504	0.0012429418194095504
1119	 LLH-4	0.0012429418194095504	0.0012429418194095504
1124	 LLH-5	0.0012432724767493905	0.0012432724767493905
1125	 LLH-2	0.001250897866523911	0.0012432724767493905
1126	 LLH-5	0.0012438286315309046	0.0012438286315309046
1127	 LLH-0	0.001244849701342165	0.0012438286315309046
1128	 LLH-0	0.0012442851186862244	0.0012442851186862244
1129	 LLH-4	0.0012442851186862244	0.0012442851186862244
1134	 LLH-1	0.0012442851186862244	0.0012442851186862244
1135	 LLH-2	0.0012601851202538106	0.0012442851186862244
1136	 LLH-3	0.00124249201557574	0.00124249201557574
1137	 LLH-1	0.001242655122255804	0.001242655122255804
1138	 LLH-3	0.0012710119875798496	0.001242655122255804
1139	 LLH-3	0.0012816689139143053	0.001242655122255804
1140	 LLH-5	0.0012429369699973397	0.0012429369699973397
1141	 LLH-2	0.0012522672738688708	0.0012429369699973397
1142	 LLH-1	0.0012429369699973397	0.0012429369699973397
1143	 LLH-4	0.0012425200031840374	0.0012425200031840374
1146	 LLH-0	0.0012430392857802465	0.0012425200031840374
1147	 LLH-6	0.0012427335755132078	0.0012427335755132078
1148	 LLH-2	0.0012608773333111297	0.0012427335755132078
1149	 LLH-0	0.0012431432573572108	0.0012431432573572108
1150	 LLH-5	0.0012432102099942611	0.0012432102099942611
1151	 LLH-6	0.0012429821804722453	0.0012429821804722453
1152	 LLH-3	0.0012777310588210425	0.0012429821804722453
1153	 LLH-1	0.0012429821804722453	0.0012429821804722453
1154	 LLH-6	0.001243123541756563	0.001243123541756563
1155	 LLH-1	0.001243123541756563	0.001243123541756563
1156	 LLH-4	0.001243123541756563	0.001243123541756563
1161	 LLH-0	0.0012438955344994452	0.001243123541756563
1162	 LLH-1	0.001243123541756563	0.001243123541756563
1163	 LLH-3	0.001246438085370844	0.001243123541756563
1164	 LLH-6	0.0012433651117815716	0.0012433651117815716
1165	 LLH-1	0.0012433651117815716	0.0012433651117815716
1166	 LLH-6	0.001244090886822252	0.0012433651117815716
1167	 LLH-2	0.0012533244682316445	0.0012433651117815716
1168	 LLH-1	0.0012433651117815716	0.0012433651117815716
1169	 LLH-1	0.0012433651117815716	0.0012433651117815716
1170	 LLH-2	0.001249525539411905	0.0012433651117815716
1171	 LLH-5	0.0012429138038294683	0.0012429138038294683
1172	 LLH-4	0.0012429138038294683	0.0012429138038294683
1177	 LLH-6	0.0012433516373479016	0.0012433516373479016
1178	 LLH-4	0.0012433516373479016	0.0012433516373479016
1183	 LLH-5	0.0012430813169430246	0.0012430813169430246
1184	 LLH-5	0.0012431307916187973	0.0012431307916187973
1185	 LLH-4	0.0012431307916187973	0.0012431307916187973
1190	 LLH-0	0.0012437380917302838	0.0012431307916187973
1191	 LLH-3	0.0012504567486644302	0.0012431307916187973
1192	 LLH-0	0.0012437017648557044	0.0012431307916187973
1193	 LLH-0	0.0012435500796970297	0.0012435500796970297
1194	 LLH-2	0.0012529448654878953	0.0012435500796970297
1195	 LLH-0	0.0012441490704542858	0.0012435500796970297
1196	 LLH-4	0.0012435500796970297	0.0012435500796970297
1201	 LLH-3	0.001246625116505409	0.0012435500796970297
1202	 LLH-4	0.0012431395668037932	0.0012431395668037932
1204	 LLH-3	0.0012466123330544235	0.0012431395668037932
1205	 LLH-6	0.0012431438761665939	0.0012431438761665939
1206	 LLH-4	0.0012431438761665939	0.0012431438761665939
1211	 LLH-2	0.0012482264223394092	0.0012431438761665939
1212	 LLH-6	0.0012430234211275322	0.0012430234211275322
1213	 LLH-1	0.0012430234211275322	0.0012430234211275322
1214	 LLH-3	0.0012652560755452413	0.0012430234211275322
1215	 LLH-1	0.0012430234211275322	0.0012430234211275322
1216	 LLH-5	0.0012436201513886084	0.0012436201513886084
1217	 LLH-4	0.0012431066911253138	0.0012431066911253138
1222	 LLH-5	0.0012431594654969227	0.0012431594654969227
1223	 LLH-0	0.001243751315458448	0.001243751315458448
1224	 LLH-3	0.0012778427261958504	0.001243751315458448
1225	 LLH-1	0.001243751315458448	0.001243751315458448
1226	 LLH-1	0.001243751315458448	0.001243751315458448
1227	 LLH-5	0.0012440847690171428	0.0012440847690171428
1228	 LLH-5	0.0012444438135544255	0.0012440847690171428
1229	 LLH-6	0.0012448414007949233	0.0012440847690171428
1230	 LLH-2	0.0012514923050111703	0.0012440847690171428
1231	 LLH-3	0.0012613960508123124	0.0012440847690171428
1232	 LLH-4	0.0012440847690171428	0.0012440847690171428
1237	 LLH-2	0.001257871153491555	0.0012440847690171428
1238	 LLH-5	0.0012438950616781722	0.0012438950616781722
1239	 LLH-3	0.0012483194465998698	0.0012438950616781722
1240	 LLH-1	0.0012438950616781722	0.0012438950616781722
1241	 LLH-3	0.0012466914337374902	0.0012438950616781722
1242	 LLH-3	0.0012786677681440282	0.0012438950616781722
1243	 LLH-3	0.0012478217487923464	0.0012438950616781722
1244	 LLH-3	0.0012691238790123053	0.0012438950616781722
1245	 LLH-2	0.001259040837557219	0.0012438950616781722
1246	 LLH-6	0.0012431387221854611	0.0012431387221854611
1247	 LLH-4	0.0012431387221854611	0.0012431387221854611
1252	 LLH-0	0.0012425761099964627	0.0012425761099964627
1253	 LLH-4	0.0012425761099964627	0.0012425761099964627
1258	 LLH-3	0.0012469297974188056	0.0012425761099964627
1259	 LLH-0	0.0012430532297748624	0.0012430532297748624
1260	 LLH-4	0.0012425199858181117	0.0012425199858181117
1265	 LLH-4	0.0012425199858181117	0.0012425199858181117
1270	 LLH-2	0.001245301511506261	0.0012425199858181117
1271	 LLH-6	0.0012429334289904477	0.0012429334289904477
1272	 LLH-5	0.0012428758067203375	0.0012428758067203375
1273	 LLH-2	0.0012458574485354871	0.0012428758067203375
1274	 LLH-4	0.0012428758067203375	0.0012428758067203375
1279	 LLH-0	0.0012434136898725099	0.0012428758067203375
1280	 LLH-1	0.0012428758067203375	0.0012428758067203375
1281	 LLH-4	0.0012428758067203375	0.0012428758067203375
1286	 LLH-2	0.001258973107625187	0.0012428758067203375
1287	 LLH-1	0.0012428758067203375	0.0012428758067203375
1288	 LLH-5	0.0012427947528672045	0.0012427947528672045
1289	 LLH-1	0.0012427947528672045	0.0012427947528672045
1290	 LLH-3	0.0012803591880517539	0.0012427947528672045
1291	 LLH-5	0.0012430127729741532	0.0012430127729741532
1292	 LLH-6	0.0012435351590601676	0.0012435351590601676
1293	 LLH-6	0.0012437667559640482	0.0012435351590601676
1294	 LLH-6	0.001242549031390616	0.001242549031390616
1295	 LLH-1	0.001242169326722353	0.001242169326722353
1296	 LLH-4	0.001242169326722353	0.001242169326722353
1301	 LLH-3	0.0012454621132561641	0.001242169326722353
1302	 LLH-2	0.0012508273597385668	0.001242169326722353
1303	 LLH-4	0.001242169326722353	0.001242169326722353
1308	 LLH-0	0.001242713906120512	0.001242169326722353
1309	 LLH-4	0.001242169326722353	0.001242169326722353
1314	 LLH-6	0.0012418605186617381	0.0012418605186617381
1315	 LLH-6	0.0012432688269259902	0.0012418605186617381
1316	 LLH-4	0.0012418605186617381	0.0012418605186617381
1321	 LLH-0	0.0012422979685985333	0.0012422979685985333
1322	 LLH-3	0.0012639426994972762	0.0012422979685985333
1323	 LLH-2	0.0012515046766529937	0.0012422979685985333
1324	 LLH-5	0.001242476203216474	0.001242476203216474
1325	 LLH-1	0.001242476203216474	0.001242476203216474
1326	 LLH-0	0.0012435496841190022	0.001242476203216474
1327	 LLH-3	0.0012473526483133333	0.001242476203216474
1328	 LLH-3	0.0012465817863113449	0.001242476203216474
1329	 LLH-0	0.0012429368922892278	0.001242476203216474
1330	 LLH-5	0.0012426096323380298	0.0012426096323380298
1331	 LLH-1	0.0012426096323380298	0.0012426096323380298
1332	 LLH-4	0.0012420863059349721	0.0012420863059349721
1334	 LLH-3	0.0012470325493703967	0.0012420863059349721
1335	 LLH-6	0.0012422360497159593	0.0012422360497159593
1336	 LLH-6	0.001242993918004564	0.0012422360497159593
1337	 LLH-4	0.0012422360497159593	0.0012422360497159593
1342	 LLH-5	0.0012421441018640085	0.0012421441018640085
1343	 LLH-0	0.0012427370359704808	0.0012421441018640085
1344	 LLH-2	0.001255387301585028	0.0012421441018640085
1345	 LLH-1	0.0012421441018640085	0.0012421441018640085
1346	 LLH-4	0.0012421441018640085	0.0012421441018640085
1351	 LLH-6	0.0012431354621923183	0.0012421441018640085
1352	 LLH-4	0.0012421441018640085	0.0012421441018640085
1357	 LLH-2	0.0012521041802019974	0.0012421441018640085
1358	 LLH-4	0.0012421441018640085	0.0012421441018640085
1363	 LLH-4	0.0012421441018640085	0.0012421441018640085
1368	 LLH-4	0.0012421441018640085	0.0012421441018640085
1373	 LLH-0	0.0012425192670460583	0.0012421441018640085
1374	 LLH-4	0.0012421441018640085	0.0012421441018640085
1379	 LLH-0	0.0012425884827699742	0.0012425884827699742
1380	 LLH-5	0.0012427109655494236	0.0012425884827699742
1381	 LLH-2	0.0012554402664139263	0.0012425884827699742
1382	 LLH-5	0.001242798078285945	0.0012425884827699742
1383	 LLH-0	0.0012433113884318238	0.0012425884827699742
1384	 LLH-2	0.0012514493946726756	0.0012425884827699742
1385	 LLH-4	0.0012425884827699742	0.0012425884827699742
1390	 LLH-5	0.00124257480120079	0.00124257480120079
1391	 LLH-5	0.0012424850134706358	0.0012424850134706358
1392	 LLH-0	0.0012430353437250052	0.0012430353437250052
1393	 LLH-3	0.0012626755671538246	0.0012430353437250052
1394	 LLH-6	0.0012419535253581032	0.0012419535253581032
1395	 LLH-1	0.0012419535253581032	0.0012419535253581032
1396	 LLH-1	0.0012419535253581032	0.0012419535253581032
1397	 LLH-6	0.0012418209667416345	0.0012418209667416345
1398	 LLH-5	0.0012413772121022174	0.0012413772121022174
1399	 LLH-6	0.0012417187742409014	0.0012413772121022174
1400	 LLH-2	0.001247140423010812	0.0012413772121022174
1401	 LLH-6	0.0012422679916394175	0.0012413772121022174
1402	 LLH-2	0.0012458837973046766	0.0012413772121022174
1403	 LLH-1	0.0012413772121022174	0.0012413772121022174
1404	 LLH-5	0.0012416602846454835	0.0012413772121022174
1405	 LLH-0	0.0012417716420218845	0.0012417716420218845
1406	 LLH-4	0.0012410965050063396	0.0012410965050063396
1408	 LLH-0	0.001241547706022669	0.0012410965050063396
1409	 LLH-1	0.0012410965050063396	0.0012410965050063396
1410	 LLH-6	0.0012411586049480736	0.0012411586049480736
1411	 LLH-2	0.0012522587920453456	0.0012411586049480736
1412	 LLH-4	0.0012411586049480736	0.0012411586049480736
1417	 LLH-5	0.0012412450902419435	0.0012412450902419435
1418	 LLH-2	0.0012581082449400509	0.0012412450902419435
1419	 LLH-0	0.0012407488244559968	0.0012407488244559968
1420	 LLH-4	0.0012407488244559968	0.0012407488244559968
1425	 LLH-3	0.0012424502555514953	0.0012407488244559968
1426	 LLH-5	0.0012409774085857855	0.0012407488244559968
1427	 LLH-4	0.0012403518872845755	0.0012403518872845755
1429	 LLH-0	0.0012411260211002166	0.0012403518872845755
1430	 LLH-1	0.0012403518872845755	0.0012403518872845755
1431	 LLH-6	0.0012408965404013675	0.0012403518872845755
1432	 LLH-6	0.0012402603542309078	0.0012402603542309078
1433	 LLH-3	0.0012439772134694071	0.0012402603542309078
1434	 LLH-3	0.0012445062834681594	0.0012402603542309078
1435	 LLH-5	0.0012406404483988138	0.0012402603542309078
1436	 LLH-1	0.0012402603542309078	0.0012402603542309078
1437	 LLH-3	0.0012825666163511608	0.0012402603542309078
1438	 LLH-5	0.001242201677972625	0.0012402603542309078
1439	 LLH-3	0.0012458111596160295	0.0012402603542309078
1440	 LLH-6	0.0012409076957918144	0.0012402603542309078
1441	 LLH-4	0.0012402603542309078	0.0012402603542309078
1446	 LLH-2	0.001254708967872919	0.0012402603542309078
1447	 LLH-3	0.0012460763293628224	0.0012402603542309078
1448	 LLH-1	0.0012402603542309078	0.0012402603542309078
1449	 LLH-5	0.001240142487515312	0.001240142487515312
1450	 LLH-6	0.0012411810256853317	0.001240142487515312
1451	 LLH-6	0.001240282103183042	0.001240282103183042
1452	 LLH-4	0.001240282103183042	0.001240282103183042
1457	 LLH-2	0.0012499050261240733	0.001240282103183042
1458	 LLH-6	0.0012406646521130546	0.001240282103183042
1459	 LLH-1	0.001240282103183042	0.001240282103183042
1460	 LLH-2	0.0012486700043954691	0.001240282103183042
1461	 LLH-3	0.0012764588736074631	0.001240282103183042
1462	 LLH-0	0.0012550559445772523	0.001240282103183042
1463	 LLH-3	0.0012871486207473486	0.001240282103183042
1464	 LLH-3	0.0012698686256772099	0.001240282103183042
1465	 LLH-0	0.001254881051657371	0.001240282103183042
1466	 LLH-5	0.0012403770547876004	0.0012403770547876004
1467	 LLH-6	0.0012399335183148656	0.0012399335183148656
1468	 LLH-4	0.0012399335183148656	0.0012399335183148656
1473	 LLH-6	0.0012415536893821335	0.0012399335183148656
1474	 LLH-0	0.001240406102682985	0.0012399335183148656
1475	 LLH-5	0.0012401868975359292	0.0012401868975359292
1476	 LLH-1	0.0012401868975359292	0.0012401868975359292
1477	 LLH-6	0.0012409847088100147	0.0012401868975359292
1478	 LLH-3	0.0012768143418715018	0.0012401868975359292
1479	 LLH-6	0.0012417985117702751	0.0012401868975359292
1480	 LLH-4	0.0012401868975359292	0.0012401868975359292
1485	 LLH-4	0.0012401868975359292	0.0012401868975359292
1490	 LLH-5	0.001240376796196452	0.001240376796196452
1491	 LLH-1	0.001240376796196452	0.001240376796196452
1492	 LLH-0	0.0012550979800070878	0.001240376796196452
1493	 LLH-2	0.0012470732686604234	0.001240376796196452
1494	 LLH-6	0.0012408518735032628	0.0012408518735032628
1495	 LLH-5	0.0012410595692727154	0.0012408518735032628
1496	 LLH-2	0.00125181802769172	0.0012408518735032628
1497	 LLH-4	0.0012408518735032628	0.0012408518735032628
1502	 LLH-4	0.0012408518735032628	0.0012408518735032628
1507	 LLH-4	0.0012408518735032628	0.0012408518735032628
1512	 LLH-5	0.0012406424864052261	0.0012406424864052261
1513	 LLH-3	0.0012491244484646598	0.0012406424864052261
1514	 LLH-0	0.0012411431752162045	0.0012406424864052261
1515	 LLH-5	0.0012406094828996696	0.0012406094828996696
1516	 LLH-6	0.0012415892328070518	0.0012406094828996696
1517	 LLH-2	0.001258254420615553	0.0012406094828996696
1518	 LLH-6	0.001241414188700395	0.0012406094828996696
1519	 LLH-6	0.001241279140894011	0.0012406094828996696
1520	 LLH-3	0.0012437525470985083	0.0012406094828996696
1521	 LLH-2	0.0012532338255781532	0.0012406094828996696
1522	 LLH-1	0.0012406094828996696	0.0012406094828996696
1523	 LLH-0	0.0012410414581215624	0.0012406094828996696
1524	 LLH-0	0.001241129673435132	0.0012406094828996696
1525	 LLH-0	0.0012410007501580396	0.0012406094828996696
1526	 LLH-0	0.0012410044269734485	0.0012406094828996696
1527	 LLH-1	0.0012406094828996696	0.0012406094828996696
1528	 LLH-0	0.0012410555742137692	0.0012406094828996696
1529	 LLH-0	0.0012411674208871013	0.0012406094828996696
1530	 LLH-2	0.0012545321826753764	0.0012406094828996696
1531	 LLH-1	0.0012406094828996696	0.0012406094828996696
1532	 LLH-4	0.0012406094828996696	0.0012406094828996696
1537	 LLH-0	0.0012410899805602297	0.0012406094828996696
1538	 LLH-1	0.0012406543046517594	0.0012406543046517594
1539	 LLH-3	0.001247644204824216	0.0012406543046517594
1540	 LLH-4	0.0012406543046517594	0.0012406543046517594
1545	 LLH-1	0.0012406543046517594	0.0012406543046517594
1546	 LLH-5	0.001240877440111233	0.0012406543046517594
1547	 LLH-3	0.001260288095931051	0.0012406543046517594
1548	 LLH-5	0.0012416761164991432	0.0012406543046517594
1549	 LLH-5	0.0012405874951077844	0.0012405874951077844
1550	 LLH-6	0.001239742706915304	0.001239742706915304
1551	 LLH-4	0.001239742706915304	0.001239742706915304
1556	 LLH-3	0.0012454434627691912	0.001239742706915304
1557	 LLH-4	0.001239742706915304	0.001239742706915304
1562	 LLH-4	0.001239742706915304	0.001239742706915304
1567	 LLH-6	0.0012413093889709775	0.001239742706915304
1568	 LLH-3	0.0012756869110381792	0.001239742706915304
1569	 LLH-3	0.0012675126319569446	0.001239742706915304
1570	 LLH-5	0.001240037063843097	0.001239742706915304
1571	 LLH-1	0.001239742706915304	0.001239742706915304
1572	 LLH-0	0.001240207162419893	0.001239742706915304
1573	 LLH-0	0.0012402768699287272	0.001239742706915304
1574	 LLH-6	0.0012403205223102344	0.001239742706915304
1575	 LLH-3	0.0012457879262229659	0.001239742706915304
1576	 LLH-0	0.0012401886281238907	0.001239742706915304
1577	 LLH-4	0.001239742706915304	0.001239742706915304
1582	 LLH-5	0.001240276121051175	0.001239742706915304
1583	 LLH-6	0.0012399627244074625	0.001239742706915304
1584	 LLH-6	0.0012403938645791693	0.001239742706915304
1585	 LLH-0	0.0012404493739510388	0.001239742706915304
1586	 LLH-0	0.0012402717643141112	0.001239742706915304
1587	 LLH-3	0.001268988288967217	0.001239742706915304
1588	 LLH-3	0.0012454930435291081	0.001239742706915304
1589	 LLH-5	0.0012397921619899698	0.0012397921619899698
1590	 LLH-2	0.0012507412076454448	0.0012397921619899698
1591	 LLH-2	0.0012537659492076359	0.0012397921619899698
1592	 LLH-3	0.0012490423631713625	0.0012397921619899698
1593	 LLH-6	0.0012409489758461129	0.0012397921619899698
1594	 LLH-2	0.0012435822337589313	0.0012397921619899698
1595	 LLH-4	0.0012397921619899698	0.0012397921619899698
1600	 LLH-3	0.001246556517042326	0.0012397921619899698
1601	 LLH-0	0.00124059242090258	0.0012397921619899698
1602	 LLH-2	0.0012510070374584636	0.0012397921619899698
1603	 LLH-6	0.0012397456159114124	0.0012397456159114124
1604	 LLH-3	0.001245401757696313	0.0012397456159114124
1605	 LLH-6	0.0012404513634508383	0.0012404513634508383
1606	 LLH-1	0.0012404513634508383	0.0012404513634508383
1607	 LLH-4	0.0012404513634508383	0.0012404513634508383
1612	 LLH-3	0.0012434435024262832	0.0012404513634508383
1613	 LLH-4	0.0012404513634508383	0.0012404513634508383
1618	 LLH-5	0.0012405194008571771	0.0012405194008571771
1619	 LLH-5	0.0012410064943900363	0.0012405194008571771
1620	 LLH-1	0.0012405194008571771	0.0012405194008571771
1621	 LLH-1	0.0012405194008571771	0.0012405194008571771
1622	 LLH-5	0.001240649993336114	0.0012405194008571771
1623	 LLH-5	0.0012407612212325624	0.0012405194008571771
1624	 LLH-0	0.001241015200914178	0.0012405194008571771
1625	 LLH-1	0.0012405194008571771	0.0012405194008571771
1626	 LLH-4	0.0012405194008571771	0.0012405194008571771
1631	 LLH-2	0.0012490221062501246	0.0012405194008571771
1632	 LLH-5	0.0012407894933969706	0.0012405194008571771
1633	 LLH-5	0.001241705776933978	0.0012405194008571771
1634	 LLH-3	0.0012444589510917756	0.0012405194008571771
1635	 LLH-6	0.0012420437647633947	0.0012405194008571771
1636	 LLH-5	0.0012410263970229298	0.0012405194008571771
1637	 LLH-1	0.0012405194008571771	0.0012405194008571771
1638	 LLH-1	0.001240591010250895	0.001240591010250895
1639	 LLH-5	0.001240937286457392	0.001240591010250895
1640	 LLH-0	0.001241055088288061	0.001240591010250895
1641	 LLH-2	0.0012593620777055924	0.001240591010250895
1642	 LLH-4	0.001240591010250895	0.001240591010250895
1647	 LLH-1	0.001240591010250895	0.001240591010250895
1648	 LLH-6	0.001240711209440114	0.001240711209440114
1649	 LLH-2	0.0012583541246134705	0.001240711209440114
1650	 LLH-4	0.001240711209440114	0.001240711209440114
1655	 LLH-5	0.0012412192467331558	0.001240711209440114
1656	 LLH-0	0.001241230111947967	0.001240711209440114
1657	 LLH-2	0.0012540662468051816	0.001240711209440114
1658	 LLH-2	0.0012464935291670789	0.001240711209440114
1659	 LLH-4	0.001240711209440114	0.001240711209440114
1664	 LLH-0	0.0012411041300810898	0.001240711209440114
1665	 LLH-5	0.0012413709504120111	0.001240711209440114
1666	 LLH-0	0.0012410973256107142	0.001240711209440114
1667	 LLH-5	0.0012412055797399592	0.001240711209440114
1668	 LLH-6	0.0012408190482728633	0.001240711209440114
1669	 LLH-3	0.0012774428335410504	0.001240711209440114
1670	 LLH-1	0.001240711209440114	0.001240711209440114
1671	 LLH-2	0.0012471529423186288	0.001240711209440114
1672	 LLH-6	0.0012416192254768106	0.001240711209440114
1673	 LLH-2	0.0012581619846487077	0.001240711209440114
1674	 LLH-2	0.0012497498635707983	0.001240711209440114
1675	 LLH-1	0.0012406759708849106	0.0012406759708849106
1676	 LLH-2	0.001253131257533899	0.0012406759708849106
1677	 LLH-4	0.0012406759708849106	0.0012406759708849106
1682	 LLH-3	0.0012719370359605432	0.0012406759708849106
1683	 LLH-1	0.0012406759708849106	0.0012406759708849106
1684	 LLH-2	0.0012578063073451391	0.0012406759708849106
1685	 LLH-3	0.0012457206202227656	0.0012406759708849106
1686	 LLH-0	0.001241347862607809	0.0012406759708849106
1687	 LLH-5	0.001240904396183937	0.0012406759708849106
1688	 LLH-1	0.0012406759708849106	0.0012406759708849106
1689	 LLH-3	0.0012455623858656354	0.0012406759708849106
1690	 LLH-5	0.0012411842387737805	0.0012406759708849106
1691	 LLH-3	0.001245102578669408	0.0012406759708849106
1692	 LLH-5	0.001240929118870061	0.0012406759708849106
1693	 LLH-3	0.001283008378974381	0.0012406759708849106
1694	 LLH-6	0.0012412804150654087	0.0012406759708849106
1695	 LLH-2	0.0012511722367420056	0.0012406759708849106
1696	 LLH-4	0.0012406759708849106	0.0012406759708849106
1701	 LLH-4	0.0012406759708849106	0.0012406759708849106
1706	 LLH-6	0.0012423059048710214	0.0012406759708849106
1707	 LLH-3	0.0012453480203290707	0.0012406759708849106
1708	 LLH-1	0.0012406759708849106	0.0012406759708849106
1709	 LLH-4	0.0012406759708849106	0.0012406759708849106
1714	 LLH-3	0.0012492430840880214	0.0012406759708849106
1715	 LLH-5	0.0012409650852750179	0.0012406759708849106
1716	 LLH-2	0.001254524445219199	0.0012406759708849106
1717	 LLH-4	0.0012406759708849106	0.0012406759708849106
1722	 LLH-0	0.001241360527623015	0.0012406759708849106
1723	 LLH-3	0.0012459905691336358	0.0012406759708849106
1724	 LLH-6	0.0012415406190495536	0.0012406759708849106
1725	 LLH-6	0.0012407871246382703	0.0012406759708849106
1726	 LLH-0	0.0012412097310707938	0.0012406759708849106
1727	 LLH-6	0.0012407952838955167	0.0012407952838955167
1728	 LLH-1	0.0012407952838955167	0.0012407952838955167
1729	 LLH-5	0.0012414294358053415	0.0012407952838955167
1730	 LLH-0	0.0012413018494967854	0.0012407952838955167
1731	 LLH-6	0.0012418353612387732	0.0012407952838955167
1732	 LLH-5	0.0012409076679424976	0.0012407952838955167
1733	 LLH-2	0.0012513095323337213	0.0012407952838955167
1734	 LLH-5	0.0012407952838955167	0.0012407952838955167
1735	 LLH-4	0.0012407952838955167	0.0012407952838955167
1740	 LLH-1	0.0012408952438149707	0.0012407952838955167
1741	 LLH-0	0.0012412388616308315	0.0012407952838955167
1742	 LLH-1	0.0012407952838955167	0.0012407952838955167
1743	 LLH-4	0.0012407952838955167	0.0012407952838955167
1748	 LLH-5	0.0012409661426342972	0.0012407952838955167
1749	 LLH-1	0.0012407952838955167	0.0012407952838955167
1750	 LLH-0	0.0012413118548799795	0.0012407952838955167
1751	 LLH-5	0.0012407952838955167	0.0012407952838955167
1752	 LLH-6	0.001240999293041969	0.0012407952838955167
1753	 LLH-0	0.0012412651302324438	0.0012407952838955167
1754	 LLH-5	0.0012407466255742418	0.0012407466255742418
1755	 LLH-6	0.0012415401558853597	0.0012407466255742418
1756	 LLH-3	0.001247061431894647	0.0012407466255742418
1757	 LLH-1	0.0012407466255742418	0.0012407466255742418
1758	 LLH-3	0.0012757863492493288	0.0012407466255742418
1759	 LLH-2	0.001248456523807057	0.0012407466255742418
1760	 LLH-1	0.0012407466255742418	0.0012407466255742418
1761	 LLH-6	0.001243554148436477	0.0012407466255742418
1762	 LLH-5	0.0012407352913901618	0.0012407352913901618
1763	 LLH-5	0.0012410815144258981	0.0012407352913901618
1764	 LLH-0	0.0012411275460062427	0.0012407352913901618
1765	 LLH-3	0.001255361910796555	0.0012407352913901618
1766	 LLH-5	0.0012405606202395075	0.0012405606202395075
1767	 LLH-0	0.0012409518226613298	0.0012405606202395075
1768	 LLH-3	0.001272355188371261	0.0012405606202395075
1769	 LLH-2	0.0012534013765417428	0.0012405606202395075
1770	 LLH-4	0.0012405606202395075	0.0012405606202395075
1775	 LLH-2	0.0012564234387509538	0.0012405606202395075
1776	 LLH-4	0.0012405606202395075	0.0012405606202395075
1781	 LLH-4	0.0012405606202395075	0.0012405606202395075
1786	 LLH-0	0.0012412364069303327	0.0012405606202395075
1787	 LLH-6	0.0012412952356168029	0.0012405606202395075
1788	 LLH-0	0.001241038558888341	0.0012405606202395075
1789	 LLH-2	0.0012511040573997012	0.0012405606202395075
1790	 LLH-4	0.0012405606202395075	0.0012405606202395075
1795	 LLH-1	0.0012405606202395075	0.0012405606202395075
1796	 LLH-4	0.0012405606202395075	0.0012405606202395075
1801	 LLH-2	0.0012523129161280061	0.0012405606202395075
1802	 LLH-2	0.0012494041020888903	0.0012405606202395075
1803	 LLH-6	0.00124122446462106	0.0012405606202395075
1804	 LLH-4	0.0012405606202395075	0.0012405606202395075
1809	 LLH-3	0.001245950384043139	0.0012405606202395075
1810	 LLH-4	0.0012405606202395075	0.0012405606202395075
1815	 LLH-4	0.0012405606202395075	0.0012405606202395075
1820	 LLH-5	0.0012412195613666752	0.0012405606202395075
1821	 LLH-4	0.0012405606202395075	0.0012405606202395075
1826	 LLH-3	0.001271784016598065	0.0012405606202395075
1827	 LLH-1	0.0012405606202395075	0.0012405606202395075
1828	 LLH-3	0.0012443851811218736	0.0012405606202395075
1829	 LLH-4	0.0012405606202395075	0.0012405606202395075
1834	 LLH-3	0.0012786776522429747	0.0012405606202395075
1835	 LLH-6	0.001241080745122154	0.0012405606202395075
1836	 LLH-3	0.0012604984553082374	0.0012405606202395075
1837	 LLH-5	0.0012407566392983454	0.0012405606202395075
1838	 LLH-6	0.0012407300682004043	0.0012405606202395075
1839	 LLH-6	0.0012404174618840997	0.0012404174618840997
1840	 LLH-1	0.0012404174618840997	0.0012404174618840997
1841	 LLH-2	0.0012521619337302029	0.0012404174618840997
1842	 LLH-3	0.001276413053696083	0.0012404174618840997
1843	 LLH-3	0.0012443198261038384	0.0012404174618840997
1844	 LLH-6	0.0012410396993513266	0.0012404174618840997
1845	 LLH-2	0.0012544304729608996	0.0012404174618840997
1846	 LLH-5	0.0012404745887566967	0.0012404174618840997
1847	 LLH-3	0.0012771616551068505	0.0012404174618840997
1848	 LLH-6	0.0012410963422007772	0.0012404174618840997
1849	 LLH-1	0.0012404174618840997	0.0012404174618840997
1850	 LLH-5	0.0012404511313846864	0.0012404511313846864
1851	 LLH-2	0.0012570083809912258	0.0012404511313846864
1852	 LLH-6	0.0012409355082283417	0.0012404511313846864
1853	 LLH-3	0.0012466896843646778	0.0012404511313846864
1854	 LLH-2	0.001249012304352337	0.0012404511313846864
1855	 LLH-1	0.0012404511313846864	0.0012404511313846864
1856	 LLH-1	0.0012406388377902517	0.0012404511313846864
1857	 LLH-6	0.0012410901025929177	0.0012404511313846864
1858	 LLH-2	0.0012590045393936228	0.0012404511313846864
1859	 LLH-0	0.001241053703114062	0.0012404511313846864
1860	 LLH-0	0.00124085017697593	0.0012404511313846864
1861	 LLH-2	0.0012444073195441135	0.0012404511313846864
1862	 LLH-6	0.0012400043262101124	0.0012400043262101124
1863	 LLH-0	0.0012403922681733495	0.0012400043262101124
1864	 LLH-4	0.0012400043262101124	0.0012400043262101124
1869	 LLH-1	0.0012398844839640784	0.0012398844839640784
1870	 LLH-3	0.0012459093021135455	0.0012398844839640784
1871	 LLH-1	0.0012401115044280934	0.0012398844839640784
1872	 LLH-4	0.0012398844839640784	0.0012398844839640784
1877	 LLH-3	0.0012702993370302972	0.0012398844839640784
1878	 LLH-4	0.0012398844839640784	0.0012398844839640784
1883	 LLH-2	0.0012555480234011324	0.0012398844839640784
1884	 LLH-2	0.0012561998792219526	0.0012398844839640784
1885	 LLH-1	0.0012398844839640784	0.0012398844839640784
1886	 LLH-0	0.001240523852738431	0.0012398844839640784
1887	 LLH-1	0.0012398844839640784	0.0012398844839640784
1888	 LLH-4	0.0012398844839640784	0.0012398844839640784
1893	 LLH-2	0.0012501851082773925	0.0012398844839640784
1894	 LLH-2	0.0012502357467496729	0.0012398844839640784
1895	 LLH-6	0.0012409194293532871	0.0012398844839640784
1896	 LLH-4	0.0012398844839640784	0.0012398844839640784
1901	 LLH-4	0.0012398844839640784	0.0012398844839640784
1906	 LLH-1	0.0012398844839640784	0.0012398844839640784
1907	 LLH-5	0.0012403475216009113	0.0012398844839640784
1908	 LLH-4	0.0012398844839640784	0.0012398844839640784
1913	 LLH-5	0.0012400255765068907	0.0012398844839640784
1914	 LLH-4	0.0012398844839640784	0.0012398844839640784
1919	 LLH-6	0.0012404753718593706	0.0012398844839640784
1920	 LLH-4	0.0012398844839640784	0.0012398844839640784
1925	 LLH-4	0.0012398844839640784	0.0012398844839640784
1930	 LLH-3	0.0012439594854372104	0.0012398844839640784
1931	 LLH-4	0.0012398844839640784	0.0012398844839640784
1936	 LLH-5	0.0012403162373859624	0.0012398844839640784
1937	 LLH-1	0.0012398844839640784	0.0012398844839640784
1938	 LLH-1	0.0012398844839640784	0.0012398844839640784
1939	 LLH-5	0.0012407287880179657	0.0012398844839640784
1940	 LLH-3	0.0012682004996287305	0.0012398844839640784
1941	 LLH-4	0.0012398844839640784	0.0012398844839640784
1946	 LLH-0	0.0012402541572744663	0.0012398844839640784
1947	 LLH-2	0.0012544949471187837	0.0012398844839640784
1948	 LLH-3	0.0012784409064284447	0.0012398844839640784
1949	 LLH-0	0.001240305212916739	0.0012398844839640784
1950	 LLH-0	0.0012404418074747875	0.0012398844839640784
1951	 LLH-4	0.0012398844839640784	0.0012398844839640784
1956	 LLH-2	0.0012485493051295116	0.0012398844839640784
1957	 LLH-6	0.0012405663034288214	0.0012398844839640784
1958	 LLH-2	0.0012542003462696477	0.0012398844839640784
1959	 LLH-3	0.0012439739986111794	0.0012398844839640784
1960	 LLH-4	0.0012398844839640784	0.0012398844839640784
1965	 LLH-2	0.0012510609622522551	0.0012398844839640784
1966	 LLH-5	0.0012401664384888542	0.0012398844839640784
1967	 LLH-6	0.001240033721438568	0.0012398844839640784
1968	 LLH-6	0.0012404769355185735	0.0012398844839640784
1969	 LLH-2	0.0012511529117140744	0.0012398844839640784
1970	 LLH-1	0.0012398844839640784	0.0012398844839640784
1971	 LLH-0	0.0012403978465828417	0.0012398844839640784
1972	 LLH-1	0.0012398844839640784	0.0012398844839640784
1973	 LLH-4	0.0012398844839640784	0.0012398844839640784
1978	 LLH-4	0.0012398844839640784	0.0012398844839640784
1983	 LLH-3	0.0012435309894190763	0.0012398844839640784
1984	 LLH-1	0.0012399711997308428	0.0012398844839640784
1985	 LLH-6	0.0012402800531875315	0.0012398844839640784
1986	 LLH-0	0.0012406309218506186	0.0012398844839640784
1987	 LLH-1	0.0012398844839640784	0.0012398844839640784
1988	 LLH-0	0.001240588880602461	0.0012398844839640784
1989	 LLH-4	0.0012398844839640784	0.0012398844839640784
1994	 LLH-0	0.001254497710222759	0.0012398844839640784
1995	 LLH-3	0.0012691533019563877	0.0012398844839640784
1996	 LLH-1	0.0012398844839640784	0.0012398844839640784
1997	 LLH-6	0.0012403421739594707	0.0012398844839640784
1998	 LLH-6	0.0012401983237132054	0.0012398844839640784
1999	 LLH-4	0.0012398844839640784	0.0012398844839640784
GRID-Start
0.0	0.0
0.0	308.0385
0.0	616.077
0.0	924.1155
0.0	1232.154
0.0	1540.1925
0.0	1848.2310000000002
0.0	2156.2695000000003
0.0	2464.3080000000004
0.0	2772.3465000000006
0.0	3080.3850000000007
0.0	3388.423500000001
0.0	3696.462000000001
0.0	4004.500500000001
0.0	4312.539000000001
0.0	4620.5775
0.0	4928.616
0.0	5236.6545
0.0	5544.692999999999
0.0	5852.731499999999
0.0	6160.769999999999
0.0	6468.808499999998
308.0385	0.0
308.0385	308.0385
308.0385	616.077
308.0385	924.1155
308.0385	1232.154
308.0385	1540.1925
308.0385	1848.2310000000002
308.0385	2156.2695000000003
308.0385	2464.3080000000004
308.0385	2772.3465000000006
308.0385	3080.3850000000007
308.0385	3388.423500000001
308.0385	3696.462000000001
308.0385	4004.500500000001
308.0385	4312.539000000001
308.0385	4620.5775
308.0385	4928.616
308.0385	5236.6545
308.0385	5544.692999999999
308.0385	5852.731499999999
308.0385	6160.769999999999
308.0385	6468.808499999998
616.077	0.0
616.077	308.0385
616.077	616.077
616.077	924.1155
616.077	1232.154
616.077	1540.1925
616.077	1848.2310000000002
616.077	2156.2695000000003
616.077	2464.3080000000004
616.077	2772.3465000000006
616.077	3080.3850000000007
616.077	3388.423500000001
616.077	3696.462000000001
616.077	4004.500500000001
616.077	4312.539000000001
616.077	4620.5775
616.077	4928.616
616.077	5236.6545
616.077	5544.692999999999
616.077	5852.731499999999
616.077	6160.769999999999
616.077	6468.808499999998
924.1155	0.0
924.1155	308.0385
924.1155	616.077
924.1155	924.1155
924.1155	1232.154
924.1155	1540.1925
924.1155	1848.2310000000002
924.1155	2156.2695000000003
924.1155	2464.3080000000004
924.1155	2772.3465000000006
924.1155	3080.3850000000007
924.1155	3388.423500000001
924.1155	3696.462000000001
924.1155	4004.500500000001
924.1155	4312.539000000001
924.1155	4620.5775
924.1155	4928.616
924.1155	5236.6545
924.1155	5544.692999999999
924.1155	5852.731499999999
924.1155	6160.769999999999
924.1155	6468.808499999998
1232.154	0.0
1232.154	308.0385
1232.154	616.077
1232.154	924.1155
1232.154	1232.154
1232.154	1540.1925
1232.154	1848.2310000000002
1232.154	2156.2695000000003
1232.154	2464.3080000000004
1232.154	2772.3465000000006
1232.154	3080.3850000000007
1232.154	4620.5775
1232.154	4928.616
1232.154	5236.6545
1232.154	5544.692999999999
1232.154	5852.731499999999
1232.154	6160.769999999999
1232.154	6468.808499999998
1540.1925	0.0
1540.1925	308.0385
1540.1925	616.077
1540.1925	924.1155
1540.1925	1232.154
1540.1925	1540.1925
1540.1925	1848.2310000000002
1540.1925	2156.2695000000003
1540.1925	2464.3080000000004
1540.1925	2772.3465000000006
1540.1925	3080.3850000000007
1540.1925	4620.5775
1540.1925	4928.616
1540.1925	5236.6545
1540.1925	5544.692999999999
1540.1925	5852.731499999999
1540.1925	6160.769999999999
1540.1925	6468.808499999998
1848.2310000000002	0.0
1848.2310000000002	308.0385
1848.2310000000002	616.077
1848.2310000000002	924.1155
1848.2310000000002	1232.154
1848.2310000000002	1540.1925
1848.2310000000002	1848.2310000000002
1848.2310000000002	2156.2695000000003
1848.2310000000002	2464.3080000000004
1848.2310000000002	2772.3465000000006
1848.2310000000002	3080.3850000000007
1848.2310000000002	4620.5775
1848.2310000000002	4928.616
1848.2310000000002	5236.6545
1848.2310000000002	5544.692999999999
1848.2310000000002	5852.731499999999
1848.2310000000002	6160.769999999999
1848.2310000000002	6468.808499999998
2156.2695000000003	0.0
2156.2695000000003	308.0385
2156.2695000000003	616.077
2156.2695000000003	924.1155
2156.2695000000003	1232.154
2156.2695000000003	1540.1925
2156.2695000000003	1848.2310000000002
2156.2695000000003	2156.2695000000003
2156.2695000000003	2464.3080000000004
2156.2695000000003	2772.3465000000006
2156.2695000000003	3080.3850000000007
2156.2695000000003	4620.5775
2156.2695000000003	4928.616
2156.2695000000003	5236.6545
2156.2695000000003	5544.692999999999
2156.2695000000003	5852.731499999999
2156.2695000000003	6160.769999999999
2156.2695000000003	6468.808499999998
2464.3080000000004	0.0
2464.3080000000004	2464.3080000000004
2464.3080000000004	2772.3465000000006
2464.3080000000004	3080.3850000000007
2464.3080000000004	3388.423500000001
2464.3080000000004	3696.462000000001
2464.3080000000004	4004.500500000001
2464.3080000000004	4312.539000000001
2464.3080000000004	4620.5775
2464.3080000000004	4928.616
2464.3080000000004	5236.6545
2464.3080000000004	5544.692999999999
2464.3080000000004	5852.731499999999
2464.3080000000004	6160.769999999999
2464.3080000000004	6468.808499999998
2772.3465000000006	0.0
2772.3465000000006	2464.3080000000004
2772.3465000000006	2772.3465000000006
2772.3465000000006	3080.3850000000007
2772.3465000000006	3388.423500000001
2772.3465000000006	3696.462000000001
2772.3465000000006	4004.500500000001
2772.3465000000006	4312.539000000001
2772.3465000000006	4620.5775
2772.3465000000006	4928.616
2772.3465000000006	5236.6545
2772.3465000000006	5544.692999999999
2772.3465000000006	5852.731499999999
2772.3465000000006	6160.769999999999
2772.3465000000006	6468.808499999998
3080.3850000000007	0.0
3080.3850000000007	2464.3080000000004
3080.3850000000007	2772.3465000000006
3080.3850000000007	3080.3850000000007
3080.3850000000007	3388.423500000001
3080.3850000000007	3696.462000000001
3080.3850000000007	4004.500500000001
3080.3850000000007	4312.539000000001
3080.3850000000007	4620.5775
3080.3850000000007	4928.616
3080.3850000000007	5236.6545
3080.3850000000007	5544.692999999999
3080.3850000000007	5852.731499999999
3080.3850000000007	6160.769999999999
3080.3850000000007	6468.808499999998
3388.423500000001	0.0
3388.423500000001	2464.3080000000004
3388.423500000001	2772.3465000000006
3388.423500000001	3080.3850000000007
3388.423500000001	3388.423500000001
3388.423500000001	3696.462000000001
3388.423500000001	4004.500500000001
3388.423500000001	4312.539000000001
3388.423500000001	4620.5775
3388.423500000001	4928.616
3388.423500000001	5236.6545
3388.423500000001	5544.692999999999
3388.423500000001	5852.731499999999
3388.423500000001	6160.769999999999
3388.423500000001	6468.808499999998
3696.462000000001	0.0
3696.462000000001	308.0385
3696.462000000001	616.077
3696.462000000001	924.1155
3696.462000000001	1232.154
3696.462000000001	1540.1925
3696.462000000001	1848.2310000000002
3696.462000000001	2156.2695000000003
3696.462000000001	3388.423500000001
3696.462000000001	3696.462000000001
3696.462000000001	4004.500500000001
3696.462000000001	4312.539000000001
3696.462000000001	4620.5775
3696.462000000001	4928.616
3696.462000000001	5236.6545
3696.462000000001	5544.692999999999
3696.462000000001	5852.731499999999
3696.462000000001	6160.769999999999
3696.462000000001	6468.808499999998
4004.500500000001	0.0
4004.500500000001	308.0385
4004.500500000001	616.077
4004.500500000001	924.1155
4004.500500000001	1232.154
4004.500500000001	1540.1925
4004.500500000001	1848.2310000000002
4004.500500000001	2156.2695000000003
4004.500500000001	3388.423500000001
4004.500500000001	3696.462000000001
4004.500500000001	4004.500500000001
4004.500500000001	4312.539000000001
4004.500500000001	4620.5775
4004.500500000001	4928.616
4004.500500000001	5236.6545
4004.500500000001	5544.692999999999
4004.500500000001	5852.731499999999
4004.500500000001	6160.769999999999
4004.500500000001	6468.808499999998
4312.539000000001	0.0
4312.539000000001	308.0385
4312.539000000001	616.077
4312.539000000001	924.1155
4312.539000000001	1232.154
4312.539000000001	1540.1925
4312.539000000001	1848.2310000000002
4312.539000000001	2156.2695000000003
4312.539000000001	3388.423500000001
4312.539000000001	3696.462000000001
4312.539000000001	4004.500500000001
4312.539000000001	4312.539000000001
4312.539000000001	4620.5775
4312.539000000001	4928.616
4312.539000000001	5236.6545
4312.539000000001	5544.692999999999
4312.539000000001	5852.731499999999
4312.539000000001	6160.769999999999
4312.539000000001	6468.808499999998
4620.5775	0.0
4620.5775	308.0385
4620.5775	616.077
4620.5775	924.1155
4620.5775	1232.154
4620.5775	1540.1925
4620.5775	1848.2310000000002
4620.5775	2156.2695000000003
4620.5775	2464.3080000000004
4620.5775	2772.3465000000006
4620.5775	3080.3850000000007
4620.5775	3388.423500000001
4620.5775	3696.462000000001
4620.5775	4004.500500000001
4620.5775	4312.539000000001
4620.5775	4620.5775
4620.5775	4928.616
4620.5775	5236.6545
4620.5775	5544.692999999999
4620.5775	5852.731499999999
4620.5775	6160.769999999999
4620.5775	6468.808499999998
4928.616	0.0
4928.616	308.0385
4928.616	616.077
4928.616	924.1155
4928.616	1232.154
4928.616	1540.1925
4928.616	1848.2310000000002
4928.616	2156.2695000000003
4928.616	2464.3080000000004
4928.616	2772.3465000000006
4928.616	3080.3850000000007
4928.616	3388.423500000001
4928.616	3696.462000000001
4928.616	4004.500500000001
4928.616	4312.539000000001
4928.616	4620.5775
4928.616	4928.616
4928.616	5236.6545
4928.616	5544.692999999999
4928.616	5852.731499999999
4928.616	6160.769999999999
4928.616	6468.808499999998
5236.6545	0.0
5236.6545	308.0385
5236.6545	616.077
5236.6545	924.1155
5236.6545	1232.154
5236.6545	1540.1925
5236.6545	1848.2310000000002
5236.6545	2156.2695000000003
5236.6545	2464.3080000000004
5236.6545	2772.3465000000006
5236.6545	3080.3850000000007
5236.6545	3388.423500000001
5236.6545	3696.462000000001
5236.6545	4004.500500000001
5236.6545	4312.539000000001
5236.6545	4620.5775
5236.6545	4928.616
5236.6545	5236.6545
5236.6545	5544.692999999999
5236.6545	5852.731499999999
5236.6545	6160.769999999999
5236.6545	6468.808499999998
5544.692999999999	0.0
5544.692999999999	308.0385
5544.692999999999	616.077
5544.692999999999	924.1155
5544.692999999999	1232.154
5544.692999999999	1540.1925
5544.692999999999	1848.2310000000002
5544.692999999999	2156.2695000000003
5544.692999999999	2464.3080000000004
5544.692999999999	2772.3465000000006
5544.692999999999	3080.3850000000007
5544.692999999999	3388.423500000001
5544.692999999999	3696.462000000001
5544.692999999999	4004.500500000001
5544.692999999999	4312.539000000001
5544.692999999999	4620.5775
5544.692999999999	4928.616
5544.692999999999	5236.6545
5544.692999999999	5544.692999999999
5544.692999999999	5852.731499999999
5544.692999999999	6160.769999999999
5544.692999999999	6468.808499999998
5852.731499999999	0.0
5852.731499999999	308.0385
5852.731499999999	616.077
5852.731499999999	924.1155
5852.731499999999	1232.154
5852.731499999999	1540.1925
5852.731499999999	1848.2310000000002
5852.731499999999	2156.2695000000003
5852.731499999999	2464.3080000000004
5852.731499999999	2772.3465000000006
5852.731499999999	3080.3850000000007
5852.731499999999	3388.423500000001
5852.731499999999	3696.462000000001
5852.731499999999	4004.500500000001
5852.731499999999	4312.539000000001
5852.731499999999	4620.5775
5852.731499999999	4928.616
5852.731499999999	5236.6545
5852.731499999999	5544.692999999999
5852.731499999999	5852.731499999999
5852.731499999999	6160.769999999999
5852.731499999999	6468.808499999998
6160.769999999999	0.0
6160.769999999999	308.0385
6160.769999999999	616.077
6160.769999999999	924.1155
6160.769999999999	1232.154
6160.769999999999	1540.1925
6160.769999999999	1848.2310000000002
6160.769999999999	2156.2695000000003
6160.769999999999	2464.3080000000004
6160.769999999999	2772.3465000000006
6160.769999999999	3080.3850000000007
6160.769999999999	3388.423500000001
6160.769999999999	3696.462000000001
6160.769999999999	4004.500500000001
6160.769999999999	4312.539000000001
6160.769999999999	4620.5775
6160.769999999999	4928.616
6160.769999999999	5236.6545
6160.769999999999	5544.692999999999
6160.769999999999	5852.731499999999
6160.769999999999	6160.769999999999
6160.769999999999	6468.808499999998
6468.808499999998	0.0
6468.808499999998	308.0385
6468.808499999998	616.077
6468.808499999998	924.1155
6468.808499999998	1232.154
6468.808499999998	1540.1925
6468.808499999998	1848.2310000000002
6468.808499999998	2156.2695000000003
6468.808499999998	2464.3080000000004
6468.808499999998	2772.3465000000006
6468.808499999998	3080.3850000000007
6468.808499999998	3388.423500000001
6468.808499999998	3696.462000000001
6468.808499999998	4004.500500000001
6468.808499999998	4312.539000000001
6468.808499999998	4620.5775
6468.808499999998	4928.616
6468.808499999998	5236.6545
6468.808499999998	5544.692999999999
6468.808499999998	5852.731499999999
6468.808499999998	6160.769999999999
6468.808499999998	6468.808499999998
6776.846999999998	0.0
6776.846999999998	308.0385
6776.846999999998	616.077
6776.846999999998	924.1155
6776.846999999998	1232.154
6776.846999999998	1540.1925
6776.846999999998	1848.2310000000002
6776.846999999998	2156.2695000000003
6776.846999999998	2464.3080000000004
6776.846999999998	2772.3465000000006
6776.846999999998	3080.3850000000007
6776.846999999998	3388.423500000001
6776.846999999998	3696.462000000001
6776.846999999998	4004.500500000001
6776.846999999998	4312.539000000001
6776.846999999998	4620.5775
6776.846999999998	4928.616
6776.846999999998	5236.6545
6776.846999999998	5544.692999999999
6776.846999999998	5852.731499999999
6776.846999999998	6160.769999999999
6776.846999999998	6468.808499999998
7084.885499999998	0.0
7084.885499999998	308.0385
7084.885499999998	616.077
7084.885499999998	924.1155
7084.885499999998	1232.154
7084.885499999998	1540.1925
7084.885499999998	1848.2310000000002
7084.885499999998	2156.2695000000003
7084.885499999998	2464.3080000000004
7084.885499999998	2772.3465000000006
7084.885499999998	3080.3850000000007
7084.885499999998	3388.423500000001
7084.885499999998	3696.462000000001
7084.885499999998	4004.500500000001
7084.885499999998	4312.539000000001
7084.885499999998	4620.5775
7084.885499999998	4928.616
7084.885499999998	5236.6545
7084.885499999998	5544.692999999999
7084.885499999998	5852.731499999999
7084.885499999998	6160.769999999999
7084.885499999998	6468.808499999998
7392.923999999997	0.0
7392.923999999997	308.0385
7392.923999999997	616.077
7392.923999999997	924.1155
7392.923999999997	1232.154
7392.923999999997	1540.1925
7392.923999999997	1848.2310000000002
7392.923999999997	2156.2695000000003
7392.923999999997	2464.3080000000004
7392.923999999997	2772.3465000000006
7392.923999999997	3080.3850000000007
7392.923999999997	3388.423500000001
7392.923999999997	3696.462000000001
7392.923999999997	4004.500500000001
7392.923999999997	4312.539000000001
7392.923999999997	4620.5775
7392.923999999997	4928.616
7392.923999999997	5236.6545
7392.923999999997	5544.692999999999
7392.923999999997	5852.731499999999
7392.923999999997	6160.769999999999
7392.923999999997	6468.808499999998
7700.962499999997	0.0
7700.962499999997	308.0385
7700.962499999997	616.077
7700.962499999997	924.1155
7700.962499999997	1232.154
7700.962499999997	1540.1925
7700.962499999997	1848.2310000000002
7700.962499999997	2156.2695000000003
7700.962499999997	2464.3080000000004
7700.962499999997	2772.3465000000006
7700.962499999997	3080.3850000000007
7700.962499999997	3388.423500000001
7700.962499999997	3696.462000000001
7700.962499999997	4004.500500000001
7700.962499999997	4312.539000000001
7700.962499999997	4620.5775
7700.962499999997	4928.616
7700.962499999997	5236.6545
7700.962499999997	5544.692999999999
7700.962499999997	5852.731499999999
7700.962499999997	6160.769999999999
7700.962499999997	6468.808499999998
8009.000999999997	0.0
8009.000999999997	308.0385
8009.000999999997	616.077
8009.000999999997	924.1155
8009.000999999997	1232.154
8009.000999999997	1540.1925
8009.000999999997	1848.2310000000002
8009.000999999997	2156.2695000000003
8009.000999999997	2464.3080000000004
8009.000999999997	2772.3465000000006
8009.000999999997	3080.3850000000007
8009.000999999997	3388.423500000001
8009.000999999997	3696.462000000001
8009.000999999997	4004.500500000001
8009.000999999997	4312.539000000001
8009.000999999997	4620.5775
8009.000999999997	4928.616
8009.000999999997	5236.6545
8009.000999999997	5544.692999999999
8009.000999999997	5852.731499999999
8009.000999999997	6160.769999999999
8009.000999999997	6468.808499999998
8317.039499999997	0.0
8317.039499999997	308.0385
8317.039499999997	616.077
8317.039499999997	924.1155
8317.039499999997	1232.154
8317.039499999997	1540.1925
8317.039499999997	1848.2310000000002
8317.039499999997	2156.2695000000003
8317.039499999997	2464.3080000000004
8317.039499999997	2772.3465000000006
8317.039499999997	3080.3850000000007
8317.039499999997	3388.423500000001
8317.039499999997	3696.462000000001
8317.039499999997	4004.500500000001
8317.039499999997	4312.539000000001
8317.039499999997	4620.5775
8317.039499999997	4928.616
8317.039499999997	5236.6545
8317.039499999997	5544.692999999999
8317.039499999997	5852.731499999999
8317.039499999997	6160.769999999999
8317.039499999997	6468.808499999998
8625.077999999998	0.0
8625.077999999998	308.0385
8625.077999999998	616.077
8625.077999999998	924.1155
8625.077999999998	1232.154
8625.077999999998	1540.1925
8625.077999999998	1848.2310000000002
8625.077999999998	2156.2695000000003
8625.077999999998	2464.3080000000004
8625.077999999998	2772.3465000000006
8625.077999999998	3080.3850000000007
8625.077999999998	3388.423500000001
8625.077999999998	3696.462000000001
8625.077999999998	4004.500500000001
8625.077999999998	4312.539000000001
8625.077999999998	4620.5775
8625.077999999998	4928.616
8625.077999999998	5236.6545
8625.077999999998	5544.692999999999
8625.077999999998	5852.731499999999
8625.077999999998	6160.769999999999
8625.077999999998	6468.808499999998
8933.116499999998	0.0
8933.116499999998	308.0385
8933.116499999998	616.077
8933.116499999998	924.1155
8933.116499999998	1232.154
8933.116499999998	1540.1925
8933.116499999998	1848.2310000000002
8933.116499999998	2156.2695000000003
8933.116499999998	2464.3080000000004
8933.116499999998	2772.3465000000006
8933.116499999998	3080.3850000000007
8933.116499999998	3388.423500000001
8933.116499999998	3696.462000000001
8933.116499999998	4004.500500000001
8933.116499999998	4312.539000000001
8933.116499999998	4620.5775
8933.116499999998	4928.616
8933.116499999998	5236.6545
8933.116499999998	5544.692999999999
8933.116499999998	5852.731499999999
8933.116499999998	6160.769999999999
8933.116499999998	6468.808499999998
GRID-End
num_of_evaluations 2000
best obj 0.001239742706915304
LLH0	40
LLH1	21
LLH2	30
LLH3	54
LLH4	83
LLH5	68
LLH6	68