Initial objective 0.0013066254796460061	 Seed value 394936987
1	 LLH-5	0.0013072683461330988	0.0013072683461330988
2	 LLH-5	0.0013084004502695087	0.0013084004502695087
3	 LLH-0	0.0013099247578793507	0.0013099247578793507
4	 LLH-6	0.001311649169911504	0.001311649169911504
5	 LLH-0	0.0013134264644608486	0.0013134264644608486
6	 LLH-4	0.001311779158021011	0.001311779158021011
9	 LLH-0	0.001313458680207772	0.001313458680207772
10	 LLH-3	0.0012818951463648954	0.0012818951463648954
11	 LLH-2	0.0012712654619803255	0.0012712654619803255
12	 LLH-0	0.0012721285725015572	0.0012721285725015572
13	 LLH-3	0.001347339390433057	0.001347339390433057
14	 LLH-3	0.0012727053891615674	0.0012727053891615674
15	 LLH-4	0.0012716928531643263	0.0012716928531643263
19	 LLH-3	0.0012602833556039496	0.0012602833556039496
20	 LLH-5	0.0012599004616635696	0.0012599004616635696
21	 LLH-6	0.0012590066519871498	0.0012590066519871498
22	 LLH-0	0.00125983825353057	0.00125983825353057
23	 LLH-3	0.0012556675006729651	0.0012556675006729651
24	 LLH-6	0.0012562437842566865	0.0012562437842566865
25	 LLH-4	0.0012562437842566865	0.0012562437842566865
30	 LLH-0	0.0012567216502152795	0.0012567216502152795
31	 LLH-2	0.0012599100414364525	0.0012599100414364525
32	 LLH-1	0.0012600462722247325	0.0012600462722247325
33	 LLH-1	0.0012600462722247325	0.0012600462722247325
34	 LLH-2	0.001262340366433526	0.001262340366433526
35	 LLH-6	0.0012628274964760317	0.0012628274964760317
36	 LLH-4	0.0012619340433729833	0.0012619340433729833
41	 LLH-5	0.0012612004127615668	0.0012612004127615668
42	 LLH-3	0.0013040361271556876	0.0013040361271556876
43	 LLH-2	0.0013049503483261663	0.0013049503483261663
44	 LLH-1	0.0013046254399535695	0.0013046254399535695
45	 LLH-3	0.0012639760653007622	0.0012639760653007622
46	 LLH-1	0.0012640359782928644	0.0012640359782928644
47	 LLH-3	0.0012558174636668389	0.0012558174636668389
48	 LLH-3	0.0013032035469735437	0.0013032035469735437
49	 LLH-0	0.0013020540220903072	0.0013020540220903072
50	 LLH-1	0.0013020938157383382	0.0013020938157383382
51	 LLH-2	0.0012978136533059795	0.0012978136533059795
52	 LLH-4	0.001296357042176822	0.001296357042176822
57	 LLH-6	0.0012967999699850727	0.0012967999699850727
58	 LLH-0	0.0012980382965072535	0.0012980382965072535
59	 LLH-6	0.001296665802665266	0.001296665802665266
60	 LLH-4	0.0012953222456341105	0.0012953222456341105
64	 LLH-1	0.0012953222456341105	0.0012953222456341105
65	 LLH-5	0.001296513673635269	0.001296513673635269
66	 LLH-3	0.0013864143765453224	0.0013864143765453224
67	 LLH-2	0.001338413504713518	0.001338413504713518
68	 LLH-6	0.0013376829329809806	0.0013376829329809806
69	 LLH-2	0.0013396333758120952	0.0013396333758120952
70	 LLH-1	0.0013396333758120952	0.0013396333758120952
71	 LLH-5	0.0013389028146256264	0.0013389028146256264
72	 LLH-0	0.0013370318231141329	0.0013370318231141329
73	 LLH-1	0.0013369842866557634	0.0013369842866557634
74	 LLH-6	0.0013377613498902186	0.0013377613498902186
75	 LLH-4	0.001336254585739737	0.001336254585739737
79	 LLH-3	0.0014732283771184593	0.0014732283771184593
80	 LLH-5	0.0014735476453447741	0.0014735476453447741
81	 LLH-6	0.001473986904224156	0.001473986904224156
82	 LLH-0	0.0014775511339412243	0.0014775511339412243
83	 LLH-6	0.0014794425853851562	0.0014794425853851562
84	 LLH-1	0.0014794771559715808	0.0014794771559715808
85	 LLH-5	0.0014799659006443876	0.0014799659006443876
86	 LLH-3	0.0013027576891334637	0.0013027576891334637
87	 LLH-5	0.001303685154548222	0.001303685154548222
88	 LLH-5	0.0013031392775862253	0.0013031392775862253
89	 LLH-4	0.0013015511147022086	0.0013015511147022086
91	 LLH-6	0.0012999875220157493	0.0012999875220157493
92	 LLH-0	0.0013019364950797928	0.0013019364950797928
93	 LLH-1	0.0013019629543486806	0.0013019629543486806
94	 LLH-1	0.0013019629543486806	0.0013019629543486806
95	 LLH-4	0.0013006042661386763	0.0013006042661386763
98	 LLH-4	0.0012990609458292265	0.0012990609458292265
101	 LLH-3	0.0012770037433574213	0.0012770037433574213
102	 LLH-6	0.0012790339333334253	0.0012790339333334253
103	 LLH-3	0.001325881401963685	0.001325881401963685
104	 LLH-2	0.0013259986928309763	0.0013259986928309763
105	 LLH-2	0.0013423303148573061	0.0013423303148573061
106	 LLH-6	0.0013413071140749469	0.0013413071140749469
107	 LLH-5	0.0013414241505289777	0.0013414241505289777
108	 LLH-5	0.0013408820564223276	0.0013408820564223276
109	 LLH-0	0.0013428190516541188	0.0013428190516541188
110	 LLH-6	0.001343941747709508	0.001343941747709508
111	 LLH-6	0.0013447287217152487	0.0013447287217152487
112	 LLH-6	0.0013425409282354177	0.0013425409282354177
113	 LLH-0	0.0013407958836960054	0.0013407958836960054
114	 LLH-6	0.0013416020928052608	0.0013416020928052608
115	 LLH-3	0.0014414709314586084	0.0014414709314586084
116	 LLH-3	0.0016906730751351437	0.0014414709314586084
117	 LLH-3	0.0016547887276278685	0.0014414709314586084
118	 LLH-1	0.0014414709314586084	0.0014414709314586084
119	 LLH-4	0.0014384947616186364	0.0014384947616186364
121	 LLH-3	0.0012977305193376384	0.0012977305193376384
122	 LLH-0	0.0012992005552761507	0.0012992005552761507
123	 LLH-0	0.0013005722191874827	0.0013005722191874827
124	 LLH-3	0.001263284126439276	0.001263284126439276
125	 LLH-5	0.0012631973993597796	0.0012631973993597796
126	 LLH-2	0.001274631192547171	0.001274631192547171
127	 LLH-0	0.0012760415354889274	0.0012760415354889274
128	 LLH-6	0.0012746779111600978	0.0012746779111600978
129	 LLH-1	0.001274947622691665	0.001274947622691665
130	 LLH-6	0.0012762301668325046	0.0012762301668325046
131	 LLH-3	0.0012582217745853944	0.0012582217745853944
132	 LLH-0	0.0012589941769026844	0.0012589941769026844
133	 LLH-0	0.00126008155138424	0.00126008155138424
134	 LLH-4	0.0012589961070041454	0.0012589961070041454
137	 LLH-4	0.0012589961070041454	0.0012589961070041454
142	 LLH-3	0.0013035243365961335	0.0013035243365961335
143	 LLH-4	0.0013019367732746848	0.0013019367732746848
146	 LLH-2	0.0012997754364269703	0.0012997754364269703
147	 LLH-6	0.0012976459775601162	0.0012976459775601162
148	 LLH-1	0.001297112466979781	0.001297112466979781
149	 LLH-0	0.0012983327947271137	0.0012983327947271137
150	 LLH-3	0.0012643997068953225	0.0012643997068953225
151	 LLH-6	0.0012647551914395487	0.0012647551914395487
152	 LLH-6	0.001263355089147283	0.001263355089147283
153	 LLH-2	0.0012698689525549268	0.0012698689525549268
154	 LLH-5	0.0012694740219331081	0.0012694740219331081
155	 LLH-1	0.0012694740219331081	0.0012694740219331081
156	 LLH-2	0.0012788002873905658	0.0012788002873905658
157	 LLH-6	0.0012777324382407334	0.0012777324382407334
158	 LLH-5	0.001277868579660408	0.001277868579660408
159	 LLH-4	0.0012768479224350767	0.0012768479224350767
163	 LLH-3	0.0012615320832455943	0.0012615320832455943
164	 LLH-6	0.0012613740804877998	0.0012613740804877998
165	 LLH-1	0.0012613740804877998	0.0012613740804877998
166	 LLH-6	0.0012620908303165991	0.0012620908303165991
167	 LLH-6	0.0012626455847586865	0.0012626455847586865
168	 LLH-3	0.0012445244033513453	0.0012445244033513453
169	 LLH-4	0.0012445244033513453	0.0012445244033513453
174	 LLH-3	0.0012928704129816868	0.0012928704129816868
175	 LLH-5	0.001292926683698857	0.001292926683698857
176	 LLH-4	0.0012919019179028152	0.0012919019179028152
179	 LLH-4	0.0012919019179028152	0.0012919019179028152
184	 LLH-0	0.0012932005663876325	0.0012932005663876325
185	 LLH-6	0.0012946012085846925	0.0012946012085846925
186	 LLH-5	0.0012941346394482016	0.0012941346394482016
187	 LLH-6	0.0012931547063997305	0.0012931547063997305
188	 LLH-5	0.001292625059672982	0.001292625059672982
189	 LLH-2	0.0013000328498630601	0.0013000328498630601
190	 LLH-2	0.0012979788048356228	0.0012979788048356228
191	 LLH-0	0.0012992697150768335	0.0012992697150768335
192	 LLH-1	0.0012989566256896136	0.0012989566256896136
193	 LLH-4	0.0012975497001660992	0.0012975497001660992
195	 LLH-4	0.0012961279512307751	0.0012961279512307751
198	 LLH-0	0.0012974880994986368	0.0012974880994986368
199	 LLH-0	0.0012988810426636463	0.0012988810426636463
200	 LLH-6	0.0013002739843102978	0.0013002739843102978
201	 LLH-1	0.0013002739843102978	0.0013002739843102978
202	 LLH-3	0.0012657814322452597	0.0012657814322452597
203	 LLH-0	0.0012649275471844324	0.0012649275471844324
204	 LLH-1	0.0012649275471844324	0.0012649275471844324
205	 LLH-0	0.0012656906205906846	0.0012656906205906846
206	 LLH-0	0.00126505917377363	0.00126505917377363
207	 LLH-2	0.001260519844366384	0.001260519844366384
208	 LLH-6	0.0012604999131910419	0.0012604999131910419
209	 LLH-5	0.0012604615488045513	0.0012604615488045513
210	 LLH-3	0.0012615579183210895	0.0012615579183210895
211	 LLH-1	0.0012615579183210895	0.0012615579183210895
212	 LLH-0	0.0012455105678942173	0.0012455105678942173
213	 LLH-3	0.001256059637835746	0.001256059637835746
214	 LLH-4	0.0012555728320391153	0.0012555728320391153
219	 LLH-0	0.0012561062718848405	0.0012561062718848405
220	 LLH-0	0.001255305045479164	0.001255305045479164
221	 LLH-0	0.0012557743481548182	0.0012557743481548182
222	 LLH-6	0.0012554711809387921	0.0012554711809387921
223	 LLH-0	0.0012559578982167252	0.0012559578982167252
224	 LLH-0	0.0012567697492284159	0.0012567697492284159
225	 LLH-0	0.0012576297748813788	0.0012576297748813788
226	 LLH-3	0.0012784552330009765	0.0012784552330009765
227	 LLH-2	0.001288012958890944	0.001288012958890944
228	 LLH-0	0.0012870666520404415	0.0012870666520404415
229	 LLH-5	0.0012875413450173666	0.0012875413450173666
230	 LLH-2	0.001278508814065808	0.001278508814065808
231	 LLH-5	0.001278418623668697	0.001278418623668697
232	 LLH-6	0.001278629617958628	0.001278629617958628
233	 LLH-1	0.001278629617958628	0.001278629617958628
234	 LLH-6	0.001278918744108263	0.001278918744108263
235	 LLH-1	0.0012789106388093662	0.0012789106388093662
236	 LLH-0	0.0012798207545507935	0.0012798207545507935
237	 LLH-6	0.0012821337035471931	0.0012821337035471931
238	 LLH-0	0.0012831359639928724	0.0012831359639928724
239	 LLH-1	0.0012829834543221757	0.0012829834543221757
240	 LLH-5	0.0012840747124082815	0.0012840747124082815
241	 LLH-1	0.0012840747124082815	0.0012840747124082815
242	 LLH-1	0.0012840747124082815	0.0012840747124082815
243	 LLH-5	0.0012849957309657599	0.0012849957309657599
244	 LLH-0	0.0012837210008545229	0.0012837210008545229
245	 LLH-0	0.0012848046479708535	0.0012848046479708535
246	 LLH-2	0.0012836347653769555	0.0012836347653769555
247	 LLH-0	0.0012825638952772421	0.0012825638952772421
248	 LLH-3	0.0012629041564379754	0.0012629041564379754
249	 LLH-4	0.0012622028871346223	0.0012622028871346223
252	 LLH-3	0.0013160577583126607	0.0013160577583126607
253	 LLH-6	0.0013151266980946468	0.0013151266980946468
254	 LLH-4	0.001313429896523769	0.001313429896523769
257	 LLH-2	0.001313369947951077	0.001313369947951077
258	 LLH-0	0.001311912807893357	0.001311912807893357
259	 LLH-1	0.0013117848116361414	0.0013117848116361414
260	 LLH-6	0.0013132577781945322	0.0013132577781945322
261	 LLH-4	0.0013132577781945322	0.0013132577781945322
266	 LLH-1	0.0013132577781945322	0.0013132577781945322
267	 LLH-3	0.0012824422577003495	0.0012824422577003495
268	 LLH-4	0.0012814863724316514	0.0012814863724316514
271	 LLH-4	0.001280578368164636	0.001280578368164636
275	 LLH-4	0.001279514507103557	0.001279514507103557
280	 LLH-1	0.001279514507103557	0.001279514507103557
281	 LLH-2	0.0012804597239295394	0.0012804597239295394
282	 LLH-2	0.001283964993387962	0.001283964993387962
283	 LLH-2	0.0012897099124680668	0.0012897099124680668
284	 LLH-3	0.001397528629718255	0.001397528629718255
285	 LLH-2	0.0013711839457343704	0.0013711839457343704
286	 LLH-4	0.0013687822795921776	0.0013687822795921776
288	 LLH-5	0.0013681260721334016	0.0013681260721334016
289	 LLH-0	0.0013703042041640287	0.0013703042041640287
290	 LLH-5	0.0013712545270203277	0.0013712545270203277
291	 LLH-1	0.0013712545270203277	0.0013712545270203277
292	 LLH-3	0.0012935383070666992	0.0012935383070666992
293	 LLH-4	0.0012923509897733855	0.0012923509897733855
296	 LLH-0	0.0012935854341089273	0.0012935854341089273
297	 LLH-4	0.0012921153664603037	0.0012921153664603037
299	 LLH-4	0.0012921153664603037	0.0012921153664603037
304	 LLH-6	0.001290924536862896	0.001290924536862896
305	 LLH-3	0.0012559790312637027	0.0012559790312637027
306	 LLH-4	0.0012559790312637027	0.0012559790312637027
311	 LLH-2	0.0012715834482724885	0.0012715834482724885
312	 LLH-4	0.0012708515278803284	0.0012708515278803284
315	 LLH-0	0.0012718021869525902	0.0012718021869525902
316	 LLH-6	0.0012687593113984042	0.0012687593113984042
317	 LLH-5	0.0012685580486157286	0.0012685580486157286
318	 LLH-2	0.0012915038305097203	0.0012685580486157286
319	 LLH-1	0.0012684125214106482	0.0012684125214106482
320	 LLH-0	0.0012695339693926152	0.0012695339693926152
321	 LLH-1	0.0012694637451802662	0.0012694637451802662
322	 LLH-3	0.0012522969183569692	0.0012522969183569692
323	 LLH-6	0.0012520791590043998	0.0012520791590043998
324	 LLH-3	0.0013204573306386128	0.0012520791590043998
325	 LLH-1	0.0012520791590043998	0.0012520791590043998
326	 LLH-3	0.001306570776211639	0.001306570776211639
327	 LLH-4	0.0013053466041443626	0.0013053466041443626
330	 LLH-6	0.0013029761256647143	0.0013029761256647143
331	 LLH-2	0.001291300885077882	0.001291300885077882
332	 LLH-3	0.0013840021508789526	0.0013840021508789526
333	 LLH-4	0.0013815540162386247	0.0013815540162386247
335	 LLH-4	0.0013791891796435115	0.0013791891796435115
337	 LLH-0	0.0013816037662462571	0.0013816037662462571
338	 LLH-1	0.0013816136588642972	0.0013816136588642972
339	 LLH-3	0.001511245495319018	0.0013816136588642972
340	 LLH-3	0.0015171383587249388	0.0015171383587249388
341	 LLH-4	0.0015126845877446219	0.0015126845877446219
343	 LLH-4	0.0015082438626292639	0.0015082438626292639
346	 LLH-0	0.0015041678271900966	0.0015041678271900966
347	 LLH-4	0.001499878244166635	0.001499878244166635
349	 LLH-5	0.0015005311988146035	0.0015005311988146035
350	 LLH-4	0.001496478897612094	0.001496478897612094
352	 LLH-5	0.0014967322050703385	0.0014967322050703385
353	 LLH-0	0.0014923978369894742	0.0014923978369894742
354	 LLH-2	0.00141056261020882	0.00141056261020882
355	 LLH-0	0.0014077379378834832	0.0014077379378834832
356	 LLH-3	0.0016230512748080473	0.0016230512748080473
357	 LLH-1	0.0016236489977003825	0.0016236489977003825
358	 LLH-1	0.0016236489977003825	0.0016236489977003825
359	 LLH-0	0.0016172586596282879	0.0016172586596282879
360	 LLH-3	0.0018884930908305854	0.0016172586596282879
361	 LLH-5	0.0016172693736705458	0.0016172693736705458
362	 LLH-0	0.0016111893485693332	0.0016111893485693332
363	 LLH-3	0.001344789403305489	0.001344789403305489
364	 LLH-1	0.001344789403305489	0.001344789403305489
365	 LLH-4	0.001343130545156889	0.001343130545156889
367	 LLH-5	0.0013415646542383102	0.0013415646542383102
368	 LLH-6	0.0013442419114212687	0.0013442419114212687
369	 LLH-2	0.001322732897659047	0.001322732897659047
370	 LLH-0	0.001320557475073985	0.001320557475073985
371	 LLH-4	0.0013190263883552853	0.0013190263883552853
375	 LLH-2	0.0013061553508264244	0.0013061553508264244
376	 LLH-0	0.0013044637550000716	0.0013044637550000716
377	 LLH-4	0.0013027736951968078	0.0013027736951968078
380	 LLH-0	0.001304582513237657	0.001304582513237657
381	 LLH-6	0.0013036033904964086	0.0013036033904964086
382	 LLH-2	0.0013087398304042857	0.0013087398304042857
383	 LLH-3	0.00142841983494876	0.0013087398304042857
384	 LLH-0	0.0013100628393981036	0.0013100628393981036
385	 LLH-6	0.0013092519571241807	0.0013092519571241807
386	 LLH-3	0.0014263789951037909	0.0014263789951037909
387	 LLH-0	0.001423370002473876	0.001423370002473876
388	 LLH-3	0.0016544119932453544	0.0016544119932453544
389	 LLH-5	0.0016547187342423708	0.0016547187342423708
390	 LLH-3	0.0013280163240403239	0.0013280163240403239
391	 LLH-6	0.0013259989710925674	0.0013259989710925674
392	 LLH-6	0.001328413144711262	0.001328413144711262
393	 LLH-4	0.0013268011087343148	0.0013268011087343148
397	 LLH-3	0.0012800191227548144	0.0012800191227548144
398	 LLH-2	0.0012795461443761	0.0012795461443761
399	 LLH-5	0.0012797067266249553	0.0012797067266249553
400	 LLH-1	0.0012797067266249553	0.0012797067266249553
401	 LLH-2	0.0012867032610522683	0.0012867032610522683
402	 LLH-4	0.0012854300573954024	0.0012854300573954024
407	 LLH-2	0.001288318007455252	0.001288318007455252
408	 LLH-2	0.0012971172796361074	0.0012971172796361074
409	 LLH-2	0.0012978403280004454	0.0012978403280004454
410	 LLH-4	0.0012963615227842924	0.0012963615227842924
414	 LLH-4	0.0012949372355120917	0.0012949372355120917
419	 LLH-3	0.0012684552098373265	0.0012684552098373265
420	 LLH-1	0.0012685606445491425	0.0012685606445491425
421	 LLH-6	0.0012667978835468714	0.0012667978835468714
422	 LLH-3	0.001325057212763582	0.001325057212763582
423	 LLH-4	0.001325057212763582	0.001325057212763582
428	 LLH-1	0.0013249813077412995	0.0013249813077412995
429	 LLH-2	0.0013005107901842951	0.0013005107901842951
430	 LLH-1	0.0013005107901842951	0.0013005107901842951
431	 LLH-6	0.0013003699636506315	0.0013003699636506315
432	 LLH-2	0.0013002641176034324	0.0013002641176034324
433	 LLH-5	0.0013006412776448316	0.0013006412776448316
434	 LLH-5	0.0013020229011423481	0.0013020229011423481
435	 LLH-3	0.0012665342596331487	0.0012665342596331487
436	 LLH-0	0.0012675031949818257	0.0012675031949818257
437	 LLH-3	0.0012560991593992183	0.0012560991593992183
438	 LLH-2	0.0012575885724687888	0.0012575885724687888
439	 LLH-3	0.0013236125996763906	0.0013236125996763906
440	 LLH-1	0.001323313766922665	0.001323313766922665
441	 LLH-0	0.001321881594647444	0.001321881594647444
442	 LLH-3	0.001279109576537182	0.001279109576537182
443	 LLH-5	0.001279010207261233	0.001279010207261233
444	 LLH-5	0.0012777503055776344	0.0012777503055776344
445	 LLH-3	0.0012594521730688137	0.0012594521730688137
446	 LLH-3	0.001258074821750114	0.001258074821750114
447	 LLH-6	0.0012594522280081613	0.0012594522280081613
448	 LLH-5	0.00125805890046179	0.00125805890046179
449	 LLH-1	0.00125805890046179	0.00125805890046179
450	 LLH-0	0.0012575058301255255	0.0012575058301255255
451	 LLH-5	0.00125745378757919	0.00125745378757919
452	 LLH-5	0.0012581144543002078	0.0012581144543002078
453	 LLH-5	0.0012583019994616878	0.0012583019994616878
454	 LLH-6	0.0012571192676715944	0.0012571192676715944
455	 LLH-5	0.0012570502574130054	0.0012570502574130054
456	 LLH-2	0.001250326839749987	0.001250326839749987
457	 LLH-3	0.001243482250122515	0.001243482250122515
458	 LLH-3	0.0012427598338239476	0.0012427598338239476
459	 LLH-6	0.0012429381166414108	0.0012429381166414108
460	 LLH-3	0.0012485958489392374	0.0012485958489392374
461	 LLH-0	0.0012490878220522575	0.0012490878220522575
462	 LLH-4	0.0012484326177711908	0.0012484326177711908
464	 LLH-2	0.0012569958986311316	0.0012569958986311316
465	 LLH-0	0.0012578029434573736	0.0012578029434573736
466	 LLH-4	0.0012573300873353892	0.0012573300873353892
470	 LLH-5	0.0012573357256046077	0.0012573357256046077
471	 LLH-0	0.0012578501357949994	0.0012578501357949994
472	 LLH-5	0.0012580170318871712	0.0012580170318871712
473	 LLH-3	0.0012570943441981685	0.0012570943441981685
474	 LLH-2	0.0012590737409310805	0.0012590737409310805
475	 LLH-5	0.0012583725740227835	0.0012583725740227835
476	 LLH-0	0.001259168398652247	0.001259168398652247
477	 LLH-4	0.0012585065566308401	0.0012585065566308401
479	 LLH-0	0.0012591237016781563	0.0012591237016781563
480	 LLH-1	0.0012591237016781563	0.0012591237016781563
481	 LLH-5	0.0012594050907589784	0.0012594050907589784
482	 LLH-3	0.001294785445809054	0.0012594050907589784
483	 LLH-6	0.001260346998180743	0.001260346998180743
484	 LLH-3	0.001254662843383393	0.001254662843383393
485	 LLH-0	0.0012550874225283042	0.0012550874225283042
486	 LLH-1	0.0012550874225283042	0.0012550874225283042
487	 LLH-6	0.0012549317638111163	0.0012549317638111163
488	 LLH-1	0.0012549780476843388	0.0012549780476843388
489	 LLH-2	0.0012520982756753897	0.0012520982756753897
490	 LLH-3	0.0012949930935802296	0.0012949930935802296
491	 LLH-4	0.001293983596003306	0.001293983596003306
493	 LLH-2	0.001283051770442089	0.001283051770442089
494	 LLH-6	0.0012817644093469033	0.0012817644093469033
495	 LLH-1	0.0012816472972510108	0.0012816472972510108
496	 LLH-6	0.0012818994412432578	0.0012818994412432578
497	 LLH-4	0.0012807256143198083	0.0012807256143198083
499	 LLH-1	0.0012807256143198083	0.0012807256143198083
500	 LLH-0	0.0012797181961604351	0.0012797181961604351
501	 LLH-0	0.0012811087784647486	0.0012811087784647486
502	 LLH-0	0.0012822709794063204	0.0012822709794063204
503	 LLH-5	0.0012828700746011401	0.0012828700746011401
504	 LLH-1	0.0012828700746011401	0.0012828700746011401
505	 LLH-2	0.0012850502461156767	0.0012850502461156767
506	 LLH-4	0.0012850502461156767	0.0012850502461156767
511	 LLH-3	0.0012720733097914957	0.0012720733097914957
512	 LLH-0	0.0012714417572615747	0.0012714417572615747
513	 LLH-1	0.0012714417572615747	0.0012714417572615747
514	 LLH-4	0.001270490447857908	0.001270490447857908
516	 LLH-0	0.0012714747939397695	0.0012714747939397695
517	 LLH-1	0.0012714747939397695	0.0012714747939397695
518	 LLH-1	0.0012713660832510618	0.0012713660832510618
519	 LLH-1	0.0012710799928205337	0.0012710799928205337
520	 LLH-1	0.0012710799928205337	0.0012710799928205337
521	 LLH-0	0.0012718707613246032	0.0012718707613246032
522	 LLH-6	0.0012720822187689694	0.0012720822187689694
523	 LLH-3	0.0012470806019605316	0.0012470806019605316
524	 LLH-3	0.0012528972048858377	0.0012528972048858377
525	 LLH-1	0.0012528972048858377	0.0012528972048858377
526	 LLH-0	0.0012534025968153875	0.0012534025968153875
527	 LLH-6	0.001252237440268306	0.001252237440268306
528	 LLH-0	0.001251632984487284	0.001251632984487284
529	 LLH-1	0.001251632984487284	0.001251632984487284
530	 LLH-4	0.001251632984487284	0.001251632984487284
535	 LLH-2	0.0012553479695003548	0.0012553479695003548
536	 LLH-2	0.00126078545875642	0.00126078545875642
537	 LLH-1	0.001261322122795754	0.001261322122795754
538	 LLH-5	0.0012619194287014997	0.0012619194287014997
539	 LLH-1	0.0012618135674438593	0.0012618135674438593
540	 LLH-1	0.0012618135674438593	0.0012618135674438593
541	 LLH-0	0.0012606138967997905	0.0012606138967997905
542	 LLH-6	0.0012608693119626892	0.0012608693119626892
543	 LLH-5	0.001261728853402928	0.001261728853402928
544	 LLH-1	0.001261728853402928	0.001261728853402928
545	 LLH-6	0.001262155568737882	0.001262155568737882
546	 LLH-0	0.0012629255102242882	0.0012629255102242882
547	 LLH-4	0.0012622140232753836	0.0012622140232753836
550	 LLH-0	0.0012632561453552015	0.0012632561453552015
551	 LLH-2	0.0012559008401562945	0.0012559008401562945
552	 LLH-6	0.0012557325522095561	0.0012557325522095561
553	 LLH-4	0.0012557325522095561	0.0012557325522095561
558	 LLH-4	0.0012557325522095561	0.0012557325522095561
563	 LLH-0	0.0012739202859779297	0.0012739202859779297
564	 LLH-3	0.001253911655352459	0.001253911655352459
565	 LLH-4	0.001253911655352459	0.001253911655352459
570	 LLH-4	0.001253911655352459	0.001253911655352459
575	 LLH-2	0.001259731886103068	0.001259731886103068
576	 LLH-4	0.00125881120469476	0.00125881120469476
578	 LLH-3	0.0012471367865570112	0.0012471367865570112
579	 LLH-3	0.0012473149141523315	0.0012473149141523315
580	 LLH-6	0.0012472663260690046	0.0012472663260690046
581	 LLH-1	0.0012472663260690046	0.0012472663260690046
582	 LLH-2	0.0012460668785704537	0.0012460668785704537
583	 LLH-4	0.0012455451322230169	0.0012455451322230169
588	 LLH-3	0.0012469248702384503	0.0012469248702384503
589	 LLH-0	0.0012476867781037908	0.0012476867781037908
590	 LLH-3	0.001255379812166839	0.001255379812166839
591	 LLH-0	0.0012547065550703234	0.0012547065550703234
592	 LLH-4	0.0012547065550703234	0.0012547065550703234
597	 LLH-2	0.0012467472138681327	0.0012467472138681327
598	 LLH-1	0.0012467472138681327	0.0012467472138681327
599	 LLH-3	0.0012789256327221418	0.0012789256327221418
600	 LLH-1	0.0012789256327221418	0.0012789256327221418
601	 LLH-6	0.0012795911588295644	0.0012795911588295644
602	 LLH-1	0.0012795911588295644	0.0012795911588295644
603	 LLH-0	0.0012806761678563789	0.0012806761678563789
604	 LLH-0	0.0012821769678365788	0.0012821769678365788
605	 LLH-4	0.0012809722890981727	0.0012809722890981727
607	 LLH-6	0.0012785780937605111	0.0012785780937605111
608	 LLH-2	0.0012789333692348676	0.0012789333692348676
609	 LLH-4	0.0012777009834650903	0.0012777009834650903
611	 LLH-3	0.0012643464994711961	0.0012643464994711961
612	 LLH-5	0.00126375798041216	0.00126375798041216
613	 LLH-6	0.0012634234718691695	0.0012634234718691695
614	 LLH-5	0.0012636958604131307	0.0012636958604131307
615	 LLH-2	0.0012641970673362383	0.0012641970673362383
616	 LLH-5	0.001263545700483293	0.001263545700483293
617	 LLH-0	0.0012625571837242425	0.0012625571837242425
618	 LLH-2	0.0012684002893310607	0.0012684002893310607
619	 LLH-3	0.0012494589070160599	0.0012494589070160599
620	 LLH-2	0.001259436652080064	0.001259436652080064
621	 LLH-5	0.0012590664354656571	0.0012590664354656571
622	 LLH-0	0.0012598556718542166	0.0012598556718542166
623	 LLH-5	0.001260382243325253	0.001260382243325253
624	 LLH-5	0.0012604370927921857	0.0012604370927921857
625	 LLH-0	0.0012615655618814137	0.0012615655618814137
626	 LLH-1	0.0012615196844593852	0.0012615196844593852
627	 LLH-5	0.0012610543136168445	0.0012610543136168445
628	 LLH-5	0.0012597360146633513	0.0012597360146633513
629	 LLH-1	0.0012597360146633513	0.0012597360146633513
630	 LLH-0	0.0012607969302185745	0.0012607969302185745
631	 LLH-0	0.001261621930855407	0.001261621930855407
632	 LLH-3	0.0012462757414089555	0.0012462757414089555
633	 LLH-0	0.0012472080985490516	0.0012472080985490516
634	 LLH-3	0.0012966843862664713	0.0012472080985490516
635	 LLH-4	0.0012472080985490516	0.0012472080985490516
640	 LLH-5	0.0012471730810731639	0.0012471730810731639
641	 LLH-6	0.0012467333765475578	0.0012467333765475578
642	 LLH-5	0.0012457780738183678	0.0012457780738183678
643	 LLH-0	0.0012464816608101941	0.0012464816608101941
644	 LLH-4	0.0012459441397288976	0.0012459441397288976
648	 LLH-5	0.0012460245151490119	0.0012460245151490119
649	 LLH-1	0.0012460245151490119	0.0012460245151490119
650	 LLH-4	0.0012453947369421218	0.0012453947369421218
652	 LLH-0	0.0012464031170345644	0.0012464031170345644
653	 LLH-1	0.0012464031170345644	0.0012464031170345644
654	 LLH-3	0.0012958128298216187	0.0012464031170345644
655	 LLH-5	0.0012467519977683295	0.0012467519977683295
656	 LLH-0	0.0012475983438556978	0.0012475983438556978
657	 LLH-6	0.0012476750991508956	0.0012476750991508956
658	 LLH-4	0.001247062787922774	0.001247062787922774
663	 LLH-1	0.001247062787922774	0.001247062787922774
664	 LLH-5	0.0012472308357951109	0.0012472308357951109
665	 LLH-6	0.0012468501333587447	0.0012468501333587447
666	 LLH-3	0.0012926960854259314	0.0012926960854259314
667	 LLH-3	0.0012705135156970686	0.0012705135156970686
668	 LLH-2	0.0012803440393165185	0.0012705135156970686
669	 LLH-6	0.0012706998307901252	0.0012706998307901252
670	 LLH-3	0.0012514433927398026	0.0012514433927398026
671	 LLH-5	0.0012516455008702463	0.0012516455008702463
672	 LLH-0	0.0012523990168343733	0.0012523990168343733
673	 LLH-5	0.0012513390010697551	0.0012513390010697551
674	 LLH-1	0.0012513390010697551	0.0012513390010697551
675	 LLH-4	0.0012513390010697551	0.0012513390010697551
680	 LLH-4	0.0012508178189442752	0.0012508178189442752
682	 LLH-4	0.0012508178189442752	0.0012508178189442752
687	 LLH-3	0.0012445774176909306	0.0012445774176909306
688	 LLH-3	0.0012756746507590528	0.0012445774176909306
689	 LLH-1	0.0012445774176909306	0.0012445774176909306
690	 LLH-3	0.0012722574329572139	0.0012722574329572139
691	 LLH-1	0.0012722574329572139	0.0012722574329572139
692	 LLH-3	0.0012570544697826746	0.0012570544697826746
693	 LLH-5	0.0012568853760379162	0.0012568853760379162
694	 LLH-2	0.0012614713793605097	0.0012614713793605097
695	 LLH-4	0.0012603521591651678	0.0012603521591651678
698	 LLH-4	0.0012595502317230493	0.0012595502317230493
701	 LLH-3	0.0013301052948486972	0.0012595502317230493
702	 LLH-2	0.0012747514982885035	0.0012747514982885035
703	 LLH-1	0.001275047934543867	0.001275047934543867
704	 LLH-2	0.0012783700873795947	0.0012783700873795947
705	 LLH-5	0.0012807865989045027	0.0012807865989045027
706	 LLH-2	0.0012791787597712643	0.0012791787597712643
707	 LLH-4	0.0012780171495173933	0.0012780171495173933
709	 LLH-2	0.0012945645747653614	0.0012945645747653614
710	 LLH-6	0.0012924014673075476	0.0012924014673075476
711	 LLH-5	0.0012918304433961244	0.0012918304433961244
712	 LLH-0	0.0012930054071447316	0.0012930054071447316
713	 LLH-0	0.001291804768559259	0.001291804768559259
714	 LLH-6	0.0012911916039916992	0.0012911916039916992
715	 LLH-1	0.0012911440306100004	0.0012911440306100004
716	 LLH-0	0.0012925960570107982	0.0012925960570107982
717	 LLH-5	0.001292859036195517	0.001292859036195517
718	 LLH-4	0.0012913994447930183	0.0012913994447930183
722	 LLH-6	0.001292785385550787	0.001292785385550787
723	 LLH-0	0.0012939324731684207	0.0012939324731684207
724	 LLH-3	0.0013631630926249005	0.0013631630926249005
725	 LLH-6	0.0013665675296420474	0.0013665675296420474
726	 LLH-6	0.001365695027076579	0.001365695027076579
727	 LLH-5	0.0013643322910233172	0.0013643322910233172
728	 LLH-1	0.0013643322910233172	0.0013643322910233172
729	 LLH-0	0.0013666921128297508	0.0013666921128297508
730	 LLH-3	0.0015953756442027346	0.0013666921128297508
731	 LLH-1	0.0013666921128297508	0.0013666921128297508
732	 LLH-5	0.0013662000849198662	0.0013662000849198662
733	 LLH-3	0.00149043639345852	0.00149043639345852
734	 LLH-1	0.00149043639345852	0.00149043639345852
735	 LLH-1	0.0014905829754894265	0.0014905829754894265
736	 LLH-2	0.0014162947883250027	0.0014162947883250027
737	 LLH-3	0.0012945312571253915	0.0012945312571253915
738	 LLH-5	0.0012938907247735016	0.0012938907247735016
739	 LLH-2	0.0012952306098420949	0.0012952306098420949
740	 LLH-2	0.0012887621229485532	0.0012887621229485532
741	 LLH-2	0.0012911199579435377	0.0012911199579435377
742	 LLH-5	0.0012914512115597787	0.0012914512115597787
743	 LLH-4	0.001290073743502129	0.001290073743502129
748	 LLH-6	0.0012895253166911509	0.0012895253166911509
749	 LLH-6	0.0012896318208009247	0.0012896318208009247
750	 LLH-0	0.0012907024739542633	0.0012907024739542633
751	 LLH-0	0.0012920799386249584	0.0012920799386249584
752	 LLH-6	0.001292736213233212	0.001292736213233212
753	 LLH-5	0.0012924737452354707	0.0012924737452354707
754	 LLH-1	0.0012924737452354707	0.0012924737452354707
755	 LLH-5	0.0012926510529063153	0.0012926510529063153
756	 LLH-1	0.0012921763399325805	0.0012921763399325805
757	 LLH-2	0.001292009889033261	0.001292009889033261
758	 LLH-0	0.0012935658073582445	0.0012935658073582445
759	 LLH-6	0.0012948064683962176	0.0012948064683962176
760	 LLH-2	0.00130884715367687	0.0012948064683962176
761	 LLH-0	0.0012961443353258165	0.0012961443353258165
762	 LLH-6	0.0012962481033036884	0.0012962481033036884
763	 LLH-0	0.001294933172351249	0.001294933172351249
764	 LLH-2	0.0013001829369814208	0.0013001829369814208
765	 LLH-2	0.0013194116284996628	0.0013194116284996628
766	 LLH-3	0.0014015568861837008	0.0013194116284996628
767	 LLH-1	0.0013194116284996628	0.0013194116284996628
768	 LLH-6	0.0013165128895391925	0.0013165128895391925
769	 LLH-6	0.0013159831323279266	0.0013159831323279266
770	 LLH-0	0.0013144642952360726	0.0013144642952360726
771	 LLH-0	0.0013131109956348547	0.0013131109956348547
772	 LLH-6	0.0013135703323599876	0.0013135703323599876
773	 LLH-2	0.0013144300533244572	0.0013144300533244572
774	 LLH-0	0.0013160449385372407	0.0013160449385372407
775	 LLH-6	0.0013174583936369196	0.0013160449385372407
776	 LLH-0	0.0013174950490599973	0.0013174950490599973
777	 LLH-4	0.0013161533688352011	0.0013161533688352011
779	 LLH-6	0.0013157174803177995	0.0013157174803177995
780	 LLH-0	0.0013141361999700592	0.0013141361999700592
781	 LLH-2	0.0013052654994405678	0.0013052654994405678
782	 LLH-1	0.0013052654994405678	0.0013052654994405678
783	 LLH-5	0.0013060742009710024	0.0013060742009710024
784	 LLH-1	0.0013060742009710024	0.0013060742009710024
785	 LLH-4	0.0013043257861015697	0.0013043257861015697
788	 LLH-1	0.0013043257861015697	0.0013043257861015697
789	 LLH-5	0.001301715575741999	0.001301715575741999
790	 LLH-0	0.0013255177008299561	0.001301715575741999
791	 LLH-3	0.0012754508052110623	0.0012754508052110623
792	 LLH-5	0.0012762895210570308	0.0012762895210570308
793	 LLH-5	0.0012759684978258742	0.0012759684978258742
794	 LLH-1	0.0012759183910751428	0.0012759183910751428
795	 LLH-3	0.0012575317725255684	0.0012575317725255684
796	 LLH-2	0.0012581654623528772	0.0012581654623528772
797	 LLH-3	0.001254362593357173	0.001254362593357173
798	 LLH-6	0.0012546063018670991	0.0012546063018670991
799	 LLH-5	0.0012548362751096302	0.0012548362751096302
800	 LLH-5	0.001254309877320601	0.001254309877320601
801	 LLH-6	0.0012543100091956868	0.0012543100091956868
802	 LLH-1	0.0012543100091956868	0.0012543100091956868
803	 LLH-3	0.0012979799258186807	0.0012979799258186807
804	 LLH-3	0.0012716825884901148	0.0012716825884901148
805	 LLH-1	0.0012716825884901148	0.0012716825884901148
806	 LLH-3	0.001329076423784946	0.001329076423784946
807	 LLH-6	0.0013290900401517636	0.0013290900401517636
808	 LLH-1	0.0013291807048400443	0.0013291807048400443
809	 LLH-4	0.001327190975546259	0.001327190975546259
812	 LLH-3	0.0014055856317215798	0.0014055856317215798
813	 LLH-4	0.0014055856317215798	0.0014055856317215798
818	 LLH-4	0.0014055856317215798	0.0014055856317215798
823	 LLH-6	0.00140458648748401	0.00140458648748401
824	 LLH-5	0.0014043478893978167	0.0014043478893978167
825	 LLH-1	0.0014043478893978167	0.0014043478893978167
826	 LLH-6	0.0014049910927125995	0.0014049910927125995
827	 LLH-1	0.0014049910927125995	0.0014049910927125995
828	 LLH-0	0.0014371727909823538	0.0014371727909823538
829	 LLH-5	0.0014377087829432578	0.0014377087829432578
830	 LLH-4	0.0014345407554390752	0.0014345407554390752
832	 LLH-2	0.0013947285750586873	0.0013947285750586873
833	 LLH-3	0.0012914078916540744	0.0012914078916540744
834	 LLH-1	0.0012914078916540744	0.0012914078916540744
835	 LLH-1	0.0012914078916540744	0.0012914078916540744
836	 LLH-0	0.001290133051632978	0.001290133051632978
837	 LLH-0	0.0012913765177815523	0.0012913765177815523
838	 LLH-1	0.0012913765177815523	0.0012913765177815523
839	 LLH-1	0.0012913765177815523	0.0012913765177815523
840	 LLH-6	0.0012938146911600933	0.0012913765177815523
841	 LLH-1	0.0012913765177815523	0.0012913765177815523
842	 LLH-1	0.0012911523534955298	0.0012911523534955298
843	 LLH-2	0.0012909470907470112	0.0012909470907470112
844	 LLH-2	0.0012900701938418162	0.0012900701938418162
845	 LLH-2	0.0013002400663488396	0.0013002400663488396
846	 LLH-5	0.00129989350425969	0.00129989350425969
847	 LLH-1	0.00129989350425969	0.00129989350425969
848	 LLH-5	0.0013002539861836219	0.0013002539861836219
849	 LLH-6	0.0013024434309828953	0.0013024434309828953
850	 LLH-3	0.001254202654286977	0.001254202654286977
851	 LLH-5	0.0012546869585990071	0.0012546869585990071
852	 LLH-6	0.0012540854692518794	0.0012540854692518794
853	 LLH-5	0.0012544901179814124	0.0012544901179814124
854	 LLH-0	0.001255467903410243	0.001255467903410243
855	 LLH-2	0.0012787938573021532	0.001255467903410243
856	 LLH-4	0.0012545569297175146	0.0012545569297175146
859	 LLH-5	0.0012537305106894929	0.0012537305106894929
860	 LLH-0	0.0012716343915906785	0.0012716343915906785
861	 LLH-1	0.0012716343915906785	0.0012716343915906785
862	 LLH-2	0.001275993280622408	0.001275993280622408
863	 LLH-2	0.0012848232025486207	0.0012848232025486207
864	 LLH-5	0.0012848313354003338	0.0012848313354003338
865	 LLH-2	0.0012876621337175416	0.0012876621337175416
866	 LLH-3	0.00138559973442577	0.0012876621337175416
867	 LLH-0	0.0012862518431363112	0.0012862518431363112
868	 LLH-2	0.0012896130044637002	0.0012896130044637002
869	 LLH-2	0.0012898542442575697	0.0012898542442575697
870	 LLH-5	0.001289174813185948	0.001289174813185948
871	 LLH-6	0.0012913514382964129	0.0012913514382964129
872	 LLH-5	0.0012906178177386053	0.0012906178177386053
873	 LLH-0	0.0012918055197365151	0.0012918055197365151
874	 LLH-4	0.0012906681841433187	0.0012906681841433187
877	 LLH-1	0.001290507233573702	0.001290507233573702
878	 LLH-5	0.0012909036828566472	0.001290507233573702
879	 LLH-4	0.001289315631837484	0.001289315631837484
881	 LLH-4	0.0012880307258390762	0.0012880307258390762
883	 LLH-3	0.0013845079007781837	0.0012880307258390762
884	 LLH-2	0.0012937622528588022	0.0012937622528588022
885	 LLH-6	0.0012936303217071165	0.0012936303217071165
886	 LLH-3	0.0014154757993943396	0.0014154757993943396
887	 LLH-0	0.0014181801693499943	0.0014181801693499943
888	 LLH-5	0.0014176377841849616	0.0014176377841849616
889	 LLH-6	0.0014143692865921228	0.0014143692865921228
890	 LLH-0	0.001417218465610012	0.001417218465610012
891	 LLH-4	0.001414410095814559	0.001414410095814559
893	 LLH-4	0.0014115742207288346	0.0014115742207288346
896	 LLH-2	0.0013752824344680798	0.0013752824344680798
897	 LLH-5	0.0013756288996795507	0.0013756288996795507
898	 LLH-0	0.0013780348963350474	0.0013780348963350474
899	 LLH-2	0.0013627986674864337	0.0013627986674864337
900	 LLH-3	0.0014984746404199376	0.0013627986674864337
901	 LLH-0	0.0013609472849880396	0.0013609472849880396
902	 LLH-6	0.0013619828326437622	0.0013619828326437622
903	 LLH-2	0.0013404678539013777	0.0013404678539013777
904	 LLH-0	0.0013386516501365802	0.0013386516501365802
905	 LLH-5	0.001338335795512572	0.001338335795512572
906	 LLH-6	0.001340703851083614	0.001340703851083614
907	 LLH-4	0.0013391811746014657	0.0013391811746014657
909	 LLH-6	0.0013378865323315325	0.0013378865323315325
910	 LLH-4	0.0013361262369908204	0.0013361262369908204
912	 LLH-0	0.001334378657221015	0.001334378657221015
913	 LLH-4	0.0013324337040908046	0.0013324337040908046
917	 LLH-5	0.0013318516997083173	0.0013318516997083173
918	 LLH-6	0.0013326766720109452	0.0013326766720109452
919	 LLH-6	0.001333605550032629	0.001333605550032629
920	 LLH-3	0.0012767768085405833	0.0012767768085405833
921	 LLH-2	0.0012739290043286178	0.0012739290043286178
922	 LLH-0	0.0012729503929223489	0.0012729503929223489
923	 LLH-3	0.0012582965067575848	0.0012582965067575848
924	 LLH-1	0.0012582965067575848	0.0012582965067575848
925	 LLH-5	0.0012576187106606866	0.0012576187106606866
926	 LLH-1	0.0012573487294327895	0.0012573487294327895
927	 LLH-4	0.0012563996514924423	0.0012563996514924423
930	 LLH-1	0.0012563996514924423	0.0012563996514924423
931	 LLH-1	0.001256542216685412	0.001256542216685412
932	 LLH-4	0.001256542216685412	0.001256542216685412
937	 LLH-2	0.0012560765530184597	0.0012560765530184597
938	 LLH-6	0.0012561173601858431	0.0012561173601858431
939	 LLH-6	0.001256358780697464	0.001256358780697464
940	 LLH-3	0.0012527877497459385	0.0012527877497459385
941	 LLH-2	0.0012682877873103186	0.0012682877873103186
942	 LLH-5	0.0012684726998171837	0.0012684726998171837
943	 LLH-6	0.0012683279240682697	0.0012683279240682697
944	 LLH-6	0.0012670701257239635	0.0012670701257239635
945	 LLH-6	0.0012668067896435872	0.0012668067896435872
946	 LLH-3	0.001258771451464483	0.001258771451464483
947	 LLH-5	0.001258966895504096	0.001258966895504096
948	 LLH-4	0.001258966895504096	0.001258966895504096
953	 LLH-4	0.001258966895504096	0.001258966895504096
958	 LLH-5	0.0012579817080397705	0.0012579817080397705
959	 LLH-4	0.0012579817080397705	0.0012579817080397705
964	 LLH-3	0.0013027970959076022	0.0012579817080397705
965	 LLH-2	0.0012624079181135625	0.0012624079181135625
966	 LLH-1	0.0012624079181135625	0.0012624079181135625
967	 LLH-1	0.0012620964868117798	0.0012620964868117798
968	 LLH-3	0.0013115957667381385	0.0012620964868117798
969	 LLH-5	0.0012619768705519608	0.0012619768705519608
970	 LLH-0	0.0012627102178880216	0.0012627102178880216
971	 LLH-0	0.0012633494199246146	0.0012633494199246146
972	 LLH-2	0.0012656374532535437	0.0012633494199246146
973	 LLH-2	0.001268291309679039	0.001268291309679039
974	 LLH-3	0.001251234570797385	0.001251234570797385
975	 LLH-1	0.001251234570797385	0.001251234570797385
976	 LLH-3	0.0012456030341587282	0.0012456030341587282
977	 LLH-6	0.0012452589643175112	0.0012452589643175112
978	 LLH-2	0.0012619820300211395	0.0012619820300211395
979	 LLH-6	0.0012611548887813064	0.0012611548887813064
980	 LLH-0	0.0012619291923640107	0.0012619291923640107
981	 LLH-0	0.0012627866712591328	0.0012627866712591328
982	 LLH-1	0.0012627866712591328	0.0012627866712591328
983	 LLH-1	0.0012627979682396243	0.0012627979682396243
984	 LLH-3	0.0012480781455513395	0.0012480781455513395
985	 LLH-6	0.0012484834808930473	0.0012484834808930473
986	 LLH-0	0.0012480124757861225	0.0012480124757861225
987	 LLH-4	0.001247160223280556	0.001247160223280556
992	 LLH-0	0.0012476851415227062	0.0012476851415227062
993	 LLH-3	0.0012888494739241804	0.0012888494739241804
994	 LLH-0	0.0012902365014849217	0.0012902365014849217
995	 LLH-2	0.0012812353900820794	0.0012812353900820794
996	 LLH-0	0.0012800876616409942	0.0012800876616409942
997	 LLH-2	0.0012900589486653927	0.0012900589486653927
998	 LLH-1	0.0012897098941091777	0.0012897098941091777
999	 LLH-1	0.0012897098941091777	0.0012897098941091777
1000	 LLH-4	0.0012883412519590694	0.0012883412519590694
1002	 LLH-4	0.0012871024274321442	0.0012871024274321442
1004	 LLH-4	0.0012871024274321442	0.0012871024274321442
1009	 LLH-1	0.0012872978265515585	0.0012872978265515585
1010	 LLH-3	0.0013655769910463464	0.0012872978265515585
1011	 LLH-0	0.001288446053873183	0.001288446053873183
1012	 LLH-5	0.0012884570826278492	0.0012884570826278492
1013	 LLH-6	0.001287291301549501	0.001287291301549501
1014	 LLH-5	0.0012879720398840707	0.0012879720398840707
1015	 LLH-6	0.0012887011105887486	0.0012887011105887486
1016	 LLH-6	0.0012896237282822107	0.0012896237282822107
1017	 LLH-2	0.0013031629583647039	0.0013031629583647039
1018	 LLH-3	0.0012708163054174157	0.0012708163054174157
1019	 LLH-5	0.0012713842126559393	0.0012713842126559393
1020	 LLH-0	0.0012706264280601275	0.0012706264280601275
1021	 LLH-3	0.00126110439562645	0.00126110439562645
1022	 LLH-0	0.0012619186222716384	0.0012619186222716384
1023	 LLH-4	0.0012610907335301336	0.0012610907335301336
1026	 LLH-5	0.00126069614189965	0.00126069614189965
1027	 LLH-5	0.0012617853812426454	0.00126069614189965
1028	 LLH-4	0.0012601033557789075	0.0012601033557789075
1030	 LLH-3	0.0012485968072484157	0.0012485968072484157
1031	 LLH-1	0.0012485968072484157	0.0012485968072484157
1032	 LLH-4	0.0012480313285524462	0.0012480313285524462
1036	 LLH-5	0.0012481962379765443	0.0012481962379765443
1037	 LLH-3	0.0012847178376221879	0.0012481962379765443
1038	 LLH-6	0.0012487835997457165	0.0012487835997457165
1039	 LLH-3	0.0013011359315861708	0.0012487835997457165
1040	 LLH-1	0.0012487835997457165	0.0012487835997457165
1041	 LLH-1	0.0012487835997457165	0.0012487835997457165
1042	 LLH-0	0.0012492878856203002	0.0012492878856203002
1043	 LLH-4	0.0012492878856203002	0.0012492878856203002
1048	 LLH-0	0.0012498879850230994	0.0012498879850230994
1049	 LLH-4	0.0012498879850230994	0.0012498879850230994
1054	 LLH-5	0.0012505892795390341	0.0012505892795390341
1055	 LLH-1	0.0012505892795390341	0.0012505892795390341
1056	 LLH-2	0.0012582393520050622	0.0012582393520050622
1057	 LLH-2	0.0012614180248137763	0.0012614180248137763
1058	 LLH-1	0.0012614180248137763	0.0012614180248137763
1059	 LLH-5	0.0012614086940426709	0.0012614086940426709
1060	 LLH-2	0.0012633430244007502	0.0012633430244007502
1061	 LLH-3	0.001330665142308579	0.001330665142308579
1062	 LLH-6	0.0013321970635319282	0.001330665142308579
1063	 LLH-2	0.0013105552452720663	0.0013105552452720663
1064	 LLH-5	0.0013113346791505801	0.0013113346791505801
1065	 LLH-0	0.0013095488789085705	0.0013095488789085705
1066	 LLH-3	0.0012824834490873706	0.0012824834490873706
1067	 LLH-2	0.0012777365650514325	0.0012777365650514325
1068	 LLH-5	0.0012771201643010286	0.0012771201643010286
1069	 LLH-1	0.0012771201643010286	0.0012771201643010286
1070	 LLH-0	0.0012761370883402753	0.0012761370883402753
1071	 LLH-3	0.0012528154055115467	0.0012528154055115467
1072	 LLH-6	0.0012536565593139631	0.0012536565593139631
1073	 LLH-2	0.0012730362556412074	0.0012536565593139631
1074	 LLH-3	0.0013149743917039763	0.0012536565593139631
1075	 LLH-5	0.001252942888751574	0.001252942888751574
1076	 LLH-2	0.0012650620946288585	0.0012650620946288585
1077	 LLH-3	0.001324976046897945	0.001324976046897945
1078	 LLH-5	0.001325664361044777	0.001325664361044777
1079	 LLH-6	0.001326101510178534	0.001326101510178534
1080	 LLH-4	0.0013243662773342116	0.0013243662773342116
1082	 LLH-5	0.00132473363261454	0.00132473363261454
1083	 LLH-3	0.0014793361598114513	0.00132473363261454
1084	 LLH-5	0.0013236607590859978	0.0013236607590859978
1085	 LLH-1	0.0013237245687041314	0.0013237245687041314
1086	 LLH-6	0.001323357373869602	0.001323357373869602
1087	 LLH-0	0.0013249360761060612	0.0013249360761060612
1088	 LLH-6	0.001325408383689442	0.001325408383689442
1089	 LLH-5	0.0013249918582528566	0.0013249918582528566
1090	 LLH-5	0.0013246334939051663	0.0013246334939051663
1091	 LLH-3	0.001475045488619084	0.0013246334939051663
1092	 LLH-4	0.0013246334939051663	0.0013246334939051663
1097	 LLH-5	0.0013232902265602725	0.0013232902265602725
1098	 LLH-4	0.0013215519050413594	0.0013215519050413594
1100	 LLH-3	0.001275666246924559	0.001275666246924559
1101	 LLH-1	0.001275666246924559	0.001275666246924559
1102	 LLH-1	0.0012757421477368773	0.0012757421477368773
1103	 LLH-4	0.0012745650682902912	0.0012745650682902912
1108	 LLH-2	0.0012911422731225206	0.0012745650682902912
1109	 LLH-2	0.001292086948217663	0.001292086948217663
1110	 LLH-6	0.0012929295870266842	0.0012929295870266842
1111	 LLH-0	0.0012723323479894005	0.0012723323479894005
1112	 LLH-1	0.0012723355007931117	0.0012723355007931117
1113	 LLH-5	0.001272846107746058	0.001272846107746058
1114	 LLH-2	0.0012898577011024816	0.001272846107746058
1115	 LLH-3	0.0012586443313416	0.0012586443313416
1116	 LLH-4	0.001257936102712659	0.001257936102712659
1121	 LLH-5	0.001257453071172904	0.001257453071172904
1122	 LLH-1	0.001257453071172904	0.001257453071172904
1123	 LLH-4	0.0012567038529830736	0.0012567038529830736
1125	 LLH-0	0.0012575146608222454	0.0012575146608222454
1126	 LLH-4	0.0012569005449171618	0.0012569005449171618
1130	 LLH-4	0.0012560847145619393	0.0012560847145619393
1132	 LLH-0	0.0012568584309538388	0.0012568584309538388
1133	 LLH-5	0.0012569828576259013	0.0012569828576259013
1134	 LLH-3	0.0012584167283768337	0.0012584167283768337
1135	 LLH-1	0.001258129962803713	0.001258129962803713
1136	 LLH-2	0.0012595598123158877	0.001258129962803713
1137	 LLH-1	0.001258129962803713	0.001258129962803713
1138	 LLH-6	0.0012570421997532039	0.0012570421997532039
1139	 LLH-0	0.001257884720337971	0.001257884720337971
1140	 LLH-1	0.001257884720337971	0.001257884720337971
1141	 LLH-2	0.0012541320326433546	0.0012541320326433546
1142	 LLH-1	0.0012541320326433546	0.0012541320326433546
1143	 LLH-6	0.00125394956624069	0.00125394956624069
1144	 LLH-3	0.0013147428069608673	0.00125394956624069
1145	 LLH-1	0.00125394956624069	0.00125394956624069
1146	 LLH-6	0.001252904875084285	0.001252904875084285
1147	 LLH-2	0.0012679026193043773	0.001252904875084285
1148	 LLH-1	0.001252904875084285	0.001252904875084285
1149	 LLH-6	0.0012528431124627258	0.0012528431124627258
1150	 LLH-4	0.0012528431124627258	0.0012528431124627258
1155	 LLH-2	0.001264484407802293	0.0012528431124627258
1156	 LLH-0	0.001253740360602858	0.001253740360602858
1157	 LLH-2	0.0012648502670354164	0.001253740360602858
1158	 LLH-2	0.0012584951341215865	0.0012584951341215865
1159	 LLH-0	0.0012574783177837791	0.0012574783177837791
1160	 LLH-0	0.0012582499453897354	0.0012582499453897354
1161	 LLH-6	0.0012567891645053142	0.0012567891645053142
1162	 LLH-4	0.0012560820022859615	0.0012560820022859615
1165	 LLH-1	0.0012560820022859615	0.0012560820022859615
1166	 LLH-1	0.0012559640131154552	0.0012559640131154552
1167	 LLH-4	0.0012551836256590966	0.0012551836256590966
1170	 LLH-2	0.0012683209160515854	0.0012683209160515854
1171	 LLH-6	0.0012681284811570043	0.0012681284811570043
1172	 LLH-0	0.0012670428508181012	0.0012670428508181012
1173	 LLH-0	0.0012681006749192755	0.0012681006749192755
1174	 LLH-4	0.0012681006749192755	0.0012681006749192755
1179	 LLH-2	0.0012673343865381374	0.0012673343865381374
1180	 LLH-6	0.0012676480570838445	0.0012676480570838445
1181	 LLH-6	0.0012681945241845665	0.0012681945241845665
1182	 LLH-1	0.0012681945241845665	0.0012681945241845665
1183	 LLH-0	0.0012672125224699267	0.0012672125224699267
1184	 LLH-0	0.0012663108289244997	0.0012663108289244997
1185	 LLH-2	0.0012850219270243814	0.0012663108289244997
1186	 LLH-2	0.0012829503455014692	0.0012829503455014692
1187	 LLH-0	0.0012815120328209602	0.0012815120328209602
1188	 LLH-4	0.0012801938007380555	0.0012801938007380555
1192	 LLH-2	0.0012913023868085358	0.0012801938007380555
1193	 LLH-1	0.001280259011640632	0.001280259011640632
1194	 LLH-3	0.001381937585929899	0.001280259011640632
1195	 LLH-5	0.0012800144291581145	0.0012800144291581145
1196	 LLH-5	0.0012796193576046265	0.0012796193576046265
1197	 LLH-3	0.0012641565475607981	0.0012641565475607981
1198	 LLH-5	0.0012646077704074926	0.0012646077704074926
1199	 LLH-1	0.0012646077704074926	0.0012646077704074926
1200	 LLH-3	0.0012459015919939285	0.0012459015919939285
1201	 LLH-1	0.0012461639309779664	0.0012461639309779664
1202	 LLH-6	0.0012469156997092874	0.0012469156997092874
1203	 LLH-6	0.0012476491745006626	0.0012476491745006626
1204	 LLH-4	0.0012470232166325653	0.0012470232166325653
1207	 LLH-6	0.0012482728531461938	0.0012482728531461938
1208	 LLH-3	0.0012580347015040715	0.0012482728531461938
1209	 LLH-6	0.0012482104219713223	0.0012482104219713223
1210	 LLH-0	0.001248968298735265	0.001248968298735265
1211	 LLH-2	0.0012518570587951709	0.0012518570587951709
1212	 LLH-4	0.001251206057516458	0.001251206057516458
1217	 LLH-5	0.0012514321003500818	0.0012514321003500818
1218	 LLH-6	0.0012501409985900603	0.0012501409985900603
1219	 LLH-6	0.0012494509075438246	0.0012494509075438246
1220	 LLH-4	0.0012494509075438246	0.0012494509075438246
1225	 LLH-3	0.0012880765185008295	0.0012494509075438246
1226	 LLH-5	0.0012500440681096944	0.0012500440681096944
1227	 LLH-5	0.0012511887448472389	0.0012500440681096944
1228	 LLH-1	0.0012500909906676214	0.0012500909906676214
1229	 LLH-3	0.001309780784562699	0.0012500909906676214
1230	 LLH-2	0.0012732819044698539	0.0012732819044698539
1231	 LLH-4	0.0012550481620157456	0.0012550481620157456
1233	 LLH-5	0.001254902957258038	0.001254902957258038
1234	 LLH-4	0.001254902957258038	0.001254902957258038
1239	 LLH-4	0.001254902957258038	0.001254902957258038
1244	 LLH-2	0.00126444432980081	0.00126444432980081
1245	 LLH-2	0.0012788509188477637	0.00126444432980081
1246	 LLH-3	0.0013535955692310757	0.00126444432980081
1247	 LLH-6	0.0012620684733195156	0.0012620684733195156
1248	 LLH-2	0.001273667376187552	0.001273667376187552
1249	 LLH-6	0.0012741065381249963	0.0012741065381249963
1250	 LLH-0	0.001275252402269428	0.001275252402269428
1251	 LLH-1	0.0012755154916271696	0.0012755154916271696
1252	 LLH-6	0.0012765901176563933	0.0012765901176563933
1253	 LLH-3	0.0013674276566433279	0.0012765901176563933
1254	 LLH-2	0.0012755050914987824	0.0012755050914987824
1255	 LLH-4	0.0012743269543780392	0.0012743269543780392
1258	 LLH-3	0.0012657408879689148	0.0012657408879689148
1259	 LLH-3	0.0012454039980958655	0.0012454039980958655
1260	 LLH-4	0.0012454039980958655	0.0012454039980958655
1265	 LLH-1	0.0012454039980958655	0.0012454039980958655
1266	 LLH-1	0.0012454039980958655	0.0012454039980958655
1267	 LLH-5	0.001245760507331034	0.001245760507331034
1268	 LLH-2	0.0012575154587667389	0.0012575154587667389
1269	 LLH-3	0.001305856022732044	0.0012575154587667389
1270	 LLH-6	0.0012581569516133917	0.0012575154587667389
1271	 LLH-3	0.0013093247938625794	0.0012575154587667389
1272	 LLH-4	0.0012567865630340148	0.0012567865630340148
1274	 LLH-3	0.0012581892596915606	0.0012581892596915606
1275	 LLH-6	0.0012584954383280179	0.0012584954383280179
1276	 LLH-2	0.001251853636978443	0.001251853636978443
1277	 LLH-5	0.0012521803086772087	0.0012521803086772087
1278	 LLH-0	0.001251548970527898	0.001251548970527898
1279	 LLH-1	0.001251548970527898	0.001251548970527898
1280	 LLH-5	0.0012518096882988936	0.0012518096882988936
1281	 LLH-0	0.001252400421000678	0.001252400421000678
1282	 LLH-6	0.0012515550035895064	0.0012515550035895064
1283	 LLH-0	0.0012521933756562806	0.0012521933756562806
1284	 LLH-0	0.001252827788661581	0.001252827788661581
1285	 LLH-5	0.0012527493845739697	0.0012527493845739697
1286	 LLH-5	0.0012526606928992753	0.0012526606928992753
1287	 LLH-5	0.0012525871520593704	0.0012525871520593704
1288	 LLH-5	0.0012524863350160127	0.0012524863350160127
1289	 LLH-4	0.0012519243129717208	0.0012519243129717208
1293	 LLH-4	0.0012510280870563755	0.0012510280870563755
1295	 LLH-5	0.0012511903914343599	0.0012511903914343599
1296	 LLH-4	0.0012503499815604347	0.0012503499815604347
1300	 LLH-6	0.0012498607736945312	0.0012498607736945312
1301	 LLH-5	0.001251073323776872	0.001251073323776872
1302	 LLH-0	0.0012517658025345663	0.001251073323776872
1303	 LLH-4	0.001251073323776872	0.001251073323776872
1308	 LLH-6	0.001248456769929594	0.001248456769929594
1309	 LLH-4	0.0012479072378465566	0.0012479072378465566
1312	 LLH-4	0.0012470848726035763	0.0012470848726035763
1317	 LLH-3	0.001297039301143017	0.0012470848726035763
1318	 LLH-3	0.0013160034617626729	0.0012470848726035763
1319	 LLH-5	0.0012480573533924844	0.0012480573533924844
1320	 LLH-5	0.0012477154515320413	0.0012477154515320413
1321	 LLH-6	0.0012476279422982748	0.0012476279422982748
1322	 LLH-2	0.0012699133001598626	0.0012476279422982748
1323	 LLH-0	0.0012470466768396045	0.0012470466768396045
1324	 LLH-5	0.0012464770246537807	0.0012464770246537807
1325	 LLH-5	0.0012467274093260576	0.0012467274093260576
1326	 LLH-1	0.0012467274093260576	0.0012467274093260576
1327	 LLH-0	0.0012474347441679364	0.0012474347441679364
1328	 LLH-1	0.0012472996221178862	0.0012472996221178862
1329	 LLH-1	0.0012472706579334347	0.0012472706579334347
1330	 LLH-0	0.0012465188911762258	0.0012465188911762258
1331	 LLH-1	0.0012465188911762258	0.0012465188911762258
1332	 LLH-1	0.0012465638720065824	0.0012465638720065824
1333	 LLH-5	0.0012465555785610327	0.0012465555785610327
1334	 LLH-3	0.0012477647715552194	0.0012477647715552194
1335	 LLH-6	0.0012473105427574164	0.0012473105427574164
1336	 LLH-6	0.0012466511747530756	0.0012466511747530756
1337	 LLH-0	0.001247283573399093	0.001247283573399093
1338	 LLH-1	0.001247361876376137	0.001247361876376137
1339	 LLH-6	0.0012479979059031527	0.0012479979059031527
1340	 LLH-2	0.0012560514468802496	0.0012560514468802496
1341	 LLH-1	0.001256113663033318	0.001256113663033318
1342	 LLH-1	0.001256227260081642	0.001256227260081642
1343	 LLH-4	0.001255400524804808	0.001255400524804808
1347	 LLH-6	0.0012562977652126929	0.0012562977652126929
1348	 LLH-2	0.0012579274747567051	0.0012579274747567051
1349	 LLH-5	0.0012573534762428356	0.0012573534762428356
1350	 LLH-0	0.0012565425973633424	0.0012565425973633424
1351	 LLH-4	0.0012565425973633424	0.0012565425973633424
1356	 LLH-6	0.001257301552704825	0.001257301552704825
1357	 LLH-3	0.0012613538395826961	0.001257301552704825
1358	 LLH-3	0.0013176712447350927	0.001257301552704825
1359	 LLH-6	0.001258115320406839	0.001257301552704825
1360	 LLH-5	0.0012588295357819665	0.0012588295357819665
1361	 LLH-0	0.0012581048108575462	0.0012581048108575462
1362	 LLH-2	0.0012695222263934018	0.0012581048108575462
1363	 LLH-3	0.001250000071504853	0.001250000071504853
1364	 LLH-3	0.0013049968162522393	0.001250000071504853
1365	 LLH-5	0.0012495878975695165	0.0012495878975695165
1366	 LLH-0	0.0012502292269126643	0.0012502292269126643
1367	 LLH-4	0.0012502292269126643	0.0012502292269126643
1372	 LLH-4	0.0012502292269126643	0.0012502292269126643
1377	 LLH-4	0.0012495734600997122	0.0012495734600997122
1379	 LLH-3	0.0012440732834110724	0.0012440732834110724
1380	 LLH-1	0.0012440732834110724	0.0012440732834110724
1381	 LLH-6	0.001244279277757246	0.001244279277757246
1382	 LLH-2	0.0012604057095153582	0.001244279277757246
1383	 LLH-5	0.0012444041781565108	0.0012444041781565108
1384	 LLH-6	0.0012448458937188713	0.0012448458937188713
1385	 LLH-2	0.001253620512104316	0.0012448458937188713
1386	 LLH-3	0.0012808052650244953	0.0012448458937188713
1387	 LLH-5	0.0012445512684753856	0.0012445512684753856
1388	 LLH-3	0.0012754511631530513	0.0012445512684753856
1389	 LLH-3	0.0012793036898539546	0.0012445512684753856
1390	 LLH-4	0.0012445512684753856	0.0012445512684753856
1395	 LLH-3	0.0012581489048143109	0.0012445512684753856
1396	 LLH-4	0.0012445512684753856	0.0012445512684753856
1401	 LLH-4	0.0012445512684753856	0.0012445512684753856
1406	 LLH-6	0.0012439186816334698	0.0012439186816334698
1407	 LLH-1	0.0012439186816334698	0.0012439186816334698
1408	 LLH-0	0.0012445235276935755	0.0012445235276935755
1409	 LLH-2	0.0012637678068272986	0.0012445235276935755
1410	 LLH-2	0.0012548178475443482	0.0012445235276935755
1411	 LLH-4	0.0012445235276935755	0.0012445235276935755
1416	 LLH-1	0.0012445235276935755	0.0012445235276935755
1417	 LLH-3	0.001278877382631838	0.0012445235276935755
1418	 LLH-1	0.0012445527022717005	0.0012445527022717005
1419	 LLH-0	0.0012450857457479265	0.0012445527022717005
1420	 LLH-0	0.0012439709003480431	0.0012439709003480431
1421	 LLH-5	0.0012438048575251152	0.0012438048575251152
1422	 LLH-2	0.0012600647791068285	0.0012438048575251152
1423	 LLH-2	0.00125542592069549	0.0012438048575251152
1424	 LLH-2	0.0012580897237793828	0.0012438048575251152
1425	 LLH-4	0.0012438048575251152	0.0012438048575251152
1430	 LLH-3	0.0012422768263021325	0.0012422768263021325
1431	 LLH-3	0.0012472524338669497	0.0012472524338669497
1432	 LLH-1	0.0012472524338669497	0.0012472524338669497
1433	 LLH-1	0.0012472524338669497	0.0012472524338669497
1434	 LLH-2	0.0012536376840180724	0.0012536376840180724
1435	 LLH-2	0.001253232155995078	0.001253232155995078
1436	 LLH-2	0.0012697901926003736	0.001253232155995078
1437	 LLH-5	0.0012528293854853962	0.0012528293854853962
1438	 LLH-3	0.0012443512449644635	0.0012443512449644635
1439	 LLH-3	0.0012427671073501326	0.0012427671073501326
1440	 LLH-0	0.001243148690846089	0.001243148690846089
1441	 LLH-1	0.001243148690846089	0.001243148690846089
1442	 LLH-5	0.0012431594097935328	0.0012431594097935328
1443	 LLH-0	0.001243563912446336	0.001243563912446336
1444	 LLH-0	0.001243968953580191	0.001243968953580191
1445	 LLH-2	0.0012561767731659327	0.001243968953580191
1446	 LLH-3	0.00126915432678418	0.001243968953580191
1447	 LLH-4	0.001243968953580191	0.001243968953580191
1452	 LLH-4	0.001243460896637644	0.001243460896637644
1454	 LLH-3	0.001279413534982797	0.001243460896637644
1455	 LLH-4	0.001243460896637644	0.001243460896637644
1460	 LLH-5	0.0012437744339257348	0.0012437744339257348
1461	 LLH-6	0.0012437432693059901	0.0012437432693059901
1462	 LLH-2	0.0012478616709146373	0.0012437432693059901
1463	 LLH-4	0.001243218862720557	0.001243218862720557
1465	 LLH-0	0.0012436492796848108	0.0012436492796848108
1466	 LLH-2	0.0012623843177558406	0.0012436492796848108
1467	 LLH-2	0.001252935797976381	0.0012436492796848108
1468	 LLH-1	0.0012436492796848108	0.0012436492796848108
1469	 LLH-4	0.0012436492796848108	0.0012436492796848108
1474	 LLH-1	0.0012436492796848108	0.0012436492796848108
1475	 LLH-1	0.0012436492796848108	0.0012436492796848108
1476	 LLH-6	0.0012434887009832268	0.0012434887009832268
1477	 LLH-5	0.0012434646620766183	0.0012434646620766183
1478	 LLH-2	0.001256165038037662	0.0012434646620766183
1479	 LLH-6	0.0012445685496172507	0.0012434646620766183
1480	 LLH-4	0.0012429780934937746	0.0012429780934937746
1485	 LLH-1	0.0012429780934937746	0.0012429780934937746
1486	 LLH-3	0.0012487375996638166	0.0012487375996638166
1487	 LLH-0	0.0012492207011600746	0.0012487375996638166
1488	 LLH-4	0.0012487375996638166	0.0012487375996638166
1493	 LLH-4	0.0012487375996638166	0.0012487375996638166
1498	 LLH-3	0.0012656773466075007	0.0012487375996638166
1499	 LLH-0	0.001249126281109418	0.0012487375996638166
1500	 LLH-6	0.0012488692670483384	0.0012488692670483384
1501	 LLH-3	0.0012568340193734647	0.0012488692670483384
1502	 LLH-1	0.0012488692670483384	0.0012488692670483384
1503	 LLH-6	0.0012486959698652452	0.0012486959698652452
1504	 LLH-5	0.001248495699635323	0.001248495699635323
1505	 LLH-1	0.001248475953021259	0.001248475953021259
1506	 LLH-6	0.0012481123887922666	0.0012481123887922666
1507	 LLH-1	0.0012481123887922666	0.0012481123887922666
1508	 LLH-2	0.001256462390399853	0.0012481123887922666
1509	 LLH-4	0.0012481123887922666	0.0012481123887922666
1514	 LLH-5	0.0012479014543097715	0.0012479014543097715
1515	 LLH-1	0.0012479014543097715	0.0012479014543097715
1516	 LLH-3	0.0012440267574811345	0.0012440267574811345
1517	 LLH-5	0.0012447092411963408	0.0012447092411963408
1518	 LLH-2	0.0012431613830151482	0.0012431613830151482
1519	 LLH-5	0.0012435752631369966	0.0012431613830151482
1520	 LLH-5	0.0012435630694977537	0.0012435630694977537
1521	 LLH-6	0.001244061149163904	0.001244061149163904
1522	 LLH-4	0.001244061149163904	0.001244061149163904
1527	 LLH-6	0.0012439959540828049	0.0012439959540828049
1528	 LLH-4	0.0012433637323580576	0.0012433637323580576
1533	 LLH-4	0.0012433637323580576	0.0012433637323580576
1538	 LLH-1	0.0012433637323580576	0.0012433637323580576
1539	 LLH-1	0.0012433637323580576	0.0012433637323580576
1540	 LLH-2	0.001253379929171957	0.0012433637323580576
1541	 LLH-5	0.0012438974530696665	0.0012433637323580576
1542	 LLH-4	0.0012433637323580576	0.0012433637323580576
1547	 LLH-3	0.0012896663352653332	0.0012433637323580576
1548	 LLH-4	0.0012433637323580576	0.0012433637323580576
1553	 LLH-6	0.0012433537685958606	0.0012433537685958606
1554	 LLH-4	0.0012433537685958606	0.0012433537685958606
1559	 LLH-4	0.0012433537685958606	0.0012433537685958606
1564	 LLH-1	0.0012433537685958606	0.0012433537685958606
1565	 LLH-4	0.0012433537685958606	0.0012433537685958606
1570	 LLH-4	0.0012433537685958606	0.0012433537685958606
1575	 LLH-3	0.0012835081627077449	0.0012433537685958606
1576	 LLH-6	0.0012438609531006117	0.0012438609531006117
1577	 LLH-0	0.001244574549927366	0.001244574549927366
1578	 LLH-6	0.0012444910847041418	0.0012444910847041418
1579	 LLH-6	0.001244549365101575	0.001244549365101575
1580	 LLH-5	0.001244573156269355	0.001244573156269355
1581	 LLH-4	0.0012441098600767626	0.0012441098600767626
1586	 LLH-4	0.0012441098600767626	0.0012441098600767626
1591	 LLH-3	0.0012886329267504566	0.0012441098600767626
1592	 LLH-2	0.0012562861820530655	0.0012441098600767626
1593	 LLH-0	0.0012445541611844268	0.0012445541611844268
1594	 LLH-1	0.0012445541611844268	0.0012445541611844268
1595	 LLH-1	0.0012445541611844268	0.0012445541611844268
1596	 LLH-1	0.001244534047166468	0.001244534047166468
1597	 LLH-4	0.001244534047166468	0.001244534047166468
1602	 LLH-5	0.0012447199534818217	0.0012447199534818217
1603	 LLH-5	0.0012443122414587003	0.0012443122414587003
1604	 LLH-5	0.0012447752435120556	0.0012447752435120556
1605	 LLH-0	0.0012452699773185475	0.0012452699773185475
1606	 LLH-1	0.0012452699773185475	0.0012452699773185475
1607	 LLH-6	0.0012444879611241415	0.0012444879611241415
1608	 LLH-1	0.001244518065425684	0.001244518065425684
1609	 LLH-4	0.0012440892899976796	0.0012440892899976796
1611	 LLH-0	0.0012446685865739483	0.0012446685865739483
1612	 LLH-2	0.0012493621815265266	0.0012446685865739483
1613	 LLH-2	0.001259413443602699	0.0012446685865739483
1614	 LLH-6	0.0012450012759332187	0.0012450012759332187
1615	 LLH-5	0.0012443313672570694	0.0012443313672570694
1616	 LLH-3	0.001290410675454894	0.0012443313672570694
1617	 LLH-0	0.001244845026137118	0.0012443313672570694
1618	 LLH-4	0.0012443313672570694	0.0012443313672570694
1623	 LLH-0	0.0012447977850846676	0.0012447977850846676
1624	 LLH-1	0.0012447977850846676	0.0012447977850846676
1625	 LLH-6	0.0012448380117638937	0.0012448380117638937
1626	 LLH-1	0.0012448380117638937	0.0012448380117638937
1627	 LLH-4	0.001243970489856005	0.001243970489856005
1632	 LLH-6	0.0012438298025985312	0.0012438298025985312
1633	 LLH-5	0.0012437643376350003	0.0012437643376350003
1634	 LLH-3	0.0012762519534727764	0.0012437643376350003
1635	 LLH-3	0.0012451174630948513	0.0012451174630948513
1636	 LLH-4	0.0012451174630948513	0.0012451174630948513
1641	 LLH-2	0.0012615183263108979	0.0012451174630948513
1642	 LLH-3	0.001292612499774245	0.0012451174630948513
1643	 LLH-0	0.0012455322173473712	0.0012455322173473712
1644	 LLH-4	0.0012448838987127433	0.0012448838987127433
1646	 LLH-0	0.0012454135218797062	0.0012454135218797062
1647	 LLH-2	0.0012557905109099627	0.0012454135218797062
1648	 LLH-2	0.0012548258225393444	0.0012454135218797062
1649	 LLH-4	0.0012449920190716352	0.0012449920190716352
1653	 LLH-4	0.001244311491116703	0.001244311491116703
1657	 LLH-1	0.001244311491116703	0.001244311491116703
1658	 LLH-4	0.0012438685015294638	0.0012438685015294638
1662	 LLH-6	0.0012437583906486302	0.0012437583906486302
1663	 LLH-4	0.0012433750555653714	0.0012433750555653714
1666	 LLH-4	0.0012433750555653714	0.0012433750555653714
1671	 LLH-3	0.0012509201118927563	0.0012433750555653714
1672	 LLH-4	0.0012433750555653714	0.0012433750555653714
1677	 LLH-1	0.0012433750555653714	0.0012433750555653714
1678	 LLH-3	0.0012805973407200542	0.0012433750555653714
1679	 LLH-5	0.001243346477956622	0.001243346477956622
1680	 LLH-1	0.001243346477956622	0.001243346477956622
1681	 LLH-3	0.0012483374590234915	0.001243346477956622
1682	 LLH-5	0.001242934601602042	0.001242934601602042
1683	 LLH-4	0.001242934601602042	0.001242934601602042
1688	 LLH-2	0.0012498038847394304	0.001242934601602042
1689	 LLH-3	0.001290985329664648	0.001242934601602042
1690	 LLH-4	0.001242934601602042	0.001242934601602042
1695	 LLH-6	0.001243249875834274	0.001243249875834274
1696	 LLH-3	0.001247072832395064	0.001243249875834274
1697	 LLH-3	0.0012454668112819684	0.0012454668112819684
1698	 LLH-0	0.0012458548478908402	0.0012458548478908402
1699	 LLH-4	0.0012458548478908402	0.0012458548478908402
1704	 LLH-5	0.0012459312637242764	0.0012459312637242764
1705	 LLH-5	0.0012460006082675966	0.0012460006082675966
1706	 LLH-3	0.0012682222551340717	0.0012460006082675966
1707	 LLH-6	0.0012461690561033686	0.0012461690561033686
1708	 LLH-1	0.0012461690561033686	0.0012461690561033686
1709	 LLH-0	0.0012465577044254725	0.0012465577044254725
1710	 LLH-2	0.0012571601268761758	0.0012465577044254725
1711	 LLH-0	0.001247216560679553	0.001247216560679553
1712	 LLH-2	0.0012547220694836597	0.001247216560679553
1713	 LLH-1	0.001247216560679553	0.001247216560679553
1714	 LLH-1	0.001247216560679553	0.001247216560679553
1715	 LLH-2	0.0012512327206016757	0.001247216560679553
1716	 LLH-2	0.0012529472103167503	0.0012529472103167503
1717	 LLH-5	0.0012527272225139757	0.0012527272225139757
1718	 LLH-4	0.0012527272225139757	0.0012527272225139757
1723	 LLH-6	0.001253409375636657	0.001253409375636657
1724	 LLH-3	0.0012917431655688665	0.001253409375636657
1725	 LLH-2	0.001249286397296437	0.001249286397296437
1726	 LLH-4	0.001249286397296437	0.001249286397296437
1731	 LLH-5	0.0012492143798437422	0.0012492143798437422
1732	 LLH-0	0.001249873829956716	0.001249873829956716
1733	 LLH-2	0.0012664803018916904	0.001249873829956716
1734	 LLH-2	0.00126201478448027	0.001249873829956716
1735	 LLH-4	0.001249297540865164	0.001249297540865164
1740	 LLH-0	0.0012486494671901946	0.0012486494671901946
1741	 LLH-5	0.0012490324007988062	0.0012486494671901946
1742	 LLH-0	0.0012481303124771397	0.0012481303124771397
1743	 LLH-5	0.0012474458414887407	0.0012474458414887407
1744	 LLH-6	0.0012466546881752826	0.0012466546881752826
1745	 LLH-3	0.0012843345318230886	0.0012466546881752826
1746	 LLH-1	0.0012466546881752826	0.0012466546881752826
1747	 LLH-2	0.0012508168801630096	0.0012466546881752826
1748	 LLH-6	0.0012462077107508213	0.0012462077107508213
1749	 LLH-2	0.0012535446928250416	0.0012462077107508213
1750	 LLH-2	0.001257675293769865	0.0012462077107508213
1751	 LLH-1	0.0012462077107508213	0.0012462077107508213
1752	 LLH-2	0.0012549092925619087	0.0012462077107508213
1753	 LLH-4	0.0012462077107508213	0.0012462077107508213
1758	 LLH-3	0.0012767312595498975	0.0012462077107508213
1759	 LLH-1	0.0012465385399943636	0.0012465385399943636
1760	 LLH-2	0.0012537601433664802	0.0012465385399943636
1761	 LLH-3	0.0012585976655076726	0.0012465385399943636
1762	 LLH-0	0.0012457596863137271	0.0012457596863137271
1763	 LLH-5	0.001245469891215218	0.001245469891215218
1764	 LLH-1	0.001245469891215218	0.001245469891215218
1765	 LLH-3	0.0012518525437366422	0.001245469891215218
1766	 LLH-5	0.0012461827982904426	0.001245469891215218
1767	 LLH-3	0.0012560387843469265	0.001245469891215218
1768	 LLH-5	0.0012449600763689193	0.0012449600763689193
1769	 LLH-3	0.001305256235994195	0.0012449600763689193
1770	 LLH-6	0.001245383232035299	0.001245383232035299
1771	 LLH-2	0.0012634993503234159	0.001245383232035299
1772	 LLH-4	0.0012447438715700954	0.0012447438715700954
1775	 LLH-6	0.001243953772619384	0.001243953772619384
1776	 LLH-1	0.001243953772619384	0.001243953772619384
1777	 LLH-6	0.0012444070225401686	0.0012444070225401686
1778	 LLH-2	0.0012476933937189184	0.0012444070225401686
1779	 LLH-5	0.0012440863649207461	0.0012440863649207461
1780	 LLH-1	0.0012440863649207461	0.0012440863649207461
1781	 LLH-5	0.0012436912142181724	0.0012436912142181724
1782	 LLH-0	0.0012443799320616762	0.0012436912142181724
1783	 LLH-3	0.0012995167514221059	0.0012436912142181724
1784	 LLH-3	0.0012546323442014949	0.0012436912142181724
1785	 LLH-2	0.001263085140351377	0.0012436912142181724
1786	 LLH-1	0.0012436912142181724	0.0012436912142181724
1787	 LLH-1	0.0012436912142181724	0.0012436912142181724
1788	 LLH-5	0.0012438301494806486	0.0012438301494806486
1789	 LLH-6	0.001244494099180035	0.0012438301494806486
1790	 LLH-6	0.0012434581169147774	0.0012434581169147774
1791	 LLH-5	0.0012431807229122027	0.0012431807229122027
1792	 LLH-2	0.0012553861272954045	0.0012431807229122027
1793	 LLH-3	0.0012522276529595563	0.0012431807229122027
1794	 LLH-0	0.001259189126313741	0.0012431807229122027
1795	 LLH-0	0.001243668030162041	0.001243668030162041
1796	 LLH-6	0.0012442061358409876	0.001243668030162041
1797	 LLH-6	0.0012440746348245403	0.001243668030162041
1798	 LLH-0	0.0012430025752391504	0.0012430025752391504
1799	 LLH-5	0.0012429456254982058	0.0012429456254982058
1800	 LLH-3	0.0012876463793129996	0.0012429456254982058
1801	 LLH-5	0.0012444717230765314	0.0012444717230765314
1802	 LLH-1	0.0012444717230765314	0.0012444717230765314
1803	 LLH-2	0.001252334916213068	0.0012444717230765314
1804	 LLH-2	0.0012492487272859607	0.0012444717230765314
1805	 LLH-2	0.0012534633713657346	0.0012444717230765314
1806	 LLH-6	0.0012446968569286008	0.0012444717230765314
1807	 LLH-2	0.0012547450411645328	0.0012444717230765314
1808	 LLH-0	0.0012449941676645523	0.0012444717230765314
1809	 LLH-6	0.001244545868033601	0.001244545868033601
1810	 LLH-4	0.001244545868033601	0.001244545868033601
1815	 LLH-1	0.001244545868033601	0.001244545868033601
1816	 LLH-4	0.001244545868033601	0.001244545868033601
1821	 LLH-4	0.001244545868033601	0.001244545868033601
1826	 LLH-3	0.0013004608763269383	0.001244545868033601
1827	 LLH-6	0.0012445761572360593	0.0012445761572360593
1828	 LLH-3	0.001252715865215964	0.0012445761572360593
1829	 LLH-2	0.0012505544486883392	0.0012445761572360593
1830	 LLH-3	0.00127628496262728	0.0012445761572360593
1831	 LLH-5	0.0012446304867112076	0.0012446304867112076
1832	 LLH-5	0.0012445704480696274	0.0012445704480696274
1833	 LLH-2	0.0012521004486859603	0.0012445704480696274
1834	 LLH-1	0.0012446786437148882	0.0012446786437148882
1835	 LLH-6	0.0012450279280030899	0.0012450279280030899
1836	 LLH-6	0.001245356241323594	0.001245356241323594
1837	 LLH-6	0.0012465754290353992	0.001245356241323594
1838	 LLH-1	0.001245356241323594	0.001245356241323594
1839	 LLH-5	0.0012457733687983338	0.0012457733687983338
1840	 LLH-0	0.0012620960581568716	0.0012457733687983338
1841	 LLH-0	0.0012619495953857468	0.0012457733687983338
1842	 LLH-5	0.001246273251036667	0.001246273251036667
1843	 LLH-3	0.001249640445084196	0.001246273251036667
1844	 LLH-4	0.001246273251036667	0.001246273251036667
1849	 LLH-3	0.0012930800076422055	0.001246273251036667
1850	 LLH-5	0.001246793829565733	0.001246793829565733
1851	 LLH-1	0.001247155582742137	0.001247155582742137
1852	 LLH-5	0.00124705459210599	0.00124705459210599
1853	 LLH-4	0.00124705459210599	0.00124705459210599
1858	 LLH-3	0.0012564307529549902	0.00124705459210599
1859	 LLH-0	0.0012478551744685136	0.0012478551744685136
1860	 LLH-6	0.001247331322103196	0.001247331322103196
1861	 LLH-3	0.0012997171517548638	0.001247331322103196
1862	 LLH-4	0.001247331322103196	0.001247331322103196
1867	 LLH-6	0.0012466582231624515	0.0012466582231624515
1868	 LLH-0	0.0012474775098990506	0.0012466582231624515
1869	 LLH-2	0.001254425938426926	0.0012466582231624515
1870	 LLH-4	0.001245994975918288	0.001245994975918288
1872	 LLH-0	0.0012621885106370164	0.001245994975918288
1873	 LLH-1	0.001245994975918288	0.001245994975918288
1874	 LLH-0	0.0012464910754018184	0.001245994975918288
1875	 LLH-5	0.0012461915649661468	0.0012461915649661468
1876	 LLH-4	0.0012461915649661468	0.0012461915649661468
1881	 LLH-1	0.0012461915649661468	0.0012461915649661468
1882	 LLH-0	0.0012467059008510583	0.0012467059008510583
1883	 LLH-3	0.0012940721527144885	0.0012467059008510583
1884	 LLH-6	0.001246070228758997	0.001246070228758997
1885	 LLH-3	0.0012567957128531706	0.001246070228758997
1886	 LLH-4	0.0012455667215910359	0.0012455667215910359
1890	 LLH-3	0.0012923617903836649	0.0012455667215910359
1891	 LLH-4	0.0012455667215910359	0.0012455667215910359
1896	 LLH-4	0.0012455667215910359	0.0012455667215910359
1901	 LLH-6	0.0012455116920649229	0.0012455116920649229
1902	 LLH-0	0.0012461365149094164	0.0012461365149094164
1903	 LLH-2	0.0012588716372422145	0.0012461365149094164
1904	 LLH-2	0.0012664444862250197	0.0012461365149094164
1905	 LLH-0	0.0012453872169532452	0.0012453872169532452
1906	 LLH-4	0.0012453872169532452	0.0012453872169532452
1911	 LLH-2	0.0012566480874673925	0.0012453872169532452
1912	 LLH-4	0.0012453872169532452	0.0012453872169532452
1917	 LLH-5	0.0012448600091214998	0.0012448600091214998
1918	 LLH-5	0.0012443059257956598	0.0012443059257956598
1919	 LLH-6	0.0012440030629232094	0.0012440030629232094
1920	 LLH-0	0.0012447778583936614	0.0012440030629232094
1921	 LLH-6	0.0012442535056746017	0.0012442535056746017
1922	 LLH-6	0.0012439974188281375	0.0012439974188281375
1923	 LLH-0	0.0012444504630158477	0.0012444504630158477
1924	 LLH-0	0.0012451230899484349	0.0012444504630158477
1925	 LLH-6	0.0012441686571180572	0.0012441686571180572
1926	 LLH-5	0.0012449669260958594	0.0012449669260958594
1927	 LLH-0	0.0012443778337233725	0.0012443778337233725
1928	 LLH-3	0.0012994318344282366	0.0012443778337233725
1929	 LLH-6	0.0012458209615632636	0.0012443778337233725
1930	 LLH-2	0.0012504169548686944	0.0012443778337233725
1931	 LLH-1	0.0012443778337233725	0.0012443778337233725
1932	 LLH-3	0.001254308406101452	0.0012443778337233725
1933	 LLH-1	0.0012443778337233725	0.0012443778337233725
1934	 LLH-1	0.0012443778337233725	0.0012443778337233725
1935	 LLH-3	0.0012815094816739261	0.0012443778337233725
1936	 LLH-1	0.0012443778337233725	0.0012443778337233725
1937	 LLH-3	0.001295189026582201	0.0012443778337233725
1938	 LLH-1	0.0012442245128119693	0.0012442245128119693
1939	 LLH-3	0.0012426006519074488	0.0012426006519074488
1940	 LLH-6	0.0012432681066096836	0.0012432681066096836
1941	 LLH-6	0.001242862783524636	0.001242862783524636
1942	 LLH-6	0.0012432426231560652	0.0012432426231560652
1943	 LLH-1	0.0012432445703602047	0.0012432445703602047
1944	 LLH-3	0.0012813870453512362	0.0012432445703602047
1945	 LLH-3	0.0012563311417255613	0.0012432445703602047
1946	 LLH-2	0.0012502724198827156	0.0012432445703602047
1947	 LLH-0	0.001244037151328835	0.001244037151328835
1948	 LLH-2	0.0012529984244824383	0.001244037151328835
1949	 LLH-4	0.001244037151328835	0.001244037151328835
1954	 LLH-0	0.0012446638036085074	0.0012446638036085074
1955	 LLH-4	0.001244079146042784	0.001244079146042784
1959	 LLH-3	0.0012918326129293524	0.001244079146042784
1960	 LLH-3	0.0012884339027764188	0.001244079146042784
1961	 LLH-3	0.0012456101580709908	0.001244079146042784
1962	 LLH-6	0.0012439066489897677	0.0012439066489897677
1963	 LLH-5	0.0012426890808251883	0.0012426890808251883
1964	 LLH-4	0.0012426890808251883	0.0012426890808251883
1969	 LLH-2	0.001247061892062762	0.0012426890808251883
1970	 LLH-1	0.0012426890808251883	0.0012426890808251883
1971	 LLH-2	0.001252448762150311	0.0012426890808251883
1972	 LLH-1	0.0012426890808251883	0.0012426890808251883
1973	 LLH-4	0.0012426890808251883	0.0012426890808251883
1978	 LLH-1	0.001242834476155565	0.001242834476155565
1979	 LLH-5	0.0012433482006757137	0.0012433482006757137
1980	 LLH-5	0.001243050231341015	0.001243050231341015
1981	 LLH-4	0.0012425162945522417	0.0012425162945522417
1985	 LLH-6	0.0012425924684766427	0.0012425924684766427
1986	 LLH-2	0.001247851492702227	0.0012425924684766427
1987	 LLH-0	0.0012433231677031573	0.0012425924684766427
1988	 LLH-6	0.0012426949019034002	0.0012426949019034002
1989	 LLH-1	0.0012425278753018063	0.0012425278753018063
1990	 LLH-0	0.0012429727691146899	0.0012425278753018063
1991	 LLH-2	0.001252697522081857	0.0012425278753018063
1992	 LLH-2	0.0012575407854600058	0.0012425278753018063
1993	 LLH-4	0.0012425278753018063	0.0012425278753018063
1998	 LLH-6	0.0012424000691993035	0.0012424000691993035
1999	 LLH-0	0.0012429994293663908	0.0012424000691993035
GRID-Start
0.0	0.0
0.0	308.0385
0.0	616.077
0.0	924.1155
0.0	1232.154
0.0	1540.1925
0.0	1848.2310000000002
0.0	2156.2695000000003
0.0	2464.3080000000004
0.0	2772.3465000000006
0.0	3080.3850000000007
0.0	3388.423500000001
0.0	3696.462000000001
0.0	4004.500500000001
0.0	4312.539000000001
0.0	4620.5775
0.0	4928.616
0.0	5236.6545
0.0	5544.692999999999
0.0	5852.731499999999
0.0	6160.769999999999
0.0	6468.808499999998
308.0385	0.0
308.0385	308.0385
308.0385	616.077
308.0385	924.1155
308.0385	1232.154
308.0385	1540.1925
308.0385	1848.2310000000002
308.0385	2156.2695000000003
308.0385	2464.3080000000004
308.0385	2772.3465000000006
308.0385	3080.3850000000007
308.0385	3388.423500000001
308.0385	3696.462000000001
308.0385	4004.500500000001
308.0385	4312.539000000001
308.0385	4620.5775
308.0385	4928.616
308.0385	5236.6545
308.0385	5544.692999999999
308.0385	5852.731499999999
308.0385	6160.769999999999
308.0385	6468.808499999998
616.077	0.0
616.077	308.0385
616.077	616.077
616.077	924.1155
616.077	1232.154
616.077	1540.1925
616.077	1848.2310000000002
616.077	2156.2695000000003
616.077	2464.3080000000004
616.077	2772.3465000000006
616.077	3080.3850000000007
616.077	3388.423500000001
616.077	3696.462000000001
616.077	4004.500500000001
616.077	4312.539000000001
616.077	4620.5775
616.077	4928.616
616.077	5236.6545
616.077	5544.692999999999
616.077	5852.731499999999
616.077	6160.769999999999
616.077	6468.808499999998
924.1155	0.0
924.1155	308.0385
924.1155	616.077
924.1155	924.1155
924.1155	1232.154
924.1155	1540.1925
924.1155	1848.2310000000002
924.1155	2156.2695000000003
924.1155	2464.3080000000004
924.1155	2772.3465000000006
924.1155	3080.3850000000007
924.1155	3388.423500000001
924.1155	3696.462000000001
924.1155	4004.500500000001
924.1155	4312.539000000001
924.1155	4620.5775
924.1155	4928.616
924.1155	5236.6545
924.1155	5544.692999999999
924.1155	5852.731499999999
924.1155	6160.769999999999
924.1155	6468.808499999998
1232.154	0.0
1232.154	308.0385
1232.154	616.077
1232.154	924.1155
1232.154	1232.154
1232.154	1540.1925
1232.154	1848.2310000000002
1232.154	2156.2695000000003
1232.154	2464.3080000000004
1232.154	2772.3465000000006
1232.154	3080.3850000000007
1232.154	4620.5775
1232.154	4928.616
1232.154	5236.6545
1232.154	5544.692999999999
1232.154	5852.731499999999
1232.154	6160.769999999999
1232.154	6468.808499999998
1540.1925	0.0
1540.1925	308.0385
1540.1925	616.077
1540.1925	924.1155
1540.1925	1232.154
1540.1925	1540.1925
1540.1925	1848.2310000000002
1540.1925	2156.2695000000003
1540.1925	2464.3080000000004
1540.1925	2772.3465000000006
1540.1925	3080.3850000000007
1540.1925	4620.5775
1540.1925	4928.616
1540.1925	5236.6545
1540.1925	5544.692999999999
1540.1925	5852.731499999999
1540.1925	6160.769999999999
1540.1925	6468.808499999998
1848.2310000000002	0.0
1848.2310000000002	308.0385
1848.2310000000002	616.077
1848.2310000000002	924.1155
1848.2310000000002	1232.154
1848.2310000000002	1540.1925
1848.2310000000002	1848.2310000000002
1848.2310000000002	2156.2695000000003
1848.2310000000002	2464.3080000000004
1848.2310000000002	2772.3465000000006
1848.2310000000002	3080.3850000000007
1848.2310000000002	4620.5775
1848.2310000000002	4928.616
1848.2310000000002	5236.6545
1848.2310000000002	5544.692999999999
1848.2310000000002	5852.731499999999
1848.2310000000002	6160.769999999999
1848.2310000000002	6468.808499999998
2156.2695000000003	0.0
2156.2695000000003	308.0385
2156.2695000000003	616.077
2156.2695000000003	924.1155
2156.2695000000003	1232.154
2156.2695000000003	1540.1925
2156.2695000000003	1848.2310000000002
2156.2695000000003	2156.2695000000003
2156.2695000000003	2464.3080000000004
2156.2695000000003	2772.3465000000006
2156.2695000000003	3080.3850000000007
2156.2695000000003	4620.5775
2156.2695000000003	4928.616
2156.2695000000003	5236.6545
2156.2695000000003	5544.692999999999
2156.2695000000003	5852.731499999999
2156.2695000000003	6160.769999999999
2156.2695000000003	6468.808499999998
2464.3080000000004	0.0
2464.3080000000004	2464.3080000000004
2464.3080000000004	2772.3465000000006
2464.3080000000004	3080.3850000000007
2464.3080000000004	3388.423500000001
2464.3080000000004	3696.462000000001
2464.3080000000004	4004.500500000001
2464.3080000000004	4312.539000000001
2464.3080000000004	4620.5775
2464.3080000000004	4928.616
2464.3080000000004	5236.6545
2464.3080000000004	5544.692999999999
2464.3080000000004	5852.731499999999
2464.3080000000004	6160.769999999999
2464.3080000000004	6468.808499999998
2772.3465000000006	0.0
2772.3465000000006	2464.3080000000004
2772.3465000000006	2772.3465000000006
2772.3465000000006	3080.3850000000007
2772.3465000000006	3388.423500000001
2772.3465000000006	3696.462000000001
2772.3465000000006	4004.500500000001
2772.3465000000006	4312.539000000001
2772.3465000000006	4620.5775
2772.3465000000006	4928.616
2772.3465000000006	5236.6545
2772.3465000000006	5544.692999999999
2772.3465000000006	5852.731499999999
2772.3465000000006	6160.769999999999
2772.3465000000006	6468.808499999998
3080.3850000000007	0.0
3080.3850000000007	2464.3080000000004
3080.3850000000007	2772.3465000000006
3080.3850000000007	3080.3850000000007
3080.3850000000007	3388.423500000001
3080.3850000000007	3696.462000000001
3080.3850000000007	4004.500500000001
3080.3850000000007	4312.539000000001
3080.3850000000007	4620.5775
3080.3850000000007	4928.616
3080.3850000000007	5236.6545
3080.3850000000007	5544.692999999999
3080.3850000000007	5852.731499999999
3080.3850000000007	6160.769999999999
3080.3850000000007	6468.808499999998
3388.423500000001	0.0
3388.423500000001	2464.3080000000004
3388.423500000001	2772.3465000000006
3388.423500000001	3080.3850000000007
3388.423500000001	3388.423500000001
3388.423500000001	3696.462000000001
3388.423500000001	4004.500500000001
3388.423500000001	4312.539000000001
3388.423500000001	4620.5775
3388.423500000001	4928.616
3388.423500000001	5236.6545
3388.423500000001	5544.692999999999
3388.423500000001	5852.731499999999
3388.423500000001	6160.769999999999
3388.423500000001	6468.808499999998
3696.462000000001	0.0
3696.462000000001	308.0385
3696.462000000001	616.077
3696.462000000001	924.1155
3696.462000000001	1232.154
3696.462000000001	1540.1925
3696.462000000001	1848.2310000000002
3696.462000000001	2156.2695000000003
3696.462000000001	3388.423500000001
3696.462000000001	3696.462000000001
3696.462000000001	4004.500500000001
3696.462000000001	4312.539000000001
3696.462000000001	4620.5775
3696.462000000001	4928.616
3696.462000000001	5236.6545
3696.462000000001	5544.692999999999
3696.462000000001	5852.731499999999
3696.462000000001	6160.769999999999
3696.462000000001	6468.808499999998
4004.500500000001	0.0
4004.500500000001	308.0385
4004.500500000001	616.077
4004.500500000001	924.1155
4004.500500000001	1232.154
4004.500500000001	1540.1925
4004.500500000001	1848.2310000000002
4004.500500000001	2156.2695000000003
4004.500500000001	3388.423500000001
4004.500500000001	3696.462000000001
4004.500500000001	4004.500500000001
4004.500500000001	4312.539000000001
4004.500500000001	4620.5775
4004.500500000001	4928.616
4004.500500000001	5236.6545
4004.500500000001	5544.692999999999
4004.500500000001	5852.731499999999
4004.500500000001	6160.769999999999
4004.500500000001	6468.808499999998
4312.539000000001	0.0
4312.539000000001	308.0385
4312.539000000001	616.077
4312.539000000001	924.1155
4312.539000000001	1232.154
4312.539000000001	1540.1925
4312.539000000001	1848.2310000000002
4312.539000000001	2156.2695000000003
4312.539000000001	3388.423500000001
4312.539000000001	3696.462000000001
4312.539000000001	4004.500500000001
4312.539000000001	4312.539000000001
4312.539000000001	4620.5775
4312.539000000001	4928.616
4312.539000000001	5236.6545
4312.539000000001	5544.692999999999
4312.539000000001	5852.731499999999
4312.539000000001	6160.769999999999
4312.539000000001	6468.808499999998
4620.5775	0.0
4620.5775	308.0385
4620.5775	616.077
4620.5775	924.1155
4620.5775	1232.154
4620.5775	1540.1925
4620.5775	1848.2310000000002
4620.5775	2156.2695000000003
4620.5775	2464.3080000000004
4620.5775	2772.3465000000006
4620.5775	3080.3850000000007
4620.5775	3388.423500000001
4620.5775	3696.462000000001
4620.5775	4004.500500000001
4620.5775	4312.539000000001
4620.5775	4620.5775
4620.5775	4928.616
4620.5775	5236.6545
4620.5775	5544.692999999999
4620.5775	5852.731499999999
4620.5775	6160.769999999999
4620.5775	6468.808499999998
4928.616	0.0
4928.616	308.0385
4928.616	616.077
4928.616	924.1155
4928.616	1232.154
4928.616	1540.1925
4928.616	1848.2310000000002
4928.616	2156.2695000000003
4928.616	2464.3080000000004
4928.616	2772.3465000000006
4928.616	3080.3850000000007
4928.616	3388.423500000001
4928.616	3696.462000000001
4928.616	4004.500500000001
4928.616	4312.539000000001
4928.616	4620.5775
4928.616	4928.616
4928.616	5236.6545
4928.616	5544.692999999999
4928.616	5852.731499999999
4928.616	6160.769999999999
4928.616	6468.808499999998
5236.6545	0.0
5236.6545	308.0385
5236.6545	616.077
5236.6545	924.1155
5236.6545	1232.154
5236.6545	1540.1925
5236.6545	1848.2310000000002
5236.6545	2156.2695000000003
5236.6545	2464.3080000000004
5236.6545	2772.3465000000006
5236.6545	3080.3850000000007
5236.6545	3388.423500000001
5236.6545	3696.462000000001
5236.6545	4004.500500000001
5236.6545	4312.539000000001
5236.6545	4620.5775
5236.6545	4928.616
5236.6545	5236.6545
5236.6545	5544.692999999999
5236.6545	5852.731499999999
5236.6545	6160.769999999999
5236.6545	6468.808499999998
5544.692999999999	0.0
5544.692999999999	308.0385
5544.692999999999	616.077
5544.692999999999	924.1155
5544.692999999999	1232.154
5544.692999999999	1540.1925
5544.692999999999	1848.2310000000002
5544.692999999999	2156.2695000000003
5544.692999999999	2464.3080000000004
5544.692999999999	2772.3465000000006
5544.692999999999	3080.3850000000007
5544.692999999999	3388.423500000001
5544.692999999999	3696.462000000001
5544.692999999999	4004.500500000001
5544.692999999999	4312.539000000001
5544.692999999999	4620.5775
5544.692999999999	4928.616
5544.692999999999	5236.6545
5544.692999999999	5544.692999999999
5544.692999999999	5852.731499999999
5544.692999999999	6160.769999999999
5544.692999999999	6468.808499999998
5852.731499999999	0.0
5852.731499999999	308.0385
5852.731499999999	616.077
5852.731499999999	924.1155
5852.731499999999	1232.154
5852.731499999999	1540.1925
5852.731499999999	1848.2310000000002
5852.731499999999	2156.2695000000003
5852.731499999999	2464.3080000000004
5852.731499999999	2772.3465000000006
5852.731499999999	3080.3850000000007
5852.731499999999	3388.423500000001
5852.731499999999	3696.462000000001
5852.731499999999	4004.500500000001
5852.731499999999	4312.539000000001
5852.731499999999	4620.5775
5852.731499999999	4928.616
5852.731499999999	5236.6545
5852.731499999999	5544.692999999999
5852.731499999999	5852.731499999999
5852.731499999999	6160.769999999999
5852.731499999999	6468.808499999998
6160.769999999999	0.0
6160.769999999999	308.0385
6160.769999999999	616.077
6160.769999999999	924.1155
6160.769999999999	1232.154
6160.769999999999	1540.1925
6160.769999999999	1848.2310000000002
6160.769999999999	2156.2695000000003
6160.769999999999	2464.3080000000004
6160.769999999999	2772.3465000000006
6160.769999999999	3080.3850000000007
6160.769999999999	3388.423500000001
6160.769999999999	3696.462000000001
6160.769999999999	4004.500500000001
6160.769999999999	4312.539000000001
6160.769999999999	4620.5775
6160.769999999999	4928.616
6160.769999999999	5236.6545
6160.769999999999	5544.692999999999
6160.769999999999	5852.731499999999
6160.769999999999	6160.769999999999
6160.769999999999	6468.808499999998
6468.808499999998	0.0
6468.808499999998	308.0385
6468.808499999998	616.077
6468.808499999998	924.1155
6468.808499999998	1232.154
6468.808499999998	1540.1925
6468.808499999998	1848.2310000000002
6468.808499999998	2156.2695000000003
6468.808499999998	2464.3080000000004
6468.808499999998	2772.3465000000006
6468.808499999998	3080.3850000000007
6468.808499999998	3388.423500000001
6468.808499999998	3696.462000000001
6468.808499999998	4004.500500000001
6468.808499999998	4312.539000000001
6468.808499999998	4620.5775
6468.808499999998	4928.616
6468.808499999998	5236.6545
6468.808499999998	5544.692999999999
6468.808499999998	5852.731499999999
6468.808499999998	6160.769999999999
6468.808499999998	6468.808499999998
6776.846999999998	0.0
6776.846999999998	308.0385
6776.846999999998	616.077
6776.846999999998	924.1155
6776.846999999998	1232.154
6776.846999999998	1540.1925
6776.846999999998	1848.2310000000002
6776.846999999998	2156.2695000000003
6776.846999999998	2464.3080000000004
6776.846999999998	2772.3465000000006
6776.846999999998	3080.3850000000007
6776.846999999998	3388.423500000001
6776.846999999998	3696.462000000001
6776.846999999998	4004.500500000001
6776.846999999998	4312.539000000001
6776.846999999998	4620.5775
6776.846999999998	4928.616
6776.846999999998	5236.6545
6776.846999999998	5544.692999999999
6776.846999999998	5852.731499999999
6776.846999999998	6160.769999999999
6776.846999999998	6468.808499999998
7084.885499999998	0.0
7084.885499999998	308.0385
7084.885499999998	616.077
7084.885499999998	924.1155
7084.885499999998	1232.154
7084.885499999998	1540.1925
7084.885499999998	1848.2310000000002
7084.885499999998	2156.2695000000003
7084.885499999998	2464.3080000000004
7084.885499999998	2772.3465000000006
7084.885499999998	3080.3850000000007
7084.885499999998	3388.423500000001
7084.885499999998	3696.462000000001
7084.885499999998	4004.500500000001
7084.885499999998	4312.539000000001
7084.885499999998	4620.5775
7084.885499999998	4928.616
7084.885499999998	5236.6545
7084.885499999998	5544.692999999999
7084.885499999998	5852.731499999999
7084.885499999998	6160.769999999999
7084.885499999998	6468.808499999998
7392.923999999997	0.0
7392.923999999997	308.0385
7392.923999999997	616.077
7392.923999999997	924.1155
7392.923999999997	1232.154
7392.923999999997	1540.1925
7392.923999999997	1848.2310000000002
7392.923999999997	2156.2695000000003
7392.923999999997	2464.3080000000004
7392.923999999997	2772.3465000000006
7392.923999999997	3080.3850000000007
7392.923999999997	3388.423500000001
7392.923999999997	3696.462000000001
7392.923999999997	4004.500500000001
7392.923999999997	4312.539000000001
7392.923999999997	4620.5775
7392.923999999997	4928.616
7392.923999999997	5236.6545
7392.923999999997	5544.692999999999
7392.923999999997	5852.731499999999
7392.923999999997	6160.769999999999
7392.923999999997	6468.808499999998
7700.962499999997	0.0
7700.962499999997	308.0385
7700.962499999997	616.077
7700.962499999997	924.1155
7700.962499999997	1232.154
7700.962499999997	1540.1925
7700.962499999997	1848.2310000000002
7700.962499999997	2156.2695000000003
7700.962499999997	2464.3080000000004
7700.962499999997	2772.3465000000006
7700.962499999997	3080.3850000000007
7700.962499999997	3388.423500000001
7700.962499999997	3696.462000000001
7700.962499999997	4004.500500000001
7700.962499999997	4312.539000000001
7700.962499999997	4620.5775
7700.962499999997	4928.616
7700.962499999997	5236.6545
7700.962499999997	5544.692999999999
7700.962499999997	5852.731499999999
7700.962499999997	6160.769999999999
7700.962499999997	6468.808499999998
8009.000999999997	0.0
8009.000999999997	308.0385
8009.000999999997	616.077
8009.000999999997	924.1155
8009.000999999997	1232.154
8009.000999999997	1540.1925
8009.000999999997	1848.2310000000002
8009.000999999997	2156.2695000000003
8009.000999999997	2464.3080000000004
8009.000999999997	2772.3465000000006
8009.000999999997	3080.3850000000007
8009.000999999997	3388.423500000001
8009.000999999997	3696.462000000001
8009.000999999997	4004.500500000001
8009.000999999997	4312.539000000001
8009.000999999997	4620.5775
8009.000999999997	4928.616
8009.000999999997	5236.6545
8009.000999999997	5544.692999999999
8009.000999999997	5852.731499999999
8009.000999999997	6160.769999999999
8009.000999999997	6468.808499999998
8317.039499999997	0.0
8317.039499999997	308.0385
8317.039499999997	616.077
8317.039499999997	924.1155
8317.039499999997	1232.154
8317.039499999997	1540.1925
8317.039499999997	1848.2310000000002
8317.039499999997	2156.2695000000003
8317.039499999997	2464.3080000000004
8317.039499999997	2772.3465000000006
8317.039499999997	3080.3850000000007
8317.039499999997	3388.423500000001
8317.039499999997	3696.462000000001
8317.039499999997	4004.500500000001
8317.039499999997	4312.539000000001
8317.039499999997	4620.5775
8317.039499999997	4928.616
8317.039499999997	5236.6545
8317.039499999997	5544.692999999999
8317.039499999997	5852.731499999999
8317.039499999997	6160.769999999999
8317.039499999997	6468.808499999998
8625.077999999998	0.0
8625.077999999998	308.0385
8625.077999999998	616.077
8625.077999999998	924.1155
8625.077999999998	1232.154
8625.077999999998	1540.1925
8625.077999999998	1848.2310000000002
8625.077999999998	2156.2695000000003
8625.077999999998	2464.3080000000004
8625.077999999998	2772.3465000000006
8625.077999999998	3080.3850000000007
8625.077999999998	3388.423500000001
8625.077999999998	3696.462000000001
8625.077999999998	4004.500500000001
8625.077999999998	4312.539000000001
8625.077999999998	4620.5775
8625.077999999998	4928.616
8625.077999999998	5236.6545
8625.077999999998	5544.692999999999
8625.077999999998	5852.731499999999
8625.077999999998	6160.769999999999
8625.077999999998	6468.808499999998
8933.116499999998	0.0
8933.116499999998	308.0385
8933.116499999998	616.077
8933.116499999998	924.1155
8933.116499999998	1232.154
8933.116499999998	1540.1925
8933.116499999998	1848.2310000000002
8933.116499999998	2156.2695000000003
8933.116499999998	2464.3080000000004
8933.116499999998	2772.3465000000006
8933.116499999998	3080.3850000000007
8933.116499999998	3388.423500000001
8933.116499999998	3696.462000000001
8933.116499999998	4004.500500000001
8933.116499999998	4312.539000000001
8933.116499999998	4620.5775
8933.116499999998	4928.616
8933.116499999998	5236.6545
8933.116499999998	5544.692999999999
8933.116499999998	5852.731499999999
8933.116499999998	6160.769999999999
8933.116499999998	6468.808499999998
GRID-End
num_of_evaluations 2000
best obj 0.0012422768263021325
LLH0	61
LLH1	32
LLH2	46
LLH3	76
LLH4	120
LLH5	95
LLH6	94