Initial objective 0.0013051490128821257	 Seed value 115271647
1	 LLH-0	0.0013036843255859556	0.0013036843255859556
2	 LLH-3	0.001433677976031767	0.001433677976031767
3	 LLH-3	0.0013119140454428478	0.0013119140454428478
4	 LLH-6	0.001312000432459485	0.001312000432459485
5	 LLH-5	0.0013120575602239056	0.0013120575602239056
6	 LLH-5	0.001309771946542019	0.001309771946542019
7	 LLH-4	0.0012877062345309285	0.0012877062345309285
9	 LLH-2	0.001300636158232047	0.001300636158232047
10	 LLH-6	0.0013020257225608122	0.0013020257225608122
11	 LLH-1	0.0013016470448225402	0.0013016470448225402
12	 LLH-1	0.001301828777366441	0.001301828777366441
13	 LLH-5	0.0013024284428108457	0.0013024284428108457
14	 LLH-3	0.0013933334314342946	0.0013933334314342946
15	 LLH-1	0.0013933334314342946	0.0013933334314342946
16	 LLH-0	0.001391241980854609	0.001391241980854609
17	 LLH-4	0.0013888283494397715	0.0013888283494397715
19	 LLH-3	0.00148891869008718	0.00148891869008718
20	 LLH-6	0.001486407000715366	0.001486407000715366
21	 LLH-4	0.0014824267945982373	0.0014824267945982373
23	 LLH-3	0.0016716767530571318	0.0016716767530571318
24	 LLH-2	0.0015259382409025446	0.0015259382409025446
25	 LLH-0	0.0015215321450487611	0.0015215321450487611
26	 LLH-2	0.0014278777400696125	0.0014278777400696125
27	 LLH-4	0.001424907994524658	0.001424907994524658
29	 LLH-4	0.0014217602626033594	0.0014217602626033594
34	 LLH-0	0.0014185780813977158	0.0014185780813977158
35	 LLH-2	0.0013751225980531796	0.0013751225980531796
36	 LLH-5	0.0013742622091716201	0.0013742622091716201
37	 LLH-0	0.0013722463015204865	0.0013722463015204865
38	 LLH-1	0.0013722463015204865	0.0013722463015204865
39	 LLH-1	0.0013722463015204865	0.0013722463015204865
40	 LLH-6	0.0013736124524123565	0.0013736124524123565
41	 LLH-1	0.0013736124524123565	0.0013736124524123565
42	 LLH-5	0.0013735485626262007	0.0013735485626262007
43	 LLH-3	0.0014933850437888066	0.0014933850437888066
44	 LLH-0	0.001497248439665808	0.001497248439665808
45	 LLH-5	0.0014966695872180589	0.0014966695872180589
46	 LLH-4	0.001492553877276022	0.001492553877276022
48	 LLH-4	0.0014883086774952743	0.0014883086774952743
51	 LLH-2	0.0014429806883094365	0.0014429806883094365
52	 LLH-6	0.0014421457550191437	0.0014421457550191437
53	 LLH-0	0.0014100104881640861	0.0014100104881640861
54	 LLH-5	0.0014121717391140964	0.0014121717391140964
55	 LLH-6	0.0014105116982653719	0.0014105116982653719
56	 LLH-4	0.0014105116982653719	0.0014105116982653719
61	 LLH-1	0.0014102034677187726	0.0014102034677187726
62	 LLH-6	0.0014102747926760413	0.0014102747926760413
63	 LLH-0	0.0014422921898414867	0.0014422921898414867
64	 LLH-5	0.0014422166796786273	0.0014422166796786273
65	 LLH-4	0.0014098042897045585	0.0014098042897045585
67	 LLH-6	0.0014102080633664753	0.0014102080633664753
68	 LLH-6	0.001410381806873447	0.001410381806873447
69	 LLH-3	0.0016009268379355004	0.001410381806873447
70	 LLH-2	0.0013737500758578358	0.0013737500758578358
71	 LLH-1	0.0013734791305138401	0.0013734791305138401
72	 LLH-0	0.0013710515180782163	0.0013710515180782163
73	 LLH-5	0.00137088413350935	0.00137088413350935
74	 LLH-6	0.0013702422292663913	0.0013702422292663913
75	 LLH-1	0.0013704821271392797	0.0013704821271392797
76	 LLH-2	0.0013759252076827326	0.0013759252076827326
77	 LLH-6	0.0013745469068797138	0.0013745469068797138
78	 LLH-6	0.0013744741691270933	0.0013744741691270933
79	 LLH-2	0.0013706026039973947	0.0013706026039973947
80	 LLH-0	0.0013686540042349227	0.0013686540042349227
81	 LLH-1	0.0013686505354977524	0.0013686505354977524
82	 LLH-0	0.0013660958665547823	0.0013660958665547823
83	 LLH-4	0.0013638920746390586	0.0013638920746390586
85	 LLH-1	0.0013641865653276342	0.0013641865653276342
86	 LLH-3	0.0012927076281197135	0.0012927076281197135
87	 LLH-6	0.0012933310585021892	0.0012933310585021892
88	 LLH-3	0.0012685826119661911	0.0012685826119661911
89	 LLH-5	0.0012679062349162868	0.0012679062349162868
90	 LLH-0	0.0012688371611223872	0.0012688371611223872
91	 LLH-2	0.0012701133628150532	0.0012701133628150532
92	 LLH-1	0.0012701133628150532	0.0012701133628150532
93	 LLH-2	0.001276440949245703	0.001276440949245703
94	 LLH-3	0.0013470073280950734	0.0013470073280950734
95	 LLH-3	0.001284430049933912	0.001284430049933912
96	 LLH-3	0.0013438250224255014	0.0013438250224255014
97	 LLH-5	0.0013438417236252879	0.0013438417236252879
98	 LLH-6	0.0013456669659509565	0.0013456669659509565
99	 LLH-2	0.0013494717225802878	0.0013494717225802878
100	 LLH-6	0.0013500459337281415	0.0013500459337281415
101	 LLH-4	0.0013480853665747835	0.0013480853665747835
103	 LLH-3	0.001488608132038955	0.001488608132038955
104	 LLH-1	0.0014885206354553469	0.0014885206354553469
105	 LLH-3	0.0013046216494685967	0.0013046216494685967
106	 LLH-6	0.0013059563156989926	0.0013059563156989926
107	 LLH-2	0.001323456252806863	0.001323456252806863
108	 LLH-3	0.0012759672088200466	0.0012759672088200466
109	 LLH-0	0.0012768939596895907	0.0012768939596895907
110	 LLH-4	0.0012757903122256442	0.0012757903122256442
112	 LLH-1	0.001275945394424005	0.001275945394424005
113	 LLH-4	0.0012748855476619639	0.0012748855476619639
116	 LLH-2	0.0012713291658123238	0.0012713291658123238
117	 LLH-5	0.0012719896423916727	0.0012719896423916727
118	 LLH-0	0.0012727890772039941	0.0012727890772039941
119	 LLH-4	0.0012717024237761951	0.0012717024237761951
121	 LLH-4	0.0012705556742102695	0.0012705556742102695
125	 LLH-2	0.0012918238050474166	0.0012918238050474166
126	 LLH-4	0.0012712550507530812	0.0012712550507530812
128	 LLH-4	0.0012712550507530812	0.0012712550507530812
133	 LLH-5	0.0012728945494859373	0.0012728945494859373
134	 LLH-5	0.0012732336495550587	0.0012732336495550587
135	 LLH-6	0.001271839585341396	0.001271839585341396
136	 LLH-3	0.0013682716548503462	0.0013682716548503462
137	 LLH-6	0.0013672281153588053	0.0013672281153588053
138	 LLH-4	0.0013651019477175124	0.0013651019477175124
141	 LLH-0	0.001367346090523979	0.001367346090523979
142	 LLH-4	0.0013651404294691442	0.0013651404294691442
145	 LLH-6	0.0013651095442454642	0.0013651095442454642
146	 LLH-2	0.0013379304938863298	0.0013379304938863298
147	 LLH-2	0.0013383322478955333	0.0013383322478955333
148	 LLH-1	0.0013382129426131551	0.0013382129426131551
149	 LLH-1	0.0013382129426131551	0.0013382129426131551
150	 LLH-5	0.0013381026071551	0.0013381026071551
151	 LLH-2	0.0013185821683055086	0.0013185821683055086
152	 LLH-3	0.001258196766738448	0.001258196766738448
153	 LLH-5	0.0012582469951457026	0.0012582469951457026
154	 LLH-6	0.0012592171729092305	0.0012592171729092305
155	 LLH-4	0.0012592171729092305	0.0012592171729092305
160	 LLH-2	0.001276966982668641	0.001276966982668641
161	 LLH-3	0.00134858102610016	0.00134858102610016
162	 LLH-4	0.001347023334175348	0.001347023334175348
165	 LLH-5	0.001347665224357781	0.001347665224357781
166	 LLH-2	0.0013499734786301743	0.0013499734786301743
167	 LLH-2	0.0013286659770776078	0.0013286659770776078
168	 LLH-5	0.0013297835398938633	0.0013297835398938633
169	 LLH-5	0.001328309432535004	0.001328309432535004
170	 LLH-6	0.0013292187871431697	0.0013292187871431697
171	 LLH-2	0.0013484787986270776	0.0013484787986270776
172	 LLH-1	0.0013484787986270776	0.0013484787986270776
173	 LLH-5	0.0013477668752470578	0.0013477668752470578
174	 LLH-4	0.0013457204591343622	0.0013457204591343622
177	 LLH-1	0.0013460806977296325	0.0013460806977296325
178	 LLH-2	0.0013335787339108676	0.0013335787339108676
179	 LLH-0	0.0013315825183658834	0.0013315825183658834
180	 LLH-3	0.0012852515750639817	0.0012852515750639817
181	 LLH-0	0.0012861466184621846	0.0012861466184621846
182	 LLH-2	0.001275199059338353	0.001275199059338353
183	 LLH-2	0.001273852411081803	0.001273852411081803
184	 LLH-3	0.0013430351916601136	0.0013430351916601136
185	 LLH-1	0.0013437132227027704	0.0013437132227027704
186	 LLH-1	0.0013437132227027704	0.0013437132227027704
187	 LLH-0	0.0013414557782532427	0.0013414557782532427
188	 LLH-0	0.001339728565963937	0.001339728565963937
189	 LLH-1	0.001339728565963937	0.001339728565963937
190	 LLH-3	0.0014821390571330057	0.0014821390571330057
191	 LLH-3	0.0016171045333000286	0.0016171045333000286
192	 LLH-2	0.001510731570788625	0.001510731570788625
193	 LLH-5	0.0015100291416879864	0.0015100291416879864
194	 LLH-3	0.0013280806811785564	0.0013280806811785564
195	 LLH-5	0.0013286706916805472	0.0013286706916805472
196	 LLH-1	0.0013286706916805472	0.0013286706916805472
197	 LLH-5	0.0013278059631905894	0.0013278059631905894
198	 LLH-0	0.0013293429315170701	0.0013293429315170701
199	 LLH-1	0.0013293429315170701	0.0013293429315170701
200	 LLH-5	0.0013294365428101727	0.0013294365428101727
201	 LLH-4	0.0013275322646807155	0.0013275322646807155
203	 LLH-4	0.0013260685415581197	0.0013260685415581197
206	 LLH-4	0.0013245200837101092	0.0013245200837101092
209	 LLH-6	0.0013242702660847274	0.0013242702660847274
210	 LLH-2	0.0013162081870687478	0.0013162081870687478
211	 LLH-4	0.00131481719806273	0.00131481719806273
213	 LLH-3	0.0014135261128984046	0.0014135261128984046
214	 LLH-3	0.001297426791292146	0.001297426791292146
215	 LLH-3	0.0012668446667824208	0.0012668446667824208
216	 LLH-2	0.0012674286608624979	0.0012674286608624979
217	 LLH-0	0.0012663469809383265	0.0012663469809383265
218	 LLH-3	0.0012597524362548507	0.0012597524362548507
219	 LLH-4	0.0012589346165489815	0.0012589346165489815
222	 LLH-4	0.0012582518917415527	0.0012582518917415527
226	 LLH-6	0.001258531951775292	0.001258531951775292
227	 LLH-6	0.0012580049806475968	0.0012580049806475968
228	 LLH-6	0.001257482571252491	0.001257482571252491
229	 LLH-3	0.0012458092334170978	0.0012458092334170978
230	 LLH-0	0.0012463378493099044	0.0012463378493099044
231	 LLH-2	0.00126120890891487	0.00126120890891487
232	 LLH-3	0.0012515780890503382	0.0012515780890503382
233	 LLH-3	0.0012900752529435655	0.0012900752529435655
234	 LLH-1	0.0012900154064496567	0.0012900154064496567
235	 LLH-5	0.0012895487551182225	0.0012895487551182225
236	 LLH-0	0.0012910071236855627	0.0012910071236855627
237	 LLH-4	0.0012898367476318674	0.0012898367476318674
242	 LLH-2	0.001301066590353867	0.001301066590353867
243	 LLH-6	0.001301228631389277	0.001301228631389277
244	 LLH-5	0.00130215368925066	0.00130215368925066
245	 LLH-6	0.0012998900534742061	0.0012998900534742061
246	 LLH-4	0.0012986215722197447	0.0012986215722197447
251	 LLH-2	0.0013052496680375182	0.0013052496680375182
252	 LLH-5	0.0013054555263431941	0.0013054555263431941
253	 LLH-4	0.0012835702508628127	0.0012835702508628127
255	 LLH-2	0.0013052423486335355	0.0013052423486335355
256	 LLH-1	0.001305371672665959	0.001305371672665959
257	 LLH-3	0.0012692142852920823	0.0012692142852920823
258	 LLH-5	0.0012680101072031094	0.0012680101072031094
259	 LLH-1	0.0012680101072031094	0.0012680101072031094
260	 LLH-6	0.0012701631391218834	0.0012701631391218834
261	 LLH-4	0.0012695175402525046	0.0012695175402525046
263	 LLH-2	0.0012608112203610284	0.0012608112203610284
264	 LLH-1	0.0012608112203610284	0.0012608112203610284
265	 LLH-3	0.0012506302031657975	0.0012506302031657975
266	 LLH-3	0.0012907528337532566	0.0012907528337532566
267	 LLH-0	0.0012896139200045628	0.0012896139200045628
268	 LLH-6	0.001287970681442625	0.001287970681442625
269	 LLH-1	0.0012879762820261602	0.0012879762820261602
270	 LLH-5	0.0012877582432259172	0.0012877582432259172
271	 LLH-3	0.0012705074143543418	0.0012705074143543418
272	 LLH-1	0.0012700484639974585	0.0012700484639974585
273	 LLH-1	0.0012700484639974585	0.0012700484639974585
274	 LLH-0	0.0012694091973050577	0.0012694091973050577
275	 LLH-3	0.0013230058260813257	0.0012694091973050577
276	 LLH-4	0.0012685805995055206	0.0012685805995055206
281	 LLH-6	0.0012684647321820242	0.0012684647321820242
282	 LLH-6	0.001268976523556611	0.001268976523556611
283	 LLH-1	0.0012687488545974953	0.0012687488545974953
284	 LLH-0	0.0012679070477230054	0.0012679070477230054
285	 LLH-0	0.0012688960022900259	0.0012688960022900259
286	 LLH-2	0.0012809779218615036	0.0012809779218615036
287	 LLH-1	0.0012809779218615036	0.0012809779218615036
288	 LLH-2	0.0012842590398308333	0.0012842590398308333
289	 LLH-2	0.0012901889589330352	0.0012901889589330352
290	 LLH-2	0.00129956162128971	0.00129956162128971
291	 LLH-3	0.001256970877216035	0.001256970877216035
292	 LLH-2	0.001270209041810228	0.001270209041810228
293	 LLH-6	0.0012709576320796706	0.0012709576320796706
294	 LLH-0	0.0012720506580679288	0.0012720506580679288
295	 LLH-3	0.0012637386006196377	0.0012637386006196377
296	 LLH-3	0.0013199293169535095	0.0013199293169535095
297	 LLH-1	0.0013199293169535095	0.0013199293169535095
298	 LLH-0	0.0013215868852313323	0.0013215868852313323
299	 LLH-2	0.0013085245896899604	0.0013085245896899604
300	 LLH-5	0.0013085426229368976	0.0013085426229368976
301	 LLH-1	0.0013090858835919988	0.0013090858835919988
302	 LLH-4	0.0013071582618649443	0.0013071582618649443
306	 LLH-4	0.0013071582618649443	0.0013071582618649443
311	 LLH-1	0.0013070403662259022	0.0013070403662259022
312	 LLH-2	0.0013188448134143758	0.0013188448134143758
313	 LLH-0	0.001317177097345181	0.001317177097345181
314	 LLH-5	0.0013159323616463172	0.0013159323616463172
315	 LLH-5	0.0013175580028143682	0.0013175580028143682
316	 LLH-1	0.0013172921582204932	0.0013172921582204932
317	 LLH-1	0.0013173626833229033	0.0013173626833229033
318	 LLH-0	0.0013187111145053357	0.0013187111145053357
319	 LLH-1	0.0013184660930440706	0.0013184660930440706
320	 LLH-6	0.0013204491811769736	0.0013204491811769736
321	 LLH-1	0.0013204491811769736	0.0013204491811769736
322	 LLH-0	0.001321988015826388	0.001321988015826388
323	 LLH-6	0.0013233861247576733	0.0013233861247576733
324	 LLH-3	0.001454497026934476	0.001454497026934476
325	 LLH-3	0.0017057359558600663	0.001454497026934476
326	 LLH-0	0.001450931589398889	0.001450931589398889
327	 LLH-4	0.0014470527089712804	0.0014470527089712804
329	 LLH-1	0.0014465979654783906	0.0014465979654783906
330	 LLH-0	0.001443238338057234	0.001443238338057234
331	 LLH-1	0.0014426458690319308	0.0014426458690319308
332	 LLH-6	0.0014418536479935782	0.0014418536479935782
333	 LLH-5	0.001440138921510615	0.001440138921510615
334	 LLH-3	0.0012977084165223664	0.0012977084165223664
335	 LLH-3	0.0012769273710588644	0.0012769273710588644
336	 LLH-0	0.0012759467230016633	0.0012759467230016633
337	 LLH-3	0.0012624396848616931	0.0012624396848616931
338	 LLH-2	0.001264001837157033	0.001264001837157033
339	 LLH-1	0.0012640182736984417	0.0012640182736984417
340	 LLH-6	0.0012656227614516687	0.0012656227614516687
341	 LLH-5	0.0012648230519618675	0.0012648230519618675
342	 LLH-5	0.0012646232899633462	0.0012646232899633462
343	 LLH-0	0.0012639250750325706	0.0012639250750325706
344	 LLH-5	0.001263872527526988	0.001263872527526988
345	 LLH-3	0.0013176443043142097	0.0013176443043142097
346	 LLH-1	0.0013176443043142097	0.0013176443043142097
347	 LLH-5	0.0013170440311112423	0.0013170440311112423
348	 LLH-0	0.0013185693249801657	0.0013185693249801657
349	 LLH-0	0.0013168363892427143	0.0013168363892427143
350	 LLH-5	0.0013161095708135193	0.0013161095708135193
351	 LLH-0	0.0013144617610358917	0.0013144617610358917
352	 LLH-0	0.0013129980109279362	0.0013129980109279362
353	 LLH-0	0.0013148001289519737	0.0013148001289519737
354	 LLH-4	0.0013131818049348376	0.0013131818049348376
356	 LLH-4	0.001311802201533703	0.001311802201533703
358	 LLH-4	0.0013100477863886714	0.0013100477863886714
360	 LLH-2	0.0013202057190765898	0.0013202057190765898
361	 LLH-2	0.0013074990758219183	0.0013074990758219183
362	 LLH-3	0.001279823728400902	0.001279823728400902
363	 LLH-2	0.0012798687151435624	0.0012798687151435624
364	 LLH-5	0.0012802032067745438	0.0012802032067745438
365	 LLH-5	0.0012777958190755296	0.0012777958190755296
366	 LLH-0	0.0012791209389792467	0.0012791209389792467
367	 LLH-1	0.001279014521599248	0.001279014521599248
368	 LLH-2	0.0012932166136751665	0.0012932166136751665
369	 LLH-5	0.0012928233218303313	0.0012928233218303313
370	 LLH-3	0.0012588613037196475	0.0012588613037196475
371	 LLH-4	0.0012579805549885568	0.0012579805549885568
373	 LLH-4	0.0012572503809984102	0.0012572503809984102
376	 LLH-3	0.001258295804425883	0.001258295804425883
377	 LLH-6	0.0012589520196355883	0.0012589520196355883
378	 LLH-4	0.001258271777403699	0.001258271777403699
381	 LLH-1	0.0012582956677506549	0.0012582956677506549
382	 LLH-0	0.0012591248152360379	0.0012591248152360379
383	 LLH-0	0.001258527670645717	0.001258527670645717
384	 LLH-3	0.00125317205147912	0.00125317205147912
385	 LLH-1	0.00125317205147912	0.00125317205147912
386	 LLH-4	0.00125317205147912	0.00125317205147912
391	 LLH-0	0.0012537055430540016	0.0012537055430540016
392	 LLH-2	0.0012495801216647665	0.0012495801216647665
393	 LLH-2	0.0012620427507253895	0.0012620427507253895
394	 LLH-5	0.0012615938688663102	0.0012615938688663102
395	 LLH-3	0.0012581185871333455	0.0012581185871333455
396	 LLH-5	0.0012581258699887932	0.0012581258699887932
397	 LLH-2	0.0012588828869125586	0.0012588828869125586
398	 LLH-2	0.0012569086060623584	0.0012569086060623584
399	 LLH-4	0.0012569086060623584	0.0012569086060623584
404	 LLH-1	0.0012569086060623584	0.0012569086060623584
405	 LLH-5	0.0012572663740789917	0.0012572663740789917
406	 LLH-2	0.001280580480818994	0.001280580480818994
407	 LLH-0	0.0012817729114330614	0.0012817729114330614
408	 LLH-3	0.001343238533967522	0.0012817729114330614
409	 LLH-2	0.001281333752527477	0.001281333752527477
410	 LLH-6	0.001280671301276337	0.001280671301276337
411	 LLH-5	0.0012806561900191205	0.0012806561900191205
412	 LLH-6	0.0012798492774779746	0.0012798492774779746
413	 LLH-5	0.0012795473359139098	0.0012795473359139098
414	 LLH-2	0.0012908959241267485	0.0012908959241267485
415	 LLH-5	0.001290369876601295	0.001290369876601295
416	 LLH-0	0.0012891964117260832	0.0012891964117260832
417	 LLH-1	0.001289685548679591	0.001289685548679591
418	 LLH-2	0.0012719482297678458	0.0012719482297678458
419	 LLH-0	0.001292233413091138	0.001292233413091138
420	 LLH-3	0.0013647984770066956	0.0013647984770066956
421	 LLH-4	0.0013626040630821002	0.0013626040630821002
423	 LLH-2	0.0013421111477710157	0.0013421111477710157
424	 LLH-2	0.001330942941091113	0.001330942941091113
425	 LLH-5	0.0013317971550420823	0.0013317971550420823
426	 LLH-1	0.0013322953368535644	0.0013322953368535644
427	 LLH-6	0.0013342100874650968	0.0013342100874650968
428	 LLH-5	0.0013349205520822081	0.0013349205520822081
429	 LLH-2	0.0013408880628923794	0.0013408880628923794
430	 LLH-6	0.001342313818568621	0.001342313818568621
431	 LLH-4	0.0013404076955659406	0.0013404076955659406
433	 LLH-4	0.0013383252183150982	0.0013383252183150982
436	 LLH-1	0.0013381396916589327	0.0013381396916589327
437	 LLH-0	0.001336455326706614	0.001336455326706614
438	 LLH-3	0.0014410720776460734	0.001336455326706614
439	 LLH-2	0.0013510723894770828	0.0013510723894770828
440	 LLH-5	0.0013505598996691093	0.0013505598996691093
441	 LLH-1	0.0013505598996691093	0.0013505598996691093
442	 LLH-2	0.0013263169301083514	0.0013263169301083514
443	 LLH-5	0.0013252627836933817	0.0013252627836933817
444	 LLH-2	0.0013260891960652078	0.0013260891960652078
445	 LLH-5	0.0013250171273798317	0.0013250171273798317
446	 LLH-5	0.0013257505861073572	0.0013257505861073572
447	 LLH-4	0.0013243787313400174	0.0013243787313400174
449	 LLH-2	0.001308966521478506	0.001308966521478506
450	 LLH-2	0.0013033214169265218	0.0013033214169265218
451	 LLH-4	0.001302131167384524	0.001302131167384524
456	 LLH-2	0.0013110245031880212	0.0013110245031880212
457	 LLH-5	0.0013112099429343181	0.0013112099429343181
458	 LLH-0	0.0013126612467022599	0.0013126612467022599
459	 LLH-0	0.001314115643213914	0.001314115643213914
460	 LLH-6	0.0013139753871607605	0.0013139753871607605
461	 LLH-0	0.0013158766990452836	0.0013158766990452836
462	 LLH-1	0.0013158766990452836	0.0013158766990452836
463	 LLH-2	0.0012936973193354807	0.0012936973193354807
464	 LLH-6	0.0012928189738684282	0.0012928189738684282
465	 LLH-6	0.0012913302874057633	0.0012913302874057633
466	 LLH-3	0.0012697518412629082	0.0012697518412629082
467	 LLH-5	0.0012699729649620734	0.0012699729649620734
468	 LLH-3	0.0013241054198463794	0.0012699729649620734
469	 LLH-0	0.0012709881418002044	0.0012709881418002044
470	 LLH-5	0.0012715494029959277	0.0012715494029959277
471	 LLH-3	0.0012653927023704636	0.0012653927023704636
472	 LLH-6	0.0012648376533105673	0.0012648376533105673
473	 LLH-1	0.001264503064359324	0.001264503064359324
474	 LLH-5	0.0012644386583482848	0.0012644386583482848
475	 LLH-0	0.0012652429419780149	0.0012652429419780149
476	 LLH-5	0.0012654072450967566	0.0012654072450967566
477	 LLH-5	0.0012638279297752522	0.0012638279297752522
478	 LLH-0	0.0012645714561140197	0.0012645714561140197
479	 LLH-0	0.0012652991477532622	0.0012652991477532622
480	 LLH-6	0.0012658572336490335	0.0012658572336490335
481	 LLH-1	0.0012656618091468948	0.0012656618091468948
482	 LLH-6	0.0012635668684083372	0.0012635668684083372
483	 LLH-6	0.0012650239831310378	0.0012650239831310378
484	 LLH-5	0.0012661940058010881	0.0012661940058010881
485	 LLH-2	0.0012630743817703331	0.0012630743817703331
486	 LLH-5	0.0012632551133051556	0.0012632551133051556
487	 LLH-2	0.0012611493642050585	0.0012611493642050585
488	 LLH-0	0.0012621424018863035	0.0012621424018863035
489	 LLH-6	0.0012620200177702087	0.0012620200177702087
490	 LLH-4	0.00126127616061634	0.00126127616061634
493	 LLH-3	0.001247348699650859	0.001247348699650859
494	 LLH-2	0.0012575669197525882	0.0012575669197525882
495	 LLH-1	0.0012575669197525882	0.0012575669197525882
496	 LLH-0	0.0012583142029513783	0.0012583142029513783
497	 LLH-4	0.0012574647182559962	0.0012574647182559962
499	 LLH-0	0.0012581519171545982	0.0012574647182559962
500	 LLH-1	0.0012572273325362493	0.0012572273325362493
501	 LLH-4	0.001256573288923742	0.001256573288923742
503	 LLH-1	0.001256573288923742	0.001256573288923742
504	 LLH-1	0.001256462332699055	0.001256462332699055
505	 LLH-0	0.0012570761075617043	0.0012570761075617043
506	 LLH-6	0.0012566117819944186	0.0012566117819944186
507	 LLH-2	0.0012598363697381688	0.0012598363697381688
508	 LLH-5	0.0012597401374082847	0.0012597401374082847
509	 LLH-6	0.0012593129495506283	0.0012593129495506283
510	 LLH-3	0.0012501435680066753	0.0012501435680066753
511	 LLH-6	0.0012500267038569172	0.0012500267038569172
512	 LLH-0	0.0012509084986565798	0.0012509084986565798
513	 LLH-1	0.0012509084986565798	0.0012509084986565798
514	 LLH-2	0.0012669125384903942	0.0012669125384903942
515	 LLH-1	0.0012664910561298523	0.0012664910561298523
516	 LLH-5	0.001266920360415554	0.001266920360415554
517	 LLH-2	0.001272511190062978	0.001272511190062978
518	 LLH-3	0.0012603876760329544	0.0012603876760329544
519	 LLH-6	0.0012617837865460362	0.0012617837865460362
520	 LLH-3	0.001250714512477684	0.001250714512477684
521	 LLH-1	0.001250714512477684	0.001250714512477684
522	 LLH-0	0.0012514154220479854	0.0012514154220479854
523	 LLH-0	0.0012518973210530176	0.0012518973210530176
524	 LLH-3	0.0012449860894688306	0.0012449860894688306
525	 LLH-0	0.0012454030818361138	0.0012454030818361138
526	 LLH-4	0.0012454030818361138	0.0012454030818361138
531	 LLH-5	0.0012451680686058713	0.0012451680686058713
532	 LLH-5	0.0012459301467345506	0.0012459301467345506
533	 LLH-3	0.0012516194944539281	0.0012516194944539281
534	 LLH-2	0.0012536419696399742	0.0012536419696399742
535	 LLH-0	0.0012543891001323057	0.0012543891001323057
536	 LLH-3	0.0012923180817384975	0.0012923180817384975
537	 LLH-1	0.0012920970660018755	0.0012920970660018755
538	 LLH-1	0.0012917205299881262	0.0012917205299881262
539	 LLH-0	0.0012929713138459251	0.0012929713138459251
540	 LLH-4	0.0012914631491671887	0.0012914631491671887
542	 LLH-1	0.0012914631491671887	0.0012914631491671887
543	 LLH-5	0.0012908298580251673	0.0012908298580251673
544	 LLH-5	0.001290236089284423	0.001290236089284423
545	 LLH-5	0.0012902005614281217	0.0012902005614281217
546	 LLH-5	0.001288157664191683	0.001288157664191683
547	 LLH-3	0.0013861333207058602	0.0013861333207058602
548	 LLH-6	0.0013878510724087054	0.0013878510724087054
549	 LLH-6	0.0013879221895778209	0.0013879221895778209
550	 LLH-1	0.001388133353593001	0.001388133353593001
551	 LLH-0	0.0013910104945337824	0.0013910104945337824
552	 LLH-0	0.001389022400619729	0.001389022400619729
553	 LLH-5	0.001388369396515258	0.001388369396515258
554	 LLH-4	0.0013860619179071393	0.0013860619179071393
556	 LLH-4	0.0013837279819228193	0.0013837279819228193
558	 LLH-5	0.001384072976108501	0.001384072976108501
559	 LLH-3	0.0012978167421363864	0.0012978167421363864
560	 LLH-0	0.0012989675386362088	0.0012989675386362088
561	 LLH-1	0.0012987871610648204	0.0012987871610648204
562	 LLH-0	0.0013002516642561979	0.0013002516642561979
563	 LLH-2	0.0013026494492865142	0.0013026494492865142
564	 LLH-3	0.001257142874553549	0.001257142874553549
565	 LLH-3	0.001317149737367269	0.001257142874553549
566	 LLH-3	0.001328078374416648	0.001257142874553549
567	 LLH-5	0.00125651851760492	0.00125651851760492
568	 LLH-5	0.0012563925666941517	0.0012563925666941517
569	 LLH-6	0.0012572214350217031	0.0012572214350217031
570	 LLH-0	0.001258072320568994	0.001258072320568994
571	 LLH-3	0.001249255023635223	0.001249255023635223
572	 LLH-0	0.0012497466096190754	0.0012497466096190754
573	 LLH-6	0.0012482183513944623	0.0012482183513944623
574	 LLH-5	0.001247927760023867	0.001247927760023867
575	 LLH-1	0.001247927760023867	0.001247927760023867
576	 LLH-6	0.0012477587111115965	0.0012477587111115965
577	 LLH-6	0.001249806841590619	0.001249806841590619
578	 LLH-6	0.0012486634326000345	0.0012486634326000345
579	 LLH-2	0.0012569966552355885	0.0012569966552355885
580	 LLH-6	0.0012565656164034065	0.0012565656164034065
581	 LLH-5	0.0012561889345040476	0.0012561889345040476
582	 LLH-5	0.001257099998805338	0.001257099998805338
583	 LLH-5	0.0012573754826538984	0.0012573754826538984
584	 LLH-1	0.0012573754826538984	0.0012573754826538984
585	 LLH-3	0.0013225890927229245	0.0012573754826538984
586	 LLH-6	0.001255944037657802	0.001255944037657802
587	 LLH-2	0.0012716246778747492	0.0012716246778747492
588	 LLH-5	0.0012732267751467082	0.0012732267751467082
589	 LLH-4	0.001255191069992137	0.001255191069992137
591	 LLH-3	0.0012486483897534845	0.0012486483897534845
592	 LLH-4	0.001247684091378228	0.001247684091378228
597	 LLH-5	0.0012477931544426445	0.0012477931544426445
598	 LLH-1	0.001247962756163787	0.001247962756163787
599	 LLH-4	0.001247962756163787	0.001247962756163787
604	 LLH-3	0.0012458875049128925	0.0012458875049128925
605	 LLH-3	0.0012440782898791092	0.0012440782898791092
606	 LLH-4	0.0012440782898791092	0.0012440782898791092
611	 LLH-1	0.0012441482302678007	0.0012441482302678007
612	 LLH-5	0.001243102968627983	0.001243102968627983
613	 LLH-4	0.001243102968627983	0.001243102968627983
618	 LLH-2	0.0012508274568685512	0.0012508274568685512
619	 LLH-4	0.0012508274568685512	0.0012508274568685512
624	 LLH-6	0.0012502278380884199	0.0012502278380884199
625	 LLH-6	0.0012496780330153502	0.0012496780330153502
626	 LLH-3	0.0012553120482498886	0.0012553120482498886
627	 LLH-6	0.001256164449586841	0.001256164449586841
628	 LLH-1	0.001256164449586841	0.001256164449586841
629	 LLH-4	0.0012554323380507722	0.0012554323380507722
632	 LLH-5	0.0012548665068570265	0.0012548665068570265
633	 LLH-4	0.0012548665068570265	0.0012548665068570265
638	 LLH-4	0.0012538732404958248	0.0012538732404958248
643	 LLH-4	0.0012538732404958248	0.0012538732404958248
648	 LLH-3	0.001270964076692732	0.001270964076692732
649	 LLH-5	0.001270709630972385	0.001270709630972385
650	 LLH-2	0.001282615610305947	0.001282615610305947
651	 LLH-1	0.001282615610305947	0.001282615610305947
652	 LLH-0	0.0012813193573238098	0.0012813193573238098
653	 LLH-4	0.0012800912401211124	0.0012800912401211124
655	 LLH-2	0.0012870812146103254	0.0012870812146103254
656	 LLH-3	0.0012670519974291475	0.0012670519974291475
657	 LLH-3	0.0013048586387137922	0.0013048586387137922
658	 LLH-5	0.0013058889095637423	0.0013058889095637423
659	 LLH-2	0.001313722446570542	0.001313722446570542
660	 LLH-2	0.0013167467782635636	0.0013167467782635636
661	 LLH-3	0.0014261740071874187	0.0013167467782635636
662	 LLH-1	0.0013167467782635636	0.0013167467782635636
663	 LLH-5	0.001316607381843196	0.001316607381843196
664	 LLH-6	0.0013170748360880917	0.0013170748360880917
665	 LLH-3	0.001280221277797686	0.001280221277797686
666	 LLH-0	0.001278823810925975	0.001278823810925975
667	 LLH-2	0.001283154210828838	0.001283154210828838
668	 LLH-6	0.0012841238057321848	0.0012841238057321848
669	 LLH-6	0.001283080643161513	0.001283080643161513
670	 LLH-1	0.001283080643161513	0.001283080643161513
671	 LLH-3	0.0013541580616445144	0.0013541580616445144
672	 LLH-1	0.001353919180168094	0.001353919180168094
673	 LLH-6	0.0013563314066668626	0.001353919180168094
674	 LLH-6	0.001355331272436967	0.001355331272436967
675	 LLH-0	0.0013533392783411941	0.0013533392783411941
676	 LLH-2	0.001353958394344441	0.001353958394344441
677	 LLH-0	0.001351600320765682	0.001351600320765682
678	 LLH-3	0.0014616023161365317	0.001351600320765682
679	 LLH-5	0.0013517048398503137	0.0013517048398503137
680	 LLH-4	0.0013494863261307442	0.0013494863261307442
683	 LLH-1	0.0013492424385076233	0.0013492424385076233
684	 LLH-5	0.0013491711936227412	0.0013491711936227412
685	 LLH-3	0.0014953262393277151	0.0013491711936227412
686	 LLH-3	0.0012728370518287255	0.0012728370518287255
687	 LLH-6	0.0012729334578572553	0.0012729334578572553
688	 LLH-0	0.0012739544425594642	0.0012739544425594642
689	 LLH-2	0.0012959406127932137	0.0012739544425594642
690	 LLH-6	0.0012726194603722538	0.0012726194603722538
691	 LLH-0	0.0012736986711048383	0.0012736986711048383
692	 LLH-3	0.001269265118581199	0.001269265118581199
693	 LLH-3	0.0012464593254408152	0.0012464593254408152
694	 LLH-4	0.0012456805371677015	0.0012456805371677015
696	 LLH-1	0.001245809825128623	0.001245809825128623
697	 LLH-1	0.001245809825128623	0.001245809825128623
698	 LLH-2	0.0012622597225480034	0.001245809825128623
699	 LLH-5	0.0012445841330395741	0.0012445841330395741
700	 LLH-4	0.0012436692166889944	0.0012436692166889944
702	 LLH-1	0.0012431702084671563	0.0012431702084671563
703	 LLH-6	0.0012435582340066323	0.0012435582340066323
704	 LLH-4	0.0012435582340066323	0.0012435582340066323
709	 LLH-3	0.0012452199750692251	0.0012452199750692251
710	 LLH-4	0.0012452199750692251	0.0012452199750692251
715	 LLH-4	0.0012452199750692251	0.0012452199750692251
720	 LLH-5	0.0012452853246857686	0.0012452853246857686
721	 LLH-0	0.0012460609097871543	0.0012460609097871543
722	 LLH-5	0.0012454675011691373	0.0012454675011691373
723	 LLH-2	0.0012509786296200764	0.0012509786296200764
724	 LLH-3	0.0012494229797037097	0.0012494229797037097
725	 LLH-0	0.0012489800624358078	0.0012489800624358078
726	 LLH-2	0.0012446845665304584	0.0012446845665304584
727	 LLH-2	0.0012563684197246603	0.0012446845665304584
728	 LLH-2	0.0012542764818170664	0.0012446845665304584
729	 LLH-0	0.001245175404766546	0.001245175404766546
730	 LLH-6	0.0012464645150575596	0.0012464645150575596
731	 LLH-4	0.0012458069709955994	0.0012458069709955994
734	 LLH-0	0.0012452803815375644	0.0012452803815375644
735	 LLH-6	0.0012439264154596936	0.0012439264154596936
736	 LLH-1	0.0012439264154596936	0.0012439264154596936
737	 LLH-0	0.0012444378670246317	0.0012444378670246317
738	 LLH-1	0.001244653839714264	0.001244653839714264
739	 LLH-0	0.0012452392607060323	0.0012452392607060323
740	 LLH-6	0.0012447828814464556	0.0012447828814464556
741	 LLH-2	0.0012511478358275799	0.0012511478358275799
742	 LLH-6	0.0012513642219204688	0.0012513642219204688
743	 LLH-2	0.0012689959708628866	0.0012513642219204688
744	 LLH-4	0.0012513642219204688	0.0012513642219204688
749	 LLH-3	0.0013258630949151157	0.0012513642219204688
750	 LLH-4	0.0012507563976268744	0.0012507563976268744
753	 LLH-6	0.0012498349308154215	0.0012498349308154215
754	 LLH-4	0.0012492145863381785	0.0012492145863381785
756	 LLH-1	0.0012492145863381785	0.0012492145863381785
757	 LLH-6	0.0012495019738556633	0.0012495019738556633
758	 LLH-4	0.0012488381789909572	0.0012488381789909572
762	 LLH-0	0.0012481653110770975	0.0012481653110770975
763	 LLH-0	0.0012652501376696143	0.0012652501376696143
764	 LLH-0	0.0012483462286402736	0.0012483462286402736
765	 LLH-1	0.0012483462286402736	0.0012483462286402736
766	 LLH-4	0.0012483462286402736	0.0012483462286402736
771	 LLH-5	0.0012480329503086027	0.0012480329503086027
772	 LLH-3	0.001252806279642125	0.001252806279642125
773	 LLH-3	0.0012783102665202472	0.001252806279642125
774	 LLH-3	0.0012889577424781739	0.001252806279642125
775	 LLH-1	0.001252806279642125	0.001252806279642125
776	 LLH-6	0.001252828392652343	0.001252828392652343
777	 LLH-0	0.001253779431817972	0.001253779431817972
778	 LLH-1	0.001253779431817972	0.001253779431817972
779	 LLH-4	0.0012528859262639683	0.0012528859262639683
784	 LLH-6	0.0012525232664776223	0.0012525232664776223
785	 LLH-3	0.001249638851269733	0.001249638851269733
786	 LLH-5	0.0012492950238079618	0.0012492950238079618
787	 LLH-4	0.0012492950238079618	0.0012492950238079618
792	 LLH-6	0.0012490748367715004	0.0012490748367715004
793	 LLH-2	0.001259978100877999	0.001259978100877999
794	 LLH-4	0.0012591916385624865	0.0012591916385624865
797	 LLH-0	0.0012597822145314662	0.0012597822145314662
798	 LLH-0	0.0012604281840131542	0.0012604281840131542
799	 LLH-0	0.0012444316773511054	0.0012444316773511054
800	 LLH-4	0.0012444316773511054	0.0012444316773511054
805	 LLH-6	0.001244957115229844	0.001244957115229844
806	 LLH-1	0.001244957115229844	0.001244957115229844
807	 LLH-3	0.001301110946347528	0.001244957115229844
808	 LLH-5	0.0012443620724634143	0.0012443620724634143
809	 LLH-4	0.0012443620724634143	0.0012443620724634143
814	 LLH-1	0.0012443620724634143	0.0012443620724634143
815	 LLH-2	0.0012597779307148113	0.0012597779307148113
816	 LLH-6	0.001260541192018017	0.001260541192018017
817	 LLH-0	0.0012612571422529726	0.0012612571422529726
818	 LLH-6	0.0012616657099438025	0.0012616657099438025
819	 LLH-1	0.0012616657099438025	0.0012616657099438025
820	 LLH-0	0.0012622957330386162	0.0012622957330386162
821	 LLH-2	0.0012692673896213427	0.0012692673896213427
822	 LLH-4	0.0012692673896213427	0.0012692673896213427
827	 LLH-6	0.0012685637527124212	0.0012685637527124212
828	 LLH-1	0.0012685637527124212	0.0012685637527124212
829	 LLH-0	0.0012693355606493368	0.0012693355606493368
830	 LLH-4	0.0012682928463097647	0.0012682928463097647
832	 LLH-0	0.0012691438548364396	0.0012691438548364396
833	 LLH-5	0.0012693432252913897	0.0012693432252913897
834	 LLH-3	0.001245962758718063	0.001245962758718063
835	 LLH-6	0.00124640614773626	0.00124640614773626
836	 LLH-0	0.0012457453385963776	0.0012457453385963776
837	 LLH-4	0.0012457453385963776	0.0012457453385963776
842	 LLH-3	0.001251714883950436	0.001251714883950436
843	 LLH-2	0.0012517579150633706	0.0012517579150633706
844	 LLH-0	0.0012524870462365966	0.0012524870462365966
845	 LLH-5	0.0012525390823931977	0.0012525390823931977
846	 LLH-5	0.0012527800036590305	0.0012527800036590305
847	 LLH-5	0.0012524237696652078	0.0012524237696652078
848	 LLH-5	0.0012527452440629428	0.0012527452440629428
849	 LLH-2	0.0012529636711160704	0.0012529636711160704
850	 LLH-2	0.001273711448087373	0.001273711448087373
851	 LLH-5	0.0012735497537315322	0.0012735497537315322
852	 LLH-0	0.0012726558591151995	0.0012726558591151995
853	 LLH-6	0.0012727721965145615	0.0012727721965145615
854	 LLH-6	0.0012735224870400509	0.0012735224870400509
855	 LLH-5	0.0012733847528185523	0.0012733847528185523
856	 LLH-0	0.0012722386211414752	0.0012722386211414752
857	 LLH-4	0.0012712529455701953	0.0012712529455701953
859	 LLH-4	0.0012712529455701953	0.0012712529455701953
864	 LLH-0	0.0012720700633656718	0.0012720700633656718
865	 LLH-4	0.001271311359631198	0.001271311359631198
867	 LLH-2	0.0012670615726960367	0.0012670615726960367
868	 LLH-1	0.0012670615726960367	0.0012670615726960367
869	 LLH-4	0.0012658500102712077	0.0012658500102712077
871	 LLH-3	0.0013345992445377166	0.0012658500102712077
872	 LLH-0	0.0012667851695895484	0.0012667851695895484
873	 LLH-6	0.0012657521512555248	0.0012657521512555248
874	 LLH-0	0.001266658295418562	0.001266658295418562
875	 LLH-3	0.0012618648132917338	0.0012618648132917338
876	 LLH-5	0.0012613903149602435	0.0012613903149602435
877	 LLH-4	0.0012613903149602435	0.0012613903149602435
882	 LLH-0	0.0012602190650856607	0.0012602190650856607
883	 LLH-1	0.0012602190650856607	0.0012602190650856607
884	 LLH-0	0.0012607685543220496	0.0012607685543220496
885	 LLH-1	0.0012605843651434185	0.0012605843651434185
886	 LLH-4	0.0012605843651434185	0.0012605843651434185
891	 LLH-0	0.0012614618307933655	0.0012614618307933655
892	 LLH-2	0.0012711152972296183	0.0012711152972296183
893	 LLH-3	0.0013272814383132833	0.0012711152972296183
894	 LLH-2	0.0012702960272985811	0.0012702960272985811
895	 LLH-2	0.0012740671411588212	0.0012740671411588212
896	 LLH-0	0.0012753224496497944	0.0012753224496497944
897	 LLH-0	0.0012761972530496513	0.0012761972530496513
898	 LLH-3	0.0013435501409583652	0.0012761972530496513
899	 LLH-1	0.0012761972530496513	0.0012761972530496513
900	 LLH-5	0.0012745782483465275	0.0012745782483465275
901	 LLH-3	0.0013738808190663374	0.0012745782483465275
902	 LLH-4	0.0012733662157807576	0.0012733662157807576
906	 LLH-2	0.001290661327933324	0.001290661327933324
907	 LLH-4	0.0012893681267550465	0.0012893681267550465
910	 LLH-3	0.0013611214582258868	0.0012893681267550465
911	 LLH-0	0.001287976522843947	0.001287976522843947
912	 LLH-5	0.001286497362371769	0.001286497362371769
913	 LLH-6	0.0012884035087141897	0.0012884035087141897
914	 LLH-0	0.0012893867657301932	0.0012893867657301932
915	 LLH-3	0.0012548640933044016	0.0012548640933044016
916	 LLH-0	0.0012555108916939331	0.0012555108916939331
917	 LLH-4	0.0012547721354620352	0.0012547721354620352
921	 LLH-2	0.00126355909194124	0.00126355909194124
922	 LLH-1	0.0012636753744417878	0.0012636753744417878
923	 LLH-2	0.0012729488284572083	0.0012729488284572083
924	 LLH-3	0.0013142675293182928	0.0013142675293182928
925	 LLH-4	0.0013125182964629865	0.0013125182964629865
928	 LLH-1	0.0013125182964629865	0.0013125182964629865
929	 LLH-1	0.0013125819071477234	0.0013125819071477234
930	 LLH-5	0.0013131330324086263	0.0013131330324086263
931	 LLH-5	0.0013134426436989246	0.0013134426436989246
932	 LLH-4	0.0013121359567404237	0.0013121359567404237
935	 LLH-2	0.0013178193312941113	0.0013178193312941113
936	 LLH-2	0.0013247519501695655	0.0013247519501695655
937	 LLH-0	0.0013260210922234315	0.0013260210922234315
938	 LLH-2	0.0013194499390237497	0.0013194499390237497
939	 LLH-5	0.001318885708023649	0.001318885708023649
940	 LLH-5	0.0013195931410290365	0.0013195931410290365
941	 LLH-4	0.0013179038057759148	0.0013179038057759148
943	 LLH-3	0.0012767541623208397	0.0012767541623208397
944	 LLH-5	0.0012768343885970796	0.0012768343885970796
945	 LLH-5	0.0012761144964582717	0.0012761144964582717
946	 LLH-0	0.0012768500977316337	0.0012768500977316337
947	 LLH-0	0.0012777651148633193	0.0012777651148633193
948	 LLH-4	0.0012766799978755022	0.0012766799978755022
951	 LLH-5	0.0012778101655956011	0.0012778101655956011
952	 LLH-5	0.00127823932979124	0.00127823932979124
953	 LLH-1	0.0012781670339968786	0.0012781670339968786
954	 LLH-3	0.0013256162633180743	0.0012781670339968786
955	 LLH-1	0.001277994791968467	0.001277994791968467
956	 LLH-4	0.001277056706136284	0.001277056706136284
961	 LLH-3	0.00124779838061829	0.00124779838061829
962	 LLH-1	0.0012477613627851435	0.0012477613627851435
963	 LLH-1	0.0012477613627851435	0.0012477613627851435
964	 LLH-0	0.001248514484781794	0.001248514484781794
965	 LLH-6	0.0012490285745137169	0.0012490285745137169
966	 LLH-2	0.0012679618987622271	0.0012679618987622271
967	 LLH-5	0.001267063753805404	0.001267063753805404
968	 LLH-6	0.0012661540956717138	0.0012661540956717138
969	 LLH-3	0.0013257398213298904	0.0012661540956717138
970	 LLH-4	0.0012661540956717138	0.0012661540956717138
975	 LLH-0	0.0012654383501428848	0.0012654383501428848
976	 LLH-2	0.0012625541287854699	0.0012625541287854699
977	 LLH-0	0.0012632661066213071	0.0012632661066213071
978	 LLH-4	0.0012632661066213071	0.0012632661066213071
983	 LLH-4	0.0012632661066213071	0.0012632661066213071
988	 LLH-3	0.0013416985277991834	0.0012632661066213071
989	 LLH-1	0.0012632661066213071	0.0012632661066213071
990	 LLH-5	0.0012640293452614289	0.0012640293452614289
991	 LLH-3	0.0013106069185307289	0.0013106069185307289
992	 LLH-4	0.0013090524807486308	0.0013090524807486308
996	 LLH-4	0.0013077326986214604	0.0013077326986214604
998	 LLH-1	0.0013077326986214604	0.0013077326986214604
999	 LLH-5	0.0013077006623540268	0.0013077006623540268
1000	 LLH-2	0.0013066960247032642	0.0013066960247032642
1001	 LLH-4	0.0013049690220844432	0.0013049690220844432
1004	 LLH-5	0.0013035845149699365	0.0013035845149699365
1005	 LLH-1	0.0013035142393920743	0.0013035142393920743
1006	 LLH-2	0.00131122696159631	0.00131122696159631
1007	 LLH-0	0.001312917503997157	0.001312917503997157
1008	 LLH-1	0.001312917503997157	0.001312917503997157
1009	 LLH-5	0.0013131601386927824	0.0013131601386927824
1010	 LLH-0	0.0013145515179259922	0.0013145515179259922
1011	 LLH-2	0.0013159873703904204	0.0013159873703904204
1012	 LLH-1	0.0013155774066859387	0.0013155774066859387
1013	 LLH-0	0.0013170784829976533	0.0013170784829976533
1014	 LLH-0	0.0013188480020453188	0.0013188480020453188
1015	 LLH-2	0.0013130913282702603	0.0013130913282702603
1016	 LLH-4	0.0013114356907220025	0.0013114356907220025
1019	 LLH-5	0.0013116576416890172	0.0013116576416890172
1020	 LLH-0	0.0013100413112444222	0.0013100413112444222
1021	 LLH-2	0.0013080957145589344	0.0013080957145589344
1022	 LLH-1	0.0013080957145589344	0.0013080957145589344
1023	 LLH-3	0.0012627629702093271	0.0012627629702093271
1024	 LLH-2	0.0012737234130271737	0.0012627629702093271
1025	 LLH-2	0.001280886904109576	0.0012627629702093271
1026	 LLH-4	0.0012618522733405207	0.0012618522733405207
1030	 LLH-6	0.001262133798473672	0.001262133798473672
1031	 LLH-5	0.0012624605619941116	0.0012624605619941116
1032	 LLH-5	0.0012624550907260838	0.0012624550907260838
1033	 LLH-1	0.0012624550907260838	0.0012624550907260838
1034	 LLH-5	0.001263208663526123	0.001263208663526123
1035	 LLH-4	0.0012622642402851899	0.0012622642402851899
1037	 LLH-0	0.0012814892142676353	0.0012622642402851899
1038	 LLH-2	0.001278938713887924	0.001278938713887924
1039	 LLH-2	0.0012912884359563804	0.0012912884359563804
1040	 LLH-0	0.001290168652553767	0.001290168652553767
1041	 LLH-1	0.001290168652553767	0.001290168652553767
1042	 LLH-3	0.0012602934897137962	0.0012602934897137962
1043	 LLH-1	0.0012602472305066773	0.0012602472305066773
1044	 LLH-6	0.0012579075576157285	0.0012579075576157285
1045	 LLH-5	0.0012586914677158512	0.0012586914677158512
1046	 LLH-2	0.0012579823964416397	0.0012579823964416397
1047	 LLH-3	0.0012473018295783471	0.0012473018295783471
1048	 LLH-1	0.0012473018295783471	0.0012473018295783471
1049	 LLH-0	0.0012478597421491878	0.0012478597421491878
1050	 LLH-2	0.0012586821930963801	0.0012586821930963801
1051	 LLH-5	0.0012585166735410921	0.0012585166735410921
1052	 LLH-2	0.001255529300318598	0.001255529300318598
1053	 LLH-5	0.0012549581181420999	0.0012549581181420999
1054	 LLH-1	0.0012549581181420999	0.0012549581181420999
1055	 LLH-3	0.0012517523428754009	0.0012517523428754009
1056	 LLH-5	0.0012524201886570637	0.0012524201886570637
1057	 LLH-2	0.001256651139219074	0.001256651139219074
1058	 LLH-0	0.001255958449914101	0.001255958449914101
1059	 LLH-2	0.0012685950348326114	0.0012685950348326114
1060	 LLH-0	0.0012677856780518191	0.0012677856780518191
1061	 LLH-2	0.0012768036064169065	0.0012768036064169065
1062	 LLH-6	0.0012759510993645524	0.0012759510993645524
1063	 LLH-0	0.0012749805730677046	0.0012749805730677046
1064	 LLH-6	0.0012738306405786631	0.0012738306405786631
1065	 LLH-4	0.0012738306405786631	0.0012738306405786631
1070	 LLH-6	0.001276773171250905	0.001276773171250905
1071	 LLH-5	0.0012777585474104641	0.0012777585474104641
1072	 LLH-3	0.0012587411258405286	0.0012587411258405286
1073	 LLH-4	0.0012581384163121696	0.0012581384163121696
1076	 LLH-5	0.001257519221921803	0.001257519221921803
1077	 LLH-4	0.001257519221921803	0.001257519221921803
1082	 LLH-0	0.0012581997339845563	0.0012581997339845563
1083	 LLH-0	0.0012574096302320043	0.0012574096302320043
1084	 LLH-6	0.0012587773744539774	0.0012587773744539774
1085	 LLH-2	0.0012567066285398896	0.0012567066285398896
1086	 LLH-2	0.0012627038048305358	0.0012567066285398896
1087	 LLH-1	0.0012567066285398896	0.0012567066285398896
1088	 LLH-0	0.0012560439365644736	0.0012560439365644736
1089	 LLH-1	0.0012560439365644736	0.0012560439365644736
1090	 LLH-4	0.0012560439365644736	0.0012560439365644736
1095	 LLH-2	0.0012623080811440242	0.0012623080811440242
1096	 LLH-1	0.00126227252297513	0.00126227252297513
1097	 LLH-0	0.0012612845557584199	0.0012612845557584199
1098	 LLH-6	0.0012592812959356288	0.0012592812959356288
1099	 LLH-4	0.0012585199389839236	0.0012585199389839236
1101	 LLH-4	0.0012585199389839236	0.0012585199389839236
1106	 LLH-5	0.0012591545272468195	0.0012591545272468195
1107	 LLH-1	0.0012591545272468195	0.0012591545272468195
1108	 LLH-1	0.0012591545272468195	0.0012591545272468195
1109	 LLH-5	0.0012590939585673028	0.0012590939585673028
1110	 LLH-0	0.0012601557481019107	0.0012601557481019107
1111	 LLH-1	0.0012601557481019107	0.0012601557481019107
1112	 LLH-6	0.0012619581532044523	0.0012619581532044523
1113	 LLH-5	0.0012624663660467316	0.0012624663660467316
1114	 LLH-4	0.0012618427465975514	0.0012618427465975514
1118	 LLH-5	0.0012615863399892354	0.0012615863399892354
1119	 LLH-3	0.0013174470357123873	0.0012615863399892354
1120	 LLH-6	0.0012622886859616678	0.0012622886859616678
1121	 LLH-5	0.0012619325938665513	0.0012619325938665513
1122	 LLH-3	0.0012505560590900197	0.0012505560590900197
1123	 LLH-6	0.001249253555487372	0.001249253555487372
1124	 LLH-5	0.0012482313905504434	0.0012482313905504434
1125	 LLH-1	0.0012482313905504434	0.0012482313905504434
1126	 LLH-1	0.0012482313905504434	0.0012482313905504434
1127	 LLH-1	0.0012481530703299815	0.0012481530703299815
1128	 LLH-1	0.0012481530703299815	0.0012481530703299815
1129	 LLH-3	0.0012441997777456351	0.0012441997777456351
1130	 LLH-1	0.0012441997777456351	0.0012441997777456351
1131	 LLH-3	0.0012554774102524833	0.0012441997777456351
1132	 LLH-0	0.0012446507324203476	0.0012446507324203476
1133	 LLH-5	0.0012450502940179404	0.0012450502940179404
1134	 LLH-2	0.001257970082565115	0.001257970082565115
1135	 LLH-4	0.001257132493236134	0.001257132493236134
1139	 LLH-5	0.0012559033528883794	0.0012559033528883794
1140	 LLH-4	0.0012559033528883794	0.0012559033528883794
1145	 LLH-0	0.0012564590091808825	0.0012559033528883794
1146	 LLH-3	0.001259505236186162	0.001259505236186162
1147	 LLH-3	0.0012711590071077348	0.001259505236186162
1148	 LLH-6	0.0012587901187351255	0.0012587901187351255
1149	 LLH-3	0.001285580314963824	0.001285580314963824
1150	 LLH-0	0.0012843679009539573	0.0012843679009539573
1151	 LLH-5	0.001285362247527592	0.001285362247527592
1152	 LLH-5	0.001284867072132551	0.001284867072132551
1153	 LLH-6	0.0012861915736283199	0.0012861915736283199
1154	 LLH-2	0.0012860552736714674	0.0012860552736714674
1155	 LLH-6	0.0012865011991346608	0.0012865011991346608
1156	 LLH-5	0.0012852946679181684	0.0012852946679181684
1157	 LLH-6	0.0012868949884140947	0.0012868949884140947
1158	 LLH-4	0.0012868949884140947	0.0012868949884140947
1163	 LLH-5	0.001287191544683834	0.001287191544683834
1164	 LLH-6	0.001286583110058243	0.001286583110058243
1165	 LLH-5	0.001286989448495503	0.001286989448495503
1166	 LLH-5	0.001288144176315639	0.001288144176315639
1167	 LLH-2	0.0012911402815085906	0.0012911402815085906
1168	 LLH-1	0.0012911925857798183	0.0012911925857798183
1169	 LLH-3	0.0012656026408549158	0.0012656026408549158
1170	 LLH-5	0.0012659768536200206	0.0012659768536200206
1171	 LLH-2	0.0012717822285456123	0.0012659768536200206
1172	 LLH-2	0.0012608935260740796	0.0012608935260740796
1173	 LLH-0	0.00126019666960246	0.00126019666960246
1174	 LLH-0	0.001259314341598157	0.001259314341598157
1175	 LLH-1	0.001259314341598157	0.001259314341598157
1176	 LLH-4	0.0012584140479007775	0.0012584140479007775
1178	 LLH-0	0.0012595208972759056	0.0012595208972759056
1179	 LLH-1	0.0012595046878103814	0.0012595046878103814
1180	 LLH-2	0.0012819234573036627	0.0012595046878103814
1181	 LLH-4	0.0012587724452061348	0.0012587724452061348
1185	 LLH-3	0.0013256425943916858	0.0012587724452061348
1186	 LLH-6	0.0012579016753551833	0.0012579016753551833
1187	 LLH-5	0.001257399004202094	0.001257399004202094
1188	 LLH-2	0.0012626820915180102	0.0012626820915180102
1189	 LLH-4	0.0012626820915180102	0.0012626820915180102
1194	 LLH-3	0.001349611167053975	0.0012626820915180102
1195	 LLH-2	0.0012872235185920457	0.0012626820915180102
1196	 LLH-1	0.0012626820915180102	0.0012626820915180102
1197	 LLH-2	0.0012745136055290261	0.0012626820915180102
1198	 LLH-6	0.0012636601874021342	0.0012626820915180102
1199	 LLH-5	0.0012633610202185703	0.0012633610202185703
1200	 LLH-6	0.0012635936147230155	0.0012635936147230155
1201	 LLH-4	0.0012635936147230155	0.0012635936147230155
1206	 LLH-4	0.0012635936147230155	0.0012635936147230155
1211	 LLH-6	0.0012613177263858422	0.0012613177263858422
1212	 LLH-5	0.001261906490535047	0.001261906490535047
1213	 LLH-3	0.0012523997752490923	0.0012523997752490923
1214	 LLH-6	0.0012536554193351944	0.0012536554193351944
1215	 LLH-4	0.0012536554193351944	0.0012536554193351944
1220	 LLH-0	0.0012542573241423741	0.0012542573241423741
1221	 LLH-6	0.001252617649397316	0.001252617649397316
1222	 LLH-5	0.0012523647755593005	0.0012523647755593005
1223	 LLH-4	0.0012523647755593005	0.0012523647755593005
1228	 LLH-4	0.0012516763893826038	0.0012516763893826038
1230	 LLH-6	0.0012502847848705348	0.0012502847848705348
1231	 LLH-5	0.0012509966706794279	0.0012509966706794279
1232	 LLH-6	0.0012502460284101215	0.0012502460284101215
1233	 LLH-4	0.0012494936469471733	0.0012494936469471733
1236	 LLH-6	0.0012497891297074788	0.0012497891297074788
1237	 LLH-0	0.0012489318577254855	0.0012489318577254855
1238	 LLH-4	0.0012480268699704609	0.0012480268699704609
1241	 LLH-6	0.0012499708077798155	0.0012480268699704609
1242	 LLH-1	0.0012480268699704609	0.0012480268699704609
1243	 LLH-3	0.0012577562373995228	0.0012480268699704609
1244	 LLH-6	0.001249555413527048	0.001249555413527048
1245	 LLH-6	0.0012504356525241261	0.0012504356525241261
1246	 LLH-4	0.001249364743079455	0.001249364743079455
1248	 LLH-0	0.0012665226303444086	0.001249364743079455
1249	 LLH-4	0.001249364743079455	0.001249364743079455
1254	 LLH-0	0.0012501394138011194	0.0012501394138011194
1255	 LLH-2	0.0012612267467138362	0.0012501394138011194
1256	 LLH-0	0.0012509328546264793	0.0012509328546264793
1257	 LLH-4	0.001250252325109573	0.001250252325109573
1261	 LLH-3	0.0013267167382548337	0.001250252325109573
1262	 LLH-0	0.0012510054228322784	0.001250252325109573
1263	 LLH-5	0.0012503100258757043	0.0012503100258757043
1264	 LLH-6	0.0012527123611389957	0.0012527123611389957
1265	 LLH-6	0.0012522968010229534	0.0012522968010229534
1266	 LLH-3	0.0012946773636254671	0.0012522968010229534
1267	 LLH-3	0.0013186393658025214	0.0012522968010229534
1268	 LLH-2	0.001256275243191472	0.0012522968010229534
1269	 LLH-3	0.0012508981604433388	0.0012508981604433388
1270	 LLH-4	0.0012508981604433388	0.0012508981604433388
1275	 LLH-0	0.0012516245779711807	0.0012516245779711807
1276	 LLH-2	0.001263692276417905	0.0012516245779711807
1277	 LLH-3	0.00129513976771387	0.0012516245779711807
1278	 LLH-4	0.0012510286430524808	0.0012510286430524808
1281	 LLH-3	0.0012470680955302233	0.0012470680955302233
1282	 LLH-2	0.0012547880112111884	0.0012547880112111884
1283	 LLH-1	0.0012546377665228902	0.0012546377665228902
1284	 LLH-0	0.001255558699526189	0.001255558699526189
1285	 LLH-4	0.0012548776841709648	0.0012548776841709648
1289	 LLH-3	0.0012512617918946057	0.0012512617918946057
1290	 LLH-4	0.0012512617918946057	0.0012512617918946057
1295	 LLH-0	0.0012518451914132116	0.0012518451914132116
1296	 LLH-2	0.0012615579512129113	0.0012518451914132116
1297	 LLH-1	0.0012518451914132116	0.0012518451914132116
1298	 LLH-6	0.0012516251166691918	0.0012516251166691918
1299	 LLH-1	0.0012516251166691918	0.0012516251166691918
1300	 LLH-6	0.0012516529294385884	0.0012516529294385884
1301	 LLH-4	0.0012516529294385884	0.0012516529294385884
1306	 LLH-3	0.0012817849978354117	0.0012516529294385884
1307	 LLH-1	0.0012516529294385884	0.0012516529294385884
1308	 LLH-1	0.0012516529294385884	0.0012516529294385884
1309	 LLH-3	0.0012784134263828521	0.0012784134263828521
1310	 LLH-1	0.0012784134263828521	0.0012784134263828521
1311	 LLH-3	0.0012581296633054622	0.0012581296633054622
1312	 LLH-0	0.0012573508430250397	0.0012573508430250397
1313	 LLH-6	0.0012556237208455347	0.0012556237208455347
1314	 LLH-4	0.0012548674144477157	0.0012548674144477157
1317	 LLH-1	0.0012548674144477157	0.0012548674144477157
1318	 LLH-2	0.0012683408627255568	0.0012548674144477157
1319	 LLH-6	0.0012534528077858516	0.0012534528077858516
1320	 LLH-0	0.0012524618895995237	0.0012524618895995237
1321	 LLH-1	0.0012524618895995237	0.0012524618895995237
1322	 LLH-2	0.0012671709441724232	0.0012524618895995237
1323	 LLH-1	0.0012524618895995237	0.0012524618895995237
1324	 LLH-4	0.0012517027623416316	0.0012517027623416316
1327	 LLH-2	0.00125464475399965	0.00125464475399965
1328	 LLH-4	0.0012538520908540753	0.0012538520908540753
1331	 LLH-6	0.0012540321428914896	0.0012540321428914896
1332	 LLH-3	0.001260860840387868	0.0012540321428914896
1333	 LLH-2	0.0012742267487188574	0.0012540321428914896
1334	 LLH-5	0.001253218492100729	0.001253218492100729
1335	 LLH-2	0.0012636321634460325	0.0012636321634460325
1336	 LLH-4	0.0012626764067683886	0.0012626764067683886
1341	 LLH-4	0.0012617755095635866	0.0012617755095635866
1343	 LLH-6	0.0012632629475305332	0.0012632629475305332
1344	 LLH-2	0.0012775042605547376	0.0012775042605547376
1345	 LLH-6	0.0012770773386980884	0.0012770773386980884
1346	 LLH-2	0.0012814417882823742	0.0012814417882823742
1347	 LLH-4	0.0012805153833991326	0.0012805153833991326
1351	 LLH-1	0.0012805153833991326	0.0012805153833991326
1352	 LLH-5	0.001279603203345003	0.001279603203345003
1353	 LLH-6	0.001278580488290625	0.001278580488290625
1354	 LLH-4	0.0012774181684478915	0.0012774181684478915
1356	 LLH-6	0.0012771163240514406	0.0012771163240514406
1357	 LLH-1	0.0012771163240514406	0.0012771163240514406
1358	 LLH-0	0.0012783713838425445	0.0012783713838425445
1359	 LLH-5	0.0012790023216134603	0.0012790023216134603
1360	 LLH-2	0.0012887471536431102	0.0012790023216134603
1361	 LLH-1	0.0012787468144074229	0.0012787468144074229
1362	 LLH-3	0.001267084885243381	0.001267084885243381
1363	 LLH-2	0.0012627488843391416	0.0012627488843391416
1364	 LLH-6	0.0012624524368986508	0.0012624524368986508
1365	 LLH-3	0.0013288915733340114	0.0012624524368986508
1366	 LLH-0	0.0012633032531581875	0.0012633032531581875
1367	 LLH-2	0.0012632274829956235	0.0012632274829956235
1368	 LLH-2	0.0012838952039563748	0.0012632274829956235
1369	 LLH-5	0.0012634335709985221	0.0012634335709985221
1370	 LLH-6	0.0012652298305399733	0.0012634335709985221
1371	 LLH-3	0.001353694253741961	0.0012634335709985221
1372	 LLH-0	0.0012644584396357432	0.0012644584396357432
1373	 LLH-5	0.0012650153540882912	0.0012650153540882912
1374	 LLH-2	0.0012779955166736289	0.0012650153540882912
1375	 LLH-1	0.0012650050989179745	0.0012650050989179745
1376	 LLH-5	0.0012665071942126243	0.0012665071942126243
1377	 LLH-6	0.0012677927486446458	0.0012665071942126243
1378	 LLH-0	0.0012674811843332622	0.0012674811843332622
1379	 LLH-3	0.001327771577968456	0.0012674811843332622
1380	 LLH-4	0.0012665721577734166	0.0012665721577734166
1384	 LLH-2	0.001274669626232884	0.0012665721577734166
1385	 LLH-2	0.0012798352525513292	0.0012665721577734166
1386	 LLH-0	0.001267587781423098	0.001267587781423098
1387	 LLH-1	0.0012675571741247306	0.0012675571741247306
1388	 LLH-1	0.0012677115275765713	0.0012677115275765713
1389	 LLH-4	0.0012668496321768285	0.0012668496321768285
1393	 LLH-4	0.0012660862588620885	0.0012660862588620885
1398	 LLH-0	0.0012650223474889577	0.0012650223474889577
1399	 LLH-5	0.0012645170707685216	0.0012645170707685216
1400	 LLH-4	0.0012634793629397018	0.0012634793629397018
1403	 LLH-6	0.001261485575774529	0.001261485575774529
1404	 LLH-5	0.0012618499779319422	0.0012618499779319422
1405	 LLH-0	0.001262693162382256	0.001262693162382256
1406	 LLH-6	0.0012626920148586657	0.0012626920148586657
1407	 LLH-4	0.0012617776921116674	0.0012617776921116674
1409	 LLH-3	0.0013425050695064337	0.0012617776921116674
1410	 LLH-6	0.0012617373434072917	0.0012617373434072917
1411	 LLH-4	0.0012605557546932263	0.0012605557546932263
1413	 LLH-5	0.0012608816937444318	0.0012608816937444318
1414	 LLH-5	0.001261980352181117	0.001261980352181117
1415	 LLH-2	0.00127210670093143	0.001261980352181117
1416	 LLH-5	0.001261075634463951	0.001261075634463951
1417	 LLH-3	0.0013266824195936288	0.001261075634463951
1418	 LLH-4	0.0012599142495436292	0.0012599142495436292
1420	 LLH-0	0.0012590570745688691	0.0012590570745688691
1421	 LLH-2	0.0012765966120556215	0.0012590570745688691
1422	 LLH-6	0.0012583844253132922	0.0012583844253132922
1423	 LLH-5	0.001259048592276305	0.001259048592276305
1424	 LLH-1	0.001259048592276305	0.001259048592276305
1425	 LLH-3	0.0012515807131574816	0.0012515807131574816
1426	 LLH-2	0.0012558424086965797	0.0012558424086965797
1427	 LLH-0	0.0012552070699533868	0.0012552070699533868
1428	 LLH-5	0.001254566926868882	0.001254566926868882
1429	 LLH-6	0.0012543532443246126	0.0012543532443246126
1430	 LLH-0	0.0012549735893340862	0.0012549735893340862
1431	 LLH-0	0.0012541137035942532	0.0012541137035942532
1432	 LLH-3	0.0013164924696370565	0.0012541137035942532
1433	 LLH-5	0.0012529382125932677	0.0012529382125932677
1434	 LLH-4	0.0012519430429079124	0.0012519430429079124
1436	 LLH-2	0.001272886602673981	0.0012519430429079124
1437	 LLH-2	0.0012705861922221603	0.0012519430429079124
1438	 LLH-3	0.0012570580453701648	0.0012570580453701648
1439	 LLH-3	0.001250907067552383	0.001250907067552383
1440	 LLH-1	0.001250907067552383	0.001250907067552383
1441	 LLH-2	0.0012501499532380125	0.0012501499532380125
1442	 LLH-5	0.0012508163264807132	0.0012508163264807132
1443	 LLH-1	0.001250431025439397	0.001250431025439397
1444	 LLH-3	0.0012952513430450764	0.001250431025439397
1445	 LLH-0	0.0012509593720175984	0.0012509593720175984
1446	 LLH-2	0.001264619109822619	0.0012509593720175984
1447	 LLH-0	0.0012502477816197346	0.0012502477816197346
1448	 LLH-3	0.0012909999059918839	0.0012502477816197346
1449	 LLH-6	0.0012499312317121815	0.0012499312317121815
1450	 LLH-1	0.0012499312317121815	0.0012499312317121815
1451	 LLH-6	0.0012505969078539458	0.0012505969078539458
1452	 LLH-3	0.0012554812859245496	0.0012554812859245496
1453	 LLH-5	0.001255163154402323	0.001255163154402323
1454	 LLH-3	0.0012547993028892152	0.0012547993028892152
1455	 LLH-3	0.0012452302515271623	0.0012452302515271623
1456	 LLH-6	0.0012462288428739244	0.0012452302515271623
1457	 LLH-2	0.001256688793948465	0.0012452302515271623
1458	 LLH-6	0.0012455487229973993	0.0012455487229973993
1459	 LLH-6	0.0012456620210346274	0.0012456620210346274
1460	 LLH-1	0.0012456620210346274	0.0012456620210346274
1461	 LLH-1	0.0012456620210346274	0.0012456620210346274
1462	 LLH-5	0.001245265584739634	0.001245265584739634
1463	 LLH-2	0.001242029952500976	0.001242029952500976
1464	 LLH-4	0.001242029952500976	0.001242029952500976
1469	 LLH-2	0.0012607815819302805	0.001242029952500976
1470	 LLH-3	0.0012901155753027973	0.001242029952500976
1471	 LLH-3	0.0012885903772644836	0.001242029952500976
1472	 LLH-6	0.0012417348707880725	0.0012417348707880725
1473	 LLH-5	0.0012415714652303238	0.0012415714652303238
1474	 LLH-4	0.0012415714652303238	0.0012415714652303238
1479	 LLH-1	0.0012415714652303238	0.0012415714652303238
1480	 LLH-1	0.001241649853153657	0.001241649853153657
1481	 LLH-3	0.0012801284860125403	0.001241649853153657
1482	 LLH-4	0.001241649853153657	0.001241649853153657
1487	 LLH-5	0.0012425347881536422	0.001241649853153657
1488	 LLH-6	0.00124190273711552	0.00124190273711552
1489	 LLH-2	0.0012481053664227138	0.0012481053664227138
1490	 LLH-6	0.0012508855880198934	0.0012508855880198934
1491	 LLH-3	0.0012916986713922248	0.0012508855880198934
1492	 LLH-0	0.0012514749166641676	0.0012514749166641676
1493	 LLH-6	0.0012499466156226735	0.0012499466156226735
1494	 LLH-6	0.0012488339098449363	0.0012488339098449363
1495	 LLH-5	0.0012487846681768656	0.0012487846681768656
1496	 LLH-6	0.0012504607081445813	0.0012487846681768656
1497	 LLH-3	0.0012856721576235894	0.0012487846681768656
1498	 LLH-6	0.001248225700595395	0.001248225700595395
1499	 LLH-3	0.0012559812591488757	0.001248225700595395
1500	 LLH-6	0.0012491264171747532	0.0012491264171747532
1501	 LLH-4	0.001248400707094315	0.001248400707094315
1504	 LLH-6	0.001248212661364289	0.001248212661364289
1505	 LLH-6	0.001247789609686182	0.001247789609686182
1506	 LLH-5	0.0012488372296336617	0.0012488372296336617
1507	 LLH-0	0.001249439418338172	0.001249439418338172
1508	 LLH-3	0.0012555393474357442	0.001249439418338172
1509	 LLH-5	0.001249532825273611	0.001249532825273611
1510	 LLH-2	0.0012514183321686956	0.0012514183321686956
1511	 LLH-6	0.001250698250059615	0.001250698250059615
1512	 LLH-4	0.0012499826696493667	0.0012499826696493667
1516	 LLH-1	0.0012499826696493667	0.0012499826696493667
1517	 LLH-0	0.0012505703768818466	0.0012505703768818466
1518	 LLH-1	0.0012505703768818466	0.0012505703768818466
1519	 LLH-3	0.0012501451468931806	0.0012501451468931806
1520	 LLH-1	0.0012502852464443659	0.0012502852464443659
1521	 LLH-1	0.0012502852464443659	0.0012502852464443659
1522	 LLH-5	0.0012503223302593996	0.0012503223302593996
1523	 LLH-2	0.001260867617983037	0.001260867617983037
1524	 LLH-6	0.0012604234956686117	0.0012604234956686117
1525	 LLH-4	0.0012594722267416905	0.0012594722267416905
1528	 LLH-4	0.0012594722267416905	0.0012594722267416905
1533	 LLH-5	0.0012596941636273955	0.0012596941636273955
1534	 LLH-6	0.0012590826038344186	0.0012590826038344186
1535	 LLH-1	0.0012590826038344186	0.0012590826038344186
1536	 LLH-6	0.0012595350282830497	0.0012590826038344186
1537	 LLH-0	0.0012584493890810784	0.0012584493890810784
1538	 LLH-4	0.0012579605134145925	0.0012579605134145925
1540	 LLH-1	0.0012579605134145925	0.0012579605134145925
1541	 LLH-3	0.0012542501851353321	0.0012542501851353321
1542	 LLH-4	0.0012537407805032178	0.0012537407805032178
1546	 LLH-0	0.0012543299553568867	0.0012537407805032178
1547	 LLH-0	0.001252924501049567	0.001252924501049567
1548	 LLH-6	0.0012513231550921292	0.0012513231550921292
1549	 LLH-0	0.0012518737595129535	0.0012518737595129535
1550	 LLH-2	0.0012557776184628046	0.0012557776184628046
1551	 LLH-3	0.0012491579097375163	0.0012491579097375163
1552	 LLH-1	0.0012491579097375163	0.0012491579097375163
1553	 LLH-5	0.0012491834508205908	0.0012491834508205908
1554	 LLH-0	0.0012498154081975329	0.0012498154081975329
1555	 LLH-5	0.0012500689143672137	0.0012500689143672137
1556	 LLH-4	0.0012500689143672137	0.0012500689143672137
1561	 LLH-5	0.001250030998925407	0.001250030998925407
1562	 LLH-6	0.0012499996369565393	0.0012499996369565393
1563	 LLH-2	0.0012612309726634126	0.0012499996369565393
1564	 LLH-2	0.0012494434468511807	0.0012494434468511807
1565	 LLH-1	0.0012494434468511807	0.0012494434468511807
1566	 LLH-4	0.0012488314086962688	0.0012488314086962688
1568	 LLH-0	0.0012494030815369764	0.0012494030815369764
1569	 LLH-4	0.0012487585465695856	0.0012487585465695856
1574	 LLH-4	0.0012487585465695856	0.0012487585465695856
1579	 LLH-6	0.0012483147076227273	0.0012483147076227273
1580	 LLH-0	0.0012492896012342406	0.0012492896012342406
1581	 LLH-0	0.001249901685073244	0.001249901685073244
1582	 LLH-4	0.0012490267221707176	0.0012490267221707176
1584	 LLH-2	0.0012542123253559425	0.0012490267221707176
1585	 LLH-0	0.0012495907837021193	0.0012490267221707176
1586	 LLH-3	0.0013016877114658178	0.0012490267221707176
1587	 LLH-1	0.0012490267221707176	0.0012490267221707176
1588	 LLH-4	0.0012484654976945616	0.0012484654976945616
1593	 LLH-3	0.0012441221957350597	0.0012441221957350597
1594	 LLH-6	0.0012447095710336994	0.0012447095710336994
1595	 LLH-2	0.0012629042026791805	0.0012447095710336994
1596	 LLH-2	0.0012530102818850458	0.0012447095710336994
1597	 LLH-2	0.0012596844683588264	0.0012447095710336994
1598	 LLH-5	0.0012445477653708918	0.0012445477653708918
1599	 LLH-0	0.001244992371652632	0.001244992371652632
1600	 LLH-3	0.0012863058310052015	0.001244992371652632
1601	 LLH-1	0.001244992371652632	0.001244992371652632
1602	 LLH-5	0.001245442513148835	0.001245442513148835
1603	 LLH-4	0.0012449701064674958	0.0012449701064674958
1606	 LLH-2	0.0012584673573627658	0.0012449701064674958
1607	 LLH-4	0.0012449701064674958	0.0012449701064674958
1612	 LLH-4	0.0012449701064674958	0.0012449701064674958
1617	 LLH-4	0.0012449701064674958	0.0012449701064674958
1622	 LLH-0	0.0012454688968336128	0.0012454688968336128
1623	 LLH-5	0.001245768218488454	0.001245768218488454
1624	 LLH-4	0.0012451980674881395	0.0012451980674881395
1626	 LLH-2	0.0012557534738644185	0.0012451980674881395
1627	 LLH-1	0.0012451980674881395	0.0012451980674881395
1628	 LLH-1	0.0012451980674881395	0.0012451980674881395
1629	 LLH-4	0.0012451980674881395	0.0012451980674881395
1634	 LLH-5	0.0012450704963218764	0.0012450704963218764
1635	 LLH-3	0.00124732557451387	0.00124732557451387
1636	 LLH-5	0.0012475459856328378	0.0012475459856328378
1637	 LLH-4	0.0012475459856328378	0.0012475459856328378
1642	 LLH-3	0.00129220650678467	0.0012475459856328378
1643	 LLH-3	0.0012832991464276915	0.0012475459856328378
1644	 LLH-6	0.0012467649944959151	0.0012467649944959151
1645	 LLH-1	0.0012467649944959151	0.0012467649944959151
1646	 LLH-1	0.0012468675264931633	0.0012468675264931633
1647	 LLH-0	0.0012472863486891368	0.0012468675264931633
1648	 LLH-5	0.0012471412406047117	0.0012471412406047117
1649	 LLH-1	0.0012471412406047117	0.0012471412406047117
1650	 LLH-5	0.0012475024987356996	0.0012471412406047117
1651	 LLH-6	0.0012455631544518425	0.0012455631544518425
1652	 LLH-1	0.0012455631544518425	0.0012455631544518425
1653	 LLH-3	0.0012493717963182602	0.0012455631544518425
1654	 LLH-1	0.0012455631544518425	0.0012455631544518425
1655	 LLH-6	0.0012459317603155714	0.0012455631544518425
1656	 LLH-6	0.00124547639371807	0.00124547639371807
1657	 LLH-5	0.0012460043078440734	0.0012460043078440734
1658	 LLH-2	0.0012482074935821065	0.0012460043078440734
1659	 LLH-1	0.0012460043078440734	0.0012460043078440734
1660	 LLH-4	0.0012455621168846712	0.0012455621168846712
1662	 LLH-1	0.0012455621168846712	0.0012455621168846712
1663	 LLH-5	0.001245668538106769	0.001245668538106769
1664	 LLH-3	0.0012766870780636782	0.001245668538106769
1665	 LLH-5	0.0012456877735266374	0.0012456877735266374
1666	 LLH-0	0.0012449169801537726	0.0012449169801537726
1667	 LLH-5	0.001245155030595378	0.001245155030595378
1668	 LLH-2	0.0012589371123271293	0.001245155030595378
1669	 LLH-3	0.0012858783572573386	0.001245155030595378
1670	 LLH-2	0.001259867446983627	0.001245155030595378
1671	 LLH-3	0.0012764354318668854	0.001245155030595378
1672	 LLH-5	0.0012453725435249636	0.0012453725435249636
1673	 LLH-5	0.0012451754030923666	0.0012451754030923666
1674	 LLH-4	0.0012451754030923666	0.0012451754030923666
1679	 LLH-1	0.0012451754030923666	0.0012451754030923666
1680	 LLH-0	0.0012456605174244206	0.0012456605174244206
1681	 LLH-5	0.0012456605174244206	0.0012456605174244206
1682	 LLH-4	0.0012456605174244206	0.0012456605174244206
1687	 LLH-1	0.0012456605174244206	0.0012456605174244206
1688	 LLH-3	0.0012531411841691421	0.0012456605174244206
1689	 LLH-2	0.0012539552076664528	0.0012456605174244206
1690	 LLH-2	0.0012560654916684512	0.0012456605174244206
1691	 LLH-3	0.0012478265109039908	0.0012456605174244206
1692	 LLH-0	0.0012461569586429404	0.0012461569586429404
1693	 LLH-1	0.0012461569586429404	0.0012461569586429404
1694	 LLH-2	0.001245568630918106	0.001245568630918106
1695	 LLH-0	0.0012447551195713942	0.0012447551195713942
1696	 LLH-3	0.0012907126358860735	0.0012447551195713942
1697	 LLH-3	0.0013048286724591425	0.0012447551195713942
1698	 LLH-3	0.0012864686102857564	0.0012447551195713942
1699	 LLH-0	0.0012439622139003527	0.0012439622139003527
1700	 LLH-0	0.0012449195290891659	0.0012439622139003527
1701	 LLH-1	0.0012439622139003527	0.0012439622139003527
1702	 LLH-2	0.0012482910278894168	0.0012439622139003527
1703	 LLH-0	0.0012448963269946997	0.0012448963269946997
1704	 LLH-1	0.0012448963269946997	0.0012448963269946997
1705	 LLH-2	0.0012573908285651127	0.0012448963269946997
1706	 LLH-4	0.0012448963269946997	0.0012448963269946997
1711	 LLH-0	0.0012443419286234515	0.0012443419286234515
1712	 LLH-0	0.0012606091900284064	0.0012443419286234515
1713	 LLH-3	0.0012891009073137444	0.0012443419286234515
1714	 LLH-3	0.001300574074273042	0.0012443419286234515
1715	 LLH-3	0.001242850375711298	0.001242850375711298
1716	 LLH-1	0.0012427545665235058	0.0012427545665235058
1717	 LLH-4	0.0012427545665235058	0.0012427545665235058
1722	 LLH-0	0.0012431951729624607	0.0012431951729624607
1723	 LLH-3	0.0012820069008039913	0.0012431951729624607
1724	 LLH-6	0.0012420565898787219	0.0012420565898787219
1725	 LLH-0	0.001242568229120862	0.001242568229120862
1726	 LLH-4	0.0012420212659219917	0.0012420212659219917
1729	 LLH-2	0.0012603960586085516	0.0012420212659219917
1730	 LLH-1	0.0012420212659219917	0.0012420212659219917
1731	 LLH-6	0.0012427129609204027	0.0012427129609204027
1732	 LLH-1	0.0012427312515279493	0.0012427312515279493
1733	 LLH-2	0.0012586541355777546	0.0012427312515279493
1734	 LLH-1	0.0012426490705099804	0.0012426490705099804
1735	 LLH-5	0.0012429691782775097	0.0012429691782775097
1736	 LLH-1	0.0012429691782775097	0.0012429691782775097
1737	 LLH-1	0.001243229553720149	0.001243229553720149
1738	 LLH-3	0.0012571094581524432	0.001243229553720149
1739	 LLH-4	0.0012427699837572845	0.0012427699837572845
1742	 LLH-2	0.0012510316613301002	0.0012510316613301002
1743	 LLH-5	0.001250738861247987	0.001250738861247987
1744	 LLH-2	0.0012597939356516583	0.001250738861247987
1745	 LLH-2	0.0012659097175906574	0.001250738861247987
1746	 LLH-2	0.0012539934977549346	0.001250738861247987
1747	 LLH-6	0.0012491645703699155	0.0012491645703699155
1748	 LLH-5	0.0012499109580347578	0.0012491645703699155
1749	 LLH-4	0.0012491645703699155	0.0012491645703699155
1754	 LLH-0	0.0012498855868209975	0.0012498855868209975
1755	 LLH-5	0.0012497128881637043	0.0012497128881637043
1756	 LLH-5	0.0012491222541411425	0.0012491222541411425
1757	 LLH-0	0.0012497399883103872	0.0012497399883103872
1758	 LLH-5	0.0012498363866837313	0.0012498363866837313
1759	 LLH-2	0.0012516389144674603	0.0012516389144674603
1760	 LLH-2	0.001269350579589614	0.0012516389144674603
1761	 LLH-0	0.0012522769111026697	0.0012522769111026697
1762	 LLH-6	0.0012524031610781927	0.0012524031610781927
1763	 LLH-1	0.0012525711431730989	0.0012524031610781927
1764	 LLH-6	0.0012538863808261324	0.0012524031610781927
1765	 LLH-2	0.0012707980318608422	0.0012524031610781927
1766	 LLH-1	0.0012520762062836802	0.0012520762062836802
1767	 LLH-0	0.0012513945247155944	0.0012513945247155944
1768	 LLH-5	0.0012523588882259436	0.0012523588882259436
1769	 LLH-0	0.0012533085605498388	0.0012533085605498388
1770	 LLH-2	0.0012566185455083478	0.0012533085605498388
1771	 LLH-3	0.0013209791326315628	0.0012533085605498388
1772	 LLH-1	0.0012533085605498388	0.0012533085605498388
1773	 LLH-2	0.0012669788810255205	0.0012533085605498388
1774	 LLH-1	0.0012533085605498388	0.0012533085605498388
1775	 LLH-6	0.0012524952095354378	0.0012524952095354378
1776	 LLH-3	0.0012566325811344742	0.0012524952095354378
1777	 LLH-6	0.0012515183436979374	0.0012515183436979374
1778	 LLH-5	0.0012528810295148079	0.0012528810295148079
1779	 LLH-4	0.0012520689678025233	0.0012520689678025233
1781	 LLH-0	0.0012526356818708029	0.0012526356818708029
1782	 LLH-3	0.00125733760843948	0.00125733760843948
1783	 LLH-3	0.0012883987708120809	0.00125733760843948
1784	 LLH-2	0.0012588976534389155	0.0012588976534389155
1785	 LLH-2	0.0012597283688316214	0.0012597283688316214
1786	 LLH-3	0.0012565826155617663	0.0012565826155617663
1787	 LLH-4	0.0012558355190130813	0.0012558355190130813
1791	 LLH-6	0.0012548170195592137	0.0012548170195592137
1792	 LLH-1	0.0012547414344054554	0.0012547414344054554
1793	 LLH-0	0.001253803268060776	0.001253803268060776
1794	 LLH-1	0.001253803268060776	0.001253803268060776
1795	 LLH-4	0.001253803268060776	0.001253803268060776
1800	 LLH-0	0.0012545561953127256	0.001253803268060776
1801	 LLH-1	0.0012536552076010277	0.0012536552076010277
1802	 LLH-5	0.0012543066129259027	0.0012543066129259027
1803	 LLH-3	0.001247796558764557	0.001247796558764557
1804	 LLH-3	0.0012835935370271957	0.001247796558764557
1805	 LLH-6	0.0012484368963600002	0.0012484368963600002
1806	 LLH-2	0.0012629450096255331	0.0012484368963600002
1807	 LLH-5	0.0012491560806823854	0.0012491560806823854
1808	 LLH-2	0.001254452966685885	0.0012491560806823854
1809	 LLH-0	0.0012497506324604633	0.0012497506324604633
1810	 LLH-1	0.0012497506324604633	0.0012497506324604633
1811	 LLH-2	0.0012608631911718152	0.0012497506324604633
1812	 LLH-6	0.0012502028664419234	0.0012502028664419234
1813	 LLH-2	0.0012521184116373002	0.0012502028664419234
1814	 LLH-2	0.0012493511658019762	0.0012493511658019762
1815	 LLH-1	0.0012493511658019762	0.0012493511658019762
1816	 LLH-6	0.001249348311112363	0.001249348311112363
1817	 LLH-1	0.0012493185633054645	0.0012493185633054645
1818	 LLH-0	0.001250094578229074	0.001250094578229074
1819	 LLH-1	0.001250094578229074	0.001250094578229074
1820	 LLH-5	0.001250857847403304	0.001250094578229074
1821	 LLH-2	0.0012609378353384897	0.001250094578229074
1822	 LLH-1	0.0012502074146133113	0.0012502074146133113
1823	 LLH-5	0.0012503711028899241	0.0012503711028899241
1824	 LLH-5	0.0012503711028899241	0.0012503711028899241
1825	 LLH-3	0.0012508604446491473	0.0012508604446491473
1826	 LLH-1	0.0012507349033251413	0.0012507349033251413
1827	 LLH-6	0.0012514200558571855	0.0012514200558571855
1828	 LLH-6	0.0012509159815260371	0.0012509159815260371
1829	 LLH-2	0.001257793755220337	0.0012509159815260371
1830	 LLH-1	0.0012509159815260371	0.0012509159815260371
1831	 LLH-2	0.0012592882208554259	0.0012509159815260371
1832	 LLH-0	0.0012515473369832304	0.0012515473369832304
1833	 LLH-3	0.0012457796748185038	0.0012457796748185038
1834	 LLH-0	0.0012463948014611985	0.0012457796748185038
1835	 LLH-0	0.0012462894719099946	0.0012457796748185038
1836	 LLH-4	0.0012452678811292826	0.0012452678811292826
1839	 LLH-6	0.00124555292962363	0.0012452678811292826
1840	 LLH-2	0.0012532710989507664	0.0012452678811292826
1841	 LLH-1	0.0012448813223313124	0.0012448813223313124
1842	 LLH-4	0.001244435211531783	0.001244435211531783
1844	 LLH-0	0.0012448726343319472	0.001244435211531783
1845	 LLH-3	0.001265599856434902	0.001244435211531783
1846	 LLH-2	0.00125620562283186	0.001244435211531783
1847	 LLH-2	0.0012580191168132123	0.001244435211531783
1848	 LLH-2	0.0012594167397397959	0.001244435211531783
1849	 LLH-4	0.001244435211531783	0.001244435211531783
1854	 LLH-3	0.001274304082734484	0.001244435211531783
1855	 LLH-1	0.001244435211531783	0.001244435211531783
1856	 LLH-3	0.0012509691418329453	0.001244435211531783
1857	 LLH-2	0.001260005017250962	0.001244435211531783
1858	 LLH-5	0.0012452021982600474	0.0012452021982600474
1859	 LLH-2	0.001258916578736067	0.0012452021982600474
1860	 LLH-1	0.0012452021982600474	0.0012452021982600474
1861	 LLH-1	0.0012452021982600474	0.0012452021982600474
1862	 LLH-0	0.0012456801379929724	0.0012456801379929724
1863	 LLH-0	0.001246089518763511	0.001246089518763511
1864	 LLH-4	0.001246089518763511	0.001246089518763511
1869	 LLH-1	0.001246089518763511	0.001246089518763511
1870	 LLH-1	0.0012458731211266924	0.0012458731211266924
1871	 LLH-1	0.0012458731211266924	0.0012458731211266924
1872	 LLH-0	0.0012463647988451424	0.0012463647988451424
1873	 LLH-6	0.0012466561455614859	0.0012466561455614859
1874	 LLH-2	0.00125905068526892	0.0012466561455614859
1875	 LLH-1	0.0012466561455614859	0.0012466561455614859
1876	 LLH-2	0.0012627923007325255	0.0012466561455614859
1877	 LLH-6	0.0012463147390629856	0.0012463147390629856
1878	 LLH-5	0.001245628038641273	0.001245628038641273
1879	 LLH-2	0.0012576633069876885	0.001245628038641273
1880	 LLH-6	0.0012458357111583777	0.0012458357111583777
1881	 LLH-2	0.0012482740242951737	0.0012458357111583777
1882	 LLH-3	0.0012518030892797796	0.0012458357111583777
1883	 LLH-0	0.001246302279426848	0.0012458357111583777
1884	 LLH-1	0.0012458357111583777	0.0012458357111583777
1885	 LLH-1	0.0012460268341416027	0.0012460268341416027
1886	 LLH-5	0.001245793133418861	0.001245793133418861
1887	 LLH-6	0.0012469707826957368	0.001245793133418861
1888	 LLH-0	0.0012464556748715246	0.001245793133418861
1889	 LLH-3	0.0012473941721802386	0.001245793133418861
1890	 LLH-1	0.001245793133418861	0.001245793133418861
1891	 LLH-4	0.001245793133418861	0.001245793133418861
1896	 LLH-2	0.0012617802101271957	0.001245793133418861
1897	 LLH-3	0.0012760678572930348	0.001245793133418861
1898	 LLH-4	0.001245793133418861	0.001245793133418861
1903	 LLH-5	0.001245899627465402	0.001245899627465402
1904	 LLH-5	0.0012460593344391325	0.0012460593344391325
1905	 LLH-1	0.0012460593344391325	0.0012460593344391325
1906	 LLH-2	0.00126260637485618	0.0012460593344391325
1907	 LLH-5	0.0012459615340320639	0.0012459615340320639
1908	 LLH-2	0.001252540013231591	0.0012459615340320639
1909	 LLH-0	0.0012465083179294127	0.0012465083179294127
1910	 LLH-3	0.0012798098409172536	0.0012465083179294127
1911	 LLH-4	0.0012465083179294127	0.0012465083179294127
1916	 LLH-4	0.0012465083179294127	0.0012465083179294127
1921	 LLH-1	0.0012463362369038097	0.0012463362369038097
1922	 LLH-5	0.001246403250879438	0.001246403250879438
1923	 LLH-2	0.001253571535823624	0.001246403250879438
1924	 LLH-3	0.0012483877604689154	0.0012483877604689154
1925	 LLH-1	0.0012483877604689154	0.0012483877604689154
1926	 LLH-3	0.0012747314722700907	0.0012483877604689154
1927	 LLH-6	0.0012476261654152843	0.0012476261654152843
1928	 LLH-1	0.0012476261654152843	0.0012476261654152843
1929	 LLH-1	0.0012476261654152843	0.0012476261654152843
1930	 LLH-2	0.0012548927222439908	0.0012476261654152843
1931	 LLH-1	0.0012476261654152843	0.0012476261654152843
1932	 LLH-5	0.0012476820848962684	0.0012476820848962684
1933	 LLH-4	0.0012476820848962684	0.0012476820848962684
1938	 LLH-1	0.0012476820848962684	0.0012476820848962684
1939	 LLH-6	0.0012477715638980389	0.0012477715638980389
1940	 LLH-5	0.0012480847505779453	0.0012480847505779453
1941	 LLH-4	0.0012480847505779453	0.0012480847505779453
1946	 LLH-1	0.0012482496689755593	0.0012482496689755593
1947	 LLH-1	0.0012482496689755593	0.0012482496689755593
1948	 LLH-5	0.0012482752445847622	0.0012482752445847622
1949	 LLH-1	0.0012482752445847622	0.0012482752445847622
1950	 LLH-2	0.0012499765617602209	0.0012482752445847622
1951	 LLH-2	0.001251866352281816	0.0012482752445847622
1952	 LLH-6	0.0012482859648813203	0.0012482859648813203
1953	 LLH-4	0.0012482859648813203	0.0012482859648813203
1958	 LLH-4	0.0012479024511746404	0.0012479024511746404
1961	 LLH-0	0.0012484810326688178	0.0012479024511746404
1962	 LLH-0	0.0012486035006930196	0.0012479024511746404
1963	 LLH-6	0.0012482202583937437	0.0012479024511746404
1964	 LLH-3	0.0012554145814108507	0.0012479024511746404
1965	 LLH-2	0.0012503889991974204	0.0012479024511746404
1966	 LLH-5	0.0012478805776742366	0.0012478805776742366
1967	 LLH-1	0.0012478805776742366	0.0012478805776742366
1968	 LLH-0	0.001248336005905982	0.001248336005905982
1969	 LLH-0	0.0012487691029970187	0.001248336005905982
1970	 LLH-6	0.0012491532996895993	0.001248336005905982
1971	 LLH-0	0.0012488435322808038	0.0012488435322808038
1972	 LLH-3	0.0012639433599677863	0.0012488435322808038
1973	 LLH-2	0.001250705753605744	0.001250705753605744
1974	 LLH-4	0.0012501466496616061	0.0012501466496616061
1976	 LLH-1	0.0012501466496616061	0.0012501466496616061
1977	 LLH-0	0.0012507554197063759	0.0012501466496616061
1978	 LLH-6	0.001248944377351847	0.001248944377351847
1979	 LLH-6	0.001249345506115721	0.001248944377351847
1980	 LLH-3	0.001277706017087685	0.001248944377351847
1981	 LLH-0	0.001249479777087893	0.001249479777087893
1982	 LLH-1	0.001249479777087893	0.001249479777087893
1983	 LLH-3	0.001244060877909395	0.001244060877909395
1984	 LLH-0	0.0012445823528264355	0.0012445823528264355
1985	 LLH-6	0.0012442539657788827	0.0012442539657788827
1986	 LLH-1	0.0012442539657788827	0.0012442539657788827
1987	 LLH-4	0.0012442539657788827	0.0012442539657788827
1992	 LLH-1	0.0012442539657788827	0.0012442539657788827
1993	 LLH-5	0.0012442308814481719	0.0012442308814481719
1994	 LLH-1	0.0012442308814481719	0.0012442308814481719
1995	 LLH-1	0.0012442364368508842	0.0012442364368508842
1996	 LLH-0	0.0012446340629422065	0.0012446340629422065
1997	 LLH-4	0.0012446340629422065	0.0012446340629422065
GRID-Start
0.0	0.0
0.0	308.0385
0.0	616.077
0.0	924.1155
0.0	1232.154
0.0	1540.1925
0.0	1848.2310000000002
0.0	2156.2695000000003
0.0	2464.3080000000004
0.0	2772.3465000000006
0.0	3080.3850000000007
0.0	3388.423500000001
0.0	3696.462000000001
0.0	4004.500500000001
0.0	4312.539000000001
0.0	4620.5775
0.0	4928.616
0.0	5236.6545
0.0	5544.692999999999
0.0	5852.731499999999
0.0	6160.769999999999
0.0	6468.808499999998
308.0385	0.0
308.0385	308.0385
308.0385	616.077
308.0385	924.1155
308.0385	1232.154
308.0385	1540.1925
308.0385	1848.2310000000002
308.0385	2156.2695000000003
308.0385	2464.3080000000004
308.0385	2772.3465000000006
308.0385	3080.3850000000007
308.0385	3388.423500000001
308.0385	3696.462000000001
308.0385	4004.500500000001
308.0385	4312.539000000001
308.0385	4620.5775
308.0385	4928.616
308.0385	5236.6545
308.0385	5544.692999999999
308.0385	5852.731499999999
308.0385	6160.769999999999
308.0385	6468.808499999998
616.077	0.0
616.077	308.0385
616.077	616.077
616.077	924.1155
616.077	1232.154
616.077	1540.1925
616.077	1848.2310000000002
616.077	2156.2695000000003
616.077	2464.3080000000004
616.077	2772.3465000000006
616.077	3080.3850000000007
616.077	3388.423500000001
616.077	3696.462000000001
616.077	4004.500500000001
616.077	4312.539000000001
616.077	4620.5775
616.077	4928.616
616.077	5236.6545
616.077	5544.692999999999
616.077	5852.731499999999
616.077	6160.769999999999
616.077	6468.808499999998
924.1155	0.0
924.1155	308.0385
924.1155	616.077
924.1155	924.1155
924.1155	1232.154
924.1155	1540.1925
924.1155	1848.2310000000002
924.1155	2156.2695000000003
924.1155	2464.3080000000004
924.1155	2772.3465000000006
924.1155	3080.3850000000007
924.1155	3388.423500000001
924.1155	3696.462000000001
924.1155	4004.500500000001
924.1155	4312.539000000001
924.1155	4620.5775
924.1155	4928.616
924.1155	5236.6545
924.1155	5544.692999999999
924.1155	5852.731499999999
924.1155	6160.769999999999
924.1155	6468.808499999998
1232.154	0.0
1232.154	308.0385
1232.154	616.077
1232.154	924.1155
1232.154	1232.154
1232.154	1540.1925
1232.154	1848.2310000000002
1232.154	2156.2695000000003
1232.154	2464.3080000000004
1232.154	2772.3465000000006
1232.154	3080.3850000000007
1232.154	4620.5775
1232.154	4928.616
1232.154	5236.6545
1232.154	5544.692999999999
1232.154	5852.731499999999
1232.154	6160.769999999999
1232.154	6468.808499999998
1540.1925	0.0
1540.1925	308.0385
1540.1925	616.077
1540.1925	924.1155
1540.1925	1232.154
1540.1925	1540.1925
1540.1925	1848.2310000000002
1540.1925	2156.2695000000003
1540.1925	2464.3080000000004
1540.1925	2772.3465000000006
1540.1925	3080.3850000000007
1540.1925	4620.5775
1540.1925	4928.616
1540.1925	5236.6545
1540.1925	5544.692999999999
1540.1925	5852.731499999999
1540.1925	6160.769999999999
1540.1925	6468.808499999998
1848.2310000000002	0.0
1848.2310000000002	308.0385
1848.2310000000002	616.077
1848.2310000000002	924.1155
1848.2310000000002	1232.154
1848.2310000000002	1540.1925
1848.2310000000002	1848.2310000000002
1848.2310000000002	2156.2695000000003
1848.2310000000002	2464.3080000000004
1848.2310000000002	2772.3465000000006
1848.2310000000002	3080.3850000000007
1848.2310000000002	4620.5775
1848.2310000000002	4928.616
1848.2310000000002	5236.6545
1848.2310000000002	5544.692999999999
1848.2310000000002	5852.731499999999
1848.2310000000002	6160.769999999999
1848.2310000000002	6468.808499999998
2156.2695000000003	0.0
2156.2695000000003	308.0385
2156.2695000000003	616.077
2156.2695000000003	924.1155
2156.2695000000003	1232.154
2156.2695000000003	1540.1925
2156.2695000000003	1848.2310000000002
2156.2695000000003	2156.2695000000003
2156.2695000000003	2464.3080000000004
2156.2695000000003	2772.3465000000006
2156.2695000000003	3080.3850000000007
2156.2695000000003	4620.5775
2156.2695000000003	4928.616
2156.2695000000003	5236.6545
2156.2695000000003	5544.692999999999
2156.2695000000003	5852.731499999999
2156.2695000000003	6160.769999999999
2156.2695000000003	6468.808499999998
2464.3080000000004	0.0
2464.3080000000004	2464.3080000000004
2464.3080000000004	2772.3465000000006
2464.3080000000004	3080.3850000000007
2464.3080000000004	3388.423500000001
2464.3080000000004	3696.462000000001
2464.3080000000004	4004.500500000001
2464.3080000000004	4312.539000000001
2464.3080000000004	4620.5775
2464.3080000000004	4928.616
2464.3080000000004	5236.6545
2464.3080000000004	5544.692999999999
2464.3080000000004	5852.731499999999
2464.3080000000004	6160.769999999999
2464.3080000000004	6468.808499999998
2772.3465000000006	0.0
2772.3465000000006	2464.3080000000004
2772.3465000000006	2772.3465000000006
2772.3465000000006	3080.3850000000007
2772.3465000000006	3388.423500000001
2772.3465000000006	3696.462000000001
2772.3465000000006	4004.500500000001
2772.3465000000006	4312.539000000001
2772.3465000000006	4620.5775
2772.3465000000006	4928.616
2772.3465000000006	5236.6545
2772.3465000000006	5544.692999999999
2772.3465000000006	5852.731499999999
2772.3465000000006	6160.769999999999
2772.3465000000006	6468.808499999998
3080.3850000000007	0.0
3080.3850000000007	2464.3080000000004
3080.3850000000007	2772.3465000000006
3080.3850000000007	3080.3850000000007
3080.3850000000007	3388.423500000001
3080.3850000000007	3696.462000000001
3080.3850000000007	4004.500500000001
3080.3850000000007	4312.539000000001
3080.3850000000007	4620.5775
3080.3850000000007	4928.616
3080.3850000000007	5236.6545
3080.3850000000007	5544.692999999999
3080.3850000000007	5852.731499999999
3080.3850000000007	6160.769999999999
3080.3850000000007	6468.808499999998
3388.423500000001	0.0
3388.423500000001	2464.3080000000004
3388.423500000001	2772.3465000000006
3388.423500000001	3080.3850000000007
3388.423500000001	3388.423500000001
3388.423500000001	3696.462000000001
3388.423500000001	4004.500500000001
3388.423500000001	4312.539000000001
3388.423500000001	4620.5775
3388.423500000001	4928.616
3388.423500000001	5236.6545
3388.423500000001	5544.692999999999
3388.423500000001	5852.731499999999
3388.423500000001	6160.769999999999
3388.423500000001	6468.808499999998
3696.462000000001	0.0
3696.462000000001	308.0385
3696.462000000001	616.077
3696.462000000001	924.1155
3696.462000000001	1232.154
3696.462000000001	1540.1925
3696.462000000001	1848.2310000000002
3696.462000000001	2156.2695000000003
3696.462000000001	3388.423500000001
3696.462000000001	3696.462000000001
3696.462000000001	4004.500500000001
3696.462000000001	4312.539000000001
3696.462000000001	4620.5775
3696.462000000001	4928.616
3696.462000000001	5236.6545
3696.462000000001	5544.692999999999
3696.462000000001	5852.731499999999
3696.462000000001	6160.769999999999
3696.462000000001	6468.808499999998
4004.500500000001	0.0
4004.500500000001	308.0385
4004.500500000001	616.077
4004.500500000001	924.1155
4004.500500000001	1232.154
4004.500500000001	1540.1925
4004.500500000001	1848.2310000000002
4004.500500000001	2156.2695000000003
4004.500500000001	3388.423500000001
4004.500500000001	3696.462000000001
4004.500500000001	4004.500500000001
4004.500500000001	4312.539000000001
4004.500500000001	4620.5775
4004.500500000001	4928.616
4004.500500000001	5236.6545
4004.500500000001	5544.692999999999
4004.500500000001	5852.731499999999
4004.500500000001	6160.769999999999
4004.500500000001	6468.808499999998
4312.539000000001	0.0
4312.539000000001	308.0385
4312.539000000001	616.077
4312.539000000001	924.1155
4312.539000000001	1232.154
4312.539000000001	1540.1925
4312.539000000001	1848.2310000000002
4312.539000000001	2156.2695000000003
4312.539000000001	3388.423500000001
4312.539000000001	3696.462000000001
4312.539000000001	4004.500500000001
4312.539000000001	4312.539000000001
4312.539000000001	4620.5775
4312.539000000001	4928.616
4312.539000000001	5236.6545
4312.539000000001	5544.692999999999
4312.539000000001	5852.731499999999
4312.539000000001	6160.769999999999
4312.539000000001	6468.808499999998
4620.5775	0.0
4620.5775	308.0385
4620.5775	616.077
4620.5775	924.1155
4620.5775	1232.154
4620.5775	1540.1925
4620.5775	1848.2310000000002
4620.5775	2156.2695000000003
4620.5775	2464.3080000000004
4620.5775	2772.3465000000006
4620.5775	3080.3850000000007
4620.5775	3388.423500000001
4620.5775	3696.462000000001
4620.5775	4004.500500000001
4620.5775	4312.539000000001
4620.5775	4620.5775
4620.5775	4928.616
4620.5775	5236.6545
4620.5775	5544.692999999999
4620.5775	5852.731499999999
4620.5775	6160.769999999999
4620.5775	6468.808499999998
4928.616	0.0
4928.616	308.0385
4928.616	616.077
4928.616	924.1155
4928.616	1232.154
4928.616	1540.1925
4928.616	1848.2310000000002
4928.616	2156.2695000000003
4928.616	2464.3080000000004
4928.616	2772.3465000000006
4928.616	3080.3850000000007
4928.616	3388.423500000001
4928.616	3696.462000000001
4928.616	4004.500500000001
4928.616	4312.539000000001
4928.616	4620.5775
4928.616	4928.616
4928.616	5236.6545
4928.616	5544.692999999999
4928.616	5852.731499999999
4928.616	6160.769999999999
4928.616	6468.808499999998
5236.6545	0.0
5236.6545	308.0385
5236.6545	616.077
5236.6545	924.1155
5236.6545	1232.154
5236.6545	1540.1925
5236.6545	1848.2310000000002
5236.6545	2156.2695000000003
5236.6545	2464.3080000000004
5236.6545	2772.3465000000006
5236.6545	3080.3850000000007
5236.6545	3388.423500000001
5236.6545	3696.462000000001
5236.6545	4004.500500000001
5236.6545	4312.539000000001
5236.6545	4620.5775
5236.6545	4928.616
5236.6545	5236.6545
5236.6545	5544.692999999999
5236.6545	5852.731499999999
5236.6545	6160.769999999999
5236.6545	6468.808499999998
5544.692999999999	0.0
5544.692999999999	308.0385
5544.692999999999	616.077
5544.692999999999	924.1155
5544.692999999999	1232.154
5544.692999999999	1540.1925
5544.692999999999	1848.2310000000002
5544.692999999999	2156.2695000000003
5544.692999999999	2464.3080000000004
5544.692999999999	2772.3465000000006
5544.692999999999	3080.3850000000007
5544.692999999999	3388.423500000001
5544.692999999999	3696.462000000001
5544.692999999999	4004.500500000001
5544.692999999999	4312.539000000001
5544.692999999999	4620.5775
5544.692999999999	4928.616
5544.692999999999	5236.6545
5544.692999999999	5544.692999999999
5544.692999999999	5852.731499999999
5544.692999999999	6160.769999999999
5544.692999999999	6468.808499999998
5852.731499999999	0.0
5852.731499999999	308.0385
5852.731499999999	616.077
5852.731499999999	924.1155
5852.731499999999	1232.154
5852.731499999999	1540.1925
5852.731499999999	1848.2310000000002
5852.731499999999	2156.2695000000003
5852.731499999999	2464.3080000000004
5852.731499999999	2772.3465000000006
5852.731499999999	3080.3850000000007
5852.731499999999	3388.423500000001
5852.731499999999	3696.462000000001
5852.731499999999	4004.500500000001
5852.731499999999	4312.539000000001
5852.731499999999	4620.5775
5852.731499999999	4928.616
5852.731499999999	5236.6545
5852.731499999999	5544.692999999999
5852.731499999999	5852.731499999999
5852.731499999999	6160.769999999999
5852.731499999999	6468.808499999998
6160.769999999999	0.0
6160.769999999999	308.0385
6160.769999999999	616.077
6160.769999999999	924.1155
6160.769999999999	1232.154
6160.769999999999	1540.1925
6160.769999999999	1848.2310000000002
6160.769999999999	2156.2695000000003
6160.769999999999	2464.3080000000004
6160.769999999999	2772.3465000000006
6160.769999999999	3080.3850000000007
6160.769999999999	3388.423500000001
6160.769999999999	3696.462000000001
6160.769999999999	4004.500500000001
6160.769999999999	4312.539000000001
6160.769999999999	4620.5775
6160.769999999999	4928.616
6160.769999999999	5236.6545
6160.769999999999	5544.692999999999
6160.769999999999	5852.731499999999
6160.769999999999	6160.769999999999
6160.769999999999	6468.808499999998
6468.808499999998	0.0
6468.808499999998	308.0385
6468.808499999998	616.077
6468.808499999998	924.1155
6468.808499999998	1232.154
6468.808499999998	1540.1925
6468.808499999998	1848.2310000000002
6468.808499999998	2156.2695000000003
6468.808499999998	2464.3080000000004
6468.808499999998	2772.3465000000006
6468.808499999998	3080.3850000000007
6468.808499999998	3388.423500000001
6468.808499999998	3696.462000000001
6468.808499999998	4004.500500000001
6468.808499999998	4312.539000000001
6468.808499999998	4620.5775
6468.808499999998	4928.616
6468.808499999998	5236.6545
6468.808499999998	5544.692999999999
6468.808499999998	5852.731499999999
6468.808499999998	6160.769999999999
6468.808499999998	6468.808499999998
6776.846999999998	0.0
6776.846999999998	308.0385
6776.846999999998	616.077
6776.846999999998	924.1155
6776.846999999998	1232.154
6776.846999999998	1540.1925
6776.846999999998	1848.2310000000002
6776.846999999998	2156.2695000000003
6776.846999999998	2464.3080000000004
6776.846999999998	2772.3465000000006
6776.846999999998	3080.3850000000007
6776.846999999998	3388.423500000001
6776.846999999998	3696.462000000001
6776.846999999998	4004.500500000001
6776.846999999998	4312.539000000001
6776.846999999998	4620.5775
6776.846999999998	4928.616
6776.846999999998	5236.6545
6776.846999999998	5544.692999999999
6776.846999999998	5852.731499999999
6776.846999999998	6160.769999999999
6776.846999999998	6468.808499999998
7084.885499999998	0.0
7084.885499999998	308.0385
7084.885499999998	616.077
7084.885499999998	924.1155
7084.885499999998	1232.154
7084.885499999998	1540.1925
7084.885499999998	1848.2310000000002
7084.885499999998	2156.2695000000003
7084.885499999998	2464.3080000000004
7084.885499999998	2772.3465000000006
7084.885499999998	3080.3850000000007
7084.885499999998	3388.423500000001
7084.885499999998	3696.462000000001
7084.885499999998	4004.500500000001
7084.885499999998	4312.539000000001
7084.885499999998	4620.5775
7084.885499999998	4928.616
7084.885499999998	5236.6545
7084.885499999998	5544.692999999999
7084.885499999998	5852.731499999999
7084.885499999998	6160.769999999999
7084.885499999998	6468.808499999998
7392.923999999997	0.0
7392.923999999997	308.0385
7392.923999999997	616.077
7392.923999999997	924.1155
7392.923999999997	1232.154
7392.923999999997	1540.1925
7392.923999999997	1848.2310000000002
7392.923999999997	2156.2695000000003
7392.923999999997	2464.3080000000004
7392.923999999997	2772.3465000000006
7392.923999999997	3080.3850000000007
7392.923999999997	3388.423500000001
7392.923999999997	3696.462000000001
7392.923999999997	4004.500500000001
7392.923999999997	4312.539000000001
7392.923999999997	4620.5775
7392.923999999997	4928.616
7392.923999999997	5236.6545
7392.923999999997	5544.692999999999
7392.923999999997	5852.731499999999
7392.923999999997	6160.769999999999
7392.923999999997	6468.808499999998
7700.962499999997	0.0
7700.962499999997	308.0385
7700.962499999997	616.077
7700.962499999997	924.1155
7700.962499999997	1232.154
7700.962499999997	1540.1925
7700.962499999997	1848.2310000000002
7700.962499999997	2156.2695000000003
7700.962499999997	2464.3080000000004
7700.962499999997	2772.3465000000006
7700.962499999997	3080.3850000000007
7700.962499999997	3388.423500000001
7700.962499999997	3696.462000000001
7700.962499999997	4004.500500000001
7700.962499999997	4312.539000000001
7700.962499999997	4620.5775
7700.962499999997	4928.616
7700.962499999997	5236.6545
7700.962499999997	5544.692999999999
7700.962499999997	5852.731499999999
7700.962499999997	6160.769999999999
7700.962499999997	6468.808499999998
8009.000999999997	0.0
8009.000999999997	308.0385
8009.000999999997	616.077
8009.000999999997	924.1155
8009.000999999997	1232.154
8009.000999999997	1540.1925
8009.000999999997	1848.2310000000002
8009.000999999997	2156.2695000000003
8009.000999999997	2464.3080000000004
8009.000999999997	2772.3465000000006
8009.000999999997	3080.3850000000007
8009.000999999997	3388.423500000001
8009.000999999997	3696.462000000001
8009.000999999997	4004.500500000001
8009.000999999997	4312.539000000001
8009.000999999997	4620.5775
8009.000999999997	4928.616
8009.000999999997	5236.6545
8009.000999999997	5544.692999999999
8009.000999999997	5852.731499999999
8009.000999999997	6160.769999999999
8009.000999999997	6468.808499999998
8317.039499999997	0.0
8317.039499999997	308.0385
8317.039499999997	616.077
8317.039499999997	924.1155
8317.039499999997	1232.154
8317.039499999997	1540.1925
8317.039499999997	1848.2310000000002
8317.039499999997	2156.2695000000003
8317.039499999997	2464.3080000000004
8317.039499999997	2772.3465000000006
8317.039499999997	3080.3850000000007
8317.039499999997	3388.423500000001
8317.039499999997	3696.462000000001
8317.039499999997	4004.500500000001
8317.039499999997	4312.539000000001
8317.039499999997	4620.5775
8317.039499999997	4928.616
8317.039499999997	5236.6545
8317.039499999997	5544.692999999999
8317.039499999997	5852.731499999999
8317.039499999997	6160.769999999999
8317.039499999997	6468.808499999998
8625.077999999998	0.0
8625.077999999998	308.0385
8625.077999999998	616.077
8625.077999999998	924.1155
8625.077999999998	1232.154
8625.077999999998	1540.1925
8625.077999999998	1848.2310000000002
8625.077999999998	2156.2695000000003
8625.077999999998	2464.3080000000004
8625.077999999998	2772.3465000000006
8625.077999999998	3080.3850000000007
8625.077999999998	3388.423500000001
8625.077999999998	3696.462000000001
8625.077999999998	4004.500500000001
8625.077999999998	4312.539000000001
8625.077999999998	4620.5775
8625.077999999998	4928.616
8625.077999999998	5236.6545
8625.077999999998	5544.692999999999
8625.077999999998	5852.731499999999
8625.077999999998	6160.769999999999
8625.077999999998	6468.808499999998
8933.116499999998	0.0
8933.116499999998	308.0385
8933.116499999998	616.077
8933.116499999998	924.1155
8933.116499999998	1232.154
8933.116499999998	1540.1925
8933.116499999998	1848.2310000000002
8933.116499999998	2156.2695000000003
8933.116499999998	2464.3080000000004
8933.116499999998	2772.3465000000006
8933.116499999998	3080.3850000000007
8933.116499999998	3388.423500000001
8933.116499999998	3696.462000000001
8933.116499999998	4004.500500000001
8933.116499999998	4312.539000000001
8933.116499999998	4620.5775
8933.116499999998	4928.616
8933.116499999998	5236.6545
8933.116499999998	5544.692999999999
8933.116499999998	5852.731499999999
8933.116499999998	6160.769999999999
8933.116499999998	6468.808499999998
GRID-End
num_of_evaluations 2000
best obj 0.0012415714652303238
LLH0	70
LLH1	52
LLH2	50
LLH3	78
LLH4	129
LLH5	100
LLH6	96