Initial objective 0.0013063706683263364	 Seed value 118671567
1	 LLH-2	0.0012950242981637971	0.0012950242981637971
2	 LLH-4	0.0012938394093721464	0.0012938394093721464
4	 LLH-2	0.0012949811487087827	0.0012949811487087827
5	 LLH-6	0.0012934958654710952	0.0012934958654710952
6	 LLH-6	0.0012948273598550615	0.0012948273598550615
7	 LLH-3	0.0012604811877440132	0.0012604811877440132
8	 LLH-2	0.0012763664551363506	0.0012763664551363506
9	 LLH-2	0.001285688044025173	0.001285688044025173
10	 LLH-0	0.001284614875565004	0.001284614875565004
11	 LLH-1	0.0012844341082245809	0.0012844341082245809
12	 LLH-2	0.0012711893939343663	0.0012711893939343663
13	 LLH-4	0.0012700209375520349	0.0012700209375520349
17	 LLH-3	0.0013384002447734274	0.0013384002447734274
18	 LLH-2	0.0013300587471127517	0.0013300587471127517
19	 LLH-0	0.0013316398902147451	0.0013316398902147451
20	 LLH-6	0.0013337600606985796	0.0013337600606985796
21	 LLH-4	0.0013320186263769285	0.0013320186263769285
25	 LLH-0	0.0013301402596247484	0.0013301402596247484
26	 LLH-6	0.0013272809038566374	0.0013272809038566374
27	 LLH-3	0.001470654068478815	0.001470654068478815
28	 LLH-3	0.0016449134133671515	0.0016449134133671515
29	 LLH-5	0.0016459224799968246	0.0016459224799968246
30	 LLH-5	0.0016457272017223485	0.0016457272017223485
31	 LLH-6	0.0016470611393087646	0.0016470611393087646
32	 LLH-1	0.0016470611393087646	0.0016470611393087646
33	 LLH-4	0.0016410440603086395	0.0016410440603086395
36	 LLH-0	0.0016474715896970561	0.0016474715896970561
37	 LLH-4	0.0016404970717145387	0.0016404970717145387
39	 LLH-1	0.0016404970717145387	0.0016404970717145387
40	 LLH-3	0.0019428367238409387	0.0019428367238409387
41	 LLH-6	0.0019416854846661022	0.0019416854846661022
42	 LLH-5	0.0019442070964581404	0.0019442070964581404
43	 LLH-2	0.001628431174731642	0.001628431174731642
44	 LLH-1	0.001628431174731642	0.001628431174731642
45	 LLH-2	0.0015695437508240616	0.0015695437508240616
46	 LLH-5	0.0015704108986240141	0.0015704108986240141
47	 LLH-4	0.0015651957463944633	0.0015651957463944633
49	 LLH-5	0.0015668485394108261	0.0015668485394108261
50	 LLH-4	0.0015614390444891298	0.0015614390444891298
52	 LLH-5	0.001561249323438633	0.001561249323438633
53	 LLH-0	0.0015565324939477568	0.0015565324939477568
54	 LLH-5	0.0015550080767011273	0.0015550080767011273
55	 LLH-1	0.0015550080767011273	0.0015550080767011273
56	 LLH-2	0.0014141286175650164	0.0014141286175650164
57	 LLH-4	0.0014109467489491845	0.0014109467489491845
59	 LLH-5	0.0014115582533980858	0.0014115582533980858
60	 LLH-1	0.0014115582533980858	0.0014115582533980858
61	 LLH-3	0.001289430656683511	0.001289430656683511
62	 LLH-3	0.0012684494405837358	0.0012684494405837358
63	 LLH-4	0.0012674970755890695	0.0012674970755890695
67	 LLH-4	0.001266384592667364	0.001266384592667364
70	 LLH-4	0.0012655436365333504	0.0012655436365333504
74	 LLH-0	0.00126640525222159	0.00126640525222159
75	 LLH-0	0.001265469281124642	0.001265469281124642
76	 LLH-3	0.0012514262708593284	0.0012514262708593284
77	 LLH-2	0.0012711403445776121	0.0012711403445776121
78	 LLH-6	0.0012703029724621799	0.0012703029724621799
79	 LLH-1	0.0012702536031110154	0.0012702536031110154
80	 LLH-0	0.0012711557679237146	0.0012711557679237146
81	 LLH-5	0.001270038590679872	0.001270038590679872
82	 LLH-6	0.0012707032699555523	0.0012707032699555523
83	 LLH-6	0.0012710177661840016	0.0012710177661840016
84	 LLH-1	0.0012710177661840016	0.0012710177661840016
85	 LLH-2	0.0012747766797275067	0.0012747766797275067
86	 LLH-3	0.0013384886223984159	0.0013384886223984159
87	 LLH-4	0.0013366256561192667	0.0013366256561192667
90	 LLH-0	0.0013385796484287548	0.0013385796484287548
91	 LLH-6	0.0013360694636542956	0.0013360694636542956
92	 LLH-1	0.0013360694636542956	0.0013360694636542956
93	 LLH-5	0.0013361099664995272	0.0013361099664995272
94	 LLH-5	0.0013369529828097639	0.0013369529828097639
95	 LLH-3	0.0012701782274242774	0.0012701782274242774
96	 LLH-1	0.0012701782274242774	0.0012701782274242774
97	 LLH-4	0.0012701782274242774	0.0012701782274242774
102	 LLH-4	0.0012701782274242774	0.0012701782274242774
107	 LLH-1	0.0012699268502765855	0.0012699268502765855
108	 LLH-4	0.0012699268502765855	0.0012699268502765855
113	 LLH-4	0.0012699268502765855	0.0012699268502765855
118	 LLH-5	0.0012712697709542458	0.0012712697709542458
119	 LLH-5	0.001270765355133268	0.001270765355133268
120	 LLH-0	0.0012719118915602572	0.0012719118915602572
121	 LLH-3	0.001257005796269519	0.001257005796269519
122	 LLH-5	0.0012586705380031704	0.0012586705380031704
123	 LLH-2	0.0012554965026585721	0.0012554965026585721
124	 LLH-6	0.0012560370048578676	0.0012560370048578676
125	 LLH-3	0.0013134703469104762	0.0013134703469104762
126	 LLH-3	0.0012798768317197637	0.0012798768317197637
127	 LLH-4	0.0012788853749201045	0.0012788853749201045
132	 LLH-5	0.0012773148082652662	0.0012773148082652662
133	 LLH-3	0.0013317906299311012	0.0013317906299311012
134	 LLH-3	0.0014456402300397572	0.0014456402300397572
135	 LLH-2	0.0014239369212396583	0.0014239369212396583
136	 LLH-5	0.0014236807303950147	0.0014236807303950147
137	 LLH-1	0.0014236807303950147	0.0014236807303950147
138	 LLH-4	0.0014206773154250786	0.0014206773154250786
141	 LLH-6	0.0014219119165584373	0.0014219119165584373
142	 LLH-2	0.0013793433148648275	0.0013793433148648275
143	 LLH-2	0.001390581011927735	0.001390581011927735
144	 LLH-5	0.0013908153539594532	0.0013908153539594532
145	 LLH-6	0.0013897537879690332	0.0013897537879690332
146	 LLH-4	0.0013873820844209066	0.0013873820844209066
150	 LLH-2	0.0013494831471803483	0.0013494831471803483
151	 LLH-2	0.0013401511439862935	0.0013401511439862935
152	 LLH-1	0.0013401511439862935	0.0013401511439862935
153	 LLH-4	0.0013377980639054316	0.0013377980639054316
156	 LLH-4	0.0013360346977570662	0.0013360346977570662
158	 LLH-1	0.0013360346977570662	0.0013360346977570662
159	 LLH-4	0.0013344053980262833	0.0013344053980262833
161	 LLH-6	0.0013328420702650259	0.0013328420702650259
162	 LLH-2	0.0013064734935686838	0.0013064734935686838
163	 LLH-2	0.0013195383467830661	0.0013195383467830661
164	 LLH-3	0.0012726065760202013	0.0012726065760202013
165	 LLH-1	0.0012729779702397343	0.0012729779702397343
166	 LLH-3	0.0013517787447312295	0.0013517787447312295
167	 LLH-4	0.0013517787447312295	0.0013517787447312295
172	 LLH-4	0.0013496530183798696	0.0013496530183798696
174	 LLH-1	0.0013496530183798696	0.0013496530183798696
175	 LLH-2	0.0013336176275220324	0.0013336176275220324
176	 LLH-3	0.001443988694883735	0.0013336176275220324
177	 LLH-1	0.001333810954587926	0.001333810954587926
178	 LLH-2	0.0013296578695625838	0.0013296578695625838
179	 LLH-5	0.001330199170603043	0.001330199170603043
180	 LLH-4	0.0013285963421964453	0.0013285963421964453
183	 LLH-5	0.001327805770095385	0.001327805770095385
184	 LLH-0	0.001329440082759599	0.001329440082759599
185	 LLH-3	0.0012733674243664006	0.0012733674243664006
186	 LLH-4	0.0012720175911118173	0.0012720175911118173
189	 LLH-3	0.0013475848771346778	0.0013475848771346778
190	 LLH-6	0.0013486390035211166	0.0013486390035211166
191	 LLH-3	0.0014917102503620991	0.0013486390035211166
192	 LLH-5	0.0013472994303820056	0.0013472994303820056
193	 LLH-3	0.0014785156322730808	0.0014785156322730808
194	 LLH-3	0.0016228573845691555	0.0014785156322730808
195	 LLH-5	0.0014783470788008743	0.0014783470788008743
196	 LLH-5	0.0014761240885457663	0.0014761240885457663
197	 LLH-1	0.0014764969338051572	0.0014764969338051572
198	 LLH-2	0.0014348040041649423	0.0014348040041649423
199	 LLH-1	0.001434536266580092	0.001434536266580092
200	 LLH-2	0.001402595124774915	0.001402595124774915
201	 LLH-3	0.0013083996782627045	0.0013083996782627045
202	 LLH-4	0.0013068688194808856	0.0013068688194808856
204	 LLH-1	0.0013068688194808856	0.0013068688194808856
205	 LLH-6	0.0013068944134987021	0.0013068944134987021
206	 LLH-3	0.0014295644000458841	0.0014295644000458841
207	 LLH-1	0.0014290348632905834	0.0014290348632905834
208	 LLH-2	0.001383570402984717	0.001383570402984717
209	 LLH-1	0.001383570402984717	0.001383570402984717
210	 LLH-6	0.0013818329378567364	0.0013818329378567364
211	 LLH-6	0.0013817976449317891	0.0013817976449317891
212	 LLH-6	0.001379498618585844	0.001379498618585844
213	 LLH-4	0.0013769181637841982	0.0013769181637841982
217	 LLH-0	0.001379003277191628	0.001379003277191628
218	 LLH-2	0.001377861045007197	0.001377861045007197
219	 LLH-1	0.001377861045007197	0.001377861045007197
220	 LLH-3	0.0014905785457486492	0.0014905785457486492
221	 LLH-6	0.0014900092739173988	0.0014900092739173988
222	 LLH-5	0.0014902688174723102	0.0014902688174723102
223	 LLH-4	0.0014867538113034397	0.0014867538113034397
225	 LLH-0	0.0014826189914184775	0.0014826189914184775
226	 LLH-0	0.001486347773146119	0.001486347773146119
227	 LLH-0	0.001489876556065185	0.001489876556065185
228	 LLH-4	0.0014861518785144697	0.0014861518785144697
232	 LLH-0	0.0014823289866264923	0.0014823289866264923
233	 LLH-6	0.0014844223921995263	0.0014844223921995263
234	 LLH-2	0.0014411163044841945	0.0014411163044841945
235	 LLH-3	0.0013007392458297695	0.0013007392458297695
236	 LLH-4	0.0012991554899220929	0.0012991554899220929
238	 LLH-3	0.0013691210762136188	0.0013691210762136188
239	 LLH-1	0.0013691210762136188	0.0013691210762136188
240	 LLH-6	0.0013676338822083522	0.0013676338822083522
241	 LLH-2	0.0013670529345015422	0.0013670529345015422
242	 LLH-1	0.0013669633295954396	0.0013669633295954396
243	 LLH-5	0.0013670176852746045	0.0013670176852746045
244	 LLH-1	0.0013669694781830795	0.0013669694781830795
245	 LLH-2	0.0013447115415505082	0.0013447115415505082
246	 LLH-5	0.0013452777624038087	0.0013452777624038087
247	 LLH-6	0.0013459436722544579	0.0013459436722544579
248	 LLH-4	0.0013439596724570502	0.0013439596724570502
250	 LLH-3	0.0012818523880942035	0.0012818523880942035
251	 LLH-3	0.001351267408817013	0.0012818523880942035
252	 LLH-6	0.0012806292296620974	0.0012806292296620974
253	 LLH-1	0.001280886253637233	0.001280886253637233
254	 LLH-3	0.0012577565865117225	0.0012577565865117225
255	 LLH-5	0.0012574445031276812	0.0012574445031276812
256	 LLH-3	0.0012515034909863904	0.0012515034909863904
257	 LLH-2	0.0012513199367967472	0.0012513199367967472
258	 LLH-6	0.0012527099955934877	0.0012527099955934877
259	 LLH-4	0.0012527099955934877	0.0012527099955934877
264	 LLH-2	0.0012564364606486573	0.0012564364606486573
265	 LLH-4	0.0012564364606486573	0.0012564364606486573
270	 LLH-4	0.0012557459238264751	0.0012557459238264751
275	 LLH-1	0.0012558695868831206	0.0012558695868831206
276	 LLH-6	0.0012555652892848352	0.0012555652892848352
277	 LLH-3	0.0012451824815023734	0.0012451824815023734
278	 LLH-0	0.0012457226466599663	0.0012457226466599663
279	 LLH-3	0.0012595860599532442	0.0012595860599532442
280	 LLH-0	0.0012442293006855243	0.0012442293006855243
281	 LLH-0	0.0012448937865559345	0.0012448937865559345
282	 LLH-4	0.0012448937865559345	0.0012448937865559345
287	 LLH-3	0.0012736303618952525	0.0012736303618952525
288	 LLH-2	0.0012894369600832275	0.0012894369600832275
289	 LLH-5	0.0012892304243628354	0.0012892304243628354
290	 LLH-5	0.0012893879250359505	0.0012893879250359505
291	 LLH-4	0.001288217890432721	0.001288217890432721
295	 LLH-6	0.0012889054913819153	0.0012889054913819153
296	 LLH-3	0.0013773497842280592	0.0013773497842280592
297	 LLH-2	0.001351470251808284	0.001351470251808284
298	 LLH-1	0.0013515053003866667	0.0013515053003866667
299	 LLH-1	0.0013515053003866667	0.0013515053003866667
300	 LLH-1	0.0013516353864978534	0.0013516353864978534
301	 LLH-3	0.0014988741244073753	0.0014988741244073753
302	 LLH-1	0.0014988741244073753	0.0014988741244073753
303	 LLH-3	0.001306624218861733	0.001306624218861733
304	 LLH-4	0.0013053589442106187	0.0013053589442106187
307	 LLH-5	0.001305602665823706	0.001305602665823706
308	 LLH-6	0.0013060091919555844	0.0013060091919555844
309	 LLH-2	0.0013129691994153714	0.0013129691994153714
310	 LLH-6	0.0013106499660446066	0.0013106499660446066
311	 LLH-0	0.0013120571155440567	0.0013120571155440567
312	 LLH-4	0.001310359118330198	0.001310359118330198
315	 LLH-1	0.001310359118330198	0.001310359118330198
316	 LLH-1	0.001310359118330198	0.001310359118330198
317	 LLH-5	0.0013110835433117027	0.0013110835433117027
318	 LLH-6	0.001311847576272217	0.001311847576272217
319	 LLH-4	0.0013103755595988672	0.0013103755595988672
321	 LLH-5	0.0013107684213886045	0.0013107684213886045
322	 LLH-4	0.001308968494007375	0.001308968494007375
324	 LLH-1	0.001308968494007375	0.001308968494007375
325	 LLH-0	0.0013103127777954957	0.0013103127777954957
326	 LLH-0	0.0013118566123779243	0.0013118566123779243
327	 LLH-2	0.0013188429926197535	0.0013188429926197535
328	 LLH-1	0.0013185349021609257	0.0013185349021609257
329	 LLH-2	0.0013038723266025542	0.0013038723266025542
330	 LLH-2	0.0013041640236268561	0.0013041640236268561
331	 LLH-3	0.0014235970143079274	0.0014235970143079274
332	 LLH-6	0.0014229290767168651	0.0014229290767168651
333	 LLH-2	0.0014162179773400457	0.0014162179773400457
334	 LLH-0	0.001419104907047847	0.001419104907047847
335	 LLH-3	0.0012926512482053162	0.0012926512482053162
336	 LLH-6	0.0012918724844889545	0.0012918724844889545
337	 LLH-1	0.001291704034326136	0.001291704034326136
338	 LLH-3	0.0013706884223838758	0.0013706884223838758
339	 LLH-6	0.0013737041067512115	0.0013737041067512115
340	 LLH-5	0.001372540775281381	0.001372540775281381
341	 LLH-1	0.001372540775281381	0.001372540775281381
342	 LLH-5	0.0013737953673792563	0.0013737953673792563
343	 LLH-1	0.0013737953673792563	0.0013737953673792563
344	 LLH-2	0.0013576781519492802	0.0013576781519492802
345	 LLH-1	0.001357188912577188	0.001357188912577188
346	 LLH-1	0.0013573343210640761	0.0013573343210640761
347	 LLH-4	0.0013550169815889478	0.0013550169815889478
350	 LLH-4	0.0013528684342970364	0.0013528684342970364
352	 LLH-0	0.0013508696032689018	0.0013508696032689018
353	 LLH-4	0.0013486186988057444	0.0013486186988057444
355	 LLH-0	0.001346820902682666	0.001346820902682666
356	 LLH-1	0.001346820902682666	0.001346820902682666
357	 LLH-6	0.0013470445370948592	0.0013470445370948592
358	 LLH-3	0.0015104683739550393	0.0015104683739550393
359	 LLH-4	0.0014738543743107748	0.0014738543743107748
361	 LLH-4	0.0014738543743107748	0.0014738543743107748
366	 LLH-2	0.0014586393717696228	0.0014586393717696228
367	 LLH-4	0.0014551112311820373	0.0014551112311820373
369	 LLH-0	0.0014515181732613523	0.0014515181732613523
370	 LLH-5	0.0014511745467078539	0.0014511745467078539
371	 LLH-1	0.0014511745467078539	0.0014511745467078539
372	 LLH-1	0.0014513036269403604	0.0014513036269403604
373	 LLH-2	0.0013874215599780353	0.0013874215599780353
374	 LLH-1	0.0013874215599780353	0.0013874215599780353
375	 LLH-3	0.001550415528796637	0.0013874215599780353
376	 LLH-3	0.0014738931937502736	0.0014738931937502736
377	 LLH-2	0.0014299324130859835	0.0014299324130859835
378	 LLH-5	0.0014305327563151114	0.0014305327563151114
379	 LLH-0	0.0014280827349786656	0.0014280827349786656
380	 LLH-0	0.0014305781233911574	0.0014305781233911574
381	 LLH-4	0.001427108263289067	0.001427108263289067
384	 LLH-4	0.0014247035029534318	0.0014247035029534318
386	 LLH-6	0.0014231197040254389	0.0014231197040254389
387	 LLH-1	0.001423341470446548	0.001423341470446548
388	 LLH-3	0.0015846129269569225	0.0015846129269569225
389	 LLH-0	0.0015905612075580184	0.0015905612075580184
390	 LLH-6	0.0015900338083475042	0.0015900338083475042
391	 LLH-0	0.0015844792492268876	0.0015844792492268876
392	 LLH-5	0.0015839151801730436	0.0015839151801730436
393	 LLH-6	0.0015828031702657301	0.0015828031702657301
394	 LLH-6	0.0015832210829390442	0.0015832210829390442
395	 LLH-2	0.0014688783288341824	0.0014688783288341824
396	 LLH-5	0.0014687565237323954	0.0014687565237323954
397	 LLH-4	0.0014687565237323954	0.0014687565237323954
402	 LLH-0	0.001505574084666359	0.001505574084666359
403	 LLH-2	0.0014112194033961004	0.0014112194033961004
404	 LLH-4	0.0014082788855289312	0.0014082788855289312
407	 LLH-1	0.001408878850838269	0.001408878850838269
408	 LLH-0	0.001405639549789507	0.001405639549789507
409	 LLH-3	0.0013088811227713688	0.0013088811227713688
410	 LLH-6	0.0013091915123196463	0.0013091915123196463
411	 LLH-6	0.0013080041540319666	0.0013080041540319666
412	 LLH-0	0.001285760742272224	0.001285760742272224
413	 LLH-3	0.0012745404870237028	0.0012745404870237028
414	 LLH-2	0.0012800025649700843	0.0012800025649700843
415	 LLH-3	0.001345270156915311	0.001345270156915311
416	 LLH-6	0.001345295497346841	0.001345295497346841
417	 LLH-4	0.001343315947735238	0.001343315947735238
419	 LLH-0	0.0013415673530706117	0.0013415673530706117
420	 LLH-5	0.0013418886926298463	0.0013418886926298463
421	 LLH-3	0.0012803418696908536	0.0012803418696908536
422	 LLH-1	0.0012803901903607117	0.0012803901903607117
423	 LLH-4	0.0012795039999183781	0.0012795039999183781
425	 LLH-3	0.0013763302006219414	0.0013763302006219414
426	 LLH-6	0.0013753199999968979	0.0013753199999968979
427	 LLH-6	0.0013750998534055076	0.0013750998534055076
428	 LLH-4	0.0013728034139101953	0.0013728034139101953
430	 LLH-1	0.0013728034139101953	0.0013728034139101953
431	 LLH-5	0.0013744228995983497	0.0013744228995983497
432	 LLH-1	0.0013744228995983497	0.0013744228995983497
433	 LLH-5	0.001375507862262835	0.001375507862262835
434	 LLH-2	0.0013622063359586209	0.0013622063359586209
435	 LLH-3	0.0012920117245953395	0.0012920117245953395
436	 LLH-1	0.0012920117245953395	0.0012920117245953395
437	 LLH-4	0.0012910913582424815	0.0012910913582424815
439	 LLH-6	0.001293121561822445	0.001293121561822445
440	 LLH-2	0.0013003497933258112	0.0013003497933258112
441	 LLH-5	0.0012994811312949492	0.0012994811312949492
442	 LLH-0	0.0012983882429625445	0.0012983882429625445
443	 LLH-3	0.0014175471594656875	0.0014175471594656875
444	 LLH-2	0.0014044111392839018	0.0014044111392839018
445	 LLH-3	0.0012958161317384235	0.0012958161317384235
446	 LLH-6	0.0012957266503609188	0.0012957266503609188
447	 LLH-3	0.0013876007024093545	0.0013876007024093545
448	 LLH-6	0.0013844313200430105	0.0013844313200430105
449	 LLH-1	0.0013844313200430105	0.0013844313200430105
450	 LLH-1	0.0013851667927440284	0.0013851667927440284
451	 LLH-3	0.0015201435974921923	0.0013851667927440284
452	 LLH-2	0.0013622226457082809	0.0013622226457082809
453	 LLH-5	0.0013614703650684794	0.0013614703650684794
454	 LLH-1	0.00136169483265252	0.00136169483265252
455	 LLH-1	0.0013615999430240879	0.0013615999430240879
456	 LLH-1	0.0013619495710348916	0.0013619495710348916
457	 LLH-6	0.0013602830134074304	0.0013602830134074304
458	 LLH-6	0.0013609357120194956	0.0013609357120194956
459	 LLH-3	0.001281725029747759	0.001281725029747759
460	 LLH-6	0.001281499747474295	0.001281499747474295
461	 LLH-0	0.0012803669856211557	0.0012803669856211557
462	 LLH-0	0.0012815377184049075	0.0012815377184049075
463	 LLH-2	0.001282999532649454	0.001282999532649454
464	 LLH-0	0.0012818774513841857	0.0012818774513841857
465	 LLH-2	0.0012838957803253776	0.0012838957803253776
466	 LLH-2	0.001276595103600218	0.001276595103600218
467	 LLH-6	0.001278441172810518	0.001278441172810518
468	 LLH-4	0.0012774484307964754	0.0012774484307964754
470	 LLH-3	0.0013512324827231663	0.0013512324827231663
471	 LLH-1	0.0013508169985377075	0.0013508169985377075
472	 LLH-6	0.0013517465394212091	0.0013517465394212091
473	 LLH-6	0.0013533893454886197	0.0013533893454886197
474	 LLH-0	0.0013511991753340819	0.0013511991753340819
475	 LLH-6	0.0013502214352746657	0.0013502214352746657
476	 LLH-4	0.0013474603821558371	0.0013474603821558371
479	 LLH-2	0.0013365073007975316	0.0013365073007975316
480	 LLH-2	0.0013367688146020556	0.0013367688146020556
481	 LLH-4	0.001334953591441953	0.001334953591441953
483	 LLH-2	0.0013300514037269257	0.0013300514037269257
484	 LLH-0	0.0013323922962583717	0.0013323922962583717
485	 LLH-0	0.0013347322911459647	0.0013347322911459647
486	 LLH-1	0.0013347772159632923	0.0013347772159632923
487	 LLH-3	0.0015023068188000331	0.0013347772159632923
488	 LLH-6	0.001335625340099931	0.001335625340099931
489	 LLH-4	0.0013335985344835597	0.0013335985344835597
491	 LLH-4	0.0013317909234131517	0.0013317909234131517
493	 LLH-2	0.0013367663239176055	0.0013367663239176055
494	 LLH-2	0.0013140265938072044	0.0013140265938072044
495	 LLH-4	0.0013125703103065622	0.0013125703103065622
497	 LLH-4	0.0013109495721406782	0.0013109495721406782
500	 LLH-2	0.0013095010322986226	0.0013095010322986226
501	 LLH-5	0.0013077956104229553	0.0013077956104229553
502	 LLH-2	0.0013248154090904256	0.0013248154090904256
503	 LLH-2	0.0013204171101290933	0.0013204171101290933
504	 LLH-5	0.001320116515361923	0.001320116515361923
505	 LLH-0	0.0013187035739474135	0.0013187035739474135
506	 LLH-1	0.0013187035739474135	0.0013187035739474135
507	 LLH-0	0.0013172972077646493	0.0013172972077646493
508	 LLH-6	0.001317036381495674	0.001317036381495674
509	 LLH-4	0.0013154486809570523	0.0013154486809570523
513	 LLH-6	0.0013147918700563681	0.0013147918700563681
514	 LLH-1	0.0013147280560138288	0.0013147280560138288
515	 LLH-6	0.001311602870509509	0.001311602870509509
516	 LLH-0	0.001313129679789779	0.001313129679789779
517	 LLH-2	0.0013046516745222761	0.0013046516745222761
518	 LLH-3	0.0014176392739120509	0.0013046516745222761
519	 LLH-3	0.0014093141526483268	0.0014093141526483268
520	 LLH-1	0.0014089285221323268	0.0014089285221323268
521	 LLH-5	0.001408456715098557	0.001408456715098557
522	 LLH-6	0.0014089502361495304	0.0014089502361495304
523	 LLH-5	0.0014102863647990444	0.0014102863647990444
524	 LLH-4	0.0014074344685570644	0.0014074344685570644
526	 LLH-0	0.0014394687206790596	0.0014394687206790596
527	 LLH-5	0.0014384477539702554	0.0014384477539702554
528	 LLH-1	0.0014384477539702554	0.0014384477539702554
529	 LLH-0	0.0014064117150276551	0.0014064117150276551
530	 LLH-2	0.0013754151860404498	0.0013754151860404498
531	 LLH-6	0.0013745784784289171	0.0013745784784289171
532	 LLH-3	0.0012855736815919807	0.0012855736815919807
533	 LLH-6	0.001285642508552781	0.001285642508552781
534	 LLH-1	0.001285642508552781	0.001285642508552781
535	 LLH-5	0.0012836530733740547	0.0012836530733740547
536	 LLH-0	0.0012824477435615074	0.0012824477435615074
537	 LLH-1	0.0012827987181372653	0.0012827987181372653
538	 LLH-3	0.001353228085292721	0.0012827987181372653
539	 LLH-3	0.001267484778737928	0.001267484778737928
540	 LLH-4	0.0012666234445458066	0.0012666234445458066
544	 LLH-6	0.0012684216633604454	0.0012684216633604454
545	 LLH-0	0.0012693404493361981	0.0012693404493361981
546	 LLH-4	0.0012686727741494561	0.0012686727741494561
549	 LLH-3	0.001309744280308936	0.001309744280308936
550	 LLH-4	0.0013083611909600688	0.0013083611909600688
554	 LLH-6	0.001309776665572761	0.001309776665572761
555	 LLH-6	0.0013097718566566303	0.0013097718566566303
556	 LLH-2	0.0013058438462333335	0.0013058438462333335
557	 LLH-2	0.0013043099775771456	0.0013043099775771456
558	 LLH-2	0.0013181395338117323	0.0013181395338117323
559	 LLH-4	0.0013167761657594639	0.0013167761657594639
561	 LLH-3	0.0012777839844602347	0.0012777839844602347
562	 LLH-5	0.001278431737820161	0.001278431737820161
563	 LLH-2	0.0012701945267747656	0.0012701945267747656
564	 LLH-5	0.0012705239987940466	0.0012705239987940466
565	 LLH-1	0.0012705239987940466	0.0012705239987940466
566	 LLH-6	0.0012699668648256616	0.0012699668648256616
567	 LLH-4	0.0012691586433499964	0.0012691586433499964
572	 LLH-2	0.0012860795937121815	0.0012860795937121815
573	 LLH-0	0.0012872380971139929	0.0012872380971139929
574	 LLH-6	0.0012878280847373668	0.0012878280847373668
575	 LLH-3	0.001259372263668033	0.001259372263668033
576	 LLH-2	0.0012575720690845944	0.0012575720690845944
577	 LLH-6	0.0012575234827213774	0.0012575234827213774
578	 LLH-4	0.0012575234827213774	0.0012575234827213774
583	 LLH-0	0.0012588095598259417	0.0012588095598259417
584	 LLH-6	0.0012615504518430371	0.0012615504518430371
585	 LLH-4	0.0012615504518430371	0.0012615504518430371
590	 LLH-1	0.001261308702405626	0.001261308702405626
591	 LLH-3	0.0012654566942241065	0.0012654566942241065
592	 LLH-5	0.001265941350603655	0.001265941350603655
593	 LLH-5	0.0012656962748288719	0.0012656962748288719
594	 LLH-0	0.0012666554136224447	0.0012666554136224447
595	 LLH-6	0.0012648950786403258	0.0012648950786403258
596	 LLH-1	0.0012648950786403258	0.0012648950786403258
597	 LLH-1	0.001265054703105829	0.001265054703105829
598	 LLH-4	0.001265054703105829	0.001265054703105829
603	 LLH-6	0.0012659837051106474	0.0012659837051106474
604	 LLH-4	0.0012651809407740974	0.0012651809407740974
606	 LLH-4	0.0012641505334352772	0.0012641505334352772
611	 LLH-0	0.0012647861951222332	0.0012647861951222332
612	 LLH-2	0.001256302096055683	0.001256302096055683
613	 LLH-4	0.0012554345180047551	0.0012554345180047551
615	 LLH-5	0.0012547347336956081	0.0012547347336956081
616	 LLH-6	0.0012554385329748177	0.0012554385329748177
617	 LLH-3	0.0013183325248657314	0.0013183325248657314
618	 LLH-5	0.001318837057192118	0.001318837057192118
619	 LLH-4	0.0013175175752833826	0.0013175175752833826
621	 LLH-6	0.0013187649132181793	0.0013187649132181793
622	 LLH-1	0.0013186064844744265	0.0013186064844744265
623	 LLH-2	0.001325111755215872	0.001325111755215872
624	 LLH-6	0.0013242355915444007	0.0013242355915444007
625	 LLH-4	0.0013223571429481593	0.0013223571429481593
628	 LLH-1	0.0013220986361736015	0.0013220986361736015
629	 LLH-5	0.0013220287391587954	0.0013220287391587954
630	 LLH-3	0.0012667060916525781	0.0012667060916525781
631	 LLH-1	0.0012665525333024363	0.0012665525333024363
632	 LLH-4	0.0012657155038886185	0.0012657155038886185
635	 LLH-3	0.0012638683525022251	0.0012638683525022251
636	 LLH-0	0.0012644784181464158	0.0012644784181464158
637	 LLH-3	0.0012529466817639819	0.0012529466817639819
638	 LLH-6	0.0012518297845170022	0.0012518297845170022
639	 LLH-1	0.0012518297845170022	0.0012518297845170022
640	 LLH-4	0.0012513720569909319	0.0012513720569909319
643	 LLH-0	0.001251863618178547	0.001251863618178547
644	 LLH-0	0.0012525838875990655	0.0012525838875990655
645	 LLH-0	0.001252086632251235	0.001252086632251235
646	 LLH-5	0.0012520390657708527	0.0012520390657708527
647	 LLH-2	0.0012631078166025999	0.0012631078166025999
648	 LLH-6	0.0012624677402791023	0.0012624677402791023
649	 LLH-5	0.0012638444346655818	0.0012638444346655818
650	 LLH-0	0.0012647022564671383	0.0012647022564671383
651	 LLH-3	0.0012891366609679728	0.0012891366609679728
652	 LLH-6	0.0012916524775834523	0.0012916524775834523
653	 LLH-1	0.0012913906211881876	0.0012913906211881876
654	 LLH-6	0.0012902280466938446	0.0012902280466938446
655	 LLH-3	0.00126060888829761	0.00126060888829761
656	 LLH-0	0.0012597303587528513	0.0012597303587528513
657	 LLH-0	0.001260568103085124	0.001260568103085124
658	 LLH-5	0.0012599590425444336	0.0012599590425444336
659	 LLH-4	0.0012599590425444336	0.0012599590425444336
664	 LLH-4	0.0012589955678718493	0.0012589955678718493
666	 LLH-6	0.0012583068538726914	0.0012583068538726914
667	 LLH-4	0.00125736558749983	0.00125736558749983
670	 LLH-6	0.0012580226236552268	0.0012580226236552268
671	 LLH-5	0.0012579894244375278	0.0012579894244375278
672	 LLH-0	0.0012588108035725392	0.0012588108035725392
673	 LLH-5	0.0012580591093679482	0.0012580591093679482
674	 LLH-0	0.0012589709144004873	0.0012589709144004873
675	 LLH-3	0.0013225515896423824	0.0013225515896423824
676	 LLH-0	0.0013211775797027645	0.0013211775797027645
677	 LLH-0	0.0013226724046505403	0.0013226724046505403
678	 LLH-5	0.0013220678472658375	0.0013220678472658375
679	 LLH-5	0.0013201667257561024	0.0013201667257561024
680	 LLH-2	0.0013212297859640449	0.0013212297859640449
681	 LLH-0	0.0013197366217089892	0.0013197366217089892
682	 LLH-4	0.0013181651677364721	0.0013181651677364721
684	 LLH-4	0.0013167259725725897	0.0013167259725725897
689	 LLH-5	0.00131740468254618	0.00131740468254618
690	 LLH-2	0.0013086500515685768	0.0013086500515685768
691	 LLH-6	0.0013070370302417835	0.0013070370302417835
692	 LLH-5	0.0013074617914597157	0.0013074617914597157
693	 LLH-3	0.0014210342351636891	0.0013074617914597157
694	 LLH-4	0.0013057012946293938	0.0013057012946293938
696	 LLH-1	0.001305923396512789	0.001305923396512789
697	 LLH-1	0.0013059856684797969	0.0013059856684797969
698	 LLH-4	0.0013043968995190326	0.0013043968995190326
701	 LLH-1	0.0013043968995190326	0.0013043968995190326
702	 LLH-3	0.0012626739465245289	0.0012626739465245289
703	 LLH-2	0.0012767388819472526	0.0012767388819472526
704	 LLH-0	0.001278009868796208	0.001278009868796208
705	 LLH-5	0.0012792035445756147	0.0012792035445756147
706	 LLH-4	0.001278172085882549	0.001278172085882549
710	 LLH-5	0.0012780407219854205	0.0012780407219854205
711	 LLH-5	0.001277691397345385	0.001277691397345385
712	 LLH-4	0.0012765722217890586	0.0012765722217890586
714	 LLH-1	0.0012765722217890586	0.0012765722217890586
715	 LLH-4	0.0012757348521645084	0.0012757348521645084
719	 LLH-6	0.0012760229961991196	0.0012760229961991196
720	 LLH-6	0.0012761493669820514	0.0012761493669820514
721	 LLH-3	0.0012561371983651373	0.0012561371983651373
722	 LLH-3	0.0013268224930783749	0.0012561371983651373
723	 LLH-3	0.001251512787946599	0.001251512787946599
724	 LLH-1	0.001251512787946599	0.001251512787946599
725	 LLH-3	0.001305868365200595	0.001251512787946599
726	 LLH-6	0.0012505684990881405	0.0012505684990881405
727	 LLH-0	0.0012510142358059654	0.0012510142358059654
728	 LLH-3	0.0012503256158143189	0.0012503256158143189
729	 LLH-0	0.001250808853978309	0.001250808853978309
730	 LLH-6	0.0012514791607311291	0.0012514791607311291
731	 LLH-2	0.0012459789049886665	0.0012459789049886665
732	 LLH-5	0.0012458436842857513	0.0012458436842857513
733	 LLH-0	0.0012465416590046684	0.0012465416590046684
734	 LLH-0	0.0012472585589447804	0.0012472585589447804
735	 LLH-2	0.0012588519917153995	0.0012588519917153995
736	 LLH-5	0.001260417724978708	0.001260417724978708
737	 LLH-0	0.0012614820869464353	0.0012614820869464353
738	 LLH-2	0.0012606805838092383	0.0012606805838092383
739	 LLH-0	0.0012617155889818564	0.0012617155889818564
740	 LLH-1	0.0012621547727210184	0.0012621547727210184
741	 LLH-1	0.0012623464250016343	0.0012623464250016343
742	 LLH-2	0.001265724327879492	0.001265724327879492
743	 LLH-3	0.0013456033588757654	0.001265724327879492
744	 LLH-5	0.0012653755413887927	0.0012653755413887927
745	 LLH-6	0.0012657978318887327	0.0012657978318887327
746	 LLH-1	0.0012657978318887327	0.0012657978318887327
747	 LLH-4	0.0012648300070456594	0.0012648300070456594
750	 LLH-5	0.0012639266404843022	0.0012639266404843022
751	 LLH-2	0.0012812698728245889	0.0012812698728245889
752	 LLH-2	0.0012912213783003734	0.0012812698728245889
753	 LLH-6	0.0012814053874093795	0.0012814053874093795
754	 LLH-6	0.0012815525313222107	0.0012815525313222107
755	 LLH-4	0.0012806824223298473	0.0012806824223298473
760	 LLH-6	0.0012793342028568832	0.0012793342028568832
761	 LLH-3	0.0013562194974496339	0.0013562194974496339
762	 LLH-6	0.0013541455135182277	0.0013541455135182277
763	 LLH-5	0.0013537423441331573	0.0013537423441331573
764	 LLH-2	0.0013375243727938068	0.0013375243727938068
765	 LLH-3	0.0014751360531513004	0.0014751360531513004
766	 LLH-1	0.0014752278341266935	0.0014752278341266935
767	 LLH-5	0.0014744439506050666	0.0014744439506050666
768	 LLH-2	0.0014193568621031446	0.0014193568621031446
769	 LLH-1	0.0014199667502835282	0.0014199667502835282
770	 LLH-2	0.0013868301318277112	0.0013868301318277112
771	 LLH-5	0.0013858860505996224	0.0013858860505996224
772	 LLH-1	0.0013858860505996224	0.0013858860505996224
773	 LLH-1	0.001385982756587489	0.001385982756587489
774	 LLH-2	0.001363120152712651	0.001363120152712651
775	 LLH-4	0.001360931967994273	0.001360931967994273
777	 LLH-4	0.0013588168355533566	0.0013588168355533566
780	 LLH-2	0.0013522935291931898	0.0013522935291931898
781	 LLH-4	0.0013499903918830652	0.0013499903918830652
783	 LLH-0	0.0013478709820777704	0.0013478709820777704
784	 LLH-3	0.0012727526655445652	0.0012727526655445652
785	 LLH-1	0.0012724854694671258	0.0012724854694671258
786	 LLH-2	0.0012838193753493717	0.0012838193753493717
787	 LLH-1	0.0012838193753493717	0.0012838193753493717
788	 LLH-0	0.0012826772656628618	0.0012826772656628618
789	 LLH-6	0.001283914911594378	0.001283914911594378
790	 LLH-1	0.001284253582981025	0.001284253582981025
791	 LLH-5	0.00128443932070938	0.00128443932070938
792	 LLH-2	0.00129586165277391	0.00129586165277391
793	 LLH-1	0.0012959135114476922	0.0012959135114476922
794	 LLH-0	0.0012944894274756478	0.0012944894274756478
795	 LLH-6	0.0012946542134518386	0.0012946542134518386
796	 LLH-3	0.0013720685851496288	0.0012946542134518386
797	 LLH-2	0.0012834211937653459	0.0012834211937653459
798	 LLH-1	0.0012834211937653459	0.0012834211937653459
799	 LLH-4	0.0012822069470757088	0.0012822069470757088
802	 LLH-1	0.0012822069470757088	0.0012822069470757088
803	 LLH-0	0.0012808071060529049	0.0012808071060529049
804	 LLH-6	0.0012825492561014768	0.0012825492561014768
805	 LLH-1	0.0012825492561014768	0.0012825492561014768
806	 LLH-0	0.0012839372380060794	0.0012839372380060794
807	 LLH-1	0.0012839548202069604	0.0012839548202069604
808	 LLH-6	0.0012836621525768419	0.0012836621525768419
809	 LLH-2	0.001300947717047752	0.001300947717047752
810	 LLH-2	0.0013005080155273976	0.0013005080155273976
811	 LLH-2	0.0013026370167113237	0.0013026370167113237
812	 LLH-5	0.0013036462470261301	0.0013036462470261301
813	 LLH-6	0.0013040689509349597	0.0013040689509349597
814	 LLH-5	0.00130435363196628	0.00130435363196628
815	 LLH-5	0.0013046177936116633	0.0013046177936116633
816	 LLH-3	0.001283303655643299	0.001283303655643299
817	 LLH-5	0.0012821985500598996	0.0012821985500598996
818	 LLH-3	0.0012569043188195668	0.0012569043188195668
819	 LLH-1	0.0012569043188195668	0.0012569043188195668
820	 LLH-1	0.0012569043188195668	0.0012569043188195668
821	 LLH-0	0.0012579281806262624	0.0012579281806262624
822	 LLH-2	0.0012611055136281665	0.0012611055136281665
823	 LLH-0	0.0012619465565410393	0.0012619465565410393
824	 LLH-2	0.0012683544896767809	0.0012619465565410393
825	 LLH-2	0.0012628140727293684	0.0012619465565410393
826	 LLH-3	0.0012610860947705471	0.0012610860947705471
827	 LLH-2	0.0012578328412061641	0.0012578328412061641
828	 LLH-3	0.0012614761063471347	0.0012614761063471347
829	 LLH-1	0.0012614761063471347	0.0012614761063471347
830	 LLH-5	0.0012615966381244095	0.0012615966381244095
831	 LLH-3	0.001255680748218635	0.001255680748218635
832	 LLH-1	0.001255680748218635	0.001255680748218635
833	 LLH-2	0.0012556375449047023	0.0012556375449047023
834	 LLH-2	0.00125085849129314	0.00125085849129314
835	 LLH-2	0.0012531411601605757	0.0012531411601605757
836	 LLH-3	0.0013162016089213417	0.0013162016089213417
837	 LLH-5	0.0013152870468910607	0.0013152870468910607
838	 LLH-5	0.001315505857819417	0.001315505857819417
839	 LLH-3	0.0014069138101432635	0.001315505857819417
840	 LLH-4	0.001313771724758199	0.001313771724758199
842	 LLH-1	0.001313771724758199	0.001313771724758199
843	 LLH-4	0.0013123754054068888	0.0013123754054068888
845	 LLH-2	0.0013145917290004923	0.0013145917290004923
846	 LLH-6	0.0013148753031845192	0.0013148753031845192
847	 LLH-6	0.001314505907554749	0.001314505907554749
848	 LLH-3	0.0012681897826473994	0.0012681897826473994
849	 LLH-2	0.0012779262949294944	0.0012779262949294944
850	 LLH-0	0.0012789531779404352	0.0012789531779404352
851	 LLH-0	0.0012798972444438748	0.0012798972444438748
852	 LLH-0	0.0012809847274601275	0.0012809847274601275
853	 LLH-4	0.0012800466553722699	0.0012800466553722699
857	 LLH-2	0.0012893649449904824	0.0012893649449904824
858	 LLH-0	0.0012905434400350584	0.0012905434400350584
859	 LLH-5	0.0012902083554344466	0.0012902083554344466
860	 LLH-5	0.0012905931767165897	0.0012905931767165897
861	 LLH-2	0.0012739394797906664	0.0012739394797906664
862	 LLH-5	0.0012741205266561253	0.0012741205266561253
863	 LLH-3	0.0013463049631976085	0.0012741205266561253
864	 LLH-0	0.001275370978277525	0.001275370978277525
865	 LLH-2	0.0012808803127087483	0.0012808803127087483
866	 LLH-3	0.0013864257125717394	0.0012808803127087483
867	 LLH-0	0.0012818444338334135	0.0012818444338334135
868	 LLH-4	0.0012808191679692029	0.0012808191679692029
873	 LLH-4	0.001279400349912071	0.001279400349912071
877	 LLH-0	0.0012783531212361707	0.0012783531212361707
878	 LLH-1	0.001278462932196503	0.001278462932196503
879	 LLH-3	0.001264155214827155	0.001264155214827155
880	 LLH-3	0.0012499846598903498	0.0012499846598903498
881	 LLH-3	0.0012587603619452967	0.0012587603619452967
882	 LLH-4	0.0012587603619452967	0.0012587603619452967
887	 LLH-0	0.001259290010038318	0.001259290010038318
888	 LLH-1	0.001259290010038318	0.001259290010038318
889	 LLH-4	0.001259290010038318	0.001259290010038318
894	 LLH-0	0.0012599440813589086	0.0012599440813589086
895	 LLH-5	0.0012604139511700613	0.0012604139511700613
896	 LLH-0	0.0012599254619753933	0.0012599254619753933
897	 LLH-3	0.0012736556159261023	0.0012599254619753933
898	 LLH-4	0.0012599254619753933	0.0012599254619753933
903	 LLH-2	0.0012548101165261497	0.0012548101165261497
904	 LLH-1	0.0012548101165261497	0.0012548101165261497
905	 LLH-6	0.0012560237391298329	0.0012560237391298329
906	 LLH-2	0.0012600622398095647	0.0012600622398095647
907	 LLH-4	0.0012600622398095647	0.0012600622398095647
912	 LLH-6	0.0012606578785062242	0.0012606578785062242
913	 LLH-2	0.0012728924746124683	0.0012728924746124683
914	 LLH-4	0.0012721138481774973	0.0012721138481774973
917	 LLH-0	0.0012731021195592125	0.0012731021195592125
918	 LLH-5	0.0012739200914321392	0.0012739200914321392
919	 LLH-2	0.0012760232360045306	0.0012760232360045306
920	 LLH-3	0.0013481793269939865	0.0012760232360045306
921	 LLH-2	0.0012733878085935478	0.0012733878085935478
922	 LLH-6	0.0012716484467308043	0.0012716484467308043
923	 LLH-2	0.0012892215918690723	0.0012892215918690723
924	 LLH-0	0.0012907250983693005	0.0012907250983693005
925	 LLH-0	0.0012921576050585202	0.0012921576050585202
926	 LLH-1	0.0012921576050585202	0.0012921576050585202
927	 LLH-5	0.0012922504314451418	0.0012922504314451418
928	 LLH-5	0.001291880485081995	0.001291880485081995
929	 LLH-1	0.001291880485081995	0.001291880485081995
930	 LLH-1	0.001291880485081995	0.001291880485081995
931	 LLH-3	0.0013808837224711357	0.001291880485081995
932	 LLH-4	0.001291880485081995	0.001291880485081995
937	 LLH-2	0.0013047094376281562	0.0013047094376281562
938	 LLH-0	0.0013059470392724948	0.0013059470392724948
939	 LLH-3	0.001270170835040695	0.001270170835040695
940	 LLH-2	0.001276665942215378	0.001270170835040695
941	 LLH-1	0.001270170835040695	0.001270170835040695
942	 LLH-6	0.001269735408368586	0.001269735408368586
943	 LLH-1	0.0012699084243420224	0.0012699084243420224
944	 LLH-6	0.0012690711142976418	0.0012690711142976418
945	 LLH-3	0.0012501438562069896	0.0012501438562069896
946	 LLH-5	0.0012500678009198934	0.0012500678009198934
947	 LLH-3	0.001257056191572174	0.001257056191572174
948	 LLH-0	0.0012575741606142025	0.0012575741606142025
949	 LLH-1	0.0012575741606142025	0.0012575741606142025
950	 LLH-6	0.0012575026144495767	0.0012575026144495767
951	 LLH-0	0.001258108083041945	0.001258108083041945
952	 LLH-5	0.001258248262104921	0.001258248262104921
953	 LLH-1	0.001258248262104921	0.001258248262104921
954	 LLH-6	0.0012588324290014258	0.0012588324290014258
955	 LLH-4	0.0012581614794067492	0.0012581614794067492
958	 LLH-3	0.0012478116621404108	0.0012478116621404108
959	 LLH-5	0.001247709392940148	0.001247709392940148
960	 LLH-4	0.001247709392940148	0.001247709392940148
965	 LLH-5	0.0012473922260628242	0.0012473922260628242
966	 LLH-4	0.0012473922260628242	0.0012473922260628242
971	 LLH-6	0.001247284605838021	0.001247284605838021
972	 LLH-3	0.0012507462842269647	0.0012507462842269647
973	 LLH-2	0.0012465552371074906	0.0012465552371074906
974	 LLH-5	0.001246822048197027	0.001246822048197027
975	 LLH-0	0.0012474000764138829	0.0012474000764138829
976	 LLH-0	0.001246683551279837	0.001246683551279837
977	 LLH-2	0.0012532878012386948	0.0012532878012386948
978	 LLH-4	0.0012532878012386948	0.0012532878012386948
983	 LLH-3	0.0012475067788990668	0.0012475067788990668
984	 LLH-3	0.0012556828960114442	0.0012475067788990668
985	 LLH-2	0.001259759271775988	0.001259759271775988
986	 LLH-5	0.0012602012248251833	0.0012602012248251833
987	 LLH-0	0.0012607583909077411	0.0012607583909077411
988	 LLH-6	0.0012618428236740805	0.0012618428236740805
989	 LLH-6	0.0012616165042967223	0.0012616165042967223
990	 LLH-0	0.001262370418690758	0.001262370418690758
991	 LLH-0	0.0012632005751738932	0.0012632005751738932
992	 LLH-5	0.001262335414083143	0.001262335414083143
993	 LLH-1	0.001262335414083143	0.001262335414083143
994	 LLH-2	0.0012625060638758426	0.0012625060638758426
995	 LLH-1	0.0012625144634708504	0.0012625144634708504
996	 LLH-4	0.0012625144634708504	0.0012625144634708504
1001	 LLH-6	0.0012630349980189074	0.0012630349980189074
1002	 LLH-5	0.0012629118485385927	0.0012629118485385927
1003	 LLH-0	0.0012620836296751397	0.0012620836296751397
1004	 LLH-4	0.001261429673759569	0.001261429673759569
1006	 LLH-3	0.0012531168459680056	0.0012531168459680056
1007	 LLH-3	0.0012903168434332075	0.0012903168434332075
1008	 LLH-0	0.0012915176935816687	0.0012915176935816687
1009	 LLH-4	0.0012899990771692972	0.0012899990771692972
1011	 LLH-5	0.0012899347604743432	0.0012899347604743432
1012	 LLH-3	0.001256789670271472	0.001256789670271472
1013	 LLH-3	0.0012604003303457543	0.0012604003303457543
1014	 LLH-6	0.0012611965764644981	0.0012611965764644981
1015	 LLH-3	0.0013019894044398585	0.0013019894044398585
1016	 LLH-2	0.001301146466497262	0.001301146466497262
1017	 LLH-5	0.0013022227950415565	0.001301146466497262
1018	 LLH-3	0.0014296429775200485	0.001301146466497262
1019	 LLH-2	0.0013011380510665636	0.0013011380510665636
1020	 LLH-2	0.0013127514680872374	0.0013127514680872374
1021	 LLH-6	0.0013153113105466992	0.0013153113105466992
1022	 LLH-2	0.0012971053764819162	0.0012971053764819162
1023	 LLH-5	0.0012971967803704092	0.0012971967803704092
1024	 LLH-0	0.0012956477522850017	0.0012956477522850017
1025	 LLH-6	0.0012932771606772916	0.0012932771606772916
1026	 LLH-5	0.00129373548335192	0.00129373548335192
1027	 LLH-1	0.0012931987322544257	0.0012931987322544257
1028	 LLH-5	0.0012919855404911003	0.0012919855404911003
1029	 LLH-6	0.0012891078457431865	0.0012891078457431865
1030	 LLH-4	0.0012877047713584643	0.0012877047713584643
1032	 LLH-3	0.0012606851904183424	0.0012606851904183424
1033	 LLH-2	0.0012825058259161885	0.0012825058259161885
1034	 LLH-0	0.0012631579913896882	0.0012631579913896882
1035	 LLH-4	0.0012631579913896882	0.0012631579913896882
1040	 LLH-5	0.0012627869546106923	0.0012627869546106923
1041	 LLH-1	0.0012626603545412998	0.0012626603545412998
1042	 LLH-1	0.0012623183024110455	0.0012623183024110455
1043	 LLH-1	0.0012620971458886714	0.0012620971458886714
1044	 LLH-5	0.0012623694926145214	0.0012623694926145214
1045	 LLH-3	0.0013372938811045982	0.0012623694926145214
1046	 LLH-0	0.0012632963066493584	0.0012632963066493584
1047	 LLH-3	0.001249714424808584	0.001249714424808584
1048	 LLH-1	0.001249714424808584	0.001249714424808584
1049	 LLH-5	0.001249728171752075	0.001249728171752075
1050	 LLH-6	0.0012491524421008547	0.0012491524421008547
1051	 LLH-6	0.00125005745740077	0.00125005745740077
1052	 LLH-2	0.0012584240207936732	0.0012584240207936732
1053	 LLH-2	0.0012743695029749406	0.0012584240207936732
1054	 LLH-5	0.001257010916118126	0.001257010916118126
1055	 LLH-2	0.001274929475148513	0.001274929475148513
1056	 LLH-1	0.0012750329554865008	0.0012750329554865008
1057	 LLH-4	0.001274040055017476	0.001274040055017476
1062	 LLH-4	0.0012730392039316312	0.0012730392039316312
1064	 LLH-2	0.0012685635264946926	0.0012685635264946926
1065	 LLH-3	0.001265365910713429	0.001265365910713429
1066	 LLH-5	0.0012650384773751357	0.0012650384773751357
1067	 LLH-5	0.0012646797349411987	0.0012646797349411987
1068	 LLH-0	0.001265785386810686	0.001265785386810686
1069	 LLH-3	0.0012567137158775712	0.0012567137158775712
1070	 LLH-0	0.0012572985919310131	0.0012572985919310131
1071	 LLH-5	0.0012577802443069028	0.0012577802443069028
1072	 LLH-2	0.0012543763883288075	0.0012543763883288075
1073	 LLH-1	0.0012537490808876648	0.0012537490808876648
1074	 LLH-3	0.0012532568286593843	0.0012532568286593843
1075	 LLH-6	0.0012536470178304026	0.0012536470178304026
1076	 LLH-2	0.001251232075091113	0.001251232075091113
1077	 LLH-6	0.0012506154984915914	0.0012506154984915914
1078	 LLH-3	0.0012472461337591472	0.0012472461337591472
1079	 LLH-2	0.00125136546361383	0.00125136546361383
1080	 LLH-5	0.0012516696886408106	0.0012516696886408106
1081	 LLH-1	0.0012516696886408106	0.0012516696886408106
1082	 LLH-5	0.0012521802345684392	0.0012521802345684392
1083	 LLH-4	0.0012521802345684392	0.0012521802345684392
1088	 LLH-0	0.0012530993131769177	0.0012530993131769177
1089	 LLH-2	0.0012602164211431759	0.0012530993131769177
1090	 LLH-0	0.0012518283924761327	0.0012518283924761327
1091	 LLH-3	0.0013039413227283955	0.0012518283924761327
1092	 LLH-0	0.0012511504358893473	0.0012511504358893473
1093	 LLH-4	0.0012511504358893473	0.0012511504358893473
1098	 LLH-2	0.0012507674753448478	0.0012507674753448478
1099	 LLH-4	0.0012500575108593517	0.0012500575108593517
1101	 LLH-4	0.0012500575108593517	0.0012500575108593517
1106	 LLH-0	0.001249122566222821	0.001249122566222821
1107	 LLH-4	0.001248477034719671	0.001248477034719671
1109	 LLH-4	0.001248477034719671	0.001248477034719671
1114	 LLH-6	0.001248673070026863	0.001248673070026863
1115	 LLH-3	0.0013146153212922921	0.001248673070026863
1116	 LLH-1	0.001248673070026863	0.001248673070026863
1117	 LLH-5	0.0012498655015472987	0.0012498655015472987
1118	 LLH-3	0.0013255656971985163	0.0012498655015472987
1119	 LLH-4	0.0012498655015472987	0.0012498655015472987
1124	 LLH-6	0.0012480361019016387	0.0012480361019016387
1125	 LLH-5	0.001248108645412055	0.001248108645412055
1126	 LLH-5	0.0012488333372518282	0.0012488333372518282
1127	 LLH-3	0.001297935180505187	0.0012488333372518282
1128	 LLH-0	0.0012494471012921488	0.0012494471012921488
1129	 LLH-5	0.0012505279007982842	0.0012505279007982842
1130	 LLH-4	0.0012497056285238931	0.0012497056285238931
1135	 LLH-5	0.0012495595401942248	0.0012495595401942248
1136	 LLH-6	0.001249134147563316	0.001249134147563316
1137	 LLH-4	0.001249134147563316	0.001249134147563316
1142	 LLH-6	0.0012497771784348846	0.0012497771784348846
1143	 LLH-3	0.0012533851120768607	0.0012533851120768607
1144	 LLH-1	0.0012528616280797975	0.0012528616280797975
1145	 LLH-6	0.0012521892178518636	0.0012521892178518636
1146	 LLH-6	0.00125107490272329	0.00125107490272329
1147	 LLH-3	0.001283216431168719	0.001283216431168719
1148	 LLH-4	0.001283216431168719	0.001283216431168719
1153	 LLH-3	0.0012606213155647746	0.0012606213155647746
1154	 LLH-5	0.0012606700949631513	0.0012606700949631513
1155	 LLH-4	0.0012606700949631513	0.0012606700949631513
1160	 LLH-2	0.001271748259941501	0.001271748259941501
1161	 LLH-3	0.0013177059703342315	0.001271748259941501
1162	 LLH-0	0.0012710535611016982	0.0012710535611016982
1163	 LLH-6	0.0012717912845419757	0.0012717912845419757
1164	 LLH-2	0.0012629591035567544	0.0012629591035567544
1165	 LLH-0	0.0012640564039642873	0.0012640564039642873
1166	 LLH-5	0.0012644499237729802	0.0012644499237729802
1167	 LLH-6	0.0012634540440289517	0.0012634540440289517
1168	 LLH-5	0.0012631995345397159	0.0012631995345397159
1169	 LLH-0	0.0012642908339643931	0.0012642908339643931
1170	 LLH-0	0.0012652094852261377	0.0012652094852261377
1171	 LLH-6	0.0012648172962264326	0.0012648172962264326
1172	 LLH-2	0.0012821098595782354	0.0012648172962264326
1173	 LLH-3	0.0012575286691072181	0.0012575286691072181
1174	 LLH-3	0.001245693816555761	0.001245693816555761
1175	 LLH-6	0.0012445774221673024	0.0012445774221673024
1176	 LLH-0	0.0012454488918117875	0.0012454488918117875
1177	 LLH-2	0.0012553506297300057	0.0012454488918117875
1178	 LLH-6	0.0012447520982622837	0.0012447520982622837
1179	 LLH-0	0.001245274882815713	0.001245274882815713
1180	 LLH-0	0.0012457529846440507	0.0012457529846440507
1181	 LLH-3	0.0012458689645251232	0.0012458689645251232
1182	 LLH-6	0.001245691963295358	0.001245691963295358
1183	 LLH-2	0.0012523369565210908	0.0012523369565210908
1184	 LLH-1	0.0012523369565210908	0.0012523369565210908
1185	 LLH-0	0.0012528570768707197	0.0012528570768707197
1186	 LLH-3	0.0012877542550591068	0.0012528570768707197
1187	 LLH-3	0.0012506281749085644	0.0012506281749085644
1188	 LLH-5	0.001250977926623849	0.001250977926623849
1189	 LLH-2	0.001251518003770221	0.001251518003770221
1190	 LLH-1	0.001251518003770221	0.001251518003770221
1191	 LLH-1	0.001251518003770221	0.001251518003770221
1192	 LLH-4	0.001251518003770221	0.001251518003770221
1197	 LLH-0	0.0012519879303464808	0.0012519879303464808
1198	 LLH-2	0.0012485085224750012	0.0012485085224750012
1199	 LLH-5	0.001247979894519272	0.001247979894519272
1200	 LLH-6	0.0012483744825909778	0.0012483744825909778
1201	 LLH-0	0.0012654724563090347	0.0012483744825909778
1202	 LLH-1	0.0012483744825909778	0.0012483744825909778
1203	 LLH-3	0.0012518138095061197	0.0012518138095061197
1204	 LLH-4	0.0012518138095061197	0.0012518138095061197
1209	 LLH-6	0.001251189935086126	0.001251189935086126
1210	 LLH-4	0.0012506201908220721	0.0012506201908220721
1213	 LLH-4	0.0012497988789595717	0.0012497988789595717
1217	 LLH-3	0.0012829015323371858	0.0012829015323371858
1218	 LLH-1	0.00128270929790989	0.00128270929790989
1219	 LLH-0	0.0012838857210418781	0.0012838857210418781
1220	 LLH-2	0.0012885697386287003	0.0012885697386287003
1221	 LLH-3	0.0012722402846878792	0.0012722402846878792
1222	 LLH-1	0.0012724395733209719	0.0012724395733209719
1223	 LLH-0	0.0012717223918357408	0.0012717223918357408
1224	 LLH-6	0.0012722421331981182	0.0012722421331981182
1225	 LLH-1	0.0012722421331981182	0.0012722421331981182
1226	 LLH-6	0.0012722600193447583	0.0012722600193447583
1227	 LLH-0	0.001273009767259026	0.001273009767259026
1228	 LLH-4	0.001273009767259026	0.001273009767259026
1233	 LLH-5	0.0012731404339693668	0.0012731404339693668
1234	 LLH-1	0.0012731404339693668	0.0012731404339693668
1235	 LLH-1	0.0012731404339693668	0.0012731404339693668
1236	 LLH-6	0.001272554634835244	0.001272554634835244
1237	 LLH-2	0.001267983965152607	0.001267983965152607
1238	 LLH-0	0.001268942362629979	0.001268942362629979
1239	 LLH-4	0.001267880827542572	0.001267880827542572
1244	 LLH-1	0.001267880827542572	0.001267880827542572
1245	 LLH-1	0.0012679703701763613	0.0012679703701763613
1246	 LLH-4	0.0012669387758940313	0.0012669387758940313
1248	 LLH-0	0.0012678278803226301	0.0012678278803226301
1249	 LLH-6	0.0012671539601278837	0.0012671539601278837
1250	 LLH-2	0.0012839816907239125	0.0012839816907239125
1251	 LLH-4	0.0012830843055547717	0.0012830843055547717
1254	 LLH-0	0.0012840211636547475	0.0012840211636547475
1255	 LLH-3	0.001365348710776481	0.0012840211636547475
1256	 LLH-2	0.0012871322741017854	0.0012871322741017854
1257	 LLH-2	0.001281126728347353	0.001281126728347353
1258	 LLH-2	0.0012949409695798596	0.001281126728347353
1259	 LLH-4	0.001279918460841065	0.001279918460841065
1261	 LLH-0	0.0012783834057263604	0.0012783834057263604
1262	 LLH-5	0.0012783724273355028	0.0012783724273355028
1263	 LLH-6	0.0012788724121879148	0.0012788724121879148
1264	 LLH-0	0.0012800661267692666	0.0012800661267692666
1265	 LLH-3	0.001347917339569954	0.0012800661267692666
1266	 LLH-1	0.0012797125150482412	0.0012797125150482412
1267	 LLH-1	0.0012797125150482412	0.0012797125150482412
1268	 LLH-6	0.0012795413885983075	0.0012795413885983075
1269	 LLH-1	0.0012794482468080684	0.0012794482468080684
1270	 LLH-2	0.0012990745963999395	0.0012794482468080684
1271	 LLH-4	0.0012783271035473206	0.0012783271035473206
1273	 LLH-3	0.0013637643408149942	0.0012783271035473206
1274	 LLH-6	0.0012773578298609645	0.0012773578298609645
1275	 LLH-0	0.0012760224623991827	0.0012760224623991827
1276	 LLH-0	0.0012748289946730297	0.0012748289946730297
1277	 LLH-3	0.0013900668212235897	0.0012748289946730297
1278	 LLH-0	0.0012760117937598505	0.0012760117937598505
1279	 LLH-3	0.0013441592888428545	0.0012760117937598505
1280	 LLH-4	0.0012749740305087684	0.0012749740305087684
1283	 LLH-3	0.0013457568633321113	0.0012749740305087684
1284	 LLH-1	0.0012749740305087684	0.0012749740305087684
1285	 LLH-2	0.0012835486913157063	0.0012835486913157063
1286	 LLH-3	0.0013749906134201337	0.0012835486913157063
1287	 LLH-1	0.0012835669274291655	0.0012835669274291655
1288	 LLH-2	0.0012869370172734177	0.0012869370172734177
1289	 LLH-6	0.0012872038819365318	0.0012872038819365318
1290	 LLH-4	0.0012862515361323956	0.0012862515361323956
1294	 LLH-4	0.0012848621360692218	0.0012848621360692218
1296	 LLH-2	0.0012965333923361032	0.0012848621360692218
1297	 LLH-2	0.0013053634676623983	0.0012848621360692218
1298	 LLH-0	0.001285786763087783	0.001285786763087783
1299	 LLH-2	0.001298658374088445	0.001298658374088445
1300	 LLH-5	0.0012992873915947285	0.0012992873915947285
1301	 LLH-6	0.0013003558162090357	0.0013003558162090357
1302	 LLH-1	0.0013001583508886639	0.0013001583508886639
1303	 LLH-4	0.0012991730639344541	0.0012991730639344541
1305	 LLH-1	0.0012993332837388878	0.0012993332837388878
1306	 LLH-3	0.0012655870767443154	0.0012655870767443154
1307	 LLH-6	0.0012656936664566445	0.0012656936664566445
1308	 LLH-5	0.001266008296382573	0.001266008296382573
1309	 LLH-4	0.0012651151308099736	0.0012651151308099736
1312	 LLH-4	0.0012642210759746665	0.0012642210759746665
1317	 LLH-3	0.001254338758007234	0.001254338758007234
1318	 LLH-4	0.001253433517624947	0.001253433517624947
1320	 LLH-3	0.0012555672616336832	0.0012555672616336832
1321	 LLH-2	0.0012497740706106614	0.0012497740706106614
1322	 LLH-6	0.0012493155397339992	0.0012493155397339992
1323	 LLH-5	0.0012495269169170396	0.0012495269169170396
1324	 LLH-2	0.0012572955245742676	0.0012495269169170396
1325	 LLH-3	0.0013041964079685935	0.0012495269169170396
1326	 LLH-2	0.0012578223308652085	0.0012578223308652085
1327	 LLH-5	0.0012579228106893115	0.0012579228106893115
1328	 LLH-3	0.001250806815460241	0.001250806815460241
1329	 LLH-0	0.0012515137953877462	0.0012515137953877462
1330	 LLH-6	0.0012524985202702114	0.0012524985202702114
1331	 LLH-0	0.0012529833888493378	0.0012529833888493378
1332	 LLH-0	0.001252349132890785	0.001252349132890785
1333	 LLH-3	0.0012945792935064632	0.001252349132890785
1334	 LLH-1	0.001252349132890785	0.001252349132890785
1335	 LLH-1	0.0012521838558330915	0.0012521838558330915
1336	 LLH-6	0.001251290067337841	0.001251290067337841
1337	 LLH-0	0.0012506799572161288	0.0012506799572161288
1338	 LLH-4	0.0012499568150760977	0.0012499568150760977
1340	 LLH-5	0.0012499568150760977	0.0012499568150760977
1341	 LLH-4	0.0012499568150760977	0.0012499568150760977
1346	 LLH-5	0.0012489549022636384	0.0012489549022636384
1347	 LLH-2	0.0012609748560641685	0.0012489549022636384
1348	 LLH-0	0.0012498342429719295	0.0012498342429719295
1349	 LLH-4	0.0012498342429719295	0.0012498342429719295
1354	 LLH-1	0.0012498342429719295	0.0012498342429719295
1355	 LLH-6	0.0012493946618702192	0.0012493946618702192
1356	 LLH-1	0.0012493946618702192	0.0012493946618702192
1357	 LLH-0	0.001250035532582332	0.001250035532582332
1358	 LLH-4	0.0012493053167927078	0.0012493053167927078
1360	 LLH-3	0.0012951621614791338	0.0012493053167927078
1361	 LLH-1	0.0012496850895148436	0.0012496850895148436
1362	 LLH-2	0.0012581303694547581	0.0012496850895148436
1363	 LLH-1	0.0012496850895148436	0.0012496850895148436
1364	 LLH-6	0.001248322915169462	0.001248322915169462
1365	 LLH-6	0.0012494540552498914	0.0012494540552498914
1366	 LLH-4	0.0012486411432868307	0.0012486411432868307
1371	 LLH-5	0.0012497702244669054	0.0012497702244669054
1372	 LLH-4	0.0012497702244669054	0.0012497702244669054
1377	 LLH-4	0.0012489760413395157	0.0012489760413395157
1381	 LLH-2	0.0012565197649343795	0.0012565197649343795
1382	 LLH-4	0.0012556154455067344	0.0012556154455067344
1384	 LLH-6	0.0012558080926386255	0.0012558080926386255
1385	 LLH-3	0.0012584497839640161	0.0012584497839640161
1386	 LLH-5	0.00125743647230031	0.00125743647230031
1387	 LLH-2	0.0012613128268616012	0.0012613128268616012
1388	 LLH-4	0.0012603503820647042	0.0012603503820647042
1390	 LLH-5	0.0012599732725963192	0.0012599732725963192
1391	 LLH-6	0.0012601753475565828	0.0012601753475565828
1392	 LLH-5	0.0012607053739821504	0.0012607053739821504
1393	 LLH-5	0.0012600679435425006	0.0012600679435425006
1394	 LLH-5	0.0012601321140843496	0.0012601321140843496
1395	 LLH-3	0.001254651187672157	0.001254651187672157
1396	 LLH-5	0.0012545634246154346	0.0012545634246154346
1397	 LLH-1	0.0012545634246154346	0.0012545634246154346
1398	 LLH-1	0.0012545634246154346	0.0012545634246154346
1399	 LLH-2	0.001257940887783647	0.0012545634246154346
1400	 LLH-5	0.0012547847338165324	0.0012547847338165324
1401	 LLH-2	0.0012547727041776532	0.0012547727041776532
1402	 LLH-5	0.001254382575601888	0.001254382575601888
1403	 LLH-1	0.001254382575601888	0.001254382575601888
1404	 LLH-1	0.001254382575601888	0.001254382575601888
1405	 LLH-3	0.0012560817930895364	0.0012560817930895364
1406	 LLH-4	0.0012560817930895364	0.0012560817930895364
1411	 LLH-4	0.0012553517817129592	0.0012553517817129592
1415	 LLH-0	0.0012548366480216657	0.0012548366480216657
1416	 LLH-4	0.001254067897406472	0.001254067897406472
1419	 LLH-0	0.0012546094375523735	0.0012546094375523735
1420	 LLH-2	0.0012520359943129452	0.0012520359943129452
1421	 LLH-1	0.0012520359943129452	0.0012520359943129452
1422	 LLH-1	0.0012520359943129452	0.0012520359943129452
1423	 LLH-3	0.001295668944570036	0.0012520359943129452
1424	 LLH-2	0.0012695018783386392	0.0012520359943129452
1425	 LLH-5	0.0012520359943129452	0.0012520359943129452
1426	 LLH-6	0.0012516448752541859	0.0012516448752541859
1427	 LLH-4	0.0012516448752541859	0.0012516448752541859
1432	 LLH-5	0.0012527297468592968	0.0012527297468592968
1433	 LLH-5	0.0012510324418957158	0.0012510324418957158
1434	 LLH-3	0.001316293379332709	0.0012510324418957158
1435	 LLH-3	0.0012989877085138914	0.0012510324418957158
1436	 LLH-3	0.0013086646495336272	0.0012510324418957158
1437	 LLH-0	0.0012517748116236914	0.0012517748116236914
1438	 LLH-0	0.0012524375317012485	0.0012524375317012485
1439	 LLH-6	0.0012528568106313477	0.0012524375317012485
1440	 LLH-3	0.0012568494945724323	0.0012568494945724323
1441	 LLH-1	0.0012568494945724323	0.0012568494945724323
1442	 LLH-0	0.001257652663638375	0.001257652663638375
1443	 LLH-1	0.0012574621742737194	0.0012574621742737194
1444	 LLH-5	0.001257245264666469	0.001257245264666469
1445	 LLH-1	0.0012572601193795324	0.0012572601193795324
1446	 LLH-2	0.001248960325507984	0.001248960325507984
1447	 LLH-5	0.001248919578521262	0.001248919578521262
1448	 LLH-2	0.0012628569972310717	0.001248919578521262
1449	 LLH-3	0.0013006456022808788	0.001248919578521262
1450	 LLH-6	0.001249061196760018	0.001249061196760018
1451	 LLH-5	0.0012497884760734996	0.0012497884760734996
1452	 LLH-1	0.0012499809409090583	0.0012499809409090583
1453	 LLH-5	0.0012494174059756058	0.0012494174059756058
1454	 LLH-1	0.0012494174059756058	0.0012494174059756058
1455	 LLH-0	0.0012665617495629272	0.0012494174059756058
1456	 LLH-1	0.0012494174059756058	0.0012494174059756058
1457	 LLH-1	0.0012494174059756058	0.0012494174059756058
1458	 LLH-3	0.0012509871157022458	0.0012509871157022458
1459	 LLH-2	0.0012528075158392234	0.0012509871157022458
1460	 LLH-3	0.0012509451328567367	0.0012509451328567367
1461	 LLH-1	0.0012509451328567367	0.0012509451328567367
1462	 LLH-6	0.001250691106627957	0.001250691106627957
1463	 LLH-1	0.001250691106627957	0.001250691106627957
1464	 LLH-1	0.001250691106627957	0.001250691106627957
1465	 LLH-6	0.0012500404235418273	0.0012500404235418273
1466	 LLH-5	0.0012510100036820268	0.0012510100036820268
1467	 LLH-4	0.001250452561935118	0.001250452561935118
1471	 LLH-6	0.0012501256403895605	0.0012501256403895605
1472	 LLH-6	0.0012490017261237594	0.0012490017261237594
1473	 LLH-6	0.001249400579004258	0.001249400579004258
1474	 LLH-0	0.0012501644458382088	0.0012501644458382088
1475	 LLH-1	0.0012501644458382088	0.0012501644458382088
1476	 LLH-3	0.0012531887205181297	0.0012501644458382088
1477	 LLH-1	0.0012501644458382088	0.0012501644458382088
1478	 LLH-4	0.0012496695870494062	0.0012496695870494062
1483	 LLH-1	0.0012496695870494062	0.0012496695870494062
1484	 LLH-3	0.0012504254054726653	0.0012504254054726653
1485	 LLH-0	0.0012508595481671423	0.0012508595481671423
1486	 LLH-2	0.001242843563458325	0.001242843563458325
1487	 LLH-1	0.001242843563458325	0.001242843563458325
1488	 LLH-4	0.001242843563458325	0.001242843563458325
1493	 LLH-3	0.0012834981369893301	0.001242843563458325
1494	 LLH-6	0.0012432417007162072	0.0012432417007162072
1495	 LLH-5	0.0012442938403872121	0.0012442938403872121
1496	 LLH-2	0.0012498007184116918	0.0012442938403872121
1497	 LLH-5	0.0012440631691044864	0.0012440631691044864
1498	 LLH-1	0.0012440243117499384	0.0012440243117499384
1499	 LLH-6	0.0012450623887536063	0.0012450623887536063
1500	 LLH-3	0.0012833999235023325	0.0012450623887536063
1501	 LLH-4	0.0012450623887536063	0.0012450623887536063
1506	 LLH-0	0.0012455210150092994	0.0012455210150092994
1507	 LLH-6	0.0012457542500858391	0.0012457542500858391
1508	 LLH-6	0.0012448724278102737	0.0012448724278102737
1509	 LLH-4	0.0012448724278102737	0.0012448724278102737
1514	 LLH-3	0.0012779278620958273	0.0012448724278102737
1515	 LLH-2	0.001249557664506605	0.0012448724278102737
1516	 LLH-5	0.0012445797554136283	0.0012445797554136283
1517	 LLH-0	0.0012453240316073178	0.0012453240316073178
1518	 LLH-6	0.001245086768742509	0.001245086768742509
1519	 LLH-5	0.0012449815367047243	0.0012449815367047243
1520	 LLH-5	0.0012455767462907278	0.0012455767462907278
1521	 LLH-2	0.0012578411441931954	0.0012455767462907278
1522	 LLH-6	0.0012452657238509791	0.0012452657238509791
1523	 LLH-6	0.0012447292086727657	0.0012447292086727657
1524	 LLH-0	0.0012443127643042905	0.0012443127643042905
1525	 LLH-4	0.0012438648617643475	0.0012438648617643475
1527	 LLH-6	0.0012436650084709548	0.0012436650084709548
1528	 LLH-2	0.0012549914025414752	0.0012436650084709548
1529	 LLH-6	0.001243525757634603	0.001243525757634603
1530	 LLH-6	0.001244397925163451	0.001244397925163451
1531	 LLH-0	0.001244937452276879	0.001244937452276879
1532	 LLH-5	0.0012456458130394653	0.001244937452276879
1533	 LLH-1	0.001244937452276879	0.001244937452276879
1534	 LLH-2	0.0012511113229032378	0.0012511113229032378
1535	 LLH-3	0.0012602946342295269	0.0012511113229032378
1536	 LLH-1	0.0012514114426799363	0.0012514114426799363
1537	 LLH-5	0.0012513882335139417	0.0012513882335139417
1538	 LLH-3	0.0012946677140112746	0.0012513882335139417
1539	 LLH-6	0.001251255461912413	0.001251255461912413
1540	 LLH-6	0.0012521428140563635	0.0012521428140563635
1541	 LLH-5	0.0012520920815187347	0.0012520920815187347
1542	 LLH-4	0.0012513558272847988	0.0012513558272847988
1545	 LLH-6	0.0012524834499301717	0.0012513558272847988
1546	 LLH-2	0.0012585754716759033	0.0012585754716759033
1547	 LLH-6	0.0012561373916051399	0.0012561373916051399
1548	 LLH-6	0.0012564643813346502	0.0012564643813346502
1549	 LLH-5	0.0012568558099670807	0.0012568558099670807
1550	 LLH-4	0.0012568558099670807	0.0012568558099670807
1555	 LLH-2	0.001258723042959482	0.001258723042959482
1556	 LLH-2	0.0012693418141486253	0.001258723042959482
1557	 LLH-2	0.0012776209294126206	0.001258723042959482
1558	 LLH-2	0.0012796710832336043	0.001258723042959482
1559	 LLH-5	0.0012589144678246062	0.0012589144678246062
1560	 LLH-1	0.00125883061251945	0.00125883061251945
1561	 LLH-3	0.001249204412303389	0.001249204412303389
1562	 LLH-0	0.0012500306153402844	0.0012500306153402844
1563	 LLH-0	0.001249000900030917	0.001249000900030917
1564	 LLH-6	0.0012483576262137595	0.0012483576262137595
1565	 LLH-5	0.0012489893540418382	0.0012489893540418382
1566	 LLH-6	0.001249588790932618	0.001249588790932618
1567	 LLH-5	0.0012504546072181226	0.0012504546072181226
1568	 LLH-4	0.0012497846460527134	0.0012497846460527134
1571	 LLH-3	0.0012972744097566771	0.0012497846460527134
1572	 LLH-2	0.0012639679186591105	0.0012497846460527134
1573	 LLH-1	0.0012497846460527134	0.0012497846460527134
1574	 LLH-0	0.0012503553220271867	0.0012503553220271867
1575	 LLH-5	0.0012503553220271867	0.0012503553220271867
1576	 LLH-0	0.001251074209432448	0.001251074209432448
1577	 LLH-1	0.001251074209432448	0.001251074209432448
1578	 LLH-3	0.0012539385662607109	0.001251074209432448
1579	 LLH-3	0.001302525973135251	0.001251074209432448
1580	 LLH-4	0.001251074209432448	0.001251074209432448
1585	 LLH-6	0.0012503264730092216	0.0012503264730092216
1586	 LLH-4	0.0012503264730092216	0.0012503264730092216
1591	 LLH-5	0.0012504785856592318	0.0012504785856592318
1592	 LLH-0	0.0012511014105408814	0.0012511014105408814
1593	 LLH-5	0.0012500075035825626	0.0012500075035825626
1594	 LLH-2	0.0012651909739948206	0.0012500075035825626
1595	 LLH-0	0.0012495076657764066	0.0012495076657764066
1596	 LLH-6	0.0012496112097404683	0.0012496112097404683
1597	 LLH-2	0.0012577843028620107	0.0012496112097404683
1598	 LLH-4	0.0012496112097404683	0.0012496112097404683
1603	 LLH-0	0.001250191948912611	0.001250191948912611
1604	 LLH-2	0.001249310573766238	0.001249310573766238
1605	 LLH-5	0.0012490450540408738	0.0012490450540408738
1606	 LLH-0	0.0012496370984147213	0.0012496370984147213
1607	 LLH-4	0.0012496370984147213	0.0012496370984147213
1612	 LLH-3	0.0012504005976402062	0.0012504005976402062
1613	 LLH-2	0.0012508671368161193	0.0012508671368161193
1614	 LLH-6	0.0012503792995661907	0.0012503792995661907
1615	 LLH-5	0.0012498487955986397	0.0012498487955986397
1616	 LLH-2	0.0012532415362385343	0.0012498487955986397
1617	 LLH-3	0.001255889975323742	0.0012498487955986397
1618	 LLH-0	0.0012505184432601865	0.0012498487955986397
1619	 LLH-1	0.0012497968984073835	0.0012497968984073835
1620	 LLH-1	0.0012497968984073835	0.0012497968984073835
1621	 LLH-6	0.0012500424340688007	0.0012500424340688007
1622	 LLH-5	0.0012503661932719973	0.0012503661932719973
1623	 LLH-1	0.0012503661932719973	0.0012503661932719973
1624	 LLH-2	0.0012603443301447703	0.0012503661932719973
1625	 LLH-6	0.0012514645822238157	0.0012514645822238157
1626	 LLH-6	0.0012521187316704503	0.0012521187316704503
1627	 LLH-4	0.0012521187316704503	0.0012521187316704503
1632	 LLH-4	0.0012514128339074424	0.0012514128339074424
1634	 LLH-2	0.0012616318423899922	0.0012514128339074424
1635	 LLH-5	0.0012508120017828842	0.0012508120017828842
1636	 LLH-3	0.001308007587897995	0.0012508120017828842
1637	 LLH-5	0.0012512323859272907	0.0012512323859272907
1638	 LLH-0	0.0012521066224637453	0.0012512323859272907
1639	 LLH-6	0.0012522094421352013	0.0012522094421352013
1640	 LLH-3	0.0012572155339880587	0.0012572155339880587
1641	 LLH-4	0.0012564724139091847	0.0012564724139091847
1643	 LLH-4	0.0012558685785978943	0.0012558685785978943
1647	 LLH-6	0.001256023945253105	0.001256023945253105
1648	 LLH-2	0.0012577132380037245	0.001256023945253105
1649	 LLH-1	0.001255988302333209	0.001255988302333209
1650	 LLH-0	0.0012564614532102844	0.0012564614532102844
1651	 LLH-2	0.0012609726681091808	0.0012564614532102844
1652	 LLH-5	0.0012569209171523405	0.0012569209171523405
1653	 LLH-6	0.001257011613452225	0.001257011613452225
1654	 LLH-6	0.0012581499457819537	0.0012581499457819537
1655	 LLH-4	0.001257197128502833	0.001257197128502833
1659	 LLH-1	0.001257197128502833	0.001257197128502833
1660	 LLH-3	0.0012733752609679835	0.001257197128502833
1661	 LLH-6	0.0012559840755216765	0.0012559840755216765
1662	 LLH-5	0.0012557423617078189	0.0012557423617078189
1663	 LLH-0	0.0012563426927555544	0.0012563426927555544
1664	 LLH-6	0.001257215929304523	0.0012563426927555544
1665	 LLH-0	0.0012569514870818016	0.0012569514870818016
1666	 LLH-3	0.0012529546864421546	0.0012529546864421546
1667	 LLH-4	0.0012529546864421546	0.0012529546864421546
1672	 LLH-6	0.0012539762078676996	0.0012529546864421546
1673	 LLH-4	0.0012529546864421546	0.0012529546864421546
1678	 LLH-3	0.0012907412052636695	0.0012529546864421546
1679	 LLH-3	0.0012526046876760255	0.0012526046876760255
1680	 LLH-1	0.0012525649612262124	0.0012525649612262124
1681	 LLH-6	0.0012529381330817148	0.0012529381330817148
1682	 LLH-0	0.0012534507342265707	0.0012534507342265707
1683	 LLH-6	0.001253732941431422	0.001253732941431422
1684	 LLH-2	0.0012549767807344026	0.001253732941431422
1685	 LLH-2	0.0012526291974145852	0.0012526291974145852
1686	 LLH-6	0.0012526670489040796	0.0012526670489040796
1687	 LLH-0	0.0012531564493105944	0.0012531564493105944
1688	 LLH-6	0.0012530874541863957	0.0012530874541863957
1689	 LLH-4	0.0012525469875102396	0.0012525469875102396
1694	 LLH-6	0.0012526296578665348	0.0012526296578665348
1695	 LLH-0	0.001253485927577469	0.001253485927577469
1696	 LLH-4	0.001253485927577469	0.001253485927577469
1701	 LLH-0	0.0012539392871681449	0.0012539392871681449
1702	 LLH-5	0.0012536457806866343	0.0012536457806866343
1703	 LLH-3	0.001248837662031197	0.001248837662031197
1704	 LLH-4	0.0012484054609046826	0.0012484054609046826
1706	 LLH-4	0.0012484054609046826	0.0012484054609046826
1711	 LLH-6	0.0012475186785276882	0.0012475186785276882
1712	 LLH-2	0.0012485805615494749	0.0012485805615494749
1713	 LLH-6	0.001248934496960907	0.001248934496960907
1714	 LLH-3	0.0013052030423043503	0.001248934496960907
1715	 LLH-2	0.0012515320617263956	0.001248934496960907
1716	 LLH-4	0.001248934496960907	0.001248934496960907
1721	 LLH-6	0.0012481453156664066	0.0012481453156664066
1722	 LLH-5	0.0012484648158313434	0.0012484648158313434
1723	 LLH-2	0.0012537252161027765	0.0012484648158313434
1724	 LLH-4	0.0012475799337869332	0.0012475799337869332
1729	 LLH-6	0.0012479076497494924	0.0012475799337869332
1730	 LLH-1	0.0012475799337869332	0.0012475799337869332
1731	 LLH-3	0.0012553313873728184	0.0012475799337869332
1732	 LLH-5	0.0012478867855985408	0.0012475799337869332
1733	 LLH-5	0.0012477781669095966	0.0012477781669095966
1734	 LLH-2	0.0012626117629837082	0.0012477781669095966
1735	 LLH-2	0.001265818279952211	0.0012477781669095966
1736	 LLH-2	0.001265533554543316	0.0012477781669095966
1737	 LLH-3	0.0012931353345017739	0.0012477781669095966
1738	 LLH-6	0.0012464013040723815	0.0012464013040723815
1739	 LLH-4	0.0012458196289733324	0.0012458196289733324
1741	 LLH-3	0.0012548834148079792	0.0012458196289733324
1742	 LLH-3	0.0012479082405305215	0.0012479082405305215
1743	 LLH-4	0.0012473606144106327	0.0012473606144106327
1746	 LLH-2	0.0012576549558611396	0.0012473606144106327
1747	 LLH-6	0.0012466652123751159	0.0012466652123751159
1748	 LLH-5	0.0012466088087275317	0.0012466088087275317
1749	 LLH-0	0.001246220303368643	0.001246220303368643
1750	 LLH-2	0.0012580378932861601	0.001246220303368643
1751	 LLH-0	0.001246948220401047	0.001246948220401047
1752	 LLH-1	0.001246948220401047	0.001246948220401047
1753	 LLH-4	0.0012465491114332585	0.0012465491114332585
1756	 LLH-0	0.0012470070501967446	0.0012470070501967446
1757	 LLH-6	0.0012478513753656334	0.0012470070501967446
1758	 LLH-1	0.0012470070501967446	0.0012470070501967446
1759	 LLH-5	0.00124752709837914	0.00124752709837914
1760	 LLH-6	0.0012472192746760431	0.0012472192746760431
1761	 LLH-0	0.0012476940670861393	0.0012476940670861393
1762	 LLH-5	0.0012476550601076102	0.0012476550601076102
1763	 LLH-0	0.0012480592730703562	0.0012480592730703562
1764	 LLH-3	0.0012910760302528646	0.0012480592730703562
1765	 LLH-4	0.0012480592730703562	0.0012480592730703562
1770	 LLH-3	0.00125012207217043	0.0012480592730703562
1771	 LLH-1	0.0012479837463011591	0.0012479837463011591
1772	 LLH-3	0.001248375942400123	0.001248375942400123
1773	 LLH-1	0.001248375942400123	0.001248375942400123
1774	 LLH-2	0.001251698346690582	0.001251698346690582
1775	 LLH-0	0.001252477553091876	0.001252477553091876
1776	 LLH-3	0.0012714295809685187	0.001252477553091876
1777	 LLH-1	0.0012522229718686694	0.0012522229718686694
1778	 LLH-6	0.0012523081060816575	0.0012523081060816575
1779	 LLH-6	0.0012533999118380422	0.0012533999118380422
1780	 LLH-2	0.0012558363150164606	0.0012533999118380422
1781	 LLH-4	0.001252781063826926	0.001252781063826926
1786	 LLH-2	0.0012597458688726778	0.001252781063826926
1787	 LLH-6	0.0012524677008489507	0.0012524677008489507
1788	 LLH-1	0.0012524677008489507	0.0012524677008489507
1789	 LLH-1	0.001252296881487543	0.001252296881487543
1790	 LLH-1	0.0012522056842623134	0.0012522056842623134
1791	 LLH-5	0.0012527205054424315	0.0012527205054424315
1792	 LLH-5	0.0012524622569573254	0.0012524622569573254
1793	 LLH-5	0.0012522545128603939	0.0012522545128603939
1794	 LLH-6	0.001251474949285783	0.001251474949285783
1795	 LLH-1	0.0012516087665259234	0.0012516087665259234
1796	 LLH-6	0.0012513689984433	0.0012513689984433
1797	 LLH-6	0.0012520516597059465	0.0012520516597059465
1798	 LLH-4	0.0012514885388510517	0.0012514885388510517
1802	 LLH-1	0.0012514885388510517	0.0012514885388510517
1803	 LLH-6	0.001250697395908605	0.001250697395908605
1804	 LLH-2	0.001264101345909185	0.001250697395908605
1805	 LLH-4	0.001250697395908605	0.001250697395908605
1810	 LLH-4	0.001250186387455184	0.001250186387455184
1812	 LLH-0	0.0012497488849181314	0.0012497488849181314
1813	 LLH-5	0.0012498666037551634	0.0012498666037551634
1814	 LLH-4	0.0012493362149724025	0.0012493362149724025
1816	 LLH-0	0.0012498311878757717	0.0012493362149724025
1817	 LLH-2	0.001251757507485046	0.0012493362149724025
1818	 LLH-6	0.0012487667059644352	0.0012487667059644352
1819	 LLH-4	0.0012478919127031011	0.0012478919127031011
1823	 LLH-4	0.0012473232385228068	0.0012473232385228068
1826	 LLH-6	0.0012466546449355336	0.0012466546449355336
1827	 LLH-5	0.0012462152515952873	0.0012462152515952873
1828	 LLH-4	0.0012462152515952873	0.0012462152515952873
1833	 LLH-1	0.0012462152515952873	0.0012462152515952873
1834	 LLH-2	0.0012582947982826191	0.0012462152515952873
1835	 LLH-5	0.0012464020135371072	0.0012464020135371072
1836	 LLH-2	0.0012603008564563286	0.0012464020135371072
1837	 LLH-0	0.001246908485682951	0.001246908485682951
1838	 LLH-3	0.0012899936426674684	0.001246908485682951
1839	 LLH-3	0.001244792423058937	0.001244792423058937
1840	 LLH-0	0.0012452094972497582	0.0012452094972497582
1841	 LLH-5	0.0012456053292453412	0.0012456053292453412
1842	 LLH-5	0.0012451654376048047	0.0012451654376048047
1843	 LLH-0	0.0012458450869657848	0.0012451654376048047
1844	 LLH-1	0.0012450098573638993	0.0012450098573638993
1845	 LLH-2	0.0012440584271200751	0.0012440584271200751
1846	 LLH-4	0.001243479643463863	0.001243479643463863
1848	 LLH-5	0.0012445229222846346	0.001243479643463863
1849	 LLH-5	0.001244311999824145	0.001243479643463863
1850	 LLH-5	0.0012436857239211912	0.0012436857239211912
1851	 LLH-1	0.0012436857239211912	0.0012436857239211912
1852	 LLH-5	0.0012435797020129726	0.0012435797020129726
1853	 LLH-6	0.00124354063553432	0.00124354063553432
1854	 LLH-1	0.0012435134681658294	0.0012435134681658294
1855	 LLH-4	0.0012435134681658294	0.0012435134681658294
1860	 LLH-4	0.0012435134681658294	0.0012435134681658294
1865	 LLH-5	0.0012429363050525223	0.0012429363050525223
1866	 LLH-6	0.0012434738851106132	0.0012434738851106132
1867	 LLH-4	0.0012434738851106132	0.0012434738851106132
1872	 LLH-0	0.0012596769659004845	0.0012434738851106132
1873	 LLH-4	0.0012434738851106132	0.0012434738851106132
1878	 LLH-5	0.0012432449658894265	0.0012432449658894265
1879	 LLH-5	0.001243085237765099	0.001243085237765099
1880	 LLH-4	0.001243085237765099	0.001243085237765099
1885	 LLH-6	0.0012431753543899122	0.0012431753543899122
1886	 LLH-0	0.0012438135048044874	0.0012438135048044874
1887	 LLH-5	0.001244475735916588	0.001244475735916588
1888	 LLH-3	0.0013053645976078023	0.001244475735916588
1889	 LLH-5	0.0012445664487977495	0.0012445664487977495
1890	 LLH-0	0.0012452651550635884	0.0012445664487977495
1891	 LLH-2	0.0012531044248729748	0.0012445664487977495
1892	 LLH-5	0.0012446787878566447	0.0012446787878566447
1893	 LLH-1	0.0012446787878566447	0.0012446787878566447
1894	 LLH-6	0.001243962081030454	0.001243962081030454
1895	 LLH-6	0.0012443330678627526	0.001243962081030454
1896	 LLH-0	0.0012433043276814941	0.0012433043276814941
1897	 LLH-5	0.0012444113947216212	0.0012433043276814941
1898	 LLH-1	0.0012433043276814941	0.0012433043276814941
1899	 LLH-2	0.0012592296155903265	0.0012433043276814941
1900	 LLH-2	0.0012635321637410478	0.0012433043276814941
1901	 LLH-0	0.0012439093635089086	0.0012439093635089086
1902	 LLH-0	0.0012432713881396966	0.0012432713881396966
1903	 LLH-5	0.0012444888953975443	0.0012432713881396966
1904	 LLH-0	0.0012439398137040502	0.0012432713881396966
1905	 LLH-2	0.0012556616114552696	0.0012432713881396966
1906	 LLH-6	0.001244464952314851	0.0012432713881396966
1907	 LLH-3	0.0012846345710507737	0.0012432713881396966
1908	 LLH-3	0.0012504854026133781	0.0012432713881396966
1909	 LLH-5	0.0012425632427619918	0.0012425632427619918
1910	 LLH-1	0.0012425632427619918	0.0012425632427619918
1911	 LLH-4	0.0012425632427619918	0.0012425632427619918
1916	 LLH-4	0.0012425632427619918	0.0012425632427619918
1921	 LLH-3	0.0012976441607443347	0.0012425632427619918
1922	 LLH-3	0.001251917189913985	0.0012425632427619918
1923	 LLH-3	0.0012557499662791839	0.0012425632427619918
1924	 LLH-5	0.0012431382089423692	0.0012431382089423692
1925	 LLH-2	0.0012578353932637821	0.0012431382089423692
1926	 LLH-4	0.0012431382089423692	0.0012431382089423692
1931	 LLH-5	0.0012433245962686105	0.0012433245962686105
1932	 LLH-4	0.0012433245962686105	0.0012433245962686105
1937	 LLH-4	0.0012433245962686105	0.0012433245962686105
1942	 LLH-1	0.001243160608661756	0.001243160608661756
1943	 LLH-5	0.001243440227429011	0.001243160608661756
1944	 LLH-3	0.0012511270108451742	0.001243160608661756
1945	 LLH-1	0.001243160608661756	0.001243160608661756
1946	 LLH-2	0.0012514704797116348	0.001243160608661756
1947	 LLH-3	0.0012534013654442913	0.001243160608661756
1948	 LLH-2	0.0012500713016240649	0.001243160608661756
1949	 LLH-0	0.0012436959273258957	0.0012436959273258957
1950	 LLH-3	0.001255469467101928	0.0012436959273258957
1951	 LLH-6	0.0012434993178277855	0.0012434993178277855
1952	 LLH-6	0.0012437599045923415	0.0012434993178277855
1953	 LLH-0	0.0012429036462689282	0.0012429036462689282
1954	 LLH-5	0.0012428731823523457	0.0012428731823523457
1955	 LLH-5	0.0012433252175696947	0.0012428731823523457
1956	 LLH-1	0.0012427025566520864	0.0012427025566520864
1957	 LLH-0	0.001243212859454937	0.0012427025566520864
1958	 LLH-6	0.0012445880740910372	0.0012427025566520864
1959	 LLH-1	0.0012427025566520864	0.0012427025566520864
1960	 LLH-2	0.0012553729724672064	0.0012427025566520864
1961	 LLH-1	0.0012427025566520864	0.0012427025566520864
1962	 LLH-1	0.001242458462007053	0.001242458462007053
1963	 LLH-2	0.0012553997782933568	0.001242458462007053
1964	 LLH-0	0.0012430816384608832	0.0012430816384608832
1965	 LLH-4	0.0012430816384608832	0.0012430816384608832
1970	 LLH-5	0.0012429841097704951	0.0012429841097704951
1971	 LLH-5	0.0012421231044083445	0.0012421231044083445
1972	 LLH-4	0.0012414959409310302	0.0012414959409310302
1974	 LLH-2	0.001254869175188612	0.0012414959409310302
1975	 LLH-3	0.0012878252506048414	0.0012414959409310302
1976	 LLH-6	0.0012429637466750715	0.0012414959409310302
1977	 LLH-6	0.0012436245403592186	0.0012414959409310302
1978	 LLH-5	0.0012416525841289412	0.0012416525841289412
1979	 LLH-2	0.0012596269640392976	0.0012416525841289412
1980	 LLH-5	0.0012432265715988282	0.0012432265715988282
1981	 LLH-1	0.0012432952149365154	0.0012432265715988282
1982	 LLH-6	0.0012432458961432347	0.0012432458961432347
1983	 LLH-6	0.0012444410882064987	0.0012444410882064987
1984	 LLH-6	0.0012445752108798435	0.0012445752108798435
1985	 LLH-5	0.0012449575332255025	0.0012449575332255025
1986	 LLH-0	0.0012454910132584658	0.0012454910132584658
1987	 LLH-6	0.0012464722644021228	0.0012464722644021228
1988	 LLH-3	0.0012568137839799188	0.0012464722644021228
1989	 LLH-3	0.0012868128313660498	0.0012464722644021228
1990	 LLH-3	0.0012576037089389552	0.0012464722644021228
1991	 LLH-6	0.0012454131222161605	0.0012454131222161605
1992	 LLH-4	0.0012454131222161605	0.0012454131222161605
1997	 LLH-4	0.0012454131222161605	0.0012454131222161605
GRID-Start
0.0	0.0
0.0	308.0385
0.0	616.077
0.0	924.1155
0.0	1232.154
0.0	1540.1925
0.0	1848.2310000000002
0.0	2156.2695000000003
0.0	2464.3080000000004
0.0	2772.3465000000006
0.0	3080.3850000000007
0.0	3388.423500000001
0.0	3696.462000000001
0.0	4004.500500000001
0.0	4312.539000000001
0.0	4620.5775
0.0	4928.616
0.0	5236.6545
0.0	5544.692999999999
0.0	5852.731499999999
0.0	6160.769999999999
0.0	6468.808499999998
308.0385	0.0
308.0385	308.0385
308.0385	616.077
308.0385	924.1155
308.0385	1232.154
308.0385	1540.1925
308.0385	1848.2310000000002
308.0385	2156.2695000000003
308.0385	2464.3080000000004
308.0385	2772.3465000000006
308.0385	3080.3850000000007
308.0385	3388.423500000001
308.0385	3696.462000000001
308.0385	4004.500500000001
308.0385	4312.539000000001
308.0385	4620.5775
308.0385	4928.616
308.0385	5236.6545
308.0385	5544.692999999999
308.0385	5852.731499999999
308.0385	6160.769999999999
308.0385	6468.808499999998
616.077	0.0
616.077	308.0385
616.077	616.077
616.077	924.1155
616.077	1232.154
616.077	1540.1925
616.077	1848.2310000000002
616.077	2156.2695000000003
616.077	2464.3080000000004
616.077	2772.3465000000006
616.077	3080.3850000000007
616.077	3388.423500000001
616.077	3696.462000000001
616.077	4004.500500000001
616.077	4312.539000000001
616.077	4620.5775
616.077	4928.616
616.077	5236.6545
616.077	5544.692999999999
616.077	5852.731499999999
616.077	6160.769999999999
616.077	6468.808499999998
924.1155	0.0
924.1155	308.0385
924.1155	616.077
924.1155	924.1155
924.1155	1232.154
924.1155	1540.1925
924.1155	1848.2310000000002
924.1155	2156.2695000000003
924.1155	2464.3080000000004
924.1155	2772.3465000000006
924.1155	3080.3850000000007
924.1155	3388.423500000001
924.1155	3696.462000000001
924.1155	4004.500500000001
924.1155	4312.539000000001
924.1155	4620.5775
924.1155	4928.616
924.1155	5236.6545
924.1155	5544.692999999999
924.1155	5852.731499999999
924.1155	6160.769999999999
924.1155	6468.808499999998
1232.154	0.0
1232.154	308.0385
1232.154	616.077
1232.154	924.1155
1232.154	1232.154
1232.154	1540.1925
1232.154	1848.2310000000002
1232.154	2156.2695000000003
1232.154	2464.3080000000004
1232.154	2772.3465000000006
1232.154	3080.3850000000007
1232.154	4620.5775
1232.154	4928.616
1232.154	5236.6545
1232.154	5544.692999999999
1232.154	5852.731499999999
1232.154	6160.769999999999
1232.154	6468.808499999998
1540.1925	0.0
1540.1925	308.0385
1540.1925	616.077
1540.1925	924.1155
1540.1925	1232.154
1540.1925	1540.1925
1540.1925	1848.2310000000002
1540.1925	2156.2695000000003
1540.1925	2464.3080000000004
1540.1925	2772.3465000000006
1540.1925	3080.3850000000007
1540.1925	4620.5775
1540.1925	4928.616
1540.1925	5236.6545
1540.1925	5544.692999999999
1540.1925	5852.731499999999
1540.1925	6160.769999999999
1540.1925	6468.808499999998
1848.2310000000002	0.0
1848.2310000000002	308.0385
1848.2310000000002	616.077
1848.2310000000002	924.1155
1848.2310000000002	1232.154
1848.2310000000002	1540.1925
1848.2310000000002	1848.2310000000002
1848.2310000000002	2156.2695000000003
1848.2310000000002	2464.3080000000004
1848.2310000000002	2772.3465000000006
1848.2310000000002	3080.3850000000007
1848.2310000000002	4620.5775
1848.2310000000002	4928.616
1848.2310000000002	5236.6545
1848.2310000000002	5544.692999999999
1848.2310000000002	5852.731499999999
1848.2310000000002	6160.769999999999
1848.2310000000002	6468.808499999998
2156.2695000000003	0.0
2156.2695000000003	308.0385
2156.2695000000003	616.077
2156.2695000000003	924.1155
2156.2695000000003	1232.154
2156.2695000000003	1540.1925
2156.2695000000003	1848.2310000000002
2156.2695000000003	2156.2695000000003
2156.2695000000003	2464.3080000000004
2156.2695000000003	2772.3465000000006
2156.2695000000003	3080.3850000000007
2156.2695000000003	4620.5775
2156.2695000000003	4928.616
2156.2695000000003	5236.6545
2156.2695000000003	5544.692999999999
2156.2695000000003	5852.731499999999
2156.2695000000003	6160.769999999999
2156.2695000000003	6468.808499999998
2464.3080000000004	0.0
2464.3080000000004	2464.3080000000004
2464.3080000000004	2772.3465000000006
2464.3080000000004	3080.3850000000007
2464.3080000000004	3388.423500000001
2464.3080000000004	3696.462000000001
2464.3080000000004	4004.500500000001
2464.3080000000004	4312.539000000001
2464.3080000000004	4620.5775
2464.3080000000004	4928.616
2464.3080000000004	5236.6545
2464.3080000000004	5544.692999999999
2464.3080000000004	5852.731499999999
2464.3080000000004	6160.769999999999
2464.3080000000004	6468.808499999998
2772.3465000000006	0.0
2772.3465000000006	2464.3080000000004
2772.3465000000006	2772.3465000000006
2772.3465000000006	3080.3850000000007
2772.3465000000006	3388.423500000001
2772.3465000000006	3696.462000000001
2772.3465000000006	4004.500500000001
2772.3465000000006	4312.539000000001
2772.3465000000006	4620.5775
2772.3465000000006	4928.616
2772.3465000000006	5236.6545
2772.3465000000006	5544.692999999999
2772.3465000000006	5852.731499999999
2772.3465000000006	6160.769999999999
2772.3465000000006	6468.808499999998
3080.3850000000007	0.0
3080.3850000000007	2464.3080000000004
3080.3850000000007	2772.3465000000006
3080.3850000000007	3080.3850000000007
3080.3850000000007	3388.423500000001
3080.3850000000007	3696.462000000001
3080.3850000000007	4004.500500000001
3080.3850000000007	4312.539000000001
3080.3850000000007	4620.5775
3080.3850000000007	4928.616
3080.3850000000007	5236.6545
3080.3850000000007	5544.692999999999
3080.3850000000007	5852.731499999999
3080.3850000000007	6160.769999999999
3080.3850000000007	6468.808499999998
3388.423500000001	0.0
3388.423500000001	2464.3080000000004
3388.423500000001	2772.3465000000006
3388.423500000001	3080.3850000000007
3388.423500000001	3388.423500000001
3388.423500000001	3696.462000000001
3388.423500000001	4004.500500000001
3388.423500000001	4312.539000000001
3388.423500000001	4620.5775
3388.423500000001	4928.616
3388.423500000001	5236.6545
3388.423500000001	5544.692999999999
3388.423500000001	5852.731499999999
3388.423500000001	6160.769999999999
3388.423500000001	6468.808499999998
3696.462000000001	0.0
3696.462000000001	308.0385
3696.462000000001	616.077
3696.462000000001	924.1155
3696.462000000001	1232.154
3696.462000000001	1540.1925
3696.462000000001	1848.2310000000002
3696.462000000001	2156.2695000000003
3696.462000000001	3388.423500000001
3696.462000000001	3696.462000000001
3696.462000000001	4004.500500000001
3696.462000000001	4312.539000000001
3696.462000000001	4620.5775
3696.462000000001	4928.616
3696.462000000001	5236.6545
3696.462000000001	5544.692999999999
3696.462000000001	5852.731499999999
3696.462000000001	6160.769999999999
3696.462000000001	6468.808499999998
4004.500500000001	0.0
4004.500500000001	308.0385
4004.500500000001	616.077
4004.500500000001	924.1155
4004.500500000001	1232.154
4004.500500000001	1540.1925
4004.500500000001	1848.2310000000002
4004.500500000001	2156.2695000000003
4004.500500000001	3388.423500000001
4004.500500000001	3696.462000000001
4004.500500000001	4004.500500000001
4004.500500000001	4312.539000000001
4004.500500000001	4620.5775
4004.500500000001	4928.616
4004.500500000001	5236.6545
4004.500500000001	5544.692999999999
4004.500500000001	5852.731499999999
4004.500500000001	6160.769999999999
4004.500500000001	6468.808499999998
4312.539000000001	0.0
4312.539000000001	308.0385
4312.539000000001	616.077
4312.539000000001	924.1155
4312.539000000001	1232.154
4312.539000000001	1540.1925
4312.539000000001	1848.2310000000002
4312.539000000001	2156.2695000000003
4312.539000000001	3388.423500000001
4312.539000000001	3696.462000000001
4312.539000000001	4004.500500000001
4312.539000000001	4312.539000000001
4312.539000000001	4620.5775
4312.539000000001	4928.616
4312.539000000001	5236.6545
4312.539000000001	5544.692999999999
4312.539000000001	5852.731499999999
4312.539000000001	6160.769999999999
4312.539000000001	6468.808499999998
4620.5775	0.0
4620.5775	308.0385
4620.5775	616.077
4620.5775	924.1155
4620.5775	1232.154
4620.5775	1540.1925
4620.5775	1848.2310000000002
4620.5775	2156.2695000000003
4620.5775	2464.3080000000004
4620.5775	2772.3465000000006
4620.5775	3080.3850000000007
4620.5775	3388.423500000001
4620.5775	3696.462000000001
4620.5775	4004.500500000001
4620.5775	4312.539000000001
4620.5775	4620.5775
4620.5775	4928.616
4620.5775	5236.6545
4620.5775	5544.692999999999
4620.5775	5852.731499999999
4620.5775	6160.769999999999
4620.5775	6468.808499999998
4928.616	0.0
4928.616	308.0385
4928.616	616.077
4928.616	924.1155
4928.616	1232.154
4928.616	1540.1925
4928.616	1848.2310000000002
4928.616	2156.2695000000003
4928.616	2464.3080000000004
4928.616	2772.3465000000006
4928.616	3080.3850000000007
4928.616	3388.423500000001
4928.616	3696.462000000001
4928.616	4004.500500000001
4928.616	4312.539000000001
4928.616	4620.5775
4928.616	4928.616
4928.616	5236.6545
4928.616	5544.692999999999
4928.616	5852.731499999999
4928.616	6160.769999999999
4928.616	6468.808499999998
5236.6545	0.0
5236.6545	308.0385
5236.6545	616.077
5236.6545	924.1155
5236.6545	1232.154
5236.6545	1540.1925
5236.6545	1848.2310000000002
5236.6545	2156.2695000000003
5236.6545	2464.3080000000004
5236.6545	2772.3465000000006
5236.6545	3080.3850000000007
5236.6545	3388.423500000001
5236.6545	3696.462000000001
5236.6545	4004.500500000001
5236.6545	4312.539000000001
5236.6545	4620.5775
5236.6545	4928.616
5236.6545	5236.6545
5236.6545	5544.692999999999
5236.6545	5852.731499999999
5236.6545	6160.769999999999
5236.6545	6468.808499999998
5544.692999999999	0.0
5544.692999999999	308.0385
5544.692999999999	616.077
5544.692999999999	924.1155
5544.692999999999	1232.154
5544.692999999999	1540.1925
5544.692999999999	1848.2310000000002
5544.692999999999	2156.2695000000003
5544.692999999999	2464.3080000000004
5544.692999999999	2772.3465000000006
5544.692999999999	3080.3850000000007
5544.692999999999	3388.423500000001
5544.692999999999	3696.462000000001
5544.692999999999	4004.500500000001
5544.692999999999	4312.539000000001
5544.692999999999	4620.5775
5544.692999999999	4928.616
5544.692999999999	5236.6545
5544.692999999999	5544.692999999999
5544.692999999999	5852.731499999999
5544.692999999999	6160.769999999999
5544.692999999999	6468.808499999998
5852.731499999999	0.0
5852.731499999999	308.0385
5852.731499999999	616.077
5852.731499999999	924.1155
5852.731499999999	1232.154
5852.731499999999	1540.1925
5852.731499999999	1848.2310000000002
5852.731499999999	2156.2695000000003
5852.731499999999	2464.3080000000004
5852.731499999999	2772.3465000000006
5852.731499999999	3080.3850000000007
5852.731499999999	3388.423500000001
5852.731499999999	3696.462000000001
5852.731499999999	4004.500500000001
5852.731499999999	4312.539000000001
5852.731499999999	4620.5775
5852.731499999999	4928.616
5852.731499999999	5236.6545
5852.731499999999	5544.692999999999
5852.731499999999	5852.731499999999
5852.731499999999	6160.769999999999
5852.731499999999	6468.808499999998
6160.769999999999	0.0
6160.769999999999	308.0385
6160.769999999999	616.077
6160.769999999999	924.1155
6160.769999999999	1232.154
6160.769999999999	1540.1925
6160.769999999999	1848.2310000000002
6160.769999999999	2156.2695000000003
6160.769999999999	2464.3080000000004
6160.769999999999	2772.3465000000006
6160.769999999999	3080.3850000000007
6160.769999999999	3388.423500000001
6160.769999999999	3696.462000000001
6160.769999999999	4004.500500000001
6160.769999999999	4312.539000000001
6160.769999999999	4620.5775
6160.769999999999	4928.616
6160.769999999999	5236.6545
6160.769999999999	5544.692999999999
6160.769999999999	5852.731499999999
6160.769999999999	6160.769999999999
6160.769999999999	6468.808499999998
6468.808499999998	0.0
6468.808499999998	308.0385
6468.808499999998	616.077
6468.808499999998	924.1155
6468.808499999998	1232.154
6468.808499999998	1540.1925
6468.808499999998	1848.2310000000002
6468.808499999998	2156.2695000000003
6468.808499999998	2464.3080000000004
6468.808499999998	2772.3465000000006
6468.808499999998	3080.3850000000007
6468.808499999998	3388.423500000001
6468.808499999998	3696.462000000001
6468.808499999998	4004.500500000001
6468.808499999998	4312.539000000001
6468.808499999998	4620.5775
6468.808499999998	4928.616
6468.808499999998	5236.6545
6468.808499999998	5544.692999999999
6468.808499999998	5852.731499999999
6468.808499999998	6160.769999999999
6468.808499999998	6468.808499999998
6776.846999999998	0.0
6776.846999999998	308.0385
6776.846999999998	616.077
6776.846999999998	924.1155
6776.846999999998	1232.154
6776.846999999998	1540.1925
6776.846999999998	1848.2310000000002
6776.846999999998	2156.2695000000003
6776.846999999998	2464.3080000000004
6776.846999999998	2772.3465000000006
6776.846999999998	3080.3850000000007
6776.846999999998	3388.423500000001
6776.846999999998	3696.462000000001
6776.846999999998	4004.500500000001
6776.846999999998	4312.539000000001
6776.846999999998	4620.5775
6776.846999999998	4928.616
6776.846999999998	5236.6545
6776.846999999998	5544.692999999999
6776.846999999998	5852.731499999999
6776.846999999998	6160.769999999999
6776.846999999998	6468.808499999998
7084.885499999998	0.0
7084.885499999998	308.0385
7084.885499999998	616.077
7084.885499999998	924.1155
7084.885499999998	1232.154
7084.885499999998	1540.1925
7084.885499999998	1848.2310000000002
7084.885499999998	2156.2695000000003
7084.885499999998	2464.3080000000004
7084.885499999998	2772.3465000000006
7084.885499999998	3080.3850000000007
7084.885499999998	3388.423500000001
7084.885499999998	3696.462000000001
7084.885499999998	4004.500500000001
7084.885499999998	4312.539000000001
7084.885499999998	4620.5775
7084.885499999998	4928.616
7084.885499999998	5236.6545
7084.885499999998	5544.692999999999
7084.885499999998	5852.731499999999
7084.885499999998	6160.769999999999
7084.885499999998	6468.808499999998
7392.923999999997	0.0
7392.923999999997	308.0385
7392.923999999997	616.077
7392.923999999997	924.1155
7392.923999999997	1232.154
7392.923999999997	1540.1925
7392.923999999997	1848.2310000000002
7392.923999999997	2156.2695000000003
7392.923999999997	2464.3080000000004
7392.923999999997	2772.3465000000006
7392.923999999997	3080.3850000000007
7392.923999999997	3388.423500000001
7392.923999999997	3696.462000000001
7392.923999999997	4004.500500000001
7392.923999999997	4312.539000000001
7392.923999999997	4620.5775
7392.923999999997	4928.616
7392.923999999997	5236.6545
7392.923999999997	5544.692999999999
7392.923999999997	5852.731499999999
7392.923999999997	6160.769999999999
7392.923999999997	6468.808499999998
7700.962499999997	0.0
7700.962499999997	308.0385
7700.962499999997	616.077
7700.962499999997	924.1155
7700.962499999997	1232.154
7700.962499999997	1540.1925
7700.962499999997	1848.2310000000002
7700.962499999997	2156.2695000000003
7700.962499999997	2464.3080000000004
7700.962499999997	2772.3465000000006
7700.962499999997	3080.3850000000007
7700.962499999997	3388.423500000001
7700.962499999997	3696.462000000001
7700.962499999997	4004.500500000001
7700.962499999997	4312.539000000001
7700.962499999997	4620.5775
7700.962499999997	4928.616
7700.962499999997	5236.6545
7700.962499999997	5544.692999999999
7700.962499999997	5852.731499999999
7700.962499999997	6160.769999999999
7700.962499999997	6468.808499999998
8009.000999999997	0.0
8009.000999999997	308.0385
8009.000999999997	616.077
8009.000999999997	924.1155
8009.000999999997	1232.154
8009.000999999997	1540.1925
8009.000999999997	1848.2310000000002
8009.000999999997	2156.2695000000003
8009.000999999997	2464.3080000000004
8009.000999999997	2772.3465000000006
8009.000999999997	3080.3850000000007
8009.000999999997	3388.423500000001
8009.000999999997	3696.462000000001
8009.000999999997	4004.500500000001
8009.000999999997	4312.539000000001
8009.000999999997	4620.5775
8009.000999999997	4928.616
8009.000999999997	5236.6545
8009.000999999997	5544.692999999999
8009.000999999997	5852.731499999999
8009.000999999997	6160.769999999999
8009.000999999997	6468.808499999998
8317.039499999997	0.0
8317.039499999997	308.0385
8317.039499999997	616.077
8317.039499999997	924.1155
8317.039499999997	1232.154
8317.039499999997	1540.1925
8317.039499999997	1848.2310000000002
8317.039499999997	2156.2695000000003
8317.039499999997	2464.3080000000004
8317.039499999997	2772.3465000000006
8317.039499999997	3080.3850000000007
8317.039499999997	3388.423500000001
8317.039499999997	3696.462000000001
8317.039499999997	4004.500500000001
8317.039499999997	4312.539000000001
8317.039499999997	4620.5775
8317.039499999997	4928.616
8317.039499999997	5236.6545
8317.039499999997	5544.692999999999
8317.039499999997	5852.731499999999
8317.039499999997	6160.769999999999
8317.039499999997	6468.808499999998
8625.077999999998	0.0
8625.077999999998	308.0385
8625.077999999998	616.077
8625.077999999998	924.1155
8625.077999999998	1232.154
8625.077999999998	1540.1925
8625.077999999998	1848.2310000000002
8625.077999999998	2156.2695000000003
8625.077999999998	2464.3080000000004
8625.077999999998	2772.3465000000006
8625.077999999998	3080.3850000000007
8625.077999999998	3388.423500000001
8625.077999999998	3696.462000000001
8625.077999999998	4004.500500000001
8625.077999999998	4312.539000000001
8625.077999999998	4620.5775
8625.077999999998	4928.616
8625.077999999998	5236.6545
8625.077999999998	5544.692999999999
8625.077999999998	5852.731499999999
8625.077999999998	6160.769999999999
8625.077999999998	6468.808499999998
8933.116499999998	0.0
8933.116499999998	308.0385
8933.116499999998	616.077
8933.116499999998	924.1155
8933.116499999998	1232.154
8933.116499999998	1540.1925
8933.116499999998	1848.2310000000002
8933.116499999998	2156.2695000000003
8933.116499999998	2464.3080000000004
8933.116499999998	2772.3465000000006
8933.116499999998	3080.3850000000007
8933.116499999998	3388.423500000001
8933.116499999998	3696.462000000001
8933.116499999998	4004.500500000001
8933.116499999998	4312.539000000001
8933.116499999998	4620.5775
8933.116499999998	4928.616
8933.116499999998	5236.6545
8933.116499999998	5544.692999999999
8933.116499999998	5852.731499999999
8933.116499999998	6160.769999999999
8933.116499999998	6468.808499999998
GRID-End
num_of_evaluations 2000
best obj 0.0012414959409310302
LLH0	56
LLH1	46
LLH2	83
LLH3	70
LLH4	141
LLH5	95
LLH6	108