Initial objective 0.0013067952779999528	 Seed value 286324436
1	 LLH-2	0.0012941836609153313	0.0012941836609153313
2	 LLH-6	0.0012967712587096786	0.0012967712587096786
3	 LLH-2	0.0013055530703666783	0.0013055530703666783
4	 LLH-1	0.001305590439724089	0.001305590439724089
5	 LLH-0	0.0013040846928626295	0.0013040846928626295
6	 LLH-2	0.0013008654191957857	0.0013008654191957857
7	 LLH-1	0.0013008654191957857	0.0013008654191957857
8	 LLH-4	0.0012990460708051153	0.0012990460708051153
10	 LLH-3	0.001272772092795101	0.001272772092795101
11	 LLH-2	0.0012713085556538114	0.0012713085556538114
12	 LLH-5	0.001271437216028665	0.001271437216028665
13	 LLH-4	0.0012703177916981421	0.0012703177916981421
17	 LLH-3	0.001339173580127218	0.001339173580127218
18	 LLH-3	0.001429717878926787	0.001429717878926787
19	 LLH-3	0.0015692559344232101	0.001429717878926787
20	 LLH-5	0.0014304774378209924	0.0014304774378209924
21	 LLH-5	0.0014320648545170663	0.0014320648545170663
22	 LLH-2	0.001427970610588247	0.001427970610588247
23	 LLH-5	0.0014273123648982998	0.0014273123648982998
24	 LLH-5	0.0014269566971157374	0.0014269566971157374
25	 LLH-1	0.001427089787845141	0.001427089787845141
26	 LLH-3	0.001302879497421722	0.001302879497421722
27	 LLH-1	0.001302879497421722	0.001302879497421722
28	 LLH-2	0.0013014532922905964	0.0013014532922905964
29	 LLH-5	0.0013019005870530203	0.0013019005870530203
30	 LLH-4	0.0013019005870530203	0.0013019005870530203
35	 LLH-1	0.0013026535536067613	0.0013026535536067613
36	 LLH-6	0.0013027150935357031	0.0013027150935357031
37	 LLH-3	0.0012664661306517357	0.0012664661306517357
38	 LLH-1	0.0012664394442030813	0.0012664394442030813
39	 LLH-4	0.0012664394442030813	0.0012664394442030813
44	 LLH-2	0.0012736242223935898	0.0012736242223935898
45	 LLH-6	0.0012728281035724	0.0012728281035724
46	 LLH-0	0.0012718210842177732	0.0012718210842177732
47	 LLH-5	0.001272024553223735	0.001272024553223735
48	 LLH-0	0.001273027510352342	0.001273027510352342
49	 LLH-1	0.001273027510352342	0.001273027510352342
50	 LLH-3	0.0013447072401630295	0.0013447072401630295
51	 LLH-2	0.0013375115902671613	0.0013375115902671613
52	 LLH-1	0.0013375155550645428	0.0013375155550645428
53	 LLH-5	0.0013368936002583747	0.0013368936002583747
54	 LLH-2	0.0013223126364240358	0.0013223126364240358
55	 LLH-5	0.0013214384740569047	0.0013214384740569047
56	 LLH-2	0.0013116586177693017	0.0013116586177693017
57	 LLH-1	0.0013115843986676921	0.0013115843986676921
58	 LLH-0	0.0013102151851250464	0.0013102151851250464
59	 LLH-6	0.001308580689864788	0.001308580689864788
60	 LLH-2	0.0013183741203823857	0.0013183741203823857
61	 LLH-2	0.0013019716817771472	0.0013019716817771472
62	 LLH-2	0.001306795893940507	0.001306795893940507
63	 LLH-2	0.001304412481344327	0.001304412481344327
64	 LLH-6	0.0013056129997306746	0.0013056129997306746
65	 LLH-2	0.0012983294544900547	0.0012983294544900547
66	 LLH-0	0.0012998818720789697	0.0012998818720789697
67	 LLH-6	0.0013005833563532454	0.0013005833563532454
68	 LLH-6	0.00130034387946597	0.00130034387946597
69	 LLH-1	0.00130034387946597	0.00130034387946597
70	 LLH-2	0.001320243295191802	0.001320243295191802
71	 LLH-5	0.0013204954254158498	0.0013204954254158498
72	 LLH-1	0.0013207403251241337	0.0013207403251241337
73	 LLH-4	0.0013207403251241337	0.0013207403251241337
78	 LLH-0	0.001322289677876887	0.001322289677876887
79	 LLH-3	0.0013981378772578213	0.0013981378772578213
80	 LLH-3	0.001301745313523046	0.001301745313523046
81	 LLH-5	0.0012999569831479356	0.0012999569831479356
82	 LLH-0	0.001298779687712713	0.001298779687712713
83	 LLH-1	0.001298779687712713	0.001298779687712713
84	 LLH-6	0.0012974292523551159	0.0012974292523551159
85	 LLH-2	0.00129099694499596	0.00129099694499596
86	 LLH-1	0.00129099694499596	0.00129099694499596
87	 LLH-4	0.0012896289513984768	0.0012896289513984768
92	 LLH-6	0.001290875404128129	0.001290875404128129
93	 LLH-5	0.0012911347699902712	0.0012911347699902712
94	 LLH-0	0.0012897205916320303	0.0012897205916320303
95	 LLH-4	0.001288548735774637	0.001288548735774637
98	 LLH-0	0.0012902410889367103	0.0012902410889367103
99	 LLH-4	0.0012889416435350807	0.0012889416435350807
102	 LLH-5	0.0012882539498286164	0.0012882539498286164
103	 LLH-4	0.0012882539498286164	0.0012882539498286164
108	 LLH-3	0.0013702604647566757	0.0013702604647566757
109	 LLH-1	0.0013705413268706506	0.0013705413268706506
110	 LLH-6	0.001368933039994538	0.001368933039994538
111	 LLH-6	0.0013662281530622301	0.0013662281530622301
112	 LLH-1	0.0013661018746568112	0.0013661018746568112
113	 LLH-1	0.0013663618045542144	0.0013663618045542144
114	 LLH-3	0.0015963909867207104	0.0015963909867207104
115	 LLH-4	0.001590917962967153	0.001590917962967153
119	 LLH-2	0.0015172872231918081	0.0015172872231918081
120	 LLH-3	0.0017233497641951307	0.0015172872231918081
121	 LLH-1	0.001517495693317802	0.001517495693317802
122	 LLH-5	0.001516983438499816	0.001516983438499816
123	 LLH-3	0.0013091240720583582	0.0013091240720583582
124	 LLH-1	0.0013091240720583582	0.0013091240720583582
125	 LLH-1	0.0013094131745615262	0.0013094131745615262
126	 LLH-2	0.001316405894989614	0.001316405894989614
127	 LLH-5	0.0013175664893907157	0.0013175664893907157
128	 LLH-1	0.0013175540678512132	0.0013175540678512132
129	 LLH-5	0.0013184778990699465	0.0013184778990699465
130	 LLH-0	0.0013198206362126956	0.0013198206362126956
131	 LLH-0	0.0013212786493631513	0.0013212786493631513
132	 LLH-4	0.0013197875264369598	0.0013197875264369598
137	 LLH-5	0.0013197379103571205	0.0013197379103571205
138	 LLH-2	0.0013069451524849785	0.0013069451524849785
139	 LLH-0	0.001305704829261645	0.001305704829261645
140	 LLH-3	0.001268600324617059	0.001268600324617059
141	 LLH-6	0.001269449868430938	0.001269449868430938
142	 LLH-4	0.0012686688320738273	0.0012686688320738273
144	 LLH-4	0.0012678685594902793	0.0012678685594902793
146	 LLH-1	0.0012679583901012462	0.0012679583901012462
147	 LLH-1	0.0012679583901012462	0.0012679583901012462
148	 LLH-4	0.0012665728796311055	0.0012665728796311055
150	 LLH-2	0.0012789303148276676	0.0012789303148276676
151	 LLH-4	0.0012777212842417138	0.0012777212842417138
154	 LLH-0	0.001276586276089528	0.001276586276089528
155	 LLH-5	0.0012767116654227445	0.0012767116654227445
156	 LLH-0	0.0012778634461783098	0.0012778634461783098
157	 LLH-4	0.0012778634461783098	0.0012778634461783098
162	 LLH-5	0.0012783168607001251	0.0012783168607001251
163	 LLH-5	0.0012798977411462528	0.0012798977411462528
164	 LLH-5	0.001280373372238735	0.001280373372238735
165	 LLH-4	0.001280373372238735	0.001280373372238735
170	 LLH-3	0.0013497820482939005	0.0013497820482939005
171	 LLH-4	0.001347614632750097	0.001347614632750097
173	 LLH-5	0.0013456466234014017	0.0013456466234014017
174	 LLH-5	0.001344221997314794	0.001344221997314794
175	 LLH-0	0.0013460890605999736	0.0013460890605999736
176	 LLH-6	0.0013451729449926613	0.0013451729449926613
177	 LLH-5	0.0013454947677879142	0.0013454947677879142
178	 LLH-6	0.0013454887487629424	0.0013454887487629424
179	 LLH-2	0.0013450513767868778	0.0013450513767868778
180	 LLH-5	0.0013457457360339358	0.0013457457360339358
181	 LLH-2	0.0013465932030109183	0.0013465932030109183
182	 LLH-6	0.0013467467126657487	0.0013467467126657487
183	 LLH-2	0.001327473911278175	0.001327473911278175
184	 LLH-5	0.001326422277334452	0.001326422277334452
185	 LLH-1	0.001326422277334452	0.001326422277334452
186	 LLH-3	0.001279384432220422	0.001279384432220422
187	 LLH-0	0.0012786264400570123	0.0012786264400570123
188	 LLH-5	0.001279289381703332	0.001279289381703332
189	 LLH-1	0.001280144279074722	0.001280144279074722
190	 LLH-0	0.0012812856495328785	0.0012812856495328785
191	 LLH-6	0.0012810554071452842	0.0012810554071452842
192	 LLH-0	0.0012801347062742327	0.0012801347062742327
193	 LLH-3	0.0012560796678279219	0.0012560796678279219
194	 LLH-6	0.0012558963598246593	0.0012558963598246593
195	 LLH-0	0.0012566326577581448	0.0012566326577581448
196	 LLH-3	0.001309721209181487	0.001309721209181487
197	 LLH-0	0.0013084555483939193	0.0013084555483939193
198	 LLH-2	0.001309839744110653	0.001309839744110653
199	 LLH-6	0.0013092985852353855	0.0013092985852353855
200	 LLH-5	0.001310100531251445	0.001310100531251445
201	 LLH-0	0.0013115064552268161	0.0013115064552268161
202	 LLH-4	0.0013097653839406074	0.0013097653839406074
204	 LLH-4	0.0013081940505368997	0.0013081940505368997
206	 LLH-0	0.0013066691881418663	0.0013066691881418663
207	 LLH-5	0.0013063350561715484	0.0013063350561715484
208	 LLH-1	0.0013057731889733971	0.0013057731889733971
209	 LLH-1	0.0013054181282628982	0.0013054181282628982
210	 LLH-1	0.0013054181282628982	0.0013054181282628982
211	 LLH-2	0.0013163929750597846	0.0013163929750597846
212	 LLH-6	0.0013168053397649478	0.0013168053397649478
213	 LLH-4	0.0013153232076153988	0.0013153232076153988
215	 LLH-5	0.001314292657994881	0.001314292657994881
216	 LLH-2	0.0013103883918747705	0.0013103883918747705
217	 LLH-5	0.0013103226335412898	0.0013103226335412898
218	 LLH-2	0.0013137477617630989	0.0013137477617630989
219	 LLH-2	0.0013042763881249268	0.0013042763881249268
220	 LLH-4	0.0013042763881249268	0.0013042763881249268
225	 LLH-4	0.0013042763881249268	0.0013042763881249268
230	 LLH-0	0.0013064109114949063	0.0013064109114949063
231	 LLH-3	0.0014359628772717974	0.0013064109114949063
232	 LLH-5	0.0013063507228304667	0.0013063507228304667
233	 LLH-2	0.0013230824196349673	0.0013230824196349673
234	 LLH-6	0.0013213119482669343	0.0013213119482669343
235	 LLH-1	0.0013213119482669343	0.0013213119482669343
236	 LLH-1	0.0013209994370015107	0.0013209994370015107
237	 LLH-2	0.0013196761587772692	0.0013196761587772692
238	 LLH-4	0.0013185045839747304	0.0013185045839747304
242	 LLH-2	0.0013257788723895427	0.0013257788723895427
243	 LLH-4	0.0013243488524707723	0.0013243488524707723
245	 LLH-2	0.0013182527546495237	0.0013182527546495237
246	 LLH-6	0.0013185757848531913	0.0013185757848531913
247	 LLH-0	0.001320362188268346	0.001320362188268346
248	 LLH-0	0.0013216713793086623	0.0013216713793086623
249	 LLH-5	0.0013219193250540709	0.0013219193250540709
250	 LLH-3	0.0012777174667643737	0.0012777174667643737
251	 LLH-5	0.0012774912528615622	0.0012774912528615622
252	 LLH-5	0.0012771189813263332	0.0012771189813263332
253	 LLH-0	0.0012762047529820556	0.0012762047529820556
254	 LLH-4	0.0012762047529820556	0.0012762047529820556
259	 LLH-4	0.0012752837198022446	0.0012752837198022446
261	 LLH-1	0.0012752837198022446	0.0012752837198022446
262	 LLH-4	0.0012743357587183027	0.0012743357587183027
266	 LLH-1	0.0012743357587183027	0.0012743357587183027
267	 LLH-1	0.0012743357587183027	0.0012743357587183027
268	 LLH-3	0.0012612489592132095	0.0012612489592132095
269	 LLH-1	0.0012612489592132095	0.0012612489592132095
270	 LLH-3	0.001289301088674601	0.001289301088674601
271	 LLH-0	0.0012877601137045113	0.0012877601137045113
272	 LLH-1	0.0012878263845105078	0.0012878263845105078
273	 LLH-2	0.0013059273371138812	0.0013059273371138812
274	 LLH-2	0.0013046335313386971	0.0013046335313386971
275	 LLH-6	0.0013043986982667053	0.0013043986982667053
276	 LLH-5	0.0013043986982667053	0.0013043986982667053
277	 LLH-0	0.0013032589480761838	0.0013032589480761838
278	 LLH-2	0.0013024152358071593	0.0013024152358071593
279	 LLH-0	0.0013035891100698122	0.0013035891100698122
280	 LLH-3	0.0014014356972292187	0.0014014356972292187
281	 LLH-2	0.0013821560296936924	0.0013821560296936924
282	 LLH-1	0.0013821560296936924	0.0013821560296936924
283	 LLH-3	0.0013026197379948272	0.0013026197379948272
284	 LLH-5	0.0013020461192439037	0.0013020461192439037
285	 LLH-3	0.0013591296578092655	0.0013591296578092655
286	 LLH-5	0.0013603557886178986	0.0013603557886178986
287	 LLH-6	0.001360311395821481	0.001360311395821481
288	 LLH-3	0.0012781939099635107	0.0012781939099635107
289	 LLH-1	0.0012781939099635107	0.0012781939099635107
290	 LLH-2	0.001288077833437656	0.001288077833437656
291	 LLH-3	0.0013887771240792698	0.001288077833437656
292	 LLH-2	0.0012950606563380926	0.0012950606563380926
293	 LLH-3	0.0013865784712655722	0.0013865784712655722
294	 LLH-4	0.0013838687270383524	0.0013838687270383524
296	 LLH-4	0.0013813320810840445	0.0013813320810840445
298	 LLH-3	0.0015023230455316582	0.0015023230455316582
299	 LLH-4	0.0014984231916374369	0.0014984231916374369
301	 LLH-4	0.0014949387584290738	0.0014949387584290738
303	 LLH-3	0.0013012354110927102	0.0013012354110927102
304	 LLH-5	0.0013013526231651028	0.0013013526231651028
305	 LLH-0	0.0012997312554669687	0.0012997312554669687
306	 LLH-5	0.0013004303965905863	0.0013004303965905863
307	 LLH-4	0.0012992319176328912	0.0012992319176328912
310	 LLH-6	0.0012972783615840758	0.0012972783615840758
311	 LLH-2	0.0012959292351144363	0.0012959292351144363
312	 LLH-4	0.0012946959161400156	0.0012946959161400156
314	 LLH-2	0.0013037718369346561	0.0013037718369346561
315	 LLH-4	0.0013022712009511047	0.0013022712009511047
318	 LLH-6	0.0013016826072304245	0.0013016826072304245
319	 LLH-1	0.0013016826072304245	0.0013016826072304245
320	 LLH-3	0.0013936009990892979	0.0013016826072304245
321	 LLH-5	0.0013023033232924038	0.0013023033232924038
322	 LLH-2	0.001292048309671033	0.001292048309671033
323	 LLH-2	0.00130138747946086	0.00130138747946086
324	 LLH-6	0.0013021938474131222	0.0013021938474131222
325	 LLH-3	0.0012582472165672254	0.0012582472165672254
326	 LLH-4	0.0012573838920076892	0.0012573838920076892
328	 LLH-5	0.001256613084368738	0.001256613084368738
329	 LLH-4	0.0012555184196477586	0.0012555184196477586
331	 LLH-2	0.001279283098777641	0.001279283098777641
332	 LLH-3	0.0012603542437117244	0.0012603542437117244
333	 LLH-2	0.0012605603679998554	0.0012605603679998554
334	 LLH-3	0.0013168123791698907	0.0012605603679998554
335	 LLH-4	0.0012595591377747132	0.0012595591377747132
338	 LLH-6	0.001258532100580142	0.001258532100580142
339	 LLH-1	0.001258588829658255	0.001258588829658255
340	 LLH-6	0.0012581835724236792	0.0012581835724236792
341	 LLH-4	0.001257314099068789	0.001257314099068789
343	 LLH-1	0.001257314099068789	0.001257314099068789
344	 LLH-0	0.0012580113349759908	0.0012580113349759908
345	 LLH-5	0.0012577602214414014	0.0012577602214414014
346	 LLH-4	0.001257047421712656	0.001257047421712656
350	 LLH-5	0.001255239600907664	0.001255239600907664
351	 LLH-5	0.0012543165900198092	0.0012543165900198092
352	 LLH-1	0.0012543044390566126	0.0012543044390566126
353	 LLH-0	0.0012550281199609312	0.0012550281199609312
354	 LLH-0	0.001256287098998018	0.001256287098998018
355	 LLH-5	0.0012572647160654878	0.0012572647160654878
356	 LLH-2	0.001271758065335337	0.001271758065335337
357	 LLH-2	0.0012738254515800775	0.0012738254515800775
358	 LLH-4	0.0012727716713282775	0.0012727716713282775
362	 LLH-6	0.0012726775289440494	0.0012726775289440494
363	 LLH-2	0.0012765522577110793	0.0012765522577110793
364	 LLH-0	0.001275567718169713	0.001275567718169713
365	 LLH-6	0.0012766098625697944	0.0012766098625697944
366	 LLH-4	0.0012766098625697944	0.0012766098625697944
371	 LLH-1	0.0012766098625697944	0.0012766098625697944
372	 LLH-4	0.0012754910902281215	0.0012754910902281215
375	 LLH-6	0.0012757225764730826	0.0012757225764730826
376	 LLH-5	0.0012755529344643912	0.0012755529344643912
377	 LLH-3	0.0012559220007911885	0.0012559220007911885
378	 LLH-5	0.0012557295054190427	0.0012557295054190427
379	 LLH-1	0.0012557295054190427	0.0012557295054190427
380	 LLH-6	0.0012553819137266795	0.0012553819137266795
381	 LLH-3	0.0013012448057385419	0.0013012448057385419
382	 LLH-3	0.0012648488751311996	0.0012648488751311996
383	 LLH-2	0.001270564601254753	0.001270564601254753
384	 LLH-0	0.0012694391303481505	0.0012694391303481505
385	 LLH-5	0.0012692133433777955	0.0012692133433777955
386	 LLH-1	0.0012692133433777955	0.0012692133433777955
387	 LLH-3	0.0013510549702405962	0.0013510549702405962
388	 LLH-6	0.0013525554793037394	0.0013525554793037394
389	 LLH-2	0.0013194471356489145	0.0013194471356489145
390	 LLH-0	0.0013176504029048174	0.0013176504029048174
391	 LLH-4	0.0013157569648536403	0.0013157569648536403
396	 LLH-1	0.0013154717871798997	0.0013154717871798997
397	 LLH-5	0.0013147806896261045	0.0013147806896261045
398	 LLH-2	0.0013265729306917006	0.0013265729306917006
399	 LLH-1	0.0013265729306917006	0.0013265729306917006
400	 LLH-6	0.0013255119642980743	0.0013255119642980743
401	 LLH-4	0.001323911187289928	0.001323911187289928
404	 LLH-3	0.0014795237741537077	0.0014795237741537077
405	 LLH-1	0.001480072710887687	0.001480072710887687
406	 LLH-6	0.0014807579530627985	0.0014807579530627985
407	 LLH-6	0.0014805476536617276	0.0014805476536617276
408	 LLH-4	0.0014767040643246868	0.0014767040643246868
413	 LLH-4	0.0014732547410364354	0.0014732547410364354
415	 LLH-1	0.0014732547410364354	0.0014732547410364354
416	 LLH-4	0.0014696397152544117	0.0014696397152544117
418	 LLH-5	0.0014689584276984691	0.0014689584276984691
419	 LLH-6	0.0014666384427040177	0.0014666384427040177
420	 LLH-4	0.0014628156984532246	0.0014628156984532246
422	 LLH-4	0.0014597584696214643	0.0014597584696214643
424	 LLH-6	0.001458118593053633	0.001458118593053633
425	 LLH-3	0.0017089894608622509	0.0017089894608622509
426	 LLH-1	0.0017096630001087274	0.0017096630001087274
427	 LLH-6	0.001709927242702017	0.001709927242702017
428	 LLH-0	0.0017027941759162222	0.0017027941759162222
429	 LLH-4	0.001695306599456012	0.001695306599456012
431	 LLH-5	0.0016950460416284402	0.0016950460416284402
432	 LLH-6	0.001696512254115668	0.001696512254115668
433	 LLH-3	0.001974992945719529	0.001974992945719529
434	 LLH-0	0.0019899277299911654	0.0019899277299911654
435	 LLH-4	0.0019760438262856417	0.0019760438262856417
437	 LLH-0	0.0019620714982994955	0.0019620714982994955
438	 LLH-5	0.0019614771765722253	0.0019614771765722253
439	 LLH-6	0.0019635375492355936	0.0019635375492355936
440	 LLH-6	0.0019674940647198065	0.0019674940647198065
441	 LLH-6	0.00196083580567619	0.00196083580567619
442	 LLH-2	0.0016595679845040371	0.0016595679845040371
443	 LLH-1	0.0016595679845040371	0.0016595679845040371
444	 LLH-4	0.0016532842038726359	0.0016532842038726359
447	 LLH-1	0.0016532842038726359	0.0016532842038726359
448	 LLH-4	0.0016464989992014119	0.0016464989992014119
450	 LLH-5	0.0016464092235947468	0.0016464092235947468
451	 LLH-5	0.0016479135104457347	0.0016479135104457347
452	 LLH-5	0.0016475203083320528	0.0016475203083320528
453	 LLH-0	0.0016405477454299955	0.0016405477454299955
454	 LLH-6	0.0016417005625726118	0.0016417005625726118
455	 LLH-5	0.0016423739938816219	0.0016423739938816219
456	 LLH-4	0.001636388440526482	0.001636388440526482
458	 LLH-6	0.0016354835298353883	0.0016354835298353883
459	 LLH-4	0.0016292001434116106	0.0016292001434116106
461	 LLH-5	0.0016295314233055274	0.0016295314233055274
462	 LLH-4	0.0016229203270318878	0.0016229203270318878
464	 LLH-5	0.0016246977028283789	0.0016246977028283789
465	 LLH-0	0.0016184458721452822	0.0016184458721452822
466	 LLH-5	0.0016179464740505196	0.0016179464740505196
467	 LLH-5	0.0016166542692450372	0.0016166542692450372
468	 LLH-4	0.0016102612287794045	0.0016102612287794045
471	 LLH-1	0.0016102612287794045	0.0016102612287794045
472	 LLH-6	0.001613841115654585	0.001613841115654585
473	 LLH-5	0.0016132275650714947	0.0016132275650714947
474	 LLH-0	0.001607217029468116	0.001607217029468116
475	 LLH-4	0.0016015033738406423	0.0016015033738406423
479	 LLH-3	0.0018427269486055902	0.0018427269486055902
480	 LLH-4	0.0018324305752463028	0.0018324305752463028
483	 LLH-1	0.0018324305752463028	0.0018324305752463028
484	 LLH-0	0.0018433857272192934	0.0018433857272192934
485	 LLH-5	0.0018427372254627356	0.0018427372254627356
486	 LLH-5	0.0018416207974945214	0.0018416207974945214
487	 LLH-3	0.001353150424634745	0.001353150424634745
488	 LLH-2	0.0013393001391119937	0.0013393001391119937
489	 LLH-0	0.0013415302237036206	0.0013415302237036206
490	 LLH-5	0.0013411364777278284	0.0013411364777278284
491	 LLH-5	0.001341639768586736	0.001341639768586736
492	 LLH-2	0.0013496591248489853	0.0013496591248489853
493	 LLH-2	0.0013099185278427094	0.0013099185278427094
494	 LLH-3	0.0014209390902666934	0.0013099185278427094
495	 LLH-0	0.001308308356455648	0.001308308356455648
496	 LLH-6	0.0013086143492369105	0.0013086143492369105
497	 LLH-4	0.0013068607598018338	0.0013068607598018338
499	 LLH-5	0.0013075863840268228	0.0013075863840268228
500	 LLH-5	0.0013076143816474915	0.0013076143816474915
501	 LLH-0	0.0013089099111254594	0.0013089099111254594
502	 LLH-2	0.0013074854922666356	0.0013074854922666356
503	 LLH-3	0.0012771932506172351	0.0012771932506172351
504	 LLH-1	0.0012771932506172351	0.0012771932506172351
505	 LLH-5	0.0012772750385284335	0.0012772750385284335
506	 LLH-0	0.0012779948767687266	0.0012779948767687266
507	 LLH-3	0.0013428106448574709	0.0012779948767687266
508	 LLH-4	0.0012779948767687266	0.0012779948767687266
513	 LLH-3	0.0012657795082173815	0.0012657795082173815
514	 LLH-5	0.001266026603128874	0.001266026603128874
515	 LLH-1	0.001266046598398631	0.001266046598398631
516	 LLH-4	0.0012654282960773433	0.0012654282960773433
518	 LLH-3	0.0012517553002547996	0.0012517553002547996
519	 LLH-5	0.0012524151614415058	0.0012524151614415058
520	 LLH-6	0.001252687081506985	0.001252687081506985
521	 LLH-6	0.0012526162045352963	0.0012526162045352963
522	 LLH-1	0.0012526162045352963	0.0012526162045352963
523	 LLH-0	0.0012533560959522268	0.0012533560959522268
524	 LLH-4	0.0012528382242346797	0.0012528382242346797
526	 LLH-2	0.0012620774660275613	0.0012620774660275613
527	 LLH-0	0.0012612254484076486	0.0012612254484076486
528	 LLH-5	0.0012612245843456802	0.0012612245843456802
529	 LLH-3	0.0012454415230913126	0.0012454415230913126
530	 LLH-3	0.0012450266362901302	0.0012450266362901302
531	 LLH-1	0.0012451675939084265	0.0012451675939084265
532	 LLH-6	0.0012454682305145298	0.0012454682305145298
533	 LLH-2	0.0012609259174913554	0.0012609259174913554
534	 LLH-5	0.0012612381426446587	0.0012612381426446587
535	 LLH-1	0.0012613373176834125	0.0012613373176834125
536	 LLH-3	0.001271561334969147	0.001271561334969147
537	 LLH-5	0.0012717319772361016	0.0012717319772361016
538	 LLH-3	0.0013639691988033172	0.0013639691988033172
539	 LLH-4	0.001361884225503106	0.001361884225503106
541	 LLH-2	0.0013413712921266645	0.0013413712921266645
542	 LLH-4	0.0013395338285083793	0.0013395338285083793
544	 LLH-5	0.0013403593327607328	0.0013403593327607328
545	 LLH-4	0.0013389507932225367	0.0013389507932225367
547	 LLH-4	0.0013389507932225367	0.0013389507932225367
552	 LLH-6	0.0013380681930384123	0.0013380681930384123
553	 LLH-1	0.0013380681930384123	0.0013380681930384123
554	 LLH-2	0.0013270959770806815	0.0013270959770806815
555	 LLH-6	0.001325939765198961	0.001325939765198961
556	 LLH-1	0.001325939765198961	0.001325939765198961
557	 LLH-1	0.0013261500145319344	0.0013261500145319344
558	 LLH-3	0.0012644869709610958	0.0012644869709610958
559	 LLH-6	0.0012638437014561607	0.0012638437014561607
560	 LLH-1	0.0012638437014561607	0.0012638437014561607
561	 LLH-5	0.0012633969050969422	0.0012633969050969422
562	 LLH-2	0.0012878381684108082	0.0012878381684108082
563	 LLH-3	0.001374500641106116	0.0012878381684108082
564	 LLH-0	0.0012887128599482303	0.0012887128599482303
565	 LLH-3	0.0013643304346729573	0.0012887128599482303
566	 LLH-4	0.0012874452553674521	0.0012874452553674521
568	 LLH-6	0.001288173501482237	0.001288173501482237
569	 LLH-2	0.0012761902189163965	0.0012761902189163965
570	 LLH-4	0.0012749053513346962	0.0012749053513346962
574	 LLH-1	0.0012749053513346962	0.0012749053513346962
575	 LLH-5	0.0012739235962186644	0.0012739235962186644
576	 LLH-0	0.0012725029634730503	0.0012725029634730503
577	 LLH-3	0.0013732298791730298	0.0012725029634730503
578	 LLH-3	0.001385967365239076	0.0012725029634730503
579	 LLH-5	0.0012730716919365625	0.0012730716919365625
580	 LLH-0	0.001274112152618444	0.001274112152618444
581	 LLH-1	0.001274112152618444	0.001274112152618444
582	 LLH-1	0.0012742388185875632	0.0012742388185875632
583	 LLH-3	0.0013653496812311757	0.0012742388185875632
584	 LLH-0	0.00127527628174478	0.00127527628174478
585	 LLH-5	0.001276260810040679	0.001276260810040679
586	 LLH-5	0.0012760500843787183	0.0012760500843787183
587	 LLH-1	0.0012760500843787183	0.0012760500843787183
588	 LLH-4	0.0012760500843787183	0.0012760500843787183
593	 LLH-6	0.0012741129867776583	0.0012741129867776583
594	 LLH-1	0.0012739277112912518	0.0012739277112912518
595	 LLH-1	0.0012739277112912518	0.0012739277112912518
596	 LLH-6	0.001274812310562024	0.001274812310562024
597	 LLH-5	0.0012751611717700397	0.0012751611717700397
598	 LLH-3	0.0012536165713106853	0.0012536165713106853
599	 LLH-2	0.0012665860353800746	0.0012536165713106853
600	 LLH-0	0.0012544836252404731	0.0012544836252404731
601	 LLH-2	0.0012697743877464458	0.0012697743877464458
602	 LLH-0	0.0012690487031143975	0.0012690487031143975
603	 LLH-5	0.0012688958600779127	0.0012688958600779127
604	 LLH-6	0.0012696274631911928	0.0012696274631911928
605	 LLH-5	0.001269671427056887	0.001269671427056887
606	 LLH-3	0.0013386356601793063	0.0013386356601793063
607	 LLH-4	0.0013368034043934834	0.0013368034043934834
609	 LLH-5	0.0013376122497492798	0.0013376122497492798
610	 LLH-6	0.0013361642249334128	0.0013361642249334128
611	 LLH-2	0.0013287792579445173	0.0013287792579445173
612	 LLH-4	0.0013270058990050887	0.0013270058990050887
614	 LLH-0	0.0013253185572459454	0.0013253185572459454
615	 LLH-4	0.0013237102854326086	0.0013237102854326086
618	 LLH-3	0.0014268748102607576	0.0013237102854326086
619	 LLH-3	0.0012713676242143831	0.0012713676242143831
620	 LLH-0	0.001272235866905626	0.001272235866905626
621	 LLH-6	0.001271659105727454	0.001271659105727454
622	 LLH-6	0.0012713909575158423	0.0012713909575158423
623	 LLH-4	0.001270489985949481	0.001270489985949481
626	 LLH-2	0.0012866577247836774	0.0012866577247836774
627	 LLH-5	0.0012858492730923648	0.0012858492730923648
628	 LLH-1	0.0012860049683882185	0.0012860049683882185
629	 LLH-6	0.0012874549884785722	0.0012874549884785722
630	 LLH-6	0.001287174850162335	0.001287174850162335
631	 LLH-1	0.001287174850162335	0.001287174850162335
632	 LLH-4	0.001286161782250709	0.001286161782250709
634	 LLH-6	0.0012860948576458077	0.0012860948576458077
635	 LLH-6	0.0012870030802000576	0.0012870030802000576
636	 LLH-3	0.001340999444829323	0.0012870030802000576
637	 LLH-6	0.0012865717299522653	0.0012865717299522653
638	 LLH-1	0.0012863949928424237	0.0012863949928424237
639	 LLH-0	0.0012853724556770516	0.0012853724556770516
640	 LLH-5	0.001286412225715793	0.001286412225715793
641	 LLH-0	0.0012874740373867994	0.0012874740373867994
642	 LLH-5	0.0012869756023030814	0.0012869756023030814
643	 LLH-3	0.0012636663316767443	0.0012636663316767443
644	 LLH-5	0.001263602066112855	0.001263602066112855
645	 LLH-3	0.0012944851964180213	0.0012944851964180213
646	 LLH-4	0.0012931628061012932	0.0012931628061012932
648	 LLH-1	0.0012927300408041187	0.0012927300408041187
649	 LLH-4	0.0012913692673360158	0.0012913692673360158
653	 LLH-6	0.0012916274889949798	0.0012916274889949798
654	 LLH-3	0.0013770558906221774	0.0013770558906221774
655	 LLH-3	0.0015801363062137317	0.0015801363062137317
656	 LLH-4	0.001574543488720302	0.001574543488720302
659	 LLH-1	0.001574543488720302	0.001574543488720302
660	 LLH-0	0.0015797027492026427	0.0015797027492026427
661	 LLH-6	0.0015783125211540861	0.0015783125211540861
662	 LLH-4	0.0015734532132071466	0.0015734532132071466
665	 LLH-4	0.0015680247931646961	0.0015680247931646961
667	 LLH-1	0.0015680247931646961	0.0015680247931646961
668	 LLH-6	0.001568289265539884	0.001568289265539884
669	 LLH-2	0.0014969981764318065	0.0014969981764318065
670	 LLH-0	0.0015010570700099888	0.0015010570700099888
671	 LLH-4	0.0014968329691043688	0.0014968329691043688
673	 LLH-4	0.0014926575323064486	0.0014926575323064486
675	 LLH-0	0.001488404732917289	0.001488404732917289
676	 LLH-6	0.0014882954774171908	0.0014882954774171908
677	 LLH-1	0.0014876928628613875	0.0014876928628613875
678	 LLH-6	0.0014878373504629066	0.0014878373504629066
679	 LLH-1	0.0014881561577471322	0.0014881561577471322
680	 LLH-3	0.001314024836397524	0.001314024836397524
681	 LLH-0	0.0013122650463492937	0.0013122650463492937
682	 LLH-3	0.0013808198615904172	0.0013122650463492937
683	 LLH-2	0.0012981895114179062	0.0012981895114179062
684	 LLH-4	0.0012968550639630805	0.0012968550639630805
687	 LLH-3	0.0014082286681961073	0.0012968550639630805
688	 LLH-5	0.001296495138944686	0.001296495138944686
689	 LLH-5	0.0012971816370039757	0.0012971816370039757
690	 LLH-5	0.0012965613404772175	0.0012965613404772175
691	 LLH-0	0.0012982495364818247	0.0012982495364818247
692	 LLH-3	0.00126158037459955	0.00126158037459955
693	 LLH-1	0.00126158037459955	0.00126158037459955
694	 LLH-1	0.00126158037459955	0.00126158037459955
695	 LLH-0	0.0012624534887940742	0.0012624534887940742
696	 LLH-6	0.0012631215983430187	0.0012631215983430187
697	 LLH-1	0.0012631313282533607	0.0012631313282533607
698	 LLH-4	0.0012631313282533607	0.0012631313282533607
703	 LLH-0	0.0012623943010830424	0.0012623943010830424
704	 LLH-1	0.001262358830670407	0.001262358830670407
705	 LLH-0	0.001263075553444875	0.001263075553444875
706	 LLH-4	0.00126225370667902	0.00126225370667902
708	 LLH-1	0.0012623990162906509	0.0012623990162906509
709	 LLH-1	0.0012623990162906509	0.0012623990162906509
710	 LLH-0	0.0012632261462160472	0.0012632261462160472
711	 LLH-2	0.0012653186953831864	0.0012653186953831864
712	 LLH-3	0.0013501245420225831	0.0012653186953831864
713	 LLH-5	0.0012657464390651582	0.0012657464390651582
714	 LLH-2	0.001286110268588396	0.001286110268588396
715	 LLH-1	0.001286110268588396	0.001286110268588396
716	 LLH-4	0.001285160421323117	0.001285160421323117
721	 LLH-5	0.0012849289349670407	0.0012849289349670407
722	 LLH-2	0.0012943643703221084	0.0012943643703221084
723	 LLH-3	0.0012580150095564979	0.0012580150095564979
724	 LLH-4	0.0012574011226872436	0.0012574011226872436
726	 LLH-6	0.0012571029665382847	0.0012571029665382847
727	 LLH-3	0.0012909696446701628	0.0012571029665382847
728	 LLH-3	0.0012597065390628382	0.0012597065390628382
729	 LLH-2	0.0012654204347259093	0.0012654204347259093
730	 LLH-0	0.0012483088510070307	0.0012483088510070307
731	 LLH-3	0.0013183754938346725	0.0012483088510070307
732	 LLH-5	0.001247668916957121	0.001247668916957121
733	 LLH-1	0.001247336183312073	0.001247336183312073
734	 LLH-5	0.0012479425448242863	0.0012479425448242863
735	 LLH-4	0.0012479425448242863	0.0012479425448242863
740	 LLH-2	0.0012664488379637406	0.0012479425448242863
741	 LLH-2	0.0012657252115639435	0.0012657252115639435
742	 LLH-1	0.0012657565754480762	0.0012657565754480762
743	 LLH-3	0.0012464698644766578	0.0012464698644766578
744	 LLH-6	0.001246316215548932	0.001246316215548932
745	 LLH-1	0.001246316215548932	0.001246316215548932
746	 LLH-0	0.0012469300921237518	0.0012469300921237518
747	 LLH-1	0.0012469593135238642	0.0012469593135238642
748	 LLH-4	0.0012469593135238642	0.0012469593135238642
753	 LLH-1	0.0012469593135238642	0.0012469593135238642
754	 LLH-2	0.0012499796507617592	0.0012499796507617592
755	 LLH-3	0.00132322512320749	0.0012499796507617592
756	 LLH-0	0.0012507058762984075	0.0012507058762984075
757	 LLH-0	0.0012516159740728683	0.0012516159740728683
758	 LLH-3	0.0013065811394511848	0.0012516159740728683
759	 LLH-2	0.0012718413174788025	0.0012718413174788025
760	 LLH-3	0.0013186022121544636	0.0012718413174788025
761	 LLH-6	0.0012709550228493765	0.0012709550228493765
762	 LLH-3	0.0013100885515188033	0.0013100885515188033
763	 LLH-0	0.0013085986547507558	0.0013085986547507558
764	 LLH-4	0.0013071257769491599	0.0013071257769491599
766	 LLH-2	0.001305316600577751	0.001305316600577751
767	 LLH-4	0.001305316600577751	0.001305316600577751
772	 LLH-5	0.001304501146407301	0.001304501146407301
773	 LLH-5	0.0013047457306507595	0.0013047457306507595
774	 LLH-3	0.0014348838926374055	0.0013047457306507595
775	 LLH-3	0.0012652297296181477	0.0012652297296181477
776	 LLH-4	0.0012644468764913624	0.0012644468764913624
780	 LLH-5	0.0012645495459884396	0.0012645495459884396
781	 LLH-6	0.0012649880358526003	0.0012649880358526003
782	 LLH-1	0.0012649880358526003	0.0012649880358526003
783	 LLH-6	0.00126602233887209	0.00126602233887209
784	 LLH-5	0.0012662653212459235	0.0012662653212459235
785	 LLH-2	0.001262971123183977	0.001262971123183977
786	 LLH-4	0.0012615591893285788	0.0012615591893285788
788	 LLH-5	0.0012608766190037237	0.0012608766190037237
789	 LLH-3	0.0012615198199884513	0.0012615198199884513
790	 LLH-2	0.0012706573515540674	0.0012706573515540674
791	 LLH-0	0.0012713689786466773	0.0012713689786466773
792	 LLH-3	0.0012453916442262396	0.0012453916442262396
793	 LLH-3	0.0013074783039513744	0.0012453916442262396
794	 LLH-3	0.0012432501111952394	0.0012432501111952394
795	 LLH-1	0.0012432501111952394	0.0012432501111952394
796	 LLH-0	0.001243743565504883	0.001243743565504883
797	 LLH-4	0.0012431501305511284	0.0012431501305511284
799	 LLH-0	0.0012436430172815664	0.0012436430172815664
800	 LLH-4	0.0012436430172815664	0.0012436430172815664
805	 LLH-6	0.0012436515394350597	0.0012436515394350597
806	 LLH-1	0.0012436515394350597	0.0012436515394350597
807	 LLH-3	0.0012915119392667746	0.0012436515394350597
808	 LLH-2	0.0012476525730132373	0.0012476525730132373
809	 LLH-6	0.00124702714065066	0.00124702714065066
810	 LLH-4	0.0012464332344544566	0.0012464332344544566
812	 LLH-6	0.0012458120778188132	0.0012458120778188132
813	 LLH-1	0.0012461876601385499	0.0012461876601385499
814	 LLH-1	0.0012461876601385499	0.0012461876601385499
815	 LLH-3	0.0013052151770006932	0.0012461876601385499
816	 LLH-6	0.0012470705791522005	0.0012470705791522005
817	 LLH-3	0.0012507615333803765	0.0012507615333803765
818	 LLH-4	0.0012502300143086027	0.0012502300143086027
823	 LLH-5	0.0012502707293920302	0.0012502707293920302
824	 LLH-5	0.0012501608732061397	0.0012501608732061397
825	 LLH-0	0.0012507182114987006	0.0012507182114987006
826	 LLH-0	0.0012511635277154562	0.0012511635277154562
827	 LLH-0	0.001251626854419569	0.001251626854419569
828	 LLH-5	0.0012522929529888832	0.0012522929529888832
829	 LLH-1	0.001252288242487484	0.001252288242487484
830	 LLH-3	0.0012900439253920198	0.0012900439253920198
831	 LLH-4	0.0012888413139688858	0.0012888413139688858
834	 LLH-5	0.0012889795837735187	0.0012889795837735187
835	 LLH-2	0.0012920944437616493	0.0012920944437616493
836	 LLH-3	0.001368898143330831	0.0012920944437616493
837	 LLH-4	0.0012908756125406763	0.0012908756125406763
840	 LLH-4	0.001289386956575576	0.001289386956575576
842	 LLH-0	0.001290420218214971	0.001290420218214971
843	 LLH-5	0.0012901606193503308	0.0012901606193503308
844	 LLH-2	0.0012902666589666072	0.0012902666589666072
845	 LLH-0	0.0012913328794610275	0.0012913328794610275
846	 LLH-2	0.0012881848065106104	0.0012881848065106104
847	 LLH-4	0.0012868926324986424	0.0012868926324986424
849	 LLH-2	0.0013058241725758643	0.0013058241725758643
850	 LLH-3	0.001372659417133765	0.0013058241725758643
851	 LLH-3	0.0012669884213237631	0.0012669884213237631
852	 LLH-3	0.0012537396202690844	0.0012537396202690844
853	 LLH-2	0.001263403565823363	0.001263403565823363
854	 LLH-0	0.0012640682937768064	0.0012640682937768064
855	 LLH-4	0.0012632839516593173	0.0012632839516593173
857	 LLH-1	0.0012633666065488018	0.0012633666065488018
858	 LLH-4	0.0012623618569506743	0.0012623618569506743
860	 LLH-0	0.001263077011351886	0.001263077011351886
861	 LLH-2	0.001267826543489968	0.001267826543489968
862	 LLH-3	0.0012571593866711813	0.0012571593866711813
863	 LLH-2	0.0012713263253387535	0.0012713263253387535
864	 LLH-5	0.0012713279664891986	0.0012713279664891986
865	 LLH-0	0.001272030126560325	0.001272030126560325
866	 LLH-1	0.0012722114414120025	0.0012722114414120025
867	 LLH-5	0.0012717336058411066	0.0012717336058411066
868	 LLH-1	0.0012717120557128097	0.0012717120557128097
869	 LLH-5	0.0012719371980698985	0.0012719371980698985
870	 LLH-3	0.0013066738207578033	0.0013066738207578033
871	 LLH-1	0.0013066738207578033	0.0013066738207578033
872	 LLH-0	0.0013049052856699405	0.0013049052856699405
873	 LLH-0	0.0013030430371834397	0.0013030430371834397
874	 LLH-5	0.0013031325520748453	0.0013031325520748453
875	 LLH-6	0.0013045482358928	0.0013045482358928
876	 LLH-4	0.0013045482358928	0.0013045482358928
881	 LLH-2	0.0013215100631238774	0.0013215100631238774
882	 LLH-1	0.0013216700226240056	0.0013216700226240056
883	 LLH-5	0.0013208430187526517	0.0013208430187526517
884	 LLH-0	0.0013193013278171087	0.0013193013278171087
885	 LLH-2	0.001322535485040701	0.001322535485040701
886	 LLH-0	0.001320742685927162	0.001320742685927162
887	 LLH-0	0.001322307937398227	0.001322307937398227
888	 LLH-3	0.001432748901192498	0.001322307937398227
889	 LLH-5	0.0013229329619045594	0.0013229329619045594
890	 LLH-4	0.001321205498409791	0.001321205498409791
892	 LLH-0	0.0013193790154514076	0.0013193790154514076
893	 LLH-6	0.0013191497989333526	0.0013191497989333526
894	 LLH-3	0.0013988743598004263	0.0013191497989333526
895	 LLH-2	0.0013147459244936782	0.0013147459244936782
896	 LLH-3	0.001414795767347219	0.0013147459244936782
897	 LLH-3	0.0012628213234265964	0.0012628213234265964
898	 LLH-2	0.0012816243702698485	0.0012816243702698485
899	 LLH-4	0.0012624102816088374	0.0012624102816088374
901	 LLH-2	0.0012690192180102098	0.0012690192180102098
902	 LLH-5	0.0012700688817471528	0.0012700688817471528
903	 LLH-1	0.0012703148993373024	0.0012703148993373024
904	 LLH-2	0.0012865050476285327	0.0012865050476285327
905	 LLH-3	0.0013545299070952977	0.0012865050476285327
906	 LLH-3	0.001339393921852882	0.0012865050476285327
907	 LLH-0	0.0012873883816282477	0.0012873883816282477
908	 LLH-0	0.0012883406654623539	0.0012883406654623539
909	 LLH-0	0.0012894649173116235	0.0012894649173116235
910	 LLH-1	0.0012892592869822546	0.0012892592869822546
911	 LLH-4	0.0012882013911224002	0.0012882013911224002
913	 LLH-2	0.0012878055077844262	0.0012878055077844262
914	 LLH-0	0.0012890952740234442	0.0012878055077844262
915	 LLH-0	0.0012887140039840323	0.0012887140039840323
916	 LLH-1	0.0012887140039840323	0.0012887140039840323
917	 LLH-0	0.0012899240306519918	0.0012899240306519918
918	 LLH-2	0.0012739663646417914	0.0012739663646417914
919	 LLH-1	0.0012739307395559021	0.0012739307395559021
920	 LLH-3	0.0013432142755933605	0.0012739307395559021
921	 LLH-6	0.0012728978619858488	0.0012728978619858488
922	 LLH-4	0.0012728978619858488	0.0012728978619858488
927	 LLH-1	0.0012728978619858488	0.0012728978619858488
928	 LLH-5	0.0012724669110046366	0.0012724669110046366
929	 LLH-1	0.0012724669110046366	0.0012724669110046366
930	 LLH-6	0.0012729632652959738	0.0012729632652959738
931	 LLH-6	0.0012730206429003783	0.0012730206429003783
932	 LLH-1	0.0012727236690090096	0.0012727236690090096
933	 LLH-0	0.0012934375957279612	0.0012934375957279612
934	 LLH-3	0.0012570440577445061	0.0012570440577445061
935	 LLH-3	0.0013096363395347353	0.0012570440577445061
936	 LLH-0	0.0012580924891368596	0.0012580924891368596
937	 LLH-0	0.0012588071888360451	0.0012588071888360451
938	 LLH-1	0.0012588071888360451	0.0012588071888360451
939	 LLH-3	0.0012505356637729757	0.0012505356637729757
940	 LLH-2	0.001262557353533934	0.001262557353533934
941	 LLH-2	0.0012594327963205895	0.0012594327963205895
942	 LLH-4	0.0012586858916973863	0.0012586858916973863
945	 LLH-5	0.0012580994183144832	0.0012580994183144832
946	 LLH-3	0.0013166287968439192	0.0012580994183144832
947	 LLH-1	0.0012580994183144832	0.0012580994183144832
948	 LLH-2	0.0012708997192156192	0.0012708997192156192
949	 LLH-5	0.0012706679748303571	0.0012706679748303571
950	 LLH-0	0.0012714839298665734	0.0012714839298665734
951	 LLH-5	0.0012714998013638543	0.0012714998013638543
952	 LLH-1	0.0012714998013638543	0.0012714998013638543
953	 LLH-4	0.0012705382184243197	0.0012705382184243197
956	 LLH-1	0.00127070590135115	0.00127070590135115
957	 LLH-1	0.00127070590135115	0.00127070590135115
958	 LLH-0	0.001271412469739187	0.001271412469739187
959	 LLH-0	0.0012705394208562554	0.0012705394208562554
960	 LLH-2	0.0012720912190359644	0.0012720912190359644
961	 LLH-1	0.0012720912190359644	0.0012720912190359644
962	 LLH-2	0.0012765686406731379	0.0012765686406731379
963	 LLH-4	0.0012755995686983773	0.0012755995686983773
966	 LLH-3	0.001369681291461062	0.0012755995686983773
967	 LLH-1	0.0012755995686983773	0.0012755995686983773
968	 LLH-5	0.001274895477739519	0.001274895477739519
969	 LLH-4	0.0012735981184286097	0.0012735981184286097
971	 LLH-1	0.0012740396081261881	0.0012740396081261881
972	 LLH-1	0.0012740396081261881	0.0012740396081261881
973	 LLH-5	0.0012736557229746826	0.0012736557229746826
974	 LLH-4	0.001272219005692774	0.001272219005692774
976	 LLH-1	0.001272219005692774	0.001272219005692774
977	 LLH-5	0.0012741277619073524	0.0012741277619073524
978	 LLH-3	0.0012584880110412544	0.0012584880110412544
979	 LLH-2	0.0012641223096863858	0.0012584880110412544
980	 LLH-0	0.0012592331534718197	0.0012592331534718197
981	 LLH-1	0.0012592331534718197	0.0012592331534718197
982	 LLH-1	0.0012592331534718197	0.0012592331534718197
983	 LLH-0	0.001258509379764961	0.001258509379764961
984	 LLH-1	0.0012587333793888029	0.0012587333793888029
985	 LLH-2	0.0012693514995371284	0.0012693514995371284
986	 LLH-6	0.0012706836645441655	0.0012706836645441655
987	 LLH-1	0.001270847028922167	0.001270847028922167
988	 LLH-4	0.0012697397745001914	0.0012697397745001914
992	 LLH-5	0.0012698983016755736	0.0012698983016755736
993	 LLH-4	0.0012689840663598856	0.0012689840663598856
996	 LLH-5	0.0012689840663598856	0.0012689840663598856
997	 LLH-2	0.0012834906822496621	0.0012689840663598856
998	 LLH-6	0.0012687494242428217	0.0012687494242428217
999	 LLH-6	0.001268422195470318	0.001268422195470318
1000	 LLH-6	0.0012672785400394085	0.0012672785400394085
1001	 LLH-6	0.0012666569450469928	0.0012666569450469928
1002	 LLH-6	0.001266555339672471	0.001266555339672471
1003	 LLH-4	0.001265780551377502	0.001265780551377502
1005	 LLH-0	0.0012666662527550073	0.0012666662527550073
1006	 LLH-6	0.0012651298062771813	0.0012651298062771813
1007	 LLH-4	0.001264135732648111	0.001264135732648111
1009	 LLH-1	0.00126421494834718	0.00126421494834718
1010	 LLH-0	0.0012651273575782166	0.0012651273575782166
1011	 LLH-2	0.0012731583852848224	0.0012731583852848224
1012	 LLH-6	0.0012722603225658578	0.0012722603225658578
1013	 LLH-3	0.001343234900369043	0.0012722603225658578
1014	 LLH-4	0.0012722603225658578	0.0012722603225658578
1019	 LLH-1	0.001272089425028332	0.001272089425028332
1020	 LLH-1	0.0012722018412658473	0.0012722018412658473
1021	 LLH-1	0.0012721525018153201	0.0012721525018153201
1022	 LLH-0	0.001271271653204543	0.001271271653204543
1023	 LLH-6	0.0012721037841241277	0.0012721037841241277
1024	 LLH-1	0.0012721037841241277	0.0012721037841241277
1025	 LLH-3	0.0012554323892894125	0.0012554323892894125
1026	 LLH-0	0.0012559630442306885	0.0012559630442306885
1027	 LLH-2	0.0012538980023218916	0.0012538980023218916
1028	 LLH-0	0.001254816794982783	0.001254816794982783
1029	 LLH-0	0.0012554746437061406	0.0012554746437061406
1030	 LLH-1	0.0012554746437061406	0.0012554746437061406
1031	 LLH-0	0.0012546381017546808	0.0012546381017546808
1032	 LLH-5	0.0012554641997710773	0.0012554641997710773
1033	 LLH-2	0.0012604621182273066	0.0012604621182273066
1034	 LLH-3	0.0012466222424280101	0.0012466222424280101
1035	 LLH-3	0.001303705787807877	0.0012466222424280101
1036	 LLH-5	0.0012469605448982106	0.0012469605448982106
1037	 LLH-2	0.0012539842590516504	0.0012469605448982106
1038	 LLH-2	0.001251413909324816	0.0012469605448982106
1039	 LLH-2	0.001255022323054297	0.0012469605448982106
1040	 LLH-3	0.001257295120202528	0.001257295120202528
1041	 LLH-1	0.001257295120202528	0.001257295120202528
1042	 LLH-6	0.0012573846668537374	0.0012573846668537374
1043	 LLH-5	0.0012572482422758418	0.0012572482422758418
1044	 LLH-4	0.001256735596804263	0.001256735596804263
1048	 LLH-1	0.001256735596804263	0.001256735596804263
1049	 LLH-6	0.0012562416735799383	0.0012562416735799383
1050	 LLH-3	0.0012562561339382558	0.0012562561339382558
1051	 LLH-5	0.0012559043157938346	0.0012559043157938346
1052	 LLH-2	0.0012533542093649758	0.0012533542093649758
1053	 LLH-1	0.0012533542093649758	0.0012533542093649758
1054	 LLH-2	0.0012656670248683678	0.0012656670248683678
1055	 LLH-0	0.0012487773659280476	0.0012487773659280476
1056	 LLH-5	0.0012484913909810626	0.0012484913909810626
1057	 LLH-0	0.0012655003030647852	0.0012655003030647852
1058	 LLH-4	0.0012483535576489567	0.0012483535576489567
1060	 LLH-6	0.0012486733160598639	0.0012486733160598639
1061	 LLH-5	0.0012490770114419003	0.0012490770114419003
1062	 LLH-3	0.0012585208671135782	0.0012490770114419003
1063	 LLH-5	0.0012490317144604945	0.0012490317144604945
1064	 LLH-0	0.0012661780116897147	0.0012490317144604945
1065	 LLH-2	0.0012706249177532642	0.0012490317144604945
1066	 LLH-6	0.0012480532114247309	0.0012480532114247309
1067	 LLH-5	0.0012497168877353114	0.0012497168877353114
1068	 LLH-3	0.001302190083729436	0.0012497168877353114
1069	 LLH-1	0.0012497168877353114	0.0012497168877353114
1070	 LLH-1	0.0012497168877353114	0.0012497168877353114
1071	 LLH-5	0.0012498828881959921	0.0012498828881959921
1072	 LLH-3	0.001247782908817228	0.001247782908817228
1073	 LLH-4	0.001247782908817228	0.001247782908817228
1078	 LLH-1	0.001247782908817228	0.001247782908817228
1079	 LLH-0	0.001248605736747028	0.001248605736747028
1080	 LLH-5	0.0012480419435744634	0.0012480419435744634
1081	 LLH-3	0.0012449467154066632	0.0012449467154066632
1082	 LLH-1	0.0012449467154066632	0.0012449467154066632
1083	 LLH-5	0.0012451708484282893	0.0012451708484282893
1084	 LLH-0	0.0012459437934826045	0.0012459437934826045
1085	 LLH-5	0.00124603450522253	0.00124603450522253
1086	 LLH-2	0.0012568173614210538	0.0012568173614210538
1087	 LLH-2	0.001252368709113747	0.001252368709113747
1088	 LLH-1	0.0012520488109713178	0.0012520488109713178
1089	 LLH-6	0.001251512973975774	0.001251512973975774
1090	 LLH-0	0.0012520497802283163	0.0012520497802283163
1091	 LLH-6	0.0012523269862195602	0.0012523269862195602
1092	 LLH-1	0.0012522698833242521	0.0012522698833242521
1093	 LLH-0	0.001253117218431657	0.001253117218431657
1094	 LLH-0	0.001253738736432642	0.001253738736432642
1095	 LLH-0	0.0012527056075967574	0.0012527056075967574
1096	 LLH-5	0.0012531198668593742	0.0012531198668593742
1097	 LLH-2	0.001254990677064134	0.001254990677064134
1098	 LLH-3	0.0013091567430238227	0.0013091567430238227
1099	 LLH-6	0.0013079692108036545	0.0013079692108036545
1100	 LLH-5	0.001307496431532541	0.001307496431532541
1101	 LLH-6	0.001307949065673945	0.001307949065673945
1102	 LLH-4	0.0013066388285498827	0.0013066388285498827
1105	 LLH-2	0.001310229102107757	0.001310229102107757
1106	 LLH-1	0.001310229102107757	0.001310229102107757
1107	 LLH-5	0.0013118826386196772	0.0013118826386196772
1108	 LLH-4	0.0013104176389277214	0.0013104176389277214
1111	 LLH-2	0.0013061835249113599	0.0013061835249113599
1112	 LLH-6	0.001304403093938111	0.001304403093938111
1113	 LLH-4	0.001303098724488687	0.001303098724488687
1118	 LLH-2	0.0012941848983741952	0.0012941848983741952
1119	 LLH-5	0.001294512941684726	0.001294512941684726
1120	 LLH-4	0.0012929117316827939	0.0012929117316827939
1124	 LLH-6	0.0012937934903066697	0.0012937934903066697
1125	 LLH-1	0.0012938076982430616	0.0012938076982430616
1126	 LLH-0	0.0012949797198345094	0.0012949797198345094
1127	 LLH-5	0.0012966841427879355	0.0012966841427879355
1128	 LLH-3	0.0013986400418175087	0.0012966841427879355
1129	 LLH-6	0.0012972637623818732	0.0012972637623818732
1130	 LLH-1	0.0012972433139654628	0.0012972433139654628
1131	 LLH-5	0.0012966343843914823	0.0012966343843914823
1132	 LLH-6	0.0012947291334912995	0.0012947291334912995
1133	 LLH-3	0.0014147715390963483	0.0012947291334912995
1134	 LLH-4	0.0012947291334912995	0.0012947291334912995
1139	 LLH-2	0.0013088970334269672	0.0013088970334269672
1140	 LLH-3	0.0012700603004079753	0.0012700603004079753
1141	 LLH-5	0.0012696197679983	0.0012696197679983
1142	 LLH-6	0.0012707790704491195	0.0012707790704491195
1143	 LLH-4	0.0012707790704491195	0.0012707790704491195
1148	 LLH-4	0.0012694311853413223	0.0012694311853413223
1150	 LLH-1	0.0012694311853413223	0.0012694311853413223
1151	 LLH-2	0.0012800574506448995	0.0012800574506448995
1152	 LLH-2	0.0012709754322997474	0.0012709754322997474
1153	 LLH-4	0.0012700017088792298	0.0012700017088792298
1155	 LLH-6	0.0012695533059632173	0.0012695533059632173
1156	 LLH-4	0.0012685698208396558	0.0012685698208396558
1159	 LLH-4	0.0012675844331718979	0.0012675844331718979
1161	 LLH-6	0.001269068616399762	0.001269068616399762
1162	 LLH-6	0.0012702742707003016	0.0012702742707003016
1163	 LLH-1	0.0012702742707003016	0.0012702742707003016
1164	 LLH-2	0.0012846978645104595	0.0012702742707003016
1165	 LLH-3	0.0013328425778242486	0.0012702742707003016
1166	 LLH-5	0.0012714451340126252	0.0012714451340126252
1167	 LLH-0	0.0012706954168456206	0.0012706954168456206
1168	 LLH-3	0.0012550569854674286	0.0012550569854674286
1169	 LLH-6	0.0012528660714246835	0.0012528660714246835
1170	 LLH-5	0.0012533931263161574	0.0012533931263161574
1171	 LLH-1	0.0012535994155660703	0.0012535994155660703
1172	 LLH-2	0.0012586641646646442	0.0012535994155660703
1173	 LLH-4	0.0012525158488360924	0.0012525158488360924
1178	 LLH-3	0.001301604627824004	0.0012525158488360924
1179	 LLH-4	0.0012525158488360924	0.0012525158488360924
1184	 LLH-2	0.0012551672148920167	0.0012551672148920167
1185	 LLH-1	0.0012553972060068321	0.0012553972060068321
1186	 LLH-0	0.0012561377853460385	0.0012561377853460385
1187	 LLH-6	0.0012550558664381868	0.0012550558664381868
1188	 LLH-2	0.0012754080105162905	0.0012550558664381868
1189	 LLH-2	0.001265192265954158	0.0012550558664381868
1190	 LLH-1	0.0012547708656609306	0.0012547708656609306
1191	 LLH-1	0.0012553228376023457	0.0012553228376023457
1192	 LLH-5	0.0012555860026706967	0.0012555860026706967
1193	 LLH-2	0.0012777282858176633	0.0012555860026706967
1194	 LLH-6	0.0012545439831084817	0.0012545439831084817
1195	 LLH-3	0.001324553525402246	0.0012545439831084817
1196	 LLH-4	0.0012536566689187424	0.0012536566689187424
1198	 LLH-5	0.0012539040549968657	0.0012539040549968657
1199	 LLH-2	0.0012709436490099	0.0012709436490099
1200	 LLH-3	0.0013550896214500822	0.0012709436490099
1201	 LLH-1	0.0012709436490099	0.0012709436490099
1202	 LLH-4	0.0012696329727213231	0.0012696329727213231
1206	 LLH-6	0.0012690079334391978	0.0012690079334391978
1207	 LLH-2	0.0012695205223484751	0.0012695205223484751
1208	 LLH-0	0.0012687639967030326	0.0012687639967030326
1209	 LLH-4	0.0012677544897423882	0.0012677544897423882
1214	 LLH-2	0.0012792510643159483	0.0012677544897423882
1215	 LLH-0	0.0012669552231802962	0.0012669552231802962
1216	 LLH-4	0.001266002036135922	0.001266002036135922
1220	 LLH-3	0.0013437839346754023	0.001266002036135922
1221	 LLH-1	0.001266002036135922	0.001266002036135922
1222	 LLH-4	0.0012650383369423959	0.0012650383369423959
1224	 LLH-6	0.0012642317904012997	0.0012642317904012997
1225	 LLH-6	0.0012645876933676382	0.0012645876933676382
1226	 LLH-0	0.0012654172874395249	0.0012654172874395249
1227	 LLH-1	0.0012654172874395249	0.0012654172874395249
1228	 LLH-6	0.0012668866102442753	0.0012668866102442753
1229	 LLH-4	0.0012660820032419444	0.0012660820032419444
1232	 LLH-4	0.0012647260140183324	0.0012647260140183324
1234	 LLH-4	0.0012647260140183324	0.0012647260140183324
1239	 LLH-5	0.0012656990263252284	0.0012656990263252284
1240	 LLH-0	0.0012647239901096262	0.0012647239901096262
1241	 LLH-5	0.0012648599223825678	0.0012648599223825678
1242	 LLH-0	0.0012655698492750073	0.0012655698492750073
1243	 LLH-2	0.001290148946116313	0.0012655698492750073
1244	 LLH-5	0.0012652222355286984	0.0012652222355286984
1245	 LLH-2	0.0012871115713296922	0.0012652222355286984
1246	 LLH-1	0.0012652655574463619	0.0012652655574463619
1247	 LLH-6	0.0012640921702378118	0.0012640921702378118
1248	 LLH-0	0.001265031964589207	0.001265031964589207
1249	 LLH-5	0.0012640329062679591	0.0012640329062679591
1250	 LLH-6	0.0012641037916472642	0.0012641037916472642
1251	 LLH-0	0.0012632722143091904	0.0012632722143091904
1252	 LLH-2	0.0012884726298654464	0.0012632722143091904
1253	 LLH-1	0.0012632722143091904	0.0012632722143091904
1254	 LLH-6	0.0012648406919070088	0.0012648406919070088
1255	 LLH-4	0.0012648406919070088	0.0012648406919070088
1260	 LLH-5	0.001264204825423997	0.001264204825423997
1261	 LLH-0	0.0012633074689648647	0.0012633074689648647
1262	 LLH-6	0.0012638921350455008	0.0012638921350455008
1263	 LLH-6	0.001264665031046731	0.001264665031046731
1264	 LLH-0	0.001265484096143995	0.001265484096143995
1265	 LLH-0	0.001266380328077821	0.001266380328077821
1266	 LLH-1	0.0012665594899939365	0.0012665594899939365
1267	 LLH-4	0.00126566282652402	0.00126566282652402
1269	 LLH-3	0.0012588252024319454	0.0012588252024319454
1270	 LLH-4	0.001258221480642364	0.001258221480642364
1274	 LLH-2	0.0012707719514622564	0.001258221480642364
1275	 LLH-5	0.0012584847196207237	0.0012584847196207237
1276	 LLH-4	0.0012584847196207237	0.0012584847196207237
1281	 LLH-5	0.0012584820679796937	0.0012584820679796937
1282	 LLH-0	0.0012590951250271393	0.0012590951250271393
1283	 LLH-5	0.0012591134152501616	0.0012591134152501616
1284	 LLH-5	0.0012597480391337952	0.0012597480391337952
1285	 LLH-6	0.001259126038495248	0.001259126038495248
1286	 LLH-3	0.0012600419528321209	0.0012600419528321209
1287	 LLH-1	0.0012600419528321209	0.0012600419528321209
1288	 LLH-5	0.0012597919601018046	0.0012597919601018046
1289	 LLH-0	0.0012447280139084973	0.0012447280139084973
1290	 LLH-0	0.001259984484053768	0.0012447280139084973
1291	 LLH-5	0.001243879173399858	0.001243879173399858
1292	 LLH-4	0.001243879173399858	0.001243879173399858
1297	 LLH-1	0.001243879173399858	0.001243879173399858
1298	 LLH-4	0.001243879173399858	0.001243879173399858
1303	 LLH-6	0.0012444213012577296	0.0012444213012577296
1304	 LLH-4	0.0012444213012577296	0.0012444213012577296
1309	 LLH-5	0.0012445368489388765	0.0012445368489388765
1310	 LLH-2	0.00126159497402183	0.0012445368489388765
1311	 LLH-3	0.001292031359038156	0.0012445368489388765
1312	 LLH-2	0.0012548414717493662	0.0012548414717493662
1313	 LLH-3	0.0012472776820880494	0.0012472776820880494
1314	 LLH-2	0.0012588884791855087	0.0012472776820880494
1315	 LLH-3	0.0012509058233631126	0.0012472776820880494
1316	 LLH-3	0.0012798773441815654	0.0012472776820880494
1317	 LLH-2	0.00125780356110684	0.0012472776820880494
1318	 LLH-0	0.001247800111078218	0.001247800111078218
1319	 LLH-0	0.0012486202524764714	0.0012486202524764714
1320	 LLH-4	0.0012482332411359513	0.0012482332411359513
1322	 LLH-4	0.0012474920624409005	0.0012474920624409005
1324	 LLH-1	0.0012474920624409005	0.0012474920624409005
1325	 LLH-5	0.0012473418216454111	0.0012473418216454111
1326	 LLH-4	0.0012473418216454111	0.0012473418216454111
1331	 LLH-2	0.0012536372458139672	0.0012473418216454111
1332	 LLH-4	0.0012469001811556651	0.0012469001811556651
1336	 LLH-4	0.0012464472540591551	0.0012464472540591551
1340	 LLH-6	0.001246796191199362	0.001246796191199362
1341	 LLH-2	0.0012602264226253298	0.001246796191199362
1342	 LLH-3	0.0012477711186132602	0.0012477711186132602
1343	 LLH-5	0.0012480068763840297	0.0012480068763840297
1344	 LLH-5	0.0012478412491695942	0.0012478412491695942
1345	 LLH-0	0.0012484791781031367	0.0012484791781031367
1346	 LLH-1	0.0012484791781031367	0.0012484791781031367
1347	 LLH-1	0.0012484791781031367	0.0012484791781031367
1348	 LLH-1	0.0012484791781031367	0.0012484791781031367
1349	 LLH-5	0.0012477240335727956	0.0012477240335727956
1350	 LLH-5	0.0012471488278047818	0.0012471488278047818
1351	 LLH-1	0.0012471488278047818	0.0012471488278047818
1352	 LLH-1	0.0012471488278047818	0.0012471488278047818
1353	 LLH-3	0.0012557050379752336	0.0012557050379752336
1354	 LLH-6	0.0012556780858094952	0.0012556780858094952
1355	 LLH-6	0.0012556026389906872	0.0012556026389906872
1356	 LLH-3	0.0012515838221073372	0.0012515838221073372
1357	 LLH-1	0.0012515838221073372	0.0012515838221073372
1358	 LLH-6	0.001251679595872156	0.001251679595872156
1359	 LLH-4	0.001251679595872156	0.001251679595872156
1364	 LLH-1	0.001251679595872156	0.001251679595872156
1365	 LLH-2	0.0012506070288455426	0.0012506070288455426
1366	 LLH-3	0.0012896248552302849	0.0012506070288455426
1367	 LLH-1	0.0012506070288455426	0.0012506070288455426
1368	 LLH-0	0.0012511479561486737	0.0012511479561486737
1369	 LLH-0	0.0012516053284843088	0.0012516053284843088
1370	 LLH-1	0.0012516053284843088	0.0012516053284843088
1371	 LLH-3	0.0012519833019574945	0.0012519833019574945
1372	 LLH-6	0.0012520863616898958	0.0012520863616898958
1373	 LLH-1	0.0012520863616898958	0.0012520863616898958
1374	 LLH-5	0.0012518755601871692	0.0012518755601871692
1375	 LLH-1	0.0012518755601871692	0.0012518755601871692
1376	 LLH-3	0.0012679128693714856	0.0012518755601871692
1377	 LLH-0	0.0012523229486535135	0.0012523229486535135
1378	 LLH-0	0.001253076000166733	0.001253076000166733
1379	 LLH-0	0.0012534516485495583	0.0012534516485495583
1380	 LLH-3	0.001262834528465795	0.001262834528465795
1381	 LLH-6	0.0012629512334592786	0.0012629512334592786
1382	 LLH-5	0.0012626513526679563	0.0012626513526679563
1383	 LLH-5	0.0012628397938614316	0.0012628397938614316
1384	 LLH-0	0.0012639751637170012	0.0012628397938614316
1385	 LLH-2	0.0012816584842948618	0.0012628397938614316
1386	 LLH-2	0.00128817500081867	0.0012628397938614316
1387	 LLH-3	0.001341132724923811	0.0012628397938614316
1388	 LLH-6	0.0012621018217304136	0.0012621018217304136
1389	 LLH-1	0.0012620305219449076	0.0012620305219449076
1390	 LLH-2	0.0012728201416185047	0.0012620305219449076
1391	 LLH-3	0.0012470795188876207	0.0012470795188876207
1392	 LLH-3	0.0012422798365234336	0.0012422798365234336
1393	 LLH-2	0.0012620118310099192	0.0012422798365234336
1394	 LLH-4	0.0012422798365234336	0.0012422798365234336
1399	 LLH-0	0.001241761793053279	0.001241761793053279
1400	 LLH-5	0.0012419504110528791	0.0012419504110528791
1401	 LLH-3	0.0012869154264947003	0.0012419504110528791
1402	 LLH-3	0.0012525288225778961	0.0012419504110528791
1403	 LLH-6	0.001241773055937805	0.001241773055937805
1404	 LLH-6	0.0012428548444958904	0.0012428548444958904
1405	 LLH-1	0.0012428548444958904	0.0012428548444958904
1406	 LLH-4	0.0012428548444958904	0.0012428548444958904
1411	 LLH-3	0.0012855580889412218	0.0012428548444958904
1412	 LLH-3	0.001299155516950066	0.0012428548444958904
1413	 LLH-5	0.0012428014419997373	0.0012428014419997373
1414	 LLH-5	0.00124319985183383	0.00124319985183383
1415	 LLH-6	0.0012425416423220226	0.0012425416423220226
1416	 LLH-5	0.0012430893606256055	0.0012430893606256055
1417	 LLH-0	0.001258567743720255	0.0012430893606256055
1418	 LLH-0	0.0012439550397562711	0.0012439550397562711
1419	 LLH-6	0.001244093426556854	0.001244093426556854
1420	 LLH-2	0.001261579141088594	0.001244093426556854
1421	 LLH-6	0.0012450283051970252	0.0012450283051970252
1422	 LLH-6	0.0012445441912397807	0.0012445441912397807
1423	 LLH-2	0.0012499186565409067	0.0012499186565409067
1424	 LLH-5	0.0012491404013719961	0.0012491404013719961
1425	 LLH-0	0.0012497384476560917	0.0012497384476560917
1426	 LLH-5	0.0012498493803971174	0.0012498493803971174
1427	 LLH-1	0.0012498493803971174	0.0012498493803971174
1428	 LLH-1	0.0012498493803971174	0.0012498493803971174
1429	 LLH-6	0.001249747908589965	0.001249747908589965
1430	 LLH-3	0.001301280113616219	0.001249747908589965
1431	 LLH-5	0.001250131279561451	0.001250131279561451
1432	 LLH-5	0.0012498913597333032	0.0012498913597333032
1433	 LLH-5	0.001250723339791495	0.001250723339791495
1434	 LLH-5	0.0012512580232852722	0.0012512580232852722
1435	 LLH-6	0.0012514002713764662	0.0012512580232852722
1436	 LLH-1	0.0012512580232852722	0.0012512580232852722
1437	 LLH-4	0.0012505083540284563	0.0012505083540284563
1439	 LLH-4	0.0012505083540284563	0.0012505083540284563
1444	 LLH-2	0.0012641627481909418	0.0012505083540284563
1445	 LLH-6	0.001249530484043338	0.001249530484043338
1446	 LLH-5	0.0012502888355443898	0.0012502888355443898
1447	 LLH-6	0.001250791542441199	0.001250791542441199
1448	 LLH-0	0.0012513616693373406	0.0012513616693373406
1449	 LLH-4	0.0012507216959450045	0.0012507216959450045
1451	 LLH-0	0.0012501072942902166	0.0012501072942902166
1452	 LLH-2	0.0012624160610679492	0.0012501072942902166
1453	 LLH-4	0.0012501072942902166	0.0012501072942902166
1458	 LLH-6	0.0012493873722420625	0.0012493873722420625
1459	 LLH-5	0.0012492806830303287	0.0012492806830303287
1460	 LLH-6	0.0012495003104455425	0.0012495003104455425
1461	 LLH-3	0.0012826879279931095	0.0012495003104455425
1462	 LLH-2	0.0012654458436308846	0.0012495003104455425
1463	 LLH-5	0.0012504460698630562	0.0012504460698630562
1464	 LLH-5	0.0012505163946896368	0.0012505163946896368
1465	 LLH-2	0.0012558309100717706	0.0012558309100717706
1466	 LLH-2	0.0012565389665621222	0.0012565389665621222
1467	 LLH-4	0.0012565389665621222	0.0012565389665621222
1472	 LLH-6	0.0012550155942851085	0.0012550155942851085
1473	 LLH-3	0.0013357337287224942	0.0012550155942851085
1474	 LLH-0	0.0012556592640460336	0.0012556592640460336
1475	 LLH-3	0.0012600646968983784	0.0012556592640460336
1476	 LLH-5	0.001254084978881818	0.001254084978881818
1477	 LLH-2	0.0012726775546873202	0.001254084978881818
1478	 LLH-3	0.0013250650792441718	0.001254084978881818
1479	 LLH-0	0.001255151479563316	0.001254084978881818
1480	 LLH-4	0.001254084978881818	0.001254084978881818
1485	 LLH-3	0.0013091160438964138	0.001254084978881818
1486	 LLH-4	0.0012533850374611575	0.0012533850374611575
1488	 LLH-6	0.0012548320489839942	0.0012548320489839942
1489	 LLH-6	0.0012561232086774404	0.0012561232086774404
1490	 LLH-4	0.0012561232086774404	0.0012561232086774404
1495	 LLH-1	0.0012561232086774404	0.0012561232086774404
1496	 LLH-1	0.0012559931275357118	0.0012559931275357118
1497	 LLH-6	0.001254503398280364	0.001254503398280364
1498	 LLH-1	0.001254503398280364	0.001254503398280364
1499	 LLH-6	0.0012555109088531417	0.0012555109088531417
1500	 LLH-4	0.0012555109088531417	0.0012555109088531417
1505	 LLH-2	0.0012777495627598506	0.0012555109088531417
1506	 LLH-0	0.0012736873266226572	0.0012555109088531417
1507	 LLH-6	0.001256948708509511	0.0012555109088531417
1508	 LLH-4	0.0012555109088531417	0.0012555109088531417
1513	 LLH-5	0.0012565661416664615	0.0012565661416664615
1514	 LLH-1	0.0012565661416664615	0.0012565661416664615
1515	 LLH-6	0.0012554572956471207	0.0012554572956471207
1516	 LLH-5	0.0012573771670112445	0.0012573771670112445
1517	 LLH-6	0.0012579414258355895	0.0012579414258355895
1518	 LLH-4	0.0012579414258355895	0.0012579414258355895
1523	 LLH-2	0.0012723189248205983	0.0012579414258355895
1524	 LLH-2	0.0012794773131288096	0.0012579414258355895
1525	 LLH-2	0.0012747501645474152	0.0012579414258355895
1526	 LLH-3	0.0013453452564002107	0.0012579414258355895
1527	 LLH-0	0.0012589728357554689	0.0012579414258355895
1528	 LLH-1	0.0012579414258355895	0.0012579414258355895
1529	 LLH-2	0.0012680802563973539	0.0012579414258355895
1530	 LLH-3	0.0013489174571060685	0.0012579414258355895
1531	 LLH-2	0.0012815930690203738	0.0012579414258355895
1532	 LLH-0	0.0012587405088563403	0.0012579414258355895
1533	 LLH-0	0.001258692353864354	0.0012579414258355895
1534	 LLH-2	0.001276132118297462	0.0012579414258355895
1535	 LLH-0	0.0012759477866151041	0.0012579414258355895
1536	 LLH-2	0.0012661870083114323	0.0012579414258355895
1537	 LLH-2	0.0012807861936273799	0.0012579414258355895
1538	 LLH-3	0.0013360820580437898	0.0012579414258355895
1539	 LLH-2	0.0012772707114669106	0.0012579414258355895
1540	 LLH-3	0.0013319939732403844	0.0012579414258355895
1541	 LLH-0	0.0012761476805840245	0.0012579414258355895
1542	 LLH-0	0.0012585796909558408	0.0012585796909558408
1543	 LLH-4	0.0012579431154834788	0.0012579431154834788
1548	 LLH-5	0.0012578222461196698	0.0012578222461196698
1549	 LLH-0	0.001258822838367606	0.0012578222461196698
1550	 LLH-0	0.001258519418283079	0.001258519418283079
1551	 LLH-5	0.0012578231634675831	0.0012578231634675831
1552	 LLH-2	0.0012673745424669537	0.0012578231634675831
1553	 LLH-4	0.0012570973626688294	0.0012570973626688294
1557	 LLH-3	0.0012516175778132885	0.0012516175778132885
1558	 LLH-2	0.0012601203373776041	0.0012516175778132885
1559	 LLH-5	0.0012525522370573704	0.0012525522370573704
1560	 LLH-5	0.0012523664824740893	0.0012523664824740893
1561	 LLH-0	0.0012517527608898865	0.0012517527608898865
1562	 LLH-5	0.0012517627257924507	0.0012517627257924507
1563	 LLH-0	0.001252972336039698	0.001252972336039698
1564	 LLH-0	0.0012523498743505148	0.0012523498743505148
1565	 LLH-4	0.0012518911246328797	0.0012518911246328797
1567	 LLH-1	0.0012518911246328797	0.0012518911246328797
1568	 LLH-4	0.0012513311266095838	0.0012513311266095838
1571	 LLH-6	0.001250891679461038	0.001250891679461038
1572	 LLH-6	0.0012502190515353083	0.0012502190515353083
1573	 LLH-6	0.001249288922975858	0.001249288922975858
1574	 LLH-4	0.001249288922975858	0.001249288922975858
1579	 LLH-3	0.001300369843199718	0.001249288922975858
1580	 LLH-1	0.0012494354353193768	0.001249288922975858
1581	 LLH-3	0.0012582852366534523	0.0012582852366534523
1582	 LLH-5	0.001257146798651629	0.001257146798651629
1583	 LLH-5	0.0012576760858783514	0.0012576760858783514
1584	 LLH-5	0.0012583871562560041	0.0012583871562560041
1585	 LLH-2	0.0012504196819894864	0.0012504196819894864
1586	 LLH-1	0.0012506380578379088	0.0012506380578379088
1587	 LLH-3	0.0012426434023625377	0.0012426434023625377
1588	 LLH-4	0.0012426434023625377	0.0012426434023625377
1593	 LLH-0	0.001243130616605055	0.001243130616605055
1594	 LLH-6	0.001243221094200162	0.001243221094200162
1595	 LLH-3	0.00125567134300026	0.001243221094200162
1596	 LLH-2	0.0012556742459329145	0.001243221094200162
1597	 LLH-0	0.001243820873652151	0.001243820873652151
1598	 LLH-2	0.0012525681415166286	0.001243820873652151
1599	 LLH-2	0.0012615557858331602	0.001243820873652151
1600	 LLH-1	0.001243830855320684	0.001243830855320684
1601	 LLH-0	0.0012444473265878523	0.001243830855320684
1602	 LLH-4	0.001243830855320684	0.001243830855320684
1607	 LLH-4	0.0012433389073092794	0.0012433389073092794
1611	 LLH-5	0.0012434616869915656	0.0012434616869915656
1612	 LLH-1	0.0012434616869915656	0.0012434616869915656
1613	 LLH-0	0.0012442725675687616	0.0012442725675687616
1614	 LLH-5	0.001243885155500641	0.001243885155500641
1615	 LLH-0	0.0012433148324759282	0.0012433148324759282
1616	 LLH-2	0.0012600216417247355	0.0012433148324759282
1617	 LLH-6	0.00124239710255312	0.00124239710255312
1618	 LLH-6	0.0012439591855160368	0.0012439591855160368
1619	 LLH-6	0.0012442522625870848	0.0012442522625870848
1620	 LLH-1	0.0012442522625870848	0.0012442522625870848
1621	 LLH-2	0.0012534149232035264	0.0012442522625870848
1622	 LLH-3	0.0012784733469844126	0.0012442522625870848
1623	 LLH-0	0.001244684856790887	0.001244684856790887
1624	 LLH-0	0.0012442149127126316	0.0012442149127126316
1625	 LLH-0	0.0012446555532485283	0.0012446555532485283
1626	 LLH-2	0.001252466760978632	0.0012446555532485283
1627	 LLH-1	0.0012446555532485283	0.0012446555532485283
1628	 LLH-6	0.0012437086320809965	0.0012437086320809965
1629	 LLH-5	0.0012435610987137492	0.0012435610987137492
1630	 LLH-4	0.0012430463622278792	0.0012430463622278792
1633	 LLH-6	0.001242698446512088	0.001242698446512088
1634	 LLH-6	0.0012425438229746607	0.0012425438229746607
1635	 LLH-3	0.0012758180199731563	0.0012425438229746607
1636	 LLH-6	0.0012423235731119876	0.0012423235731119876
1637	 LLH-3	0.0012418010724720124	0.0012418010724720124
1638	 LLH-6	0.001241875877744241	0.001241875877744241
1639	 LLH-0	0.001242591652345529	0.001242591652345529
1640	 LLH-1	0.001242591652345529	0.001242591652345529
1641	 LLH-5	0.0012429569769044169	0.0012429569769044169
1642	 LLH-5	0.001243535842504649	0.001243535842504649
1643	 LLH-6	0.001244285566082374	0.001244285566082374
1644	 LLH-6	0.001244017453329146	0.001244017453329146
1645	 LLH-3	0.0012722851832440065	0.001244017453329146
1646	 LLH-3	0.001245726109380277	0.001245726109380277
1647	 LLH-2	0.0012573992116974766	0.001245726109380277
1648	 LLH-5	0.0012460081793235834	0.0012460081793235834
1649	 LLH-2	0.0012472052357326551	0.0012472052357326551
1650	 LLH-2	0.001263812636346206	0.0012472052357326551
1651	 LLH-6	0.001248026558042607	0.001248026558042607
1652	 LLH-5	0.0012470944258564747	0.0012470944258564747
1653	 LLH-5	0.0012470037447479731	0.0012470037447479731
1654	 LLH-5	0.0012459929101277156	0.0012459929101277156
1655	 LLH-5	0.0012468671551642545	0.0012468671551642545
1656	 LLH-6	0.001246893068711586	0.001246893068711586
1657	 LLH-6	0.0012471680028323703	0.0012471680028323703
1658	 LLH-0	0.0012477636651864405	0.0012477636651864405
1659	 LLH-4	0.001247249535964675	0.001247249535964675
1664	 LLH-0	0.0012478520396295672	0.0012478520396295672
1665	 LLH-1	0.0012478520396295672	0.0012478520396295672
1666	 LLH-2	0.0012626765872672373	0.0012478520396295672
1667	 LLH-3	0.0012489459426773448	0.0012489459426773448
1668	 LLH-6	0.001248161043841337	0.001248161043841337
1669	 LLH-4	0.001248161043841337	0.001248161043841337
1674	 LLH-5	0.0012480686897093952	0.0012480686897093952
1675	 LLH-2	0.0012542855648645787	0.0012480686897093952
1676	 LLH-6	0.0012486895774912884	0.0012486895774912884
1677	 LLH-6	0.001249349589659278	0.001249349589659278
1678	 LLH-0	0.001249837357282209	0.001249837357282209
1679	 LLH-5	0.0012495880194475343	0.0012495880194475343
1680	 LLH-0	0.0012491032245911774	0.0012491032245911774
1681	 LLH-4	0.0012486344264945842	0.0012486344264945842
1685	 LLH-5	0.0012486101323607966	0.0012486101323607966
1686	 LLH-6	0.0012481889576529744	0.0012481889576529744
1687	 LLH-4	0.0012481889576529744	0.0012481889576529744
1692	 LLH-5	0.0012483641376712798	0.0012483641376712798
1693	 LLH-0	0.0012490007066997873	0.0012490007066997873
1694	 LLH-4	0.0012490007066997873	0.0012490007066997873
1699	 LLH-0	0.0012494549619405223	0.0012494549619405223
1700	 LLH-6	0.0012493915973887859	0.0012493915973887859
1701	 LLH-1	0.0012493915973887859	0.0012493915973887859
1702	 LLH-0	0.0012499094843896467	0.0012499094843896467
1703	 LLH-0	0.0012494237758483278	0.0012494237758483278
1704	 LLH-4	0.0012494237758483278	0.0012494237758483278
1709	 LLH-0	0.0012499330928967159	0.0012499330928967159
1710	 LLH-3	0.0012530534830824795	0.0012499330928967159
1711	 LLH-3	0.0012907649185651066	0.0012499330928967159
1712	 LLH-2	0.0012521378396800034	0.0012499330928967159
1713	 LLH-5	0.001250040168401068	0.001250040168401068
1714	 LLH-2	0.001251944225015981	0.001251944225015981
1715	 LLH-4	0.0012513572746524644	0.0012513572746524644
1718	 LLH-6	0.0012505601826438683	0.0012505601826438683
1719	 LLH-5	0.0012502303726184948	0.0012502303726184948
1720	 LLH-1	0.0012502693281973161	0.0012502693281973161
1721	 LLH-1	0.0012502693281973161	0.0012502693281973161
1722	 LLH-2	0.0012650935567537253	0.0012502693281973161
1723	 LLH-1	0.0012502693281973161	0.0012502693281973161
1724	 LLH-6	0.0012510629532678167	0.0012510629532678167
1725	 LLH-5	0.0012511247627834219	0.0012511247627834219
1726	 LLH-3	0.0012886810891601132	0.0012511247627834219
1727	 LLH-3	0.0012443434387327664	0.0012443434387327664
1728	 LLH-4	0.0012443434387327664	0.0012443434387327664
1733	 LLH-2	0.0012488099252125637	0.0012443434387327664
1734	 LLH-4	0.0012443434387327664	0.0012443434387327664
1739	 LLH-4	0.0012438799304211098	0.0012438799304211098
1741	 LLH-2	0.001252857755646607	0.0012438799304211098
1742	 LLH-6	0.0012433667652169203	0.0012433667652169203
1743	 LLH-1	0.0012433667652169203	0.0012433667652169203
1744	 LLH-4	0.0012433667652169203	0.0012433667652169203
1749	 LLH-1	0.0012433667652169203	0.0012433667652169203
1750	 LLH-3	0.0012781572619968103	0.0012433667652169203
1751	 LLH-0	0.0012439333595487035	0.0012439333595487035
1752	 LLH-4	0.0012439333595487035	0.0012439333595487035
1757	 LLH-5	0.0012430701362948391	0.0012430701362948391
1758	 LLH-2	0.0012602169543466618	0.0012430701362948391
1759	 LLH-2	0.0012560303592368295	0.0012430701362948391
1760	 LLH-5	0.0012430701362948391	0.0012430701362948391
1761	 LLH-5	0.0012433058338072872	0.0012433058338072872
1762	 LLH-2	0.00124793648190672	0.0012433058338072872
1763	 LLH-0	0.0012437786758339165	0.0012433058338072872
1764	 LLH-3	0.0012453377856083264	0.0012433058338072872
1765	 LLH-5	0.001243578318682972	0.001243578318682972
1766	 LLH-1	0.0012434308094063167	0.0012434308094063167
1767	 LLH-4	0.0012428533372365364	0.0012428533372365364
1772	 LLH-6	0.0012426333885298929	0.0012426333885298929
1773	 LLH-5	0.0012429169519931832	0.0012429169519931832
1774	 LLH-0	0.001243495877822669	0.001243495877822669
1775	 LLH-0	0.0012438988394289012	0.0012438988394289012
1776	 LLH-6	0.0012435264885536236	0.0012435264885536236
1777	 LLH-3	0.0012623686692442896	0.0012435264885536236
1778	 LLH-4	0.0012435264885536236	0.0012435264885536236
1783	 LLH-5	0.0012431717891715098	0.0012431717891715098
1784	 LLH-6	0.001242552296097291	0.001242552296097291
1785	 LLH-0	0.0012430233842026463	0.0012430233842026463
1786	 LLH-6	0.0012426202197472185	0.0012426202197472185
1787	 LLH-6	0.0012425663494116462	0.0012425663494116462
1788	 LLH-1	0.0012425663494116462	0.0012425663494116462
1789	 LLH-2	0.0012549924608486799	0.0012425663494116462
1790	 LLH-3	0.0012444284318769263	0.0012425663494116462
1791	 LLH-4	0.0012420967765751788	0.0012420967765751788
1796	 LLH-5	0.0012420296677328182	0.0012420296677328182
1797	 LLH-4	0.0012416243650813126	0.0012416243650813126
1801	 LLH-1	0.0012416243650813126	0.0012416243650813126
1802	 LLH-5	0.0012417641805899167	0.0012417641805899167
1803	 LLH-5	0.0012418897889275083	0.0012418897889275083
1804	 LLH-1	0.0012418897889275083	0.0012418897889275083
1805	 LLH-3	0.0012459002594194467	0.0012418897889275083
1806	 LLH-1	0.0012418897889275083	0.0012418897889275083
1807	 LLH-2	0.0012414818090281166	0.0012414818090281166
1808	 LLH-5	0.0012428843348491392	0.0012414818090281166
1809	 LLH-0	0.0012422923864609118	0.0012422923864609118
1810	 LLH-2	0.0012584474093182043	0.0012422923864609118
1811	 LLH-6	0.001244187791776494	0.0012422923864609118
1812	 LLH-3	0.001251487098543005	0.0012422923864609118
1813	 LLH-5	0.0012433580561211654	0.0012422923864609118
1814	 LLH-3	0.0012933785212529878	0.0012422923864609118
1815	 LLH-0	0.0012428837207105583	0.0012428837207105583
1816	 LLH-4	0.001242318016934963	0.001242318016934963
1820	 LLH-1	0.001242463419271235	0.001242463419271235
1821	 LLH-6	0.001244510250075956	0.001242463419271235
1822	 LLH-2	0.0012488231498742927	0.001242463419271235
1823	 LLH-4	0.0012418967444241514	0.0012418967444241514
1825	 LLH-3	0.0012885408306232353	0.0012418967444241514
1826	 LLH-6	0.0012433950713284503	0.0012418967444241514
1827	 LLH-6	0.0012412772438655094	0.0012412772438655094
1828	 LLH-1	0.0012414418442588861	0.0012414418442588861
1829	 LLH-1	0.0012415396594080631	0.0012415396594080631
1830	 LLH-5	0.0012414757839530825	0.0012414757839530825
1831	 LLH-6	0.0012425225326556275	0.0012414757839530825
1832	 LLH-6	0.0012425185915936887	0.0012414757839530825
1833	 LLH-5	0.0012417453195997417	0.0012417453195997417
1834	 LLH-4	0.0012417453195997417	0.0012417453195997417
1839	 LLH-6	0.0012415565242614433	0.0012415565242614433
1840	 LLH-5	0.0012415505743547399	0.0012415505743547399
1841	 LLH-3	0.0012491580308284988	0.0012415505743547399
1842	 LLH-1	0.0012415505743547399	0.0012415505743547399
1843	 LLH-2	0.0012542743860546922	0.0012415505743547399
1844	 LLH-5	0.0012429019804256584	0.0012415505743547399
1845	 LLH-3	0.001303520261382444	0.0012415505743547399
1846	 LLH-5	0.0012423760312912043	0.0012415505743547399
1847	 LLH-1	0.0012415505743547399	0.0012415505743547399
1848	 LLH-0	0.001242465275507647	0.0012415505743547399
1849	 LLH-5	0.0012425018707483415	0.0012415505743547399
1850	 LLH-5	0.001243280613658938	0.0012415505743547399
1851	 LLH-1	0.0012415505743547399	0.0012415505743547399
1852	 LLH-4	0.0012409169387485048	0.0012409169387485048
1857	 LLH-2	0.0012459557396751887	0.0012409169387485048
1858	 LLH-6	0.0012429318583607213	0.0012409169387485048
1859	 LLH-2	0.0012493638076220672	0.0012409169387485048
1860	 LLH-0	0.0012403537503879742	0.0012403537503879742
1861	 LLH-5	0.0012408969334996986	0.0012408969334996986
1862	 LLH-0	0.0012570340097311206	0.0012408969334996986
1863	 LLH-5	0.001241248054596327	0.001241248054596327
1864	 LLH-0	0.0012420872287885784	0.001241248054596327
1865	 LLH-4	0.001241248054596327	0.001241248054596327
1870	 LLH-1	0.0012412904591356288	0.0012412904591356288
1871	 LLH-3	0.0012915247736189266	0.0012412904591356288
1872	 LLH-0	0.0012574931630305619	0.0012412904591356288
1873	 LLH-2	0.001260020267559076	0.0012412904591356288
1874	 LLH-6	0.0012423273696661522	0.0012412904591356288
1875	 LLH-4	0.0012412904591356288	0.0012412904591356288
1880	 LLH-3	0.0012541140466380695	0.0012412904591356288
1881	 LLH-1	0.0012414499534702352	0.0012414499534702352
1882	 LLH-5	0.0012420831550653735	0.0012420831550653735
1883	 LLH-2	0.001256862363881955	0.0012420831550653735
1884	 LLH-4	0.0012420831550653735	0.0012420831550653735
1889	 LLH-2	0.0012631292254061861	0.0012420831550653735
1890	 LLH-3	0.0012920006122294774	0.0012420831550653735
1891	 LLH-3	0.0012520906052027494	0.0012420831550653735
1892	 LLH-6	0.001241762997697945	0.001241762997697945
1893	 LLH-4	0.001241762997697945	0.001241762997697945
1898	 LLH-3	0.0012997281584578378	0.001241762997697945
1899	 LLH-0	0.001257843076325903	0.001241762997697945
1900	 LLH-3	0.0012993064932261154	0.001241762997697945
1901	 LLH-2	0.0012614317504844644	0.001241762997697945
1902	 LLH-0	0.0012579205945187895	0.001241762997697945
1903	 LLH-1	0.0012416176629241505	0.0012416176629241505
1904	 LLH-5	0.0012432472891137256	0.0012416176629241505
1905	 LLH-2	0.0012477859952504688	0.0012416176629241505
1906	 LLH-3	0.0012469385503709207	0.0012416176629241505
1907	 LLH-2	0.0012499202790675268	0.0012416176629241505
1908	 LLH-4	0.0012416176629241505	0.0012416176629241505
1913	 LLH-3	0.0012840240726279062	0.0012416176629241505
1914	 LLH-4	0.0012416176629241505	0.0012416176629241505
1919	 LLH-5	0.001241303385156007	0.001241303385156007
1920	 LLH-2	0.0012483498699106365	0.001241303385156007
1921	 LLH-2	0.0012548071108433435	0.001241303385156007
1922	 LLH-4	0.001241303385156007	0.001241303385156007
1927	 LLH-6	0.0012431145701643298	0.001241303385156007
1928	 LLH-2	0.001249589373258371	0.001241303385156007
1929	 LLH-0	0.0012418643568477437	0.001241303385156007
1930	 LLH-3	0.0012736991863775639	0.001241303385156007
1931	 LLH-1	0.001241303385156007	0.001241303385156007
1932	 LLH-0	0.0012418619283533563	0.001241303385156007
1933	 LLH-3	0.0012933060338994752	0.001241303385156007
1934	 LLH-2	0.0012548330565503578	0.001241303385156007
1935	 LLH-0	0.0012418196347665303	0.001241303385156007
1936	 LLH-1	0.001241303385156007	0.001241303385156007
1937	 LLH-0	0.0012420737704818181	0.0012420737704818181
1938	 LLH-5	0.001243008497478009	0.001243008497478009
1939	 LLH-1	0.001243008497478009	0.001243008497478009
1940	 LLH-1	0.001243167912232925	0.001243167912232925
1941	 LLH-3	0.0012528393034224566	0.001243167912232925
1942	 LLH-5	0.0012437806566651152	0.001243167912232925
1943	 LLH-2	0.0012508957059426278	0.001243167912232925
1944	 LLH-2	0.0012555695408268685	0.001243167912232925
1945	 LLH-5	0.001244279535202299	0.001243167912232925
1946	 LLH-4	0.0012425671549860559	0.0012425671549860559
1951	 LLH-1	0.0012425671549860559	0.0012425671549860559
1952	 LLH-1	0.0012425671549860559	0.0012425671549860559
1953	 LLH-5	0.001242620089688763	0.001242620089688763
1954	 LLH-2	0.0012526283159744567	0.001242620089688763
1955	 LLH-1	0.0012429268134988044	0.0012429268134988044
1956	 LLH-0	0.0012436777898703413	0.0012429268134988044
1957	 LLH-0	0.0012437899447448096	0.0012429268134988044
1958	 LLH-6	0.0012452496613846492	0.0012429268134988044
1959	 LLH-1	0.0012429268134988044	0.0012429268134988044
1960	 LLH-3	0.001250782603776617	0.0012429268134988044
1961	 LLH-1	0.0012429268134988044	0.0012429268134988044
1962	 LLH-1	0.0012429268134988044	0.0012429268134988044
1963	 LLH-2	0.001265329706706876	0.0012429268134988044
1964	 LLH-1	0.0012429268134988044	0.0012429268134988044
1965	 LLH-3	0.0013108584114076673	0.0012429268134988044
1966	 LLH-4	0.0012429268134988044	0.0012429268134988044
1971	 LLH-0	0.0012435269332682398	0.0012429268134988044
1972	 LLH-6	0.0012438364481508668	0.0012438364481508668
1973	 LLH-6	0.001243966474647971	0.001243966474647971
1974	 LLH-1	0.001243966474647971	0.001243966474647971
1975	 LLH-2	0.00125652304850198	0.001243966474647971
1976	 LLH-2	0.0012511182743835645	0.001243966474647971
1977	 LLH-1	0.001243966474647971	0.001243966474647971
1978	 LLH-0	0.0012600884511523554	0.001243966474647971
1979	 LLH-5	0.0012439795316601505	0.0012439795316601505
1980	 LLH-5	0.0012439230164644616	0.0012439230164644616
1981	 LLH-4	0.0012439230164644616	0.0012439230164644616
1986	 LLH-1	0.0012439230164644616	0.0012439230164644616
1987	 LLH-4	0.0012439230164644616	0.0012439230164644616
1992	 LLH-2	0.001255641695604831	0.0012439230164644616
1993	 LLH-4	0.0012439230164644616	0.0012439230164644616
1998	 LLH-6	0.0012438030457175258	0.0012438030457175258
1999	 LLH-5	0.0012433455928366633	0.0012433455928366633
GRID-Start
0.0	0.0
0.0	308.0385
0.0	616.077
0.0	924.1155
0.0	1232.154
0.0	1540.1925
0.0	1848.2310000000002
0.0	2156.2695000000003
0.0	2464.3080000000004
0.0	2772.3465000000006
0.0	3080.3850000000007
0.0	3388.423500000001
0.0	3696.462000000001
0.0	4004.500500000001
0.0	4312.539000000001
0.0	4620.5775
0.0	4928.616
0.0	5236.6545
0.0	5544.692999999999
0.0	5852.731499999999
0.0	6160.769999999999
0.0	6468.808499999998
308.0385	0.0
308.0385	308.0385
308.0385	616.077
308.0385	924.1155
308.0385	1232.154
308.0385	1540.1925
308.0385	1848.2310000000002
308.0385	2156.2695000000003
308.0385	2464.3080000000004
308.0385	2772.3465000000006
308.0385	3080.3850000000007
308.0385	3388.423500000001
308.0385	3696.462000000001
308.0385	4004.500500000001
308.0385	4312.539000000001
308.0385	4620.5775
308.0385	4928.616
308.0385	5236.6545
308.0385	5544.692999999999
308.0385	5852.731499999999
308.0385	6160.769999999999
308.0385	6468.808499999998
616.077	0.0
616.077	308.0385
616.077	616.077
616.077	924.1155
616.077	1232.154
616.077	1540.1925
616.077	1848.2310000000002
616.077	2156.2695000000003
616.077	2464.3080000000004
616.077	2772.3465000000006
616.077	3080.3850000000007
616.077	3388.423500000001
616.077	3696.462000000001
616.077	4004.500500000001
616.077	4312.539000000001
616.077	4620.5775
616.077	4928.616
616.077	5236.6545
616.077	5544.692999999999
616.077	5852.731499999999
616.077	6160.769999999999
616.077	6468.808499999998
924.1155	0.0
924.1155	308.0385
924.1155	616.077
924.1155	924.1155
924.1155	1232.154
924.1155	1540.1925
924.1155	1848.2310000000002
924.1155	2156.2695000000003
924.1155	2464.3080000000004
924.1155	2772.3465000000006
924.1155	3080.3850000000007
924.1155	3388.423500000001
924.1155	3696.462000000001
924.1155	4004.500500000001
924.1155	4312.539000000001
924.1155	4620.5775
924.1155	4928.616
924.1155	5236.6545
924.1155	5544.692999999999
924.1155	5852.731499999999
924.1155	6160.769999999999
924.1155	6468.808499999998
1232.154	0.0
1232.154	308.0385
1232.154	616.077
1232.154	924.1155
1232.154	1232.154
1232.154	1540.1925
1232.154	1848.2310000000002
1232.154	2156.2695000000003
1232.154	2464.3080000000004
1232.154	2772.3465000000006
1232.154	3080.3850000000007
1232.154	4620.5775
1232.154	4928.616
1232.154	5236.6545
1232.154	5544.692999999999
1232.154	5852.731499999999
1232.154	6160.769999999999
1232.154	6468.808499999998
1540.1925	0.0
1540.1925	308.0385
1540.1925	616.077
1540.1925	924.1155
1540.1925	1232.154
1540.1925	1540.1925
1540.1925	1848.2310000000002
1540.1925	2156.2695000000003
1540.1925	2464.3080000000004
1540.1925	2772.3465000000006
1540.1925	3080.3850000000007
1540.1925	4620.5775
1540.1925	4928.616
1540.1925	5236.6545
1540.1925	5544.692999999999
1540.1925	5852.731499999999
1540.1925	6160.769999999999
1540.1925	6468.808499999998
1848.2310000000002	0.0
1848.2310000000002	308.0385
1848.2310000000002	616.077
1848.2310000000002	924.1155
1848.2310000000002	1232.154
1848.2310000000002	1540.1925
1848.2310000000002	1848.2310000000002
1848.2310000000002	2156.2695000000003
1848.2310000000002	2464.3080000000004
1848.2310000000002	2772.3465000000006
1848.2310000000002	3080.3850000000007
1848.2310000000002	4620.5775
1848.2310000000002	4928.616
1848.2310000000002	5236.6545
1848.2310000000002	5544.692999999999
1848.2310000000002	5852.731499999999
1848.2310000000002	6160.769999999999
1848.2310000000002	6468.808499999998
2156.2695000000003	0.0
2156.2695000000003	308.0385
2156.2695000000003	616.077
2156.2695000000003	924.1155
2156.2695000000003	1232.154
2156.2695000000003	1540.1925
2156.2695000000003	1848.2310000000002
2156.2695000000003	2156.2695000000003
2156.2695000000003	2464.3080000000004
2156.2695000000003	2772.3465000000006
2156.2695000000003	3080.3850000000007
2156.2695000000003	4620.5775
2156.2695000000003	4928.616
2156.2695000000003	5236.6545
2156.2695000000003	5544.692999999999
2156.2695000000003	5852.731499999999
2156.2695000000003	6160.769999999999
2156.2695000000003	6468.808499999998
2464.3080000000004	0.0
2464.3080000000004	2464.3080000000004
2464.3080000000004	2772.3465000000006
2464.3080000000004	3080.3850000000007
2464.3080000000004	3388.423500000001
2464.3080000000004	3696.462000000001
2464.3080000000004	4004.500500000001
2464.3080000000004	4312.539000000001
2464.3080000000004	4620.5775
2464.3080000000004	4928.616
2464.3080000000004	5236.6545
2464.3080000000004	5544.692999999999
2464.3080000000004	5852.731499999999
2464.3080000000004	6160.769999999999
2464.3080000000004	6468.808499999998
2772.3465000000006	0.0
2772.3465000000006	2464.3080000000004
2772.3465000000006	2772.3465000000006
2772.3465000000006	3080.3850000000007
2772.3465000000006	3388.423500000001
2772.3465000000006	3696.462000000001
2772.3465000000006	4004.500500000001
2772.3465000000006	4312.539000000001
2772.3465000000006	4620.5775
2772.3465000000006	4928.616
2772.3465000000006	5236.6545
2772.3465000000006	5544.692999999999
2772.3465000000006	5852.731499999999
2772.3465000000006	6160.769999999999
2772.3465000000006	6468.808499999998
3080.3850000000007	0.0
3080.3850000000007	2464.3080000000004
3080.3850000000007	2772.3465000000006
3080.3850000000007	3080.3850000000007
3080.3850000000007	3388.423500000001
3080.3850000000007	3696.462000000001
3080.3850000000007	4004.500500000001
3080.3850000000007	4312.539000000001
3080.3850000000007	4620.5775
3080.3850000000007	4928.616
3080.3850000000007	5236.6545
3080.3850000000007	5544.692999999999
3080.3850000000007	5852.731499999999
3080.3850000000007	6160.769999999999
3080.3850000000007	6468.808499999998
3388.423500000001	0.0
3388.423500000001	2464.3080000000004
3388.423500000001	2772.3465000000006
3388.423500000001	3080.3850000000007
3388.423500000001	3388.423500000001
3388.423500000001	3696.462000000001
3388.423500000001	4004.500500000001
3388.423500000001	4312.539000000001
3388.423500000001	4620.5775
3388.423500000001	4928.616
3388.423500000001	5236.6545
3388.423500000001	5544.692999999999
3388.423500000001	5852.731499999999
3388.423500000001	6160.769999999999
3388.423500000001	6468.808499999998
3696.462000000001	0.0
3696.462000000001	308.0385
3696.462000000001	616.077
3696.462000000001	924.1155
3696.462000000001	1232.154
3696.462000000001	1540.1925
3696.462000000001	1848.2310000000002
3696.462000000001	2156.2695000000003
3696.462000000001	3388.423500000001
3696.462000000001	3696.462000000001
3696.462000000001	4004.500500000001
3696.462000000001	4312.539000000001
3696.462000000001	4620.5775
3696.462000000001	4928.616
3696.462000000001	5236.6545
3696.462000000001	5544.692999999999
3696.462000000001	5852.731499999999
3696.462000000001	6160.769999999999
3696.462000000001	6468.808499999998
4004.500500000001	0.0
4004.500500000001	308.0385
4004.500500000001	616.077
4004.500500000001	924.1155
4004.500500000001	1232.154
4004.500500000001	1540.1925
4004.500500000001	1848.2310000000002
4004.500500000001	2156.2695000000003
4004.500500000001	3388.423500000001
4004.500500000001	3696.462000000001
4004.500500000001	4004.500500000001
4004.500500000001	4312.539000000001
4004.500500000001	4620.5775
4004.500500000001	4928.616
4004.500500000001	5236.6545
4004.500500000001	5544.692999999999
4004.500500000001	5852.731499999999
4004.500500000001	6160.769999999999
4004.500500000001	6468.808499999998
4312.539000000001	0.0
4312.539000000001	308.0385
4312.539000000001	616.077
4312.539000000001	924.1155
4312.539000000001	1232.154
4312.539000000001	1540.1925
4312.539000000001	1848.2310000000002
4312.539000000001	2156.2695000000003
4312.539000000001	3388.423500000001
4312.539000000001	3696.462000000001
4312.539000000001	4004.500500000001
4312.539000000001	4312.539000000001
4312.539000000001	4620.5775
4312.539000000001	4928.616
4312.539000000001	5236.6545
4312.539000000001	5544.692999999999
4312.539000000001	5852.731499999999
4312.539000000001	6160.769999999999
4312.539000000001	6468.808499999998
4620.5775	0.0
4620.5775	308.0385
4620.5775	616.077
4620.5775	924.1155
4620.5775	1232.154
4620.5775	1540.1925
4620.5775	1848.2310000000002
4620.5775	2156.2695000000003
4620.5775	2464.3080000000004
4620.5775	2772.3465000000006
4620.5775	3080.3850000000007
4620.5775	3388.423500000001
4620.5775	3696.462000000001
4620.5775	4004.500500000001
4620.5775	4312.539000000001
4620.5775	4620.5775
4620.5775	4928.616
4620.5775	5236.6545
4620.5775	5544.692999999999
4620.5775	5852.731499999999
4620.5775	6160.769999999999
4620.5775	6468.808499999998
4928.616	0.0
4928.616	308.0385
4928.616	616.077
4928.616	924.1155
4928.616	1232.154
4928.616	1540.1925
4928.616	1848.2310000000002
4928.616	2156.2695000000003
4928.616	2464.3080000000004
4928.616	2772.3465000000006
4928.616	3080.3850000000007
4928.616	3388.423500000001
4928.616	3696.462000000001
4928.616	4004.500500000001
4928.616	4312.539000000001
4928.616	4620.5775
4928.616	4928.616
4928.616	5236.6545
4928.616	5544.692999999999
4928.616	5852.731499999999
4928.616	6160.769999999999
4928.616	6468.808499999998
5236.6545	0.0
5236.6545	308.0385
5236.6545	616.077
5236.6545	924.1155
5236.6545	1232.154
5236.6545	1540.1925
5236.6545	1848.2310000000002
5236.6545	2156.2695000000003
5236.6545	2464.3080000000004
5236.6545	2772.3465000000006
5236.6545	3080.3850000000007
5236.6545	3388.423500000001
5236.6545	3696.462000000001
5236.6545	4004.500500000001
5236.6545	4312.539000000001
5236.6545	4620.5775
5236.6545	4928.616
5236.6545	5236.6545
5236.6545	5544.692999999999
5236.6545	5852.731499999999
5236.6545	6160.769999999999
5236.6545	6468.808499999998
5544.692999999999	0.0
5544.692999999999	308.0385
5544.692999999999	616.077
5544.692999999999	924.1155
5544.692999999999	1232.154
5544.692999999999	1540.1925
5544.692999999999	1848.2310000000002
5544.692999999999	2156.2695000000003
5544.692999999999	2464.3080000000004
5544.692999999999	2772.3465000000006
5544.692999999999	3080.3850000000007
5544.692999999999	3388.423500000001
5544.692999999999	3696.462000000001
5544.692999999999	4004.500500000001
5544.692999999999	4312.539000000001
5544.692999999999	4620.5775
5544.692999999999	4928.616
5544.692999999999	5236.6545
5544.692999999999	5544.692999999999
5544.692999999999	5852.731499999999
5544.692999999999	6160.769999999999
5544.692999999999	6468.808499999998
5852.731499999999	0.0
5852.731499999999	308.0385
5852.731499999999	616.077
5852.731499999999	924.1155
5852.731499999999	1232.154
5852.731499999999	1540.1925
5852.731499999999	1848.2310000000002
5852.731499999999	2156.2695000000003
5852.731499999999	2464.3080000000004
5852.731499999999	2772.3465000000006
5852.731499999999	3080.3850000000007
5852.731499999999	3388.423500000001
5852.731499999999	3696.462000000001
5852.731499999999	4004.500500000001
5852.731499999999	4312.539000000001
5852.731499999999	4620.5775
5852.731499999999	4928.616
5852.731499999999	5236.6545
5852.731499999999	5544.692999999999
5852.731499999999	5852.731499999999
5852.731499999999	6160.769999999999
5852.731499999999	6468.808499999998
6160.769999999999	0.0
6160.769999999999	308.0385
6160.769999999999	616.077
6160.769999999999	924.1155
6160.769999999999	1232.154
6160.769999999999	1540.1925
6160.769999999999	1848.2310000000002
6160.769999999999	2156.2695000000003
6160.769999999999	2464.3080000000004
6160.769999999999	2772.3465000000006
6160.769999999999	3080.3850000000007
6160.769999999999	3388.423500000001
6160.769999999999	3696.462000000001
6160.769999999999	4004.500500000001
6160.769999999999	4312.539000000001
6160.769999999999	4620.5775
6160.769999999999	4928.616
6160.769999999999	5236.6545
6160.769999999999	5544.692999999999
6160.769999999999	5852.731499999999
6160.769999999999	6160.769999999999
6160.769999999999	6468.808499999998
6468.808499999998	0.0
6468.808499999998	308.0385
6468.808499999998	616.077
6468.808499999998	924.1155
6468.808499999998	1232.154
6468.808499999998	1540.1925
6468.808499999998	1848.2310000000002
6468.808499999998	2156.2695000000003
6468.808499999998	2464.3080000000004
6468.808499999998	2772.3465000000006
6468.808499999998	3080.3850000000007
6468.808499999998	3388.423500000001
6468.808499999998	3696.462000000001
6468.808499999998	4004.500500000001
6468.808499999998	4312.539000000001
6468.808499999998	4620.5775
6468.808499999998	4928.616
6468.808499999998	5236.6545
6468.808499999998	5544.692999999999
6468.808499999998	5852.731499999999
6468.808499999998	6160.769999999999
6468.808499999998	6468.808499999998
6776.846999999998	0.0
6776.846999999998	308.0385
6776.846999999998	616.077
6776.846999999998	924.1155
6776.846999999998	1232.154
6776.846999999998	1540.1925
6776.846999999998	1848.2310000000002
6776.846999999998	2156.2695000000003
6776.846999999998	2464.3080000000004
6776.846999999998	2772.3465000000006
6776.846999999998	3080.3850000000007
6776.846999999998	3388.423500000001
6776.846999999998	3696.462000000001
6776.846999999998	4004.500500000001
6776.846999999998	4312.539000000001
6776.846999999998	4620.5775
6776.846999999998	4928.616
6776.846999999998	5236.6545
6776.846999999998	5544.692999999999
6776.846999999998	5852.731499999999
6776.846999999998	6160.769999999999
6776.846999999998	6468.808499999998
7084.885499999998	0.0
7084.885499999998	308.0385
7084.885499999998	616.077
7084.885499999998	924.1155
7084.885499999998	1232.154
7084.885499999998	1540.1925
7084.885499999998	1848.2310000000002
7084.885499999998	2156.2695000000003
7084.885499999998	2464.3080000000004
7084.885499999998	2772.3465000000006
7084.885499999998	3080.3850000000007
7084.885499999998	3388.423500000001
7084.885499999998	3696.462000000001
7084.885499999998	4004.500500000001
7084.885499999998	4312.539000000001
7084.885499999998	4620.5775
7084.885499999998	4928.616
7084.885499999998	5236.6545
7084.885499999998	5544.692999999999
7084.885499999998	5852.731499999999
7084.885499999998	6160.769999999999
7084.885499999998	6468.808499999998
7392.923999999997	0.0
7392.923999999997	308.0385
7392.923999999997	616.077
7392.923999999997	924.1155
7392.923999999997	1232.154
7392.923999999997	1540.1925
7392.923999999997	1848.2310000000002
7392.923999999997	2156.2695000000003
7392.923999999997	2464.3080000000004
7392.923999999997	2772.3465000000006
7392.923999999997	3080.3850000000007
7392.923999999997	3388.423500000001
7392.923999999997	3696.462000000001
7392.923999999997	4004.500500000001
7392.923999999997	4312.539000000001
7392.923999999997	4620.5775
7392.923999999997	4928.616
7392.923999999997	5236.6545
7392.923999999997	5544.692999999999
7392.923999999997	5852.731499999999
7392.923999999997	6160.769999999999
7392.923999999997	6468.808499999998
7700.962499999997	0.0
7700.962499999997	308.0385
7700.962499999997	616.077
7700.962499999997	924.1155
7700.962499999997	1232.154
7700.962499999997	1540.1925
7700.962499999997	1848.2310000000002
7700.962499999997	2156.2695000000003
7700.962499999997	2464.3080000000004
7700.962499999997	2772.3465000000006
7700.962499999997	3080.3850000000007
7700.962499999997	3388.423500000001
7700.962499999997	3696.462000000001
7700.962499999997	4004.500500000001
7700.962499999997	4312.539000000001
7700.962499999997	4620.5775
7700.962499999997	4928.616
7700.962499999997	5236.6545
7700.962499999997	5544.692999999999
7700.962499999997	5852.731499999999
7700.962499999997	6160.769999999999
7700.962499999997	6468.808499999998
8009.000999999997	0.0
8009.000999999997	308.0385
8009.000999999997	616.077
8009.000999999997	924.1155
8009.000999999997	1232.154
8009.000999999997	1540.1925
8009.000999999997	1848.2310000000002
8009.000999999997	2156.2695000000003
8009.000999999997	2464.3080000000004
8009.000999999997	2772.3465000000006
8009.000999999997	3080.3850000000007
8009.000999999997	3388.423500000001
8009.000999999997	3696.462000000001
8009.000999999997	4004.500500000001
8009.000999999997	4312.539000000001
8009.000999999997	4620.5775
8009.000999999997	4928.616
8009.000999999997	5236.6545
8009.000999999997	5544.692999999999
8009.000999999997	5852.731499999999
8009.000999999997	6160.769999999999
8009.000999999997	6468.808499999998
8317.039499999997	0.0
8317.039499999997	308.0385
8317.039499999997	616.077
8317.039499999997	924.1155
8317.039499999997	1232.154
8317.039499999997	1540.1925
8317.039499999997	1848.2310000000002
8317.039499999997	2156.2695000000003
8317.039499999997	2464.3080000000004
8317.039499999997	2772.3465000000006
8317.039499999997	3080.3850000000007
8317.039499999997	3388.423500000001
8317.039499999997	3696.462000000001
8317.039499999997	4004.500500000001
8317.039499999997	4312.539000000001
8317.039499999997	4620.5775
8317.039499999997	4928.616
8317.039499999997	5236.6545
8317.039499999997	5544.692999999999
8317.039499999997	5852.731499999999
8317.039499999997	6160.769999999999
8317.039499999997	6468.808499999998
8625.077999999998	0.0
8625.077999999998	308.0385
8625.077999999998	616.077
8625.077999999998	924.1155
8625.077999999998	1232.154
8625.077999999998	1540.1925
8625.077999999998	1848.2310000000002
8625.077999999998	2156.2695000000003
8625.077999999998	2464.3080000000004
8625.077999999998	2772.3465000000006
8625.077999999998	3080.3850000000007
8625.077999999998	3388.423500000001
8625.077999999998	3696.462000000001
8625.077999999998	4004.500500000001
8625.077999999998	4312.539000000001
8625.077999999998	4620.5775
8625.077999999998	4928.616
8625.077999999998	5236.6545
8625.077999999998	5544.692999999999
8625.077999999998	5852.731499999999
8625.077999999998	6160.769999999999
8625.077999999998	6468.808499999998
8933.116499999998	0.0
8933.116499999998	308.0385
8933.116499999998	616.077
8933.116499999998	924.1155
8933.116499999998	1232.154
8933.116499999998	1540.1925
8933.116499999998	1848.2310000000002
8933.116499999998	2156.2695000000003
8933.116499999998	2464.3080000000004
8933.116499999998	2772.3465000000006
8933.116499999998	3080.3850000000007
8933.116499999998	3388.423500000001
8933.116499999998	3696.462000000001
8933.116499999998	4004.500500000001
8933.116499999998	4312.539000000001
8933.116499999998	4620.5775
8933.116499999998	4928.616
8933.116499999998	5236.6545
8933.116499999998	5544.692999999999
8933.116499999998	5852.731499999999
8933.116499999998	6160.769999999999
8933.116499999998	6468.808499999998
GRID-End
num_of_evaluations 2000
best obj 0.0012403537503879742
LLH0	61
LLH1	30
LLH2	52
LLH3	56
LLH4	142
LLH5	106
LLH6	102