Initial objective 0.0013297093523730883	 Seed value 225263382
1	 LLH-0	0.001328211496286456	0.001328211496286456
2	 LLH-3	0.0014147346883376171	0.0014147346883376171
3	 LLH-6	0.0014152953814952443	0.0014152953814952443
4	 LLH-0	0.0014124322650894442	0.0014124322650894442
5	 LLH-0	0.0014094148604278346	0.0014094148604278346
6	 LLH-3	0.0015857638684012311	0.0015857638684012311
7	 LLH-5	0.001587035454499793	0.001587035454499793
8	 LLH-1	0.0015868759315874142	0.0015868759315874142
9	 LLH-6	0.0015863359285179551	0.0015863359285179551
10	 LLH-3	0.0013265121809945767	0.0013265121809945767
11	 LLH-3	0.0014123222089379344	0.0014123222089379344
12	 LLH-4	0.0014094847259634184	0.0014094847259634184
15	 LLH-4	0.0014069297462228308	0.0014069297462228308
17	 LLH-1	0.0014069297462228308	0.0014069297462228308
18	 LLH-2	0.00137529699422752	0.00137529699422752
19	 LLH-6	0.001377583478024006	0.001377583478024006
20	 LLH-5	0.0013768546758407057	0.0013768546758407057
21	 LLH-1	0.0013769771888787277	0.0013769771888787277
22	 LLH-4	0.001374745004583307	0.001374745004583307
24	 LLH-5	0.001375727515593561	0.001375727515593561
25	 LLH-0	0.0013779965668572903	0.0013779965668572903
26	 LLH-1	0.0013779965668572903	0.0013779965668572903
27	 LLH-5	0.0013772807940566983	0.0013772807940566983
28	 LLH-6	0.0013772313139004543	0.0013772313139004543
29	 LLH-2	0.001353147605775302	0.001353147605775302
30	 LLH-2	0.0013421095217677006	0.0013421095217677006
31	 LLH-6	0.001340760888416095	0.001340760888416095
32	 LLH-0	0.0013387269617567918	0.0013387269617567918
33	 LLH-4	0.0013367475851352268	0.0013367475851352268
35	 LLH-2	0.0013463123020956494	0.0013463123020956494
36	 LLH-6	0.0013472673754979024	0.0013472673754979024
37	 LLH-3	0.0015071924062090584	0.0015071924062090584
38	 LLH-1	0.0015078582461591494	0.0015078582461591494
39	 LLH-6	0.0015053960797335453	0.0015053960797335453
40	 LLH-1	0.0015055450965913207	0.0015055450965913207
41	 LLH-3	0.0016859949413979079	0.0016859949413979079
42	 LLH-5	0.0016872387694124157	0.0016872387694124157
43	 LLH-3	0.0013521113593359263	0.0013521113593359263
44	 LLH-1	0.0013521113593359263	0.0013521113593359263
45	 LLH-4	0.0013502750497679018	0.0013502750497679018
48	 LLH-4	0.0013480730439802686	0.0013480730439802686
50	 LLH-1	0.0013479219514873292	0.0013479219514873292
51	 LLH-0	0.0013496823873856978	0.0013496823873856978
52	 LLH-2	0.0013377576070478176	0.0013377576070478176
53	 LLH-1	0.0013377576070478176	0.0013377576070478176
54	 LLH-4	0.0013361945624709825	0.0013361945624709825
59	 LLH-3	0.0012670280400566662	0.0012670280400566662
60	 LLH-1	0.0012670280400566662	0.0012670280400566662
61	 LLH-2	0.0012740594502512591	0.0012740594502512591
62	 LLH-2	0.0012895526429538059	0.0012895526429538059
63	 LLH-1	0.0012895408583690378	0.0012895408583690378
64	 LLH-6	0.0012898069262440607	0.0012898069262440607
65	 LLH-2	0.001278006024486237	0.001278006024486237
66	 LLH-5	0.0012771034397536796	0.0012771034397536796
67	 LLH-2	0.0012874393499541928	0.0012874393499541928
68	 LLH-3	0.0012545879302855746	0.0012545879302855746
69	 LLH-3	0.0012520851248974912	0.0012520851248974912
70	 LLH-6	0.0012534349799952992	0.0012534349799952992
71	 LLH-4	0.0012534349799952992	0.0012534349799952992
76	 LLH-0	0.0012540116574593842	0.0012540116574593842
77	 LLH-6	0.0012535905063690773	0.0012535905063690773
78	 LLH-2	0.0012546354683671981	0.0012546354683671981
79	 LLH-0	0.0012539629580056327	0.0012539629580056327
80	 LLH-3	0.0012529154295638704	0.0012529154295638704
81	 LLH-3	0.001249868996059055	0.001249868996059055
82	 LLH-0	0.0012504332644059709	0.0012504332644059709
83	 LLH-4	0.001249938241488679	0.001249938241488679
86	 LLH-2	0.0012587063018846217	0.0012587063018846217
87	 LLH-5	0.0012591500787144411	0.0012591500787144411
88	 LLH-2	0.0012638897793795447	0.0012638897793795447
89	 LLH-6	0.0012646589758420503	0.0012646589758420503
90	 LLH-0	0.0012652558661990054	0.0012652558661990054
91	 LLH-6	0.0012665124476029695	0.0012665124476029695
92	 LLH-5	0.0012661747659037375	0.0012661747659037375
93	 LLH-5	0.0012659088468466961	0.0012659088468466961
94	 LLH-3	0.001293336499589555	0.001293336499589555
95	 LLH-5	0.0012923923294390531	0.0012923923294390531
96	 LLH-4	0.0012908889216348965	0.0012908889216348965
98	 LLH-1	0.0012907034030416062	0.0012907034030416062
99	 LLH-5	0.0012913301316948103	0.0012913301316948103
100	 LLH-6	0.0012908894705266057	0.0012908894705266057
101	 LLH-4	0.0012908894705266057	0.0012908894705266057
106	 LLH-0	0.0012923349183595213	0.0012923349183595213
107	 LLH-1	0.0012922252504975144	0.0012922252504975144
108	 LLH-1	0.0012922252504975144	0.0012922252504975144
109	 LLH-5	0.0012912113860017622	0.0012912113860017622
110	 LLH-1	0.0012912113860017622	0.0012912113860017622
111	 LLH-0	0.0012899090861190668	0.0012899090861190668
112	 LLH-1	0.0012899090861190668	0.0012899090861190668
113	 LLH-1	0.0012899090861190668	0.0012899090861190668
114	 LLH-2	0.0013077070710428313	0.0013077070710428313
115	 LLH-1	0.0013077572409350095	0.0013077572409350095
116	 LLH-4	0.001306564108432418	0.001306564108432418
118	 LLH-6	0.0013068835268692488	0.0013068835268692488
119	 LLH-5	0.001306726436375174	0.001306726436375174
120	 LLH-4	0.001305321593209468	0.001305321593209468
122	 LLH-5	0.0013060329059569132	0.0013060329059569132
123	 LLH-1	0.0013062165192986711	0.0013062165192986711
124	 LLH-4	0.0013047406262504705	0.0013047406262504705
127	 LLH-0	0.0013064603284296452	0.0013064603284296452
128	 LLH-0	0.001308180900760398	0.001308180900760398
129	 LLH-2	0.0013164673941928268	0.0013164673941928268
130	 LLH-1	0.0013163629762077563	0.0013163629762077563
131	 LLH-6	0.0013169265293992848	0.0013169265293992848
132	 LLH-0	0.0013154597369924588	0.0013154597369924588
133	 LLH-2	0.0013209625423046736	0.0013209625423046736
134	 LLH-5	0.0013207570857072693	0.0013207570857072693
135	 LLH-6	0.0013181901808751433	0.0013181901808751433
136	 LLH-2	0.0013006866170045173	0.0013006866170045173
137	 LLH-5	0.0013006591232021135	0.0013006591232021135
138	 LLH-1	0.0013006591232021135	0.0013006591232021135
139	 LLH-0	0.0012991895983147533	0.0012991895983147533
140	 LLH-5	0.0012983230139852792	0.0012983230139852792
141	 LLH-1	0.0012983230139852792	0.0012983230139852792
142	 LLH-5	0.0012984935182272094	0.0012984935182272094
143	 LLH-6	0.0012991540891579261	0.0012991540891579261
144	 LLH-5	0.0012988775838425042	0.0012988775838425042
145	 LLH-1	0.0012988775838425042	0.0012988775838425042
146	 LLH-4	0.001297667425709299	0.001297667425709299
149	 LLH-3	0.001400203361595279	0.001400203361595279
150	 LLH-0	0.0014028065102147692	0.0014028065102147692
151	 LLH-1	0.0014028065102147692	0.0014028065102147692
152	 LLH-4	0.0014005645508513276	0.0014005645508513276
154	 LLH-3	0.0015828076491452426	0.0015828076491452426
155	 LLH-0	0.0015777090482860226	0.0015777090482860226
156	 LLH-6	0.0015791305744851988	0.0015791305744851988
157	 LLH-6	0.0015780210086242127	0.0015780210086242127
158	 LLH-0	0.0015730795393306884	0.0015730795393306884
159	 LLH-5	0.0015733621531618237	0.0015733621531618237
160	 LLH-6	0.0015735608007604353	0.0015735608007604353
161	 LLH-4	0.001568148678865579	0.001568148678865579
163	 LLH-6	0.0015686085518841976	0.0015686085518841976
164	 LLH-4	0.0015633617677088354	0.0015633617677088354
167	 LLH-1	0.0015635170336047246	0.0015635170336047246
168	 LLH-6	0.0015669752241482737	0.0015669752241482737
169	 LLH-4	0.0015618279733601147	0.0015618279733601147
171	 LLH-5	0.0015633278890777862	0.0015633278890777862
172	 LLH-0	0.001558250881034917	0.001558250881034917
173	 LLH-6	0.0015544740586261748	0.0015544740586261748
174	 LLH-3	0.001801479631055669	0.0015544740586261748
175	 LLH-5	0.0015541646774527844	0.0015541646774527844
176	 LLH-4	0.0015490060648078018	0.0015490060648078018
178	 LLH-2	0.0014574746479754574	0.0014574746479754574
179	 LLH-5	0.0014578413534780197	0.0014578413534780197
180	 LLH-2	0.00141316853746309	0.00141316853746309
181	 LLH-0	0.0014161344728075697	0.0014161344728075697
182	 LLH-1	0.0014163442056759675	0.0014163442056759675
183	 LLH-0	0.0014130424881502147	0.0014130424881502147
184	 LLH-0	0.0014101106599349587	0.0014101106599349587
185	 LLH-5	0.001409822841723432	0.001409822841723432
186	 LLH-4	0.0014068224116609471	0.0014068224116609471
188	 LLH-1	0.0014068224116609471	0.0014068224116609471
189	 LLH-1	0.0014068224116609471	0.0014068224116609471
190	 LLH-0	0.0014037462063459236	0.0014037462063459236
191	 LLH-5	0.0014034323888064072	0.0014034323888064072
192	 LLH-3	0.0012989339004851046	0.0012989339004851046
193	 LLH-2	0.0013071970089149124	0.0013071970089149124
194	 LLH-6	0.0013096553709011332	0.0013096553709011332
195	 LLH-2	0.0013029424805592522	0.0013029424805592522
196	 LLH-1	0.0013027767128162733	0.0013027767128162733
197	 LLH-5	0.0013022187291857868	0.0013022187291857868
198	 LLH-2	0.0013113478558420396	0.0013113478558420396
199	 LLH-1	0.0013109901749559264	0.0013109901749559264
200	 LLH-3	0.0014150482349910723	0.0014150482349910723
201	 LLH-5	0.001416193786697331	0.001416193786697331
202	 LLH-3	0.0015899254285206233	0.0015899254285206233
203	 LLH-0	0.001584507924861369	0.001584507924861369
204	 LLH-2	0.0014567201575151026	0.0014567201575151026
205	 LLH-5	0.0014587678608267546	0.0014587678608267546
206	 LLH-0	0.0014556478224760916	0.0014556478224760916
207	 LLH-5	0.0014579359935279978	0.0014579359935279978
208	 LLH-5	0.0014582209632339816	0.0014582209632339816
209	 LLH-6	0.0014556446452731945	0.0014556446452731945
210	 LLH-4	0.0014515716464949015	0.0014515716464949015
212	 LLH-3	0.001305237775077737	0.001305237775077737
213	 LLH-2	0.0012918019212117449	0.0012918019212117449
214	 LLH-1	0.0012919295871661666	0.0012919295871661666
215	 LLH-1	0.0012923239233387832	0.0012923239233387832
216	 LLH-5	0.0012940277053265813	0.0012940277053265813
217	 LLH-0	0.0012951879059375714	0.0012951879059375714
218	 LLH-3	0.0013781545237943897	0.0013781545237943897
219	 LLH-3	0.001529089216600376	0.001529089216600376
220	 LLH-5	0.0015296661823361688	0.0015296661823361688
221	 LLH-4	0.0015251656581219118	0.0015251656581219118
223	 LLH-3	0.0017796418700805564	0.0017796418700805564
224	 LLH-4	0.0017710437471271851	0.0017710437471271851
227	 LLH-3	0.0013617482305376858	0.0013617482305376858
228	 LLH-0	0.0013640651141202105	0.0013640651141202105
229	 LLH-0	0.0013618552911202064	0.0013618552911202064
230	 LLH-1	0.0013618552911202064	0.0013618552911202064
231	 LLH-4	0.0013596144056743256	0.0013596144056743256
233	 LLH-5	0.0013603728425025555	0.0013603728425025555
234	 LLH-6	0.0013600433660192193	0.0013600433660192193
235	 LLH-2	0.001344264285738082	0.001344264285738082
236	 LLH-0	0.0013463333483893893	0.0013463333483893893
237	 LLH-1	0.0013463333483893893	0.0013463333483893893
238	 LLH-5	0.0013472054161406896	0.0013472054161406896
239	 LLH-6	0.0013458186604941704	0.0013458186604941704
240	 LLH-5	0.0013452551466144036	0.0013452551466144036
241	 LLH-4	0.001343259738771536	0.001343259738771536
243	 LLH-6	0.0013456212375542818	0.0013456212375542818
244	 LLH-3	0.0015033770076226176	0.0015033770076226176
245	 LLH-3	0.0017128343163762098	0.0017128343163762098
246	 LLH-4	0.0017050412845788887	0.0017050412845788887
248	 LLH-0	0.0016974398562367053	0.0016974398562367053
249	 LLH-4	0.0016898024622979818	0.0016898024622979818
252	 LLH-5	0.001691340253218963	0.001691340253218963
253	 LLH-4	0.0016841961508350727	0.0016841961508350727
256	 LLH-1	0.0016841961508350727	0.0016841961508350727
257	 LLH-0	0.0016768205873321249	0.0016768205873321249
258	 LLH-4	0.0016697918406462303	0.0016697918406462303
260	 LLH-6	0.0016717408447728102	0.0016717408447728102
261	 LLH-1	0.0016725967279129306	0.0016725967279129306
262	 LLH-3	0.0018662593218265885	0.0016725967279129306
263	 LLH-1	0.0016725967279129306	0.0016725967279129306
264	 LLH-5	0.0016738286076143339	0.0016738286076143339
265	 LLH-5	0.0016716050109877164	0.0016716050109877164
266	 LLH-2	0.0015355032796989289	0.0015355032796989289
267	 LLH-5	0.001534017667157292	0.001534017667157292
268	 LLH-5	0.0015319916018257532	0.0015319916018257532
269	 LLH-3	0.0017852164484189405	0.0017852164484189405
270	 LLH-0	0.0017755769449950285	0.0017755769449950285
271	 LLH-4	0.0017668876847447865	0.0017668876847447865
274	 LLH-3	0.0020275407263450635	0.0020275407263450635
275	 LLH-1	0.0020275407263450635	0.0020275407263450635
276	 LLH-0	0.0020129588766812432	0.0020129588766812432
277	 LLH-4	0.0019991218392117985	0.0019991218392117985
279	 LLH-0	0.002013291514143635	0.002013291514143635
280	 LLH-1	0.0020136430580561075	0.0020136430580561075
281	 LLH-5	0.002016994880297722	0.002016994880297722
282	 LLH-5	0.0020179592610074983	0.0020179592610074983
283	 LLH-1	0.0020179592610074983	0.0020179592610074983
284	 LLH-6	0.002018239915205153	0.002018239915205153
285	 LLH-2	0.001720335553353569	0.001720335553353569
286	 LLH-6	0.0017200473505784445	0.0017200473505784445
287	 LLH-2	0.001511179435254274	0.001511179435254274
288	 LLH-0	0.0015069140139037968	0.0015069140139037968
289	 LLH-0	0.0015025506984274947	0.0015025506984274947
290	 LLH-3	0.001309442011996933	0.001309442011996933
291	 LLH-0	0.0013109263767983013	0.0013109263767983013
292	 LLH-3	0.001265305173755869	0.001265305173755869
293	 LLH-0	0.0012660796326379046	0.0012660796326379046
294	 LLH-4	0.0012660796326379046	0.0012660796326379046
299	 LLH-4	0.0012652814663726543	0.0012652814663726543
301	 LLH-0	0.0012645918388717555	0.0012645918388717555
302	 LLH-2	0.0012732448793716907	0.0012732448793716907
303	 LLH-4	0.001271971864009501	0.001271971864009501
305	 LLH-3	0.0012651319657610563	0.0012651319657610563
306	 LLH-3	0.0013223942233381739	0.0013223942233381739
307	 LLH-5	0.0013229128887838112	0.0013229128887838112
308	 LLH-1	0.001322813635627235	0.001322813635627235
309	 LLH-1	0.001322813635627235	0.001322813635627235
310	 LLH-5	0.001322527354198326	0.001322527354198326
311	 LLH-2	0.0013183718633509726	0.0013183718633509726
312	 LLH-0	0.0013169114363769273	0.0013169114363769273
313	 LLH-4	0.0013155914054844358	0.0013155914054844358
316	 LLH-4	0.0013140558040051482	0.0013140558040051482
320	 LLH-4	0.0013127696313164703	0.0013127696313164703
324	 LLH-3	0.0014084899589239391	0.0014084899589239391
325	 LLH-2	0.0013849261773302003	0.0013849261773302003
326	 LLH-4	0.0013824864465284523	0.0013824864465284523
328	 LLH-6	0.0013814862004247234	0.0013814862004247234
329	 LLH-5	0.0013797106041555708	0.0013797106041555708
330	 LLH-4	0.0013775018632664821	0.0013775018632664821
332	 LLH-3	0.001285800953408726	0.001285800953408726
333	 LLH-6	0.001285815410073408	0.001285815410073408
334	 LLH-1	0.0012859419903259843	0.0012859419903259843
335	 LLH-2	0.0012996656538288268	0.0012996656538288268
336	 LLH-0	0.0013008408110179277	0.0013008408110179277
337	 LLH-0	0.0012995602643458108	0.0012995602643458108
338	 LLH-0	0.001300900942700851	0.001300900942700851
339	 LLH-0	0.0013021663697174348	0.0013021663697174348
340	 LLH-0	0.0013033563174090607	0.0013033563174090607
341	 LLH-5	0.0013035690142609371	0.0013035690142609371
342	 LLH-3	0.0012660786982268697	0.0012660786982268697
343	 LLH-4	0.0012650705793362642	0.0012650705793362642
348	 LLH-5	0.0012651915728516465	0.0012651915728516465
349	 LLH-1	0.001265376018550532	0.001265376018550532
350	 LLH-5	0.0012657323549014443	0.0012657323549014443
351	 LLH-0	0.0012648630284165688	0.0012648630284165688
352	 LLH-2	0.001275350398209799	0.001275350398209799
353	 LLH-5	0.0012768378750596659	0.0012768378750596659
354	 LLH-5	0.0012764714084926075	0.0012764714084926075
355	 LLH-0	0.0012751543633272647	0.0012751543633272647
356	 LLH-2	0.001273764700851097	0.001273764700851097
357	 LLH-1	0.001273764700851097	0.001273764700851097
358	 LLH-5	0.0012736578540250456	0.0012736578540250456
359	 LLH-2	0.0012890529846631752	0.0012890529846631752
360	 LLH-4	0.0012876345823944865	0.0012876345823944865
362	 LLH-2	0.0012882701185958406	0.0012882701185958406
363	 LLH-6	0.001288030306904531	0.001288030306904531
364	 LLH-1	0.001288030306904531	0.001288030306904531
365	 LLH-4	0.001286898547698895	0.001286898547698895
368	 LLH-4	0.0012858095560908524	0.0012858095560908524
372	 LLH-0	0.0012871516993989058	0.0012871516993989058
373	 LLH-0	0.0012883878653855377	0.0012883878653855377
374	 LLH-1	0.001288085136758854	0.001288085136758854
375	 LLH-1	0.001288085136758854	0.001288085136758854
376	 LLH-6	0.0012885016913059665	0.0012885016913059665
377	 LLH-4	0.001287379700328159	0.001287379700328159
380	 LLH-0	0.001286441091575358	0.001286441091575358
381	 LLH-0	0.001287740551868121	0.001287740551868121
382	 LLH-4	0.0012865570456508878	0.0012865570456508878
386	 LLH-3	0.0012569112742999299	0.0012569112742999299
387	 LLH-5	0.0012580692122418206	0.0012580692122418206
388	 LLH-6	0.0012572380989347045	0.0012572380989347045
389	 LLH-6	0.0012573438984599529	0.0012573438984599529
390	 LLH-0	0.0012580736347839354	0.0012580736347839354
391	 LLH-6	0.001258254169704954	0.001258254169704954
392	 LLH-4	0.001258254169704954	0.001258254169704954
397	 LLH-6	0.0012588603110322923	0.0012588603110322923
398	 LLH-3	0.001336817463997109	0.001336817463997109
399	 LLH-1	0.001336817463997109	0.001336817463997109
400	 LLH-3	0.0014764619882837362	0.0014764619882837362
401	 LLH-0	0.0014801207272253166	0.0014801207272253166
402	 LLH-1	0.0014806438819729574	0.0014806438819729574
403	 LLH-2	0.0014289836985522531	0.0014289836985522531
404	 LLH-3	0.0015820195527047665	0.0014289836985522531
405	 LLH-2	0.001390292069948313	0.001390292069948313
406	 LLH-2	0.0013826248427424958	0.0013826248427424958
407	 LLH-1	0.0013834050037621044	0.0013834050037621044
408	 LLH-2	0.0013820291624369152	0.0013820291624369152
409	 LLH-6	0.00138285366351081	0.00138285366351081
410	 LLH-5	0.0013830706751165843	0.0013830706751165843
411	 LLH-1	0.0013825674480050629	0.0013825674480050629
412	 LLH-1	0.0013825674480050629	0.0013825674480050629
413	 LLH-2	0.0013505334975839267	0.0013505334975839267
414	 LLH-1	0.0013505334975839267	0.0013505334975839267
415	 LLH-2	0.0013328981594214941	0.0013328981594214941
416	 LLH-6	0.001331677585247288	0.001331677585247288
417	 LLH-6	0.0013309520038590219	0.0013309520038590219
418	 LLH-4	0.0013292559445474727	0.0013292559445474727
420	 LLH-5	0.0013297319589613628	0.0013297319589613628
421	 LLH-5	0.0013294880169455667	0.0013294880169455667
422	 LLH-2	0.0013262350906403134	0.0013262350906403134
423	 LLH-6	0.0013248374215001195	0.0013248374215001195
424	 LLH-1	0.0013249385258822936	0.0013249385258822936
425	 LLH-1	0.0013249385258822936	0.0013249385258822936
426	 LLH-0	0.0013270415581916471	0.0013270415581916471
427	 LLH-6	0.0013250676053524735	0.0013250676053524735
428	 LLH-6	0.0013279659472019132	0.0013279659472019132
429	 LLH-0	0.0013262117794094624	0.0013262117794094624
430	 LLH-3	0.0014224664300573945	0.0014224664300573945
431	 LLH-2	0.0013754260295970532	0.0013754260295970532
432	 LLH-5	0.0013763145324026172	0.0013763145324026172
433	 LLH-4	0.0013742935506602652	0.0013742935506602652
435	 LLH-4	0.0013717266405544855	0.0013717266405544855
437	 LLH-6	0.0013727769467028045	0.0013727769467028045
438	 LLH-4	0.001370560379669187	0.001370560379669187
440	 LLH-3	0.0015327681664193183	0.0015327681664193183
441	 LLH-5	0.0015331912320806446	0.0015331912320806446
442	 LLH-0	0.001537823901136979	0.001537823901136979
443	 LLH-2	0.0014701750870352618	0.0014701750870352618
444	 LLH-6	0.0014698054384401883	0.0014698054384401883
445	 LLH-2	0.0014012738509607539	0.0014012738509607539
446	 LLH-5	0.0014016665819355104	0.0014016665819355104
447	 LLH-5	0.0014013359534262298	0.0014013359534262298
448	 LLH-0	0.0013983388280717824	0.0013983388280717824
449	 LLH-6	0.0013990977138099566	0.0013990977138099566
450	 LLH-2	0.001367426610480396	0.001367426610480396
451	 LLH-0	0.0013698402473705533	0.0013698402473705533
452	 LLH-3	0.0015305779419343781	0.0013698402473705533
453	 LLH-2	0.0013834486658588804	0.0013834486658588804
454	 LLH-5	0.0013837261226228342	0.0013837261226228342
455	 LLH-2	0.0013701495992210321	0.0013701495992210321
456	 LLH-2	0.0013431675717598336	0.0013431675717598336
457	 LLH-5	0.0013435506695847446	0.0013435506695847446
458	 LLH-0	0.001341784017481928	0.001341784017481928
459	 LLH-6	0.0013419150862484098	0.0013419150862484098
460	 LLH-2	0.0013404560454616822	0.0013404560454616822
461	 LLH-6	0.0013392807417440906	0.0013392807417440906
462	 LLH-6	0.0013406985162265016	0.0013406985162265016
463	 LLH-6	0.001339524875424654	0.001339524875424654
464	 LLH-2	0.0013382298596599838	0.0013382298596599838
465	 LLH-5	0.001338960403234318	0.001338960403234318
466	 LLH-4	0.0013369442264734362	0.0013369442264734362
469	 LLH-0	0.0013390575523027296	0.0013390575523027296
470	 LLH-1	0.0013389622834362675	0.0013389622834362675
471	 LLH-6	0.0013404424953905396	0.0013404424953905396
472	 LLH-1	0.0013403674843892495	0.0013403674843892495
473	 LLH-3	0.001276232721997796	0.001276232721997796
474	 LLH-1	0.0012762038569374401	0.0012762038569374401
475	 LLH-6	0.00127772070647724	0.00127772070647724
476	 LLH-1	0.00127772070647724	0.00127772070647724
477	 LLH-1	0.00127772070647724	0.00127772070647724
478	 LLH-6	0.001278282255963261	0.001278282255963261
479	 LLH-4	0.0012772335727794706	0.0012772335727794706
482	 LLH-5	0.0012761235086577785	0.0012761235086577785
483	 LLH-4	0.0012748786824784285	0.0012748786824784285
485	 LLH-0	0.0012739068668925209	0.0012739068668925209
486	 LLH-4	0.0012728472864966599	0.0012728472864966599
489	 LLH-1	0.0012728472864966599	0.0012728472864966599
490	 LLH-2	0.0012851357066481954	0.0012851357066481954
491	 LLH-2	0.0012738730948665834	0.0012738730948665834
492	 LLH-5	0.001273296632796473	0.001273296632796473
493	 LLH-6	0.0012726439806176504	0.0012726439806176504
494	 LLH-1	0.0012726439806176504	0.0012726439806176504
495	 LLH-3	0.0013847432251447953	0.0012726439806176504
496	 LLH-3	0.0012526393116940962	0.0012526393116940962
497	 LLH-4	0.0012518062429227638	0.0012518062429227638
500	 LLH-1	0.0012518062429227638	0.0012518062429227638
501	 LLH-0	0.001251153365590925	0.001251153365590925
502	 LLH-4	0.0012501827666842212	0.0012501827666842212
506	 LLH-4	0.0012494956410008388	0.0012494956410008388
509	 LLH-3	0.0012534619335461945	0.0012534619335461945
510	 LLH-6	0.001253440298520979	0.001253440298520979
511	 LLH-0	0.0012528461935312268	0.0012528461935312268
512	 LLH-3	0.0012961022018436622	0.0012961022018436622
513	 LLH-5	0.0012974138091512487	0.0012974138091512487
514	 LLH-4	0.0012961855782459642	0.0012961855782459642
517	 LLH-4	0.001294786123459174	0.001294786123459174
519	 LLH-2	0.0013048279814774715	0.0013048279814774715
520	 LLH-1	0.001304630480878128	0.001304630480878128
521	 LLH-6	0.0013074375285743302	0.0013074375285743302
522	 LLH-3	0.0013760310896542565	0.0013074375285743302
523	 LLH-2	0.0012999949395452936	0.0012999949395452936
524	 LLH-5	0.0012996954067542748	0.0012996954067542748
525	 LLH-6	0.0012996864040599105	0.0012996864040599105
526	 LLH-1	0.0012993190233974205	0.0012993190233974205
527	 LLH-4	0.001297463153499997	0.001297463153499997
529	 LLH-6	0.001296589405206876	0.001296589405206876
530	 LLH-2	0.0013244812830488072	0.001296589405206876
531	 LLH-1	0.001296589405206876	0.001296589405206876
532	 LLH-6	0.0012960167207049856	0.0012960167207049856
533	 LLH-1	0.0012958294997837119	0.0012958294997837119
534	 LLH-2	0.0013232091270278864	0.0013232091270278864
535	 LLH-0	0.0013218247462871552	0.0013218247462871552
536	 LLH-2	0.001321906934664227	0.001321906934664227
537	 LLH-1	0.0013218889365681293	0.0013218889365681293
538	 LLH-4	0.001320198353613771	0.001320198353613771
542	 LLH-0	0.001318595213252029	0.001318595213252029
543	 LLH-1	0.0013186662506238726	0.0013186662506238726
544	 LLH-4	0.0013171185506746768	0.0013171185506746768
546	 LLH-4	0.0013154556975439795	0.0013154556975439795
548	 LLH-2	0.0013044337605239383	0.0013044337605239383
549	 LLH-5	0.0013044801100673357	0.0013044801100673357
550	 LLH-1	0.0013044801100673357	0.0013044801100673357
551	 LLH-1	0.0013044801100673357	0.0013044801100673357
552	 LLH-3	0.0014355814156406512	0.0014355814156406512
553	 LLH-1	0.0014355814156406512	0.0014355814156406512
554	 LLH-3	0.0012975560867645203	0.0012975560867645203
555	 LLH-2	0.0012857509159560866	0.0012857509159560866
556	 LLH-4	0.0012857509159560866	0.0012857509159560866
561	 LLH-5	0.0012887758849081574	0.0012887758849081574
562	 LLH-2	0.0013088352144361355	0.0013088352144361355
563	 LLH-3	0.0013843524450718476	0.0013843524450718476
564	 LLH-5	0.00138477824260729	0.00138477824260729
565	 LLH-1	0.00138477824260729	0.00138477824260729
566	 LLH-0	0.0013873698537105617	0.0013873698537105617
567	 LLH-2	0.0013747261292475972	0.0013747261292475972
568	 LLH-6	0.0013757105658582507	0.0013757105658582507
569	 LLH-1	0.0013757105658582507	0.0013757105658582507
570	 LLH-5	0.0013755708955028444	0.0013755708955028444
571	 LLH-2	0.0013579316355566487	0.0013579316355566487
572	 LLH-1	0.0013580763196597214	0.0013580763196597214
573	 LLH-5	0.001360020959010814	0.001360020959010814
574	 LLH-2	0.0013383516763740468	0.0013383516763740468
575	 LLH-5	0.0013355893143546832	0.0013355893143546832
576	 LLH-0	0.001337694521090434	0.001337694521090434
577	 LLH-3	0.0014789885741568597	0.0014789885741568597
578	 LLH-3	0.0013132362932827125	0.0013132362932827125
579	 LLH-6	0.001312030141386172	0.001312030141386172
580	 LLH-6	0.0013114242577743022	0.0013114242577743022
581	 LLH-3	0.0012609750561306998	0.0012609750561306998
582	 LLH-4	0.0012599692508291108	0.0012599692508291108
585	 LLH-3	0.0013326484554558712	0.0012599692508291108
586	 LLH-2	0.0012792960109363801	0.0012792960109363801
587	 LLH-2	0.0012760083536135687	0.0012760083536135687
588	 LLH-5	0.0012761210451028725	0.0012761210451028725
589	 LLH-1	0.0012762021370085136	0.0012762021370085136
590	 LLH-4	0.0012762021370085136	0.0012762021370085136
595	 LLH-4	0.0012750416671868702	0.0012750416671868702
597	 LLH-5	0.0012747669177164897	0.0012747669177164897
598	 LLH-2	0.0012841812589542037	0.0012841812589542037
599	 LLH-4	0.001282795196208708	0.001282795196208708
601	 LLH-1	0.0012827308397478654	0.0012827308397478654
602	 LLH-0	0.0012818537388978707	0.0012818537388978707
603	 LLH-6	0.0012811115260362188	0.0012811115260362188
604	 LLH-0	0.0012799754565761836	0.0012799754565761836
605	 LLH-4	0.001278778110239064	0.001278778110239064
607	 LLH-4	0.0012778231784932646	0.0012778231784932646
611	 LLH-2	0.0012968392022434307	0.0012778231784932646
612	 LLH-6	0.0012783163665289327	0.0012783163665289327
613	 LLH-0	0.0012794924718588546	0.0012794924718588546
614	 LLH-5	0.0012783446926126476	0.0012783446926126476
615	 LLH-3	0.0013662231334015313	0.0012783446926126476
616	 LLH-6	0.0012795526535983024	0.0012795526535983024
617	 LLH-3	0.0012655340299694002	0.0012655340299694002
618	 LLH-1	0.0012656848490655737	0.0012656848490655737
619	 LLH-5	0.0012642944249003185	0.0012642944249003185
620	 LLH-4	0.0012635735534705032	0.0012635735534705032
622	 LLH-0	0.0012625527070272656	0.0012625527070272656
623	 LLH-5	0.0012622778678421432	0.0012622778678421432
624	 LLH-6	0.0012625363506686491	0.0012625363506686491
625	 LLH-4	0.0012625363506686491	0.0012625363506686491
630	 LLH-2	0.0012700004679585151	0.0012700004679585151
631	 LLH-4	0.0012518554052685688	0.0012518554052685688
633	 LLH-0	0.0012527307082545725	0.0012527307082545725
634	 LLH-1	0.0012527702926088116	0.0012527702926088116
635	 LLH-6	0.0012548186599337298	0.0012548186599337298
636	 LLH-4	0.001253985475200692	0.001253985475200692
638	 LLH-4	0.001253985475200692	0.001253985475200692
643	 LLH-6	0.0012545845448844295	0.0012545845448844295
644	 LLH-0	0.001255221431274777	0.001255221431274777
645	 LLH-4	0.001255221431274777	0.001255221431274777
650	 LLH-1	0.0012553483717851713	0.0012553483717851713
651	 LLH-6	0.001255724002056314	0.001255724002056314
652	 LLH-1	0.0012555815865372393	0.0012555815865372393
653	 LLH-4	0.0012543409850238163	0.0012543409850238163
656	 LLH-3	0.0013101795592916597	0.0012543409850238163
657	 LLH-3	0.0013236101340114122	0.0013236101340114122
658	 LLH-0	0.001321349799290641	0.001321349799290641
659	 LLH-6	0.0013214759138531567	0.0013214759138531567
660	 LLH-3	0.0012716015884279598	0.0012716015884279598
661	 LLH-0	0.0012707244017603665	0.0012707244017603665
662	 LLH-6	0.0012712470264162968	0.0012712470264162968
663	 LLH-5	0.001270951336284037	0.001270951336284037
664	 LLH-2	0.00129153068321296	0.00129153068321296
665	 LLH-2	0.001288297869206887	0.001288297869206887
666	 LLH-4	0.0012867631638310048	0.0012867631638310048
668	 LLH-2	0.0012999367284294784	0.0012999367284294784
669	 LLH-2	0.0012847236201359558	0.0012847236201359558
670	 LLH-5	0.0012838988791286298	0.0012838988791286298
671	 LLH-0	0.0012826370030780006	0.0012826370030780006
672	 LLH-4	0.0012826370030780006	0.0012826370030780006
677	 LLH-5	0.0012828319982360913	0.0012828319982360913
678	 LLH-0	0.001284758076832215	0.001284758076832215
679	 LLH-3	0.0012600964901503286	0.0012600964901503286
680	 LLH-3	0.001259636237148573	0.001259636237148573
681	 LLH-6	0.0012601608170907047	0.0012601608170907047
682	 LLH-5	0.0012608578564225186	0.0012608578564225186
683	 LLH-2	0.0012529107602763992	0.0012529107602763992
684	 LLH-6	0.0012538620706804985	0.0012538620706804985
685	 LLH-4	0.0012538620706804985	0.0012538620706804985
690	 LLH-3	0.001247030311562227	0.001247030311562227
691	 LLH-2	0.0012517940020369974	0.0012517940020369974
692	 LLH-2	0.0012562905608372618	0.0012562905608372618
693	 LLH-4	0.001255409509316411	0.001255409509316411
696	 LLH-1	0.0012552967726235978	0.0012552967726235978
697	 LLH-5	0.0012557503242701163	0.0012557503242701163
698	 LLH-5	0.001256154818060764	0.001256154818060764
699	 LLH-6	0.001256841327376651	0.001256841327376651
700	 LLH-2	0.0012699460706719504	0.0012699460706719504
701	 LLH-5	0.0012697840831269358	0.0012697840831269358
702	 LLH-1	0.0012697840831269358	0.0012697840831269358
703	 LLH-3	0.0013228279349932646	0.0013228279349932646
704	 LLH-2	0.0013418536275107006	0.0013418536275107006
705	 LLH-2	0.0013077178493212912	0.0013077178493212912
706	 LLH-4	0.0013059936887098085	0.0013059936887098085
709	 LLH-5	0.0013055106880932752	0.0013055106880932752
710	 LLH-3	0.001281273294572872	0.001281273294572872
711	 LLH-6	0.0012804444119301167	0.0012804444119301167
712	 LLH-6	0.0012805566613736709	0.0012805566613736709
713	 LLH-4	0.0012792801305934731	0.0012792801305934731
715	 LLH-5	0.0012792518941803835	0.0012792518941803835
716	 LLH-2	0.0012642256677804684	0.0012642256677804684
717	 LLH-6	0.0012643195704794444	0.0012643195704794444
718	 LLH-0	0.0012651942037979584	0.0012651942037979584
719	 LLH-1	0.0012651942037979584	0.0012651942037979584
720	 LLH-6	0.0012669733042259498	0.0012669733042259498
721	 LLH-3	0.0012670797941071908	0.0012670797941071908
722	 LLH-4	0.0012670797941071908	0.0012670797941071908
727	 LLH-0	0.0012676846910979118	0.0012676846910979118
728	 LLH-1	0.0012679853133606433	0.0012679853133606433
729	 LLH-0	0.0012686826198619015	0.0012686826198619015
730	 LLH-1	0.0012687659837975387	0.0012687659837975387
731	 LLH-3	0.0013030864549969233	0.0013030864549969233
732	 LLH-6	0.0013016581690608606	0.0013016581690608606
733	 LLH-4	0.001300505342488159	0.001300505342488159
735	 LLH-1	0.001300505342488159	0.001300505342488159
736	 LLH-6	0.0012993389618238525	0.0012993389618238525
737	 LLH-2	0.0013110630523997693	0.0013110630523997693
738	 LLH-1	0.0013107582111395052	0.0013107582111395052
739	 LLH-3	0.0012638806859929018	0.0012638806859929018
740	 LLH-1	0.0012638806859929018	0.0012638806859929018
741	 LLH-1	0.0012638806859929018	0.0012638806859929018
742	 LLH-2	0.001282754890593331	0.001282754890593331
743	 LLH-1	0.001282754890593331	0.001282754890593331
744	 LLH-5	0.0012836776753368927	0.0012836776753368927
745	 LLH-4	0.0012644228368470574	0.0012644228368470574
747	 LLH-6	0.0012624987680800851	0.0012624987680800851
748	 LLH-5	0.0012622737938792973	0.0012622737938792973
749	 LLH-1	0.0012622737938792973	0.0012622737938792973
750	 LLH-3	0.001346721841024921	0.001346721841024921
751	 LLH-5	0.0013466920516957027	0.0013466920516957027
752	 LLH-6	0.0013450835625426095	0.0013450835625426095
753	 LLH-0	0.0013432489466440078	0.0013432489466440078
754	 LLH-2	0.001354883239342573	0.001354883239342573
755	 LLH-3	0.0014798381814728366	0.001354883239342573
756	 LLH-2	0.0013333706652193618	0.0013333706652193618
757	 LLH-0	0.0013314208594527907	0.0013314208594527907
758	 LLH-1	0.0013308399111789776	0.0013308399111789776
759	 LLH-3	0.0012839911398738703	0.0012839911398738703
760	 LLH-4	0.0012829940777276108	0.0012829940777276108
765	 LLH-6	0.001283733474399972	0.001283733474399972
766	 LLH-1	0.001283733474399972	0.001283733474399972
767	 LLH-3	0.0012657608663991758	0.0012657608663991758
768	 LLH-3	0.0013158935823255635	0.0013158935823255635
769	 LLH-2	0.0013132672833553218	0.0013132672833553218
770	 LLH-2	0.0013056368412692754	0.0013056368412692754
771	 LLH-5	0.0013086378436760917	0.0013086378436760917
772	 LLH-5	0.0013091150138424476	0.0013091150138424476
773	 LLH-3	0.0014282477306907456	0.0013091150138424476
774	 LLH-4	0.001307318821455828	0.001307318821455828
777	 LLH-1	0.001307318821455828	0.001307318821455828
778	 LLH-3	0.0014377340652448121	0.0014377340652448121
779	 LLH-6	0.0014394058136337215	0.0014394058136337215
780	 LLH-1	0.0014394058136337215	0.0014394058136337215
781	 LLH-0	0.0014364506064394992	0.0014364506064394992
782	 LLH-5	0.001436775771596393	0.001436775771596393
783	 LLH-4	0.001433511585320663	0.001433511585320663
785	 LLH-4	0.0014305673424343686	0.0014305673424343686
788	 LLH-2	0.0013692663861227371	0.0013692663861227371
789	 LLH-5	0.0013707059066548222	0.0013707059066548222
790	 LLH-1	0.0013708300869503228	0.0013708300869503228
791	 LLH-0	0.00136842043524931	0.00136842043524931
792	 LLH-6	0.0013675040893231588	0.0013675040893231588
793	 LLH-1	0.0013674559959693663	0.0013674559959693663
794	 LLH-0	0.0013698305757816759	0.0013698305757816759
795	 LLH-2	0.001353818440806296	0.001353818440806296
796	 LLH-1	0.001353818440806296	0.001353818440806296
797	 LLH-6	0.0013529245945780592	0.0013529245945780592
798	 LLH-0	0.0013550662007668713	0.0013550662007668713
799	 LLH-5	0.0013549542090421569	0.0013549542090421569
800	 LLH-2	0.0013456719130778222	0.0013456719130778222
801	 LLH-3	0.001285086328928226	0.001285086328928226
802	 LLH-3	0.0012570781331466185	0.0012570781331466185
803	 LLH-1	0.0012570781331466185	0.0012570781331466185
804	 LLH-6	0.0012543772028616143	0.0012543772028616143
805	 LLH-1	0.0012542754095588528	0.0012542754095588528
806	 LLH-1	0.0012542754095588528	0.0012542754095588528
807	 LLH-1	0.0012542754095588528	0.0012542754095588528
808	 LLH-1	0.001254080603067943	0.001254080603067943
809	 LLH-5	0.0012550663214221647	0.0012550663214221647
810	 LLH-3	0.001317624645101346	0.0012550663214221647
811	 LLH-2	0.0012737549106882217	0.0012737549106882217
812	 LLH-1	0.0012737549106882217	0.0012737549106882217
813	 LLH-6	0.0012753539944020005	0.0012753539944020005
814	 LLH-2	0.0012763315594618335	0.0012763315594618335
815	 LLH-3	0.001338412749274658	0.0012763315594618335
816	 LLH-4	0.0012755059145803365	0.0012755059145803365
818	 LLH-1	0.0012755059145803365	0.0012755059145803365
819	 LLH-1	0.001275730414437016	0.001275730414437016
820	 LLH-3	0.001266233556965387	0.001266233556965387
821	 LLH-2	0.001271426152521236	0.001271426152521236
822	 LLH-2	0.0012588250425469016	0.0012588250425469016
823	 LLH-5	0.0012591278803212012	0.0012591278803212012
824	 LLH-1	0.0012591278803212012	0.0012591278803212012
825	 LLH-6	0.001259614594918024	0.001259614594918024
826	 LLH-6	0.001259301219469055	0.001259301219469055
827	 LLH-4	0.001258651326634664	0.001258651326634664
830	 LLH-5	0.0012588944919619263	0.0012588944919619263
831	 LLH-3	0.0012508272631876522	0.0012508272631876522
832	 LLH-1	0.0012505355186509105	0.0012505355186509105
833	 LLH-0	0.0012511382264670026	0.0012511382264670026
834	 LLH-5	0.0012510203939024487	0.0012510203939024487
835	 LLH-2	0.0012588715539897605	0.0012588715539897605
836	 LLH-3	0.0013163152322230648	0.0013163152322230648
837	 LLH-5	0.0013157115879063215	0.0013157115879063215
838	 LLH-3	0.0012651204507168586	0.0012651204507168586
839	 LLH-0	0.0012641442520504964	0.0012641442520504964
840	 LLH-3	0.001346404664928352	0.001346404664928352
841	 LLH-1	0.0013466059557280313	0.0013466059557280313
842	 LLH-2	0.0013395476276901205	0.0013395476276901205
843	 LLH-4	0.0013377390891345369	0.0013377390891345369
845	 LLH-2	0.001327371561122682	0.001327371561122682
846	 LLH-2	0.00133059110966259	0.00133059110966259
847	 LLH-5	0.0013311297634497695	0.0013311297634497695
848	 LLH-4	0.0013296182865330816	0.0013296182865330816
850	 LLH-1	0.0013295973798141938	0.0013295973798141938
851	 LLH-5	0.0013264998234255355	0.0013264998234255355
852	 LLH-2	0.0013287926793707613	0.0013287926793707613
853	 LLH-4	0.0013268405858400012	0.0013268405858400012
855	 LLH-2	0.0013077201231689606	0.0013077201231689606
856	 LLH-0	0.0013058822083334399	0.0013058822083334399
857	 LLH-1	0.0013061103832226074	0.0013061103832226074
858	 LLH-5	0.0013062115513837787	0.0013062115513837787
859	 LLH-6	0.0013062333806482835	0.0013062333806482835
860	 LLH-6	0.0013067506325995567	0.0013067506325995567
861	 LLH-2	0.0013069276922149692	0.0013069276922149692
862	 LLH-0	0.0013054297360969188	0.0013054297360969188
863	 LLH-2	0.0013024532443150641	0.0013024532443150641
864	 LLH-3	0.0012642936600986423	0.0012642936600986423
865	 LLH-0	0.0012651007238977476	0.0012651007238977476
866	 LLH-1	0.0012651007238977476	0.0012651007238977476
867	 LLH-1	0.0012657684986119781	0.0012657684986119781
868	 LLH-3	0.0013208941530969782	0.0013208941530969782
869	 LLH-0	0.0013223777463370137	0.0013223777463370137
870	 LLH-6	0.001323332117046414	0.001323332117046414
871	 LLH-6	0.0013232281798113324	0.0013232281798113324
872	 LLH-3	0.0012744813241362138	0.0012744813241362138
873	 LLH-1	0.0012744813241362138	0.0012744813241362138
874	 LLH-2	0.0012942212275367676	0.0012744813241362138
875	 LLH-5	0.001274832440117571	0.001274832440117571
876	 LLH-0	0.0012759612479942973	0.001274832440117571
877	 LLH-1	0.001274832440117571	0.001274832440117571
878	 LLH-1	0.001274832440117571	0.001274832440117571
879	 LLH-1	0.001274832440117571	0.001274832440117571
880	 LLH-1	0.001274832440117571	0.001274832440117571
881	 LLH-6	0.0012741662328386507	0.0012741662328386507
882	 LLH-3	0.0012599282699358345	0.0012599282699358345
883	 LLH-0	0.0012591769048591848	0.0012591769048591848
884	 LLH-4	0.0012586164838318	0.0012586164838318
886	 LLH-6	0.0012597485706860418	0.0012597485706860418
887	 LLH-4	0.0012590442163036713	0.0012590442163036713
889	 LLH-3	0.0012926832252236683	0.0012926832252236683
890	 LLH-4	0.0012912324142220451	0.0012912324142220451
892	 LLH-3	0.001255774300235451	0.001255774300235451
893	 LLH-5	0.0012549814751152933	0.0012549814751152933
894	 LLH-4	0.00125388511786727	0.00125388511786727
896	 LLH-4	0.0012530759534890791	0.0012530759534890791
899	 LLH-6	0.0012532789471571789	0.0012532789471571789
900	 LLH-3	0.0013081419185816676	0.0013081419185816676
901	 LLH-6	0.001308738299202494	0.001308738299202494
902	 LLH-2	0.0013196164400579903	0.001308738299202494
903	 LLH-1	0.0013085674529260747	0.0013085674529260747
904	 LLH-6	0.001308950369527922	0.001308950369527922
905	 LLH-1	0.0013087188875758578	0.0013087188875758578
906	 LLH-4	0.0013072632724766733	0.0013072632724766733
909	 LLH-1	0.0013072632724766733	0.0013072632724766733
910	 LLH-6	0.0013074742023411468	0.0013074742023411468
911	 LLH-4	0.0013059232577617872	0.0013059232577617872
913	 LLH-5	0.0013040290438555925	0.0013040290438555925
914	 LLH-2	0.001305172938694262	0.001305172938694262
915	 LLH-3	0.0013977993666792533	0.001305172938694262
916	 LLH-2	0.001315855064858354	0.001305172938694262
917	 LLH-0	0.0013066671771609817	0.0013066671771609817
918	 LLH-6	0.0013072054466545433	0.0013072054466545433
919	 LLH-3	0.0014260622415488999	0.0013072054466545433
920	 LLH-3	0.0014174215269032882	0.0013072054466545433
921	 LLH-0	0.0013057210300218161	0.0013057210300218161
922	 LLH-2	0.001311490135919816	0.001311490135919816
923	 LLH-5	0.0013113708867664182	0.0013113708867664182
924	 LLH-1	0.0013113708867664182	0.0013113708867664182
925	 LLH-3	0.0014637067314294944	0.0013113708867664182
926	 LLH-6	0.0013100673872002337	0.0013100673872002337
927	 LLH-5	0.0013110618178086657	0.0013110618178086657
928	 LLH-5	0.0013107665917764918	0.0013107665917764918
929	 LLH-2	0.0013237218616703385	0.0013107665917764918
930	 LLH-4	0.0013090584135125021	0.0013090584135125021
932	 LLH-1	0.0013090584135125021	0.0013090584135125021
933	 LLH-5	0.0013080466278059663	0.0013080466278059663
934	 LLH-3	0.001279397426788849	0.001279397426788849
935	 LLH-5	0.0012782043797215144	0.0012782043797215144
936	 LLH-2	0.0012729621420527514	0.0012729621420527514
937	 LLH-0	0.0012739346484850083	0.0012739346484850083
938	 LLH-3	0.001247311243367018	0.001247311243367018
939	 LLH-4	0.001247311243367018	0.001247311243367018
944	 LLH-1	0.001247311243367018	0.001247311243367018
945	 LLH-6	0.0012477771995326528	0.0012477771995326528
946	 LLH-5	0.0012474373234106267	0.0012474373234106267
947	 LLH-1	0.0012474373234106267	0.0012474373234106267
948	 LLH-2	0.0012590501760267568	0.0012590501760267568
949	 LLH-2	0.0012702732779468439	0.0012702732779468439
950	 LLH-1	0.0012702732779468439	0.0012702732779468439
951	 LLH-6	0.0012698106419248127	0.0012698106419248127
952	 LLH-1	0.0012698106419248127	0.0012698106419248127
953	 LLH-6	0.0012702370701132358	0.0012702370701132358
954	 LLH-6	0.0012708031282171388	0.0012708031282171388
955	 LLH-2	0.0012689780392554201	0.0012689780392554201
956	 LLH-2	0.0012855357281842332	0.0012855357281842332
957	 LLH-3	0.0013775691160326313	0.0012855357281842332
958	 LLH-2	0.0012943649858004143	0.0012943649858004143
959	 LLH-1	0.0012940671072916516	0.0012940671072916516
960	 LLH-1	0.001294406831249058	0.001294406831249058
961	 LLH-5	0.0012955500875591942	0.0012955500875591942
962	 LLH-2	0.0012851001301310725	0.0012851001301310725
963	 LLH-1	0.0012851001301310725	0.0012851001301310725
964	 LLH-1	0.0012851001301310725	0.0012851001301310725
965	 LLH-0	0.0012861263914944717	0.0012861263914944717
966	 LLH-4	0.0012852669429485608	0.0012852669429485608
968	 LLH-1	0.0012855418629639237	0.0012855418629639237
969	 LLH-2	0.0012820947940772834	0.0012820947940772834
970	 LLH-1	0.0012820947940772834	0.0012820947940772834
971	 LLH-4	0.0012807420862650397	0.0012807420862650397
975	 LLH-4	0.0012794163266357378	0.0012794163266357378
977	 LLH-0	0.0012784249221828806	0.0012784249221828806
978	 LLH-5	0.001277614943417008	0.001277614943417008
979	 LLH-2	0.0012935421660518174	0.001277614943417008
980	 LLH-2	0.0012896982694417301	0.0012896982694417301
981	 LLH-0	0.0012908042035569714	0.0012908042035569714
982	 LLH-4	0.0012895602023239696	0.0012895602023239696
985	 LLH-3	0.0012609345488112387	0.0012609345488112387
986	 LLH-6	0.00126073373839404	0.00126073373839404
987	 LLH-0	0.0012616704321839639	0.0012616704321839639
988	 LLH-2	0.0012746405558564783	0.0012616704321839639
989	 LLH-6	0.001261517039864968	0.001261517039864968
990	 LLH-0	0.001260715757780068	0.001260715757780068
991	 LLH-5	0.0012613205219491339	0.0012613205219491339
992	 LLH-2	0.0012769538978279868	0.0012769538978279868
993	 LLH-2	0.0012735758784529257	0.0012735758784529257
994	 LLH-2	0.0012737561892897788	0.0012737561892897788
995	 LLH-2	0.001273575837997045	0.001273575837997045
996	 LLH-5	0.0012725761515927103	0.0012725761515927103
997	 LLH-5	0.0012727124975331658	0.0012727124975331658
998	 LLH-3	0.001381223680907045	0.0012727124975331658
999	 LLH-6	0.001271073324648412	0.001271073324648412
1000	 LLH-1	0.001271073324648412	0.001271073324648412
1001	 LLH-3	0.0012675414240939926	0.0012675414240939926
1002	 LLH-2	0.001271054816026122	0.001271054816026122
1003	 LLH-3	0.0012654195341156662	0.0012654195341156662
1004	 LLH-0	0.001264600370726223	0.001264600370726223
1005	 LLH-1	0.0012644753347281308	0.0012644753347281308
1006	 LLH-4	0.001263490870148455	0.001263490870148455
1009	 LLH-6	0.0012623736885346256	0.0012623736885346256
1010	 LLH-4	0.0012617334005770638	0.0012617334005770638
1014	 LLH-5	0.00126185551513409	0.00126185551513409
1015	 LLH-0	0.0012624615338764674	0.0012624615338764674
1016	 LLH-4	0.0012618560053992349	0.0012618560053992349
1019	 LLH-2	0.0012701117276811842	0.0012701117276811842
1020	 LLH-3	0.0013136666808562256	0.0013136666808562256
1021	 LLH-0	0.0013122832743257796	0.0013122832743257796
1022	 LLH-5	0.0013123535093353014	0.0013123535093353014
1023	 LLH-3	0.0012781280379512547	0.0012781280379512547
1024	 LLH-0	0.00127921925373117	0.00127921925373117
1025	 LLH-1	0.00127921925373117	0.00127921925373117
1026	 LLH-0	0.001278171189996743	0.001278171189996743
1027	 LLH-0	0.0012789509220374118	0.0012789509220374118
1028	 LLH-1	0.0012790364832792802	0.0012790364832792802
1029	 LLH-3	0.0012644369970108672	0.0012644369970108672
1030	 LLH-4	0.001263277537386754	0.001263277537386754
1035	 LLH-0	0.0012640126264036214	0.0012640126264036214
1036	 LLH-5	0.0012640923775822039	0.0012640923775822039
1037	 LLH-3	0.0012509185252272154	0.0012509185252272154
1038	 LLH-2	0.001262275512219617	0.001262275512219617
1039	 LLH-2	0.0012632597440125027	0.001262275512219617
1040	 LLH-1	0.001262275512219617	0.001262275512219617
1041	 LLH-4	0.0012613043678998228	0.0012613043678998228
1043	 LLH-5	0.0012616427713221714	0.0012616427713221714
1044	 LLH-3	0.0013321689867363752	0.0012616427713221714
1045	 LLH-1	0.0012617284141442156	0.0012617284141442156
1046	 LLH-4	0.0012608978479676624	0.0012608978479676624
1048	 LLH-0	0.0012616430495525108	0.0012616430495525108
1049	 LLH-0	0.0012622579131482381	0.0012622579131482381
1050	 LLH-2	0.0012652869680011647	0.0012652869680011647
1051	 LLH-5	0.0012652064828651303	0.0012652064828651303
1052	 LLH-5	0.0012652752330238562	0.0012652752330238562
1053	 LLH-3	0.0012581378905397263	0.0012581378905397263
1054	 LLH-6	0.0012588424523200523	0.0012588424523200523
1055	 LLH-5	0.0012586923074043913	0.0012586923074043913
1056	 LLH-4	0.001257531600072017	0.001257531600072017
1058	 LLH-6	0.0012582184460786727	0.0012582184460786727
1059	 LLH-1	0.0012582184460786727	0.0012582184460786727
1060	 LLH-4	0.0012575934830462774	0.0012575934830462774
1065	 LLH-6	0.001256895631833659	0.001256895631833659
1066	 LLH-0	0.0012574222399068208	0.0012574222399068208
1067	 LLH-5	0.001257272242152674	0.001257272242152674
1068	 LLH-1	0.001257272242152674	0.001257272242152674
1069	 LLH-0	0.00125655555990203	0.00125655555990203
1070	 LLH-1	0.00125655555990203	0.00125655555990203
1071	 LLH-2	0.0012674264702281755	0.0012674264702281755
1072	 LLH-6	0.0012695155459346063	0.0012674264702281755
1073	 LLH-1	0.001267410740735953	0.001267410740735953
1074	 LLH-4	0.0012508112769684077	0.0012508112769684077
1076	 LLH-2	0.0012721213409137623	0.0012721213409137623
1077	 LLH-6	0.0012729359956960874	0.0012729359956960874
1078	 LLH-4	0.001272143433884405	0.001272143433884405
1080	 LLH-5	0.0012724557194344673	0.0012724557194344673
1081	 LLH-2	0.0012665486885568564	0.0012665486885568564
1082	 LLH-0	0.0012672128909360714	0.0012672128909360714
1083	 LLH-4	0.0012672128909360714	0.0012672128909360714
1088	 LLH-6	0.0012661779547473218	0.0012661779547473218
1089	 LLH-0	0.001267187520413956	0.001267187520413956
1090	 LLH-5	0.0012666752841574366	0.0012666752841574366
1091	 LLH-0	0.0012676526480800822	0.0012676526480800822
1092	 LLH-5	0.001268287267838219	0.001268287267838219
1093	 LLH-1	0.0012682453667177507	0.0012682453667177507
1094	 LLH-0	0.001268949294996171	0.001268949294996171
1095	 LLH-6	0.0012684353447767248	0.0012684353447767248
1096	 LLH-0	0.001269362749975985	0.0012684353447767248
1097	 LLH-5	0.0012673472490356186	0.0012673472490356186
1098	 LLH-0	0.0012665319965569778	0.0012665319965569778
1099	 LLH-4	0.001265569285747454	0.001265569285747454
1103	 LLH-5	0.0012666983281607923	0.0012666983281607923
1104	 LLH-1	0.0012666983281607923	0.0012666983281607923
1105	 LLH-5	0.0012659342641809105	0.0012659342641809105
1106	 LLH-2	0.0012669181441706567	0.0012669181441706567
1107	 LLH-4	0.0012659311148258783	0.0012659311148258783
1109	 LLH-3	0.0013195465264936495	0.0012659311148258783
1110	 LLH-6	0.001268179720365931	0.001268179720365931
1111	 LLH-5	0.00126892295345307	0.00126892295345307
1112	 LLH-6	0.001267368103683789	0.001267368103683789
1113	 LLH-5	0.0012682473298366633	0.0012682473298366633
1114	 LLH-1	0.0012682473298366633	0.0012682473298366633
1115	 LLH-5	0.0012670599423653273	0.0012670599423653273
1116	 LLH-4	0.0012659782410055222	0.0012659782410055222
1119	 LLH-3	0.0013133234945970293	0.0012659782410055222
1120	 LLH-1	0.0012661010993502806	0.0012661010993502806
1121	 LLH-4	0.0012650338257226025	0.0012650338257226025
1124	 LLH-5	0.0012636660180229073	0.0012636660180229073
1125	 LLH-5	0.0012633768601866954	0.0012633768601866954
1126	 LLH-3	0.0013254689704108777	0.0012633768601866954
1127	 LLH-2	0.0012641718442788093	0.0012641718442788093
1128	 LLH-4	0.0012629368894269632	0.0012629368894269632
1132	 LLH-6	0.001262282298938466	0.001262282298938466
1133	 LLH-5	0.001263210148246271	0.001263210148246271
1134	 LLH-4	0.001262069717070202	0.001262069717070202
1136	 LLH-6	0.0012627200541711252	0.0012627200541711252
1137	 LLH-5	0.0012646816570799136	0.0012646816570799136
1138	 LLH-1	0.0012647391840035077	0.0012647391840035077
1139	 LLH-5	0.001265182741724772	0.001265182741724772
1140	 LLH-3	0.001339776117186304	0.001265182741724772
1141	 LLH-4	0.001264209417857462	0.001264209417857462
1146	 LLH-6	0.0012606505234243738	0.0012606505234243738
1147	 LLH-6	0.0012605948183018222	0.0012605948183018222
1148	 LLH-4	0.0012596282020422883	0.0012596282020422883
1152	 LLH-5	0.0012587611027585312	0.0012587611027585312
1153	 LLH-0	0.0012775509899123404	0.0012587611027585312
1154	 LLH-0	0.0012596034899149916	0.0012596034899149916
1155	 LLH-3	0.0013629611459108674	0.0012596034899149916
1156	 LLH-6	0.0012604214373329488	0.0012604214373329488
1157	 LLH-2	0.0012893601833869875	0.0012604214373329488
1158	 LLH-6	0.0012605648029167978	0.0012605648029167978
1159	 LLH-5	0.0012605385122867008	0.0012605385122867008
1160	 LLH-3	0.0012549358261899472	0.0012549358261899472
1161	 LLH-1	0.0012549358261899472	0.0012549358261899472
1162	 LLH-1	0.0012549358261899472	0.0012549358261899472
1163	 LLH-3	0.001292790402724894	0.0012549358261899472
1164	 LLH-0	0.00125564699352269	0.00125564699352269
1165	 LLH-3	0.0012936746988359699	0.00125564699352269
1166	 LLH-4	0.001254990171432352	0.001254990171432352
1169	 LLH-4	0.0012544177230383103	0.0012544177230383103
1174	 LLH-6	0.0012555711338683312	0.0012555711338683312
1175	 LLH-2	0.0012515575459111088	0.0012515575459111088
1176	 LLH-2	0.0012530036403033532	0.0012530036403033532
1177	 LLH-0	0.0012538770541510869	0.0012530036403033532
1178	 LLH-4	0.001252263002148547	0.001252263002148547
1181	 LLH-6	0.0012516690961576521	0.0012516690961576521
1182	 LLH-3	0.001247224100705818	0.001247224100705818
1183	 LLH-3	0.0012981913726455721	0.001247224100705818
1184	 LLH-6	0.001246538260833655	0.001246538260833655
1185	 LLH-6	0.0012460315718715198	0.0012460315718715198
1186	 LLH-5	0.0012460300748979658	0.0012460300748979658
1187	 LLH-0	0.001247201579281851	0.001247201579281851
1188	 LLH-5	0.0012469652153298668	0.0012469652153298668
1189	 LLH-0	0.001247590524878734	0.001247590524878734
1190	 LLH-3	0.0012564773209333417	0.001247590524878734
1191	 LLH-4	0.0012469954436873801	0.0012469954436873801
1195	 LLH-0	0.0012476900045633376	0.0012476900045633376
1196	 LLH-1	0.0012477591173077366	0.0012477591173077366
1197	 LLH-1	0.001247849852431645	0.001247849852431645
1198	 LLH-0	0.0012473632853928266	0.0012473632853928266
1199	 LLH-6	0.0012474164170688364	0.0012474164170688364
1200	 LLH-6	0.001247503634890994	0.001247503634890994
1201	 LLH-2	0.0012580293783265766	0.0012580293783265766
1202	 LLH-2	0.0012665948415383746	0.0012665948415383746
1203	 LLH-0	0.0012677266100183213	0.0012677266100183213
1204	 LLH-6	0.0012683441253099753	0.0012683441253099753
1205	 LLH-3	0.001254712333877691	0.001254712333877691
1206	 LLH-6	0.0012546602342937696	0.0012546602342937696
1207	 LLH-4	0.0012546602342937696	0.0012546602342937696
1212	 LLH-4	0.0012540261780392401	0.0012540261780392401
1216	 LLH-3	0.0012434386547203055	0.0012434386547203055
1217	 LLH-1	0.0012434386547203055	0.0012434386547203055
1218	 LLH-3	0.001275424757596361	0.0012434386547203055
1219	 LLH-4	0.0012434386547203055	0.0012434386547203055
1224	 LLH-1	0.0012434386547203055	0.0012434386547203055
1225	 LLH-0	0.0012439210746992883	0.0012439210746992883
1226	 LLH-0	0.0012448246260495564	0.0012448246260495564
1227	 LLH-1	0.0012447703617412091	0.0012447703617412091
1228	 LLH-6	0.0012439645200900268	0.0012439645200900268
1229	 LLH-4	0.0012439645200900268	0.0012439645200900268
1234	 LLH-0	0.0012446152224494832	0.0012446152224494832
1235	 LLH-6	0.0012455526576088836	0.0012455526576088836
1236	 LLH-0	0.0012463160087532934	0.0012463160087532934
1237	 LLH-2	0.0012645246466063262	0.0012645246466063262
1238	 LLH-1	0.0012645246466063262	0.0012645246466063262
1239	 LLH-4	0.0012639332087785464	0.0012639332087785464
1242	 LLH-0	0.0012633370487819305	0.0012633370487819305
1243	 LLH-6	0.0012617792603490906	0.0012617792603490906
1244	 LLH-1	0.0012617792603490906	0.0012617792603490906
1245	 LLH-0	0.0012627948631428435	0.0012627948631428435
1246	 LLH-0	0.0012634182154942404	0.0012634182154942404
1247	 LLH-2	0.001261424963229091	0.001261424963229091
1248	 LLH-3	0.0012478992753239197	0.0012478992753239197
1249	 LLH-3	0.0012517646173403664	0.0012478992753239197
1250	 LLH-1	0.0012481282813767342	0.0012481282813767342
1251	 LLH-4	0.0012476296838806365	0.0012476296838806365
1254	 LLH-5	0.0012478946953361734	0.0012478946953361734
1255	 LLH-0	0.0012484100508542853	0.0012484100508542853
1256	 LLH-1	0.001248211612772322	0.001248211612772322
1257	 LLH-3	0.001259065410998751	0.001259065410998751
1258	 LLH-4	0.001259065410998751	0.001259065410998751
1263	 LLH-4	0.0012585279336197208	0.0012585279336197208
1266	 LLH-2	0.0012540693852611975	0.0012540693852611975
1267	 LLH-1	0.001254345521191318	0.001254345521191318
1268	 LLH-2	0.0012587709540426858	0.0012587709540426858
1269	 LLH-1	0.0012584700440238872	0.0012584700440238872
1270	 LLH-1	0.0012584700440238872	0.0012584700440238872
1271	 LLH-4	0.0012584700440238872	0.0012584700440238872
1276	 LLH-3	0.0013082350190830555	0.0012584700440238872
1277	 LLH-6	0.0012578969406565987	0.0012578969406565987
1278	 LLH-3	0.0013053352568655817	0.0012578969406565987
1279	 LLH-6	0.0012570373757160454	0.0012570373757160454
1280	 LLH-2	0.0012526746551394818	0.0012526746551394818
1281	 LLH-0	0.0012533702622254783	0.0012533702622254783
1282	 LLH-2	0.0012664740126880891	0.0012533702622254783
1283	 LLH-2	0.0012679463900951019	0.0012533702622254783
1284	 LLH-5	0.0012536883910896455	0.0012536883910896455
1285	 LLH-6	0.0012529342869871873	0.0012529342869871873
1286	 LLH-4	0.0012522389601159428	0.0012522389601159428
1290	 LLH-0	0.0012698692312212738	0.0012522389601159428
1291	 LLH-3	0.0013193996267524227	0.0012522389601159428
1292	 LLH-5	0.0012531148220983582	0.0012531148220983582
1293	 LLH-1	0.0012531148220983582	0.0012531148220983582
1294	 LLH-2	0.0012676655109707523	0.0012531148220983582
1295	 LLH-5	0.0012540936671084845	0.0012540936671084845
1296	 LLH-2	0.0012653549824880764	0.0012540936671084845
1297	 LLH-3	0.0013122958663362564	0.0012540936671084845
1298	 LLH-1	0.001253769118164605	0.001253769118164605
1299	 LLH-4	0.001253769118164605	0.001253769118164605
1304	 LLH-6	0.0012531695059825826	0.0012531695059825826
1305	 LLH-4	0.0012531695059825826	0.0012531695059825826
1310	 LLH-1	0.0012531695059825826	0.0012531695059825826
1311	 LLH-0	0.0012712303550949703	0.0012531695059825826
1312	 LLH-0	0.0012711438383264076	0.0012531695059825826
1313	 LLH-2	0.001272815064294247	0.0012531695059825826
1314	 LLH-0	0.0012541647732010293	0.0012541647732010293
1315	 LLH-2	0.0012784200291688355	0.0012541647732010293
1316	 LLH-4	0.0012541647732010293	0.0012541647732010293
1321	 LLH-3	0.0012523229982093443	0.0012523229982093443
1322	 LLH-0	0.0012529071413792782	0.0012529071413792782
1323	 LLH-4	0.0012529071413792782	0.0012529071413792782
1328	 LLH-5	0.0012529453203265653	0.0012529453203265653
1329	 LLH-6	0.0012525756057014583	0.0012525756057014583
1330	 LLH-6	0.0012537525536859854	0.0012537525536859854
1331	 LLH-2	0.0012599112780508146	0.0012599112780508146
1332	 LLH-0	0.0012606023338971525	0.0012606023338971525
1333	 LLH-0	0.0012599417248534092	0.0012599417248534092
1334	 LLH-4	0.0012593077474689534	0.0012593077474689534
1337	 LLH-1	0.0012593077474689534	0.0012593077474689534
1338	 LLH-1	0.0012592168781494569	0.0012592168781494569
1339	 LLH-6	0.001259286389940665	0.001259286389940665
1340	 LLH-6	0.0012598942020433939	0.0012598942020433939
1341	 LLH-2	0.0012557413075519228	0.0012557413075519228
1342	 LLH-2	0.0012831411177280276	0.0012557413075519228
1343	 LLH-3	0.001335629418398573	0.0012557413075519228
1344	 LLH-2	0.0012761958405610885	0.0012557413075519228
1345	 LLH-6	0.0012547210591472462	0.0012547210591472462
1346	 LLH-5	0.0012546348055292832	0.0012546348055292832
1347	 LLH-6	0.0012547195942212153	0.0012546348055292832
1348	 LLH-4	0.0012536947703886679	0.0012536947703886679
1350	 LLH-2	0.001264277087334723	0.0012536947703886679
1351	 LLH-1	0.0012536947703886679	0.0012536947703886679
1352	 LLH-0	0.001254726384607471	0.001254726384607471
1353	 LLH-2	0.0012780973469932455	0.001254726384607471
1354	 LLH-2	0.0012613063145263993	0.0012613063145263993
1355	 LLH-1	0.0012613063145263993	0.0012613063145263993
1356	 LLH-3	0.0013095935082965554	0.0012613063145263993
1357	 LLH-0	0.0012621588941449514	0.0012621588941449514
1358	 LLH-3	0.0013135936891095728	0.0012621588941449514
1359	 LLH-2	0.0012756828688079104	0.0012756828688079104
1360	 LLH-3	0.0012603520849454853	0.0012603520849454853
1361	 LLH-4	0.0012595657861077182	0.0012595657861077182
1364	 LLH-5	0.0012595964338651454	0.0012595964338651454
1365	 LLH-2	0.001268774702870669	0.0012595964338651454
1366	 LLH-1	0.0012595964338651454	0.0012595964338651454
1367	 LLH-4	0.0012588572470514036	0.0012588572470514036
1370	 LLH-2	0.001259314906525822	0.001259314906525822
1371	 LLH-1	0.001259695897798776	0.001259314906525822
1372	 LLH-2	0.0012739886345719152	0.001259314906525822
1373	 LLH-0	0.0012584461656518547	0.0012584461656518547
1374	 LLH-3	0.001253393058932675	0.001253393058932675
1375	 LLH-2	0.0012526354337910077	0.0012526354337910077
1376	 LLH-2	0.0012612724741104973	0.0012526354337910077
1377	 LLH-5	0.0012522012364853995	0.0012522012364853995
1378	 LLH-6	0.0012523581925531345	0.0012523581925531345
1379	 LLH-2	0.0012655414469750486	0.0012655414469750486
1380	 LLH-4	0.0012646663367912054	0.0012646663367912054
1382	 LLH-6	0.0012643577350607588	0.0012643577350607588
1383	 LLH-2	0.0012711890077322595	0.0012643577350607588
1384	 LLH-3	0.0012487342773128077	0.0012487342773128077
1385	 LLH-1	0.0012487342773128077	0.0012487342773128077
1386	 LLH-2	0.0012589197328878208	0.0012487342773128077
1387	 LLH-0	0.0012492524597220406	0.0012487342773128077
1388	 LLH-0	0.001249327412270444	0.0012487342773128077
1389	 LLH-1	0.0012487342773128077	0.0012487342773128077
1390	 LLH-5	0.0012490143646211377	0.0012490143646211377
1391	 LLH-0	0.001249806591041595	0.001249806591041595
1392	 LLH-5	0.0012507473268548977	0.0012507473268548977
1393	 LLH-4	0.0012507473268548977	0.0012507473268548977
1398	 LLH-5	0.0012510780695614426	0.0012510780695614426
1399	 LLH-6	0.0012513169606717263	0.0012513169606717263
1400	 LLH-3	0.0012436098807639432	0.0012436098807639432
1401	 LLH-1	0.0012437644504011609	0.0012437644504011609
1402	 LLH-1	0.0012437644504011609	0.0012437644504011609
1403	 LLH-2	0.0012492180758991332	0.0012492180758991332
1404	 LLH-4	0.0012485495270180508	0.0012485495270180508
1407	 LLH-3	0.001292913482610107	0.0012485495270180508
1408	 LLH-0	0.0012477648170455473	0.0012477648170455473
1409	 LLH-3	0.001257473870497832	0.0012477648170455473
1410	 LLH-4	0.001247230661635016	0.001247230661635016
1413	 LLH-6	0.0012474861721567436	0.0012474861721567436
1414	 LLH-0	0.0012481205581646154	0.0012481205581646154
1415	 LLH-0	0.0012488273786526436	0.0012488273786526436
1416	 LLH-2	0.0012486863055922047	0.0012486863055922047
1417	 LLH-4	0.0012486863055922047	0.0012486863055922047
1422	 LLH-4	0.0012486863055922047	0.0012486863055922047
1427	 LLH-1	0.0012486863055922047	0.0012486863055922047
1428	 LLH-5	0.0012483062673628053	0.0012483062673628053
1429	 LLH-6	0.001247670794238897	0.001247670794238897
1430	 LLH-4	0.001247670794238897	0.001247670794238897
1435	 LLH-4	0.001247670794238897	0.001247670794238897
1440	 LLH-1	0.001247670794238897	0.001247670794238897
1441	 LLH-6	0.0012496758629718246	0.001247670794238897
1442	 LLH-2	0.001269378739122635	0.001247670794238897
1443	 LLH-2	0.0012692084684146412	0.001247670794238897
1444	 LLH-3	0.001311384770198917	0.001247670794238897
1445	 LLH-4	0.001247670794238897	0.001247670794238897
1450	 LLH-5	0.0012477683474685015	0.0012477683474685015
1451	 LLH-6	0.0012487792718855284	0.0012487792718855284
1452	 LLH-4	0.0012487792718855284	0.0012487792718855284
1457	 LLH-4	0.0012487792718855284	0.0012487792718855284
1462	 LLH-0	0.0012657770002223964	0.0012487792718855284
1463	 LLH-2	0.0012663468842052377	0.0012663468842052377
1464	 LLH-1	0.0012663468842052377	0.0012663468842052377
1465	 LLH-6	0.0012675074405085712	0.0012663468842052377
1466	 LLH-3	0.0013198697945066217	0.0012663468842052377
1467	 LLH-2	0.0012625875454073334	0.0012625875454073334
1468	 LLH-3	0.0012505461947621447	0.0012505461947621447
1469	 LLH-1	0.0012505556924756742	0.0012505556924756742
1470	 LLH-5	0.0012502213822914757	0.0012502213822914757
1471	 LLH-4	0.0012502213822914757	0.0012502213822914757
1476	 LLH-0	0.0012511053878001789	0.0012502213822914757
1477	 LLH-1	0.0012502213822914757	0.0012502213822914757
1478	 LLH-5	0.0012519358430614458	0.0012519358430614458
1479	 LLH-5	0.0012518944092064302	0.0012518944092064302
1480	 LLH-6	0.001251475979070871	0.001251475979070871
1481	 LLH-0	0.001252311301613025	0.001252311301613025
1482	 LLH-2	0.0012567344658681971	0.001252311301613025
1483	 LLH-1	0.001252365920425711	0.001252365920425711
1484	 LLH-5	0.0012533892075517893	0.0012533892075517893
1485	 LLH-4	0.0012533892075517893	0.0012533892075517893
1490	 LLH-1	0.0012533892075517893	0.0012533892075517893
1491	 LLH-4	0.0012533892075517893	0.0012533892075517893
1496	 LLH-3	0.0012558880101282263	0.0012558880101282263
1497	 LLH-6	0.0012557096392142978	0.0012557096392142978
1498	 LLH-5	0.0012553458230470647	0.0012553458230470647
1499	 LLH-4	0.0012553458230470647	0.0012553458230470647
1504	 LLH-4	0.0012553458230470647	0.0012553458230470647
1509	 LLH-3	0.0012784453605184224	0.0012553458230470647
1510	 LLH-2	0.0012592783894362109	0.0012553458230470647
1511	 LLH-2	0.0012617357615333918	0.0012553458230470647
1512	 LLH-0	0.0012559585920353495	0.0012559585920353495
1513	 LLH-4	0.0012559585920353495	0.0012559585920353495
1518	 LLH-3	0.0012485226814793603	0.0012485226814793603
1519	 LLH-0	0.0012480536908993716	0.0012480536908993716
1520	 LLH-1	0.0012480536908993716	0.0012480536908993716
1521	 LLH-2	0.0012548620038829235	0.0012548620038829235
1522	 LLH-3	0.0012940060764370029	0.0012548620038829235
1523	 LLH-6	0.0012542556722562102	0.0012542556722562102
1524	 LLH-3	0.0012478345550079042	0.0012478345550079042
1525	 LLH-5	0.0012479289290172797	0.0012479289290172797
1526	 LLH-5	0.0012487246282140252	0.0012487246282140252
1527	 LLH-1	0.0012487246282140252	0.0012487246282140252
1528	 LLH-4	0.001248262535568217	0.001248262535568217
1532	 LLH-6	0.0012478401082736813	0.0012478401082736813
1533	 LLH-0	0.0012473401842325008	0.0012473401842325008
1534	 LLH-2	0.0012554232911886013	0.0012473401842325008
1535	 LLH-5	0.0012474442619541228	0.0012474442619541228
1536	 LLH-1	0.0012472348521905935	0.0012472348521905935
1537	 LLH-6	0.001247698648010894	0.001247698648010894
1538	 LLH-6	0.0012483308347403898	0.0012483308347403898
1539	 LLH-5	0.0012483282893080956	0.0012483282893080956
1540	 LLH-3	0.0012521697794225252	0.0012483282893080956
1541	 LLH-6	0.0012482795358123378	0.0012482795358123378
1542	 LLH-4	0.0012482795358123378	0.0012482795358123378
1547	 LLH-2	0.0012522312748506545	0.0012482795358123378
1548	 LLH-1	0.0012482795358123378	0.0012482795358123378
1549	 LLH-2	0.0012514740441090912	0.0012482795358123378
1550	 LLH-2	0.0012567663171302278	0.0012482795358123378
1551	 LLH-0	0.0012488628212609263	0.0012482795358123378
1552	 LLH-0	0.0012489320472104512	0.0012482795358123378
1553	 LLH-0	0.0012487055642544402	0.0012487055642544402
1554	 LLH-4	0.0012481439386557074	0.0012481439386557074
1557	 LLH-2	0.0012598189332169293	0.0012481439386557074
1558	 LLH-6	0.0012483243031927787	0.0012483243031927787
1559	 LLH-2	0.0012612017428030703	0.0012483243031927787
1560	 LLH-5	0.0012480093873840513	0.0012480093873840513
1561	 LLH-4	0.0012480093873840513	0.0012480093873840513
1566	 LLH-5	0.0012479872568221168	0.0012479872568221168
1567	 LLH-3	0.0012720907576792004	0.0012479872568221168
1568	 LLH-3	0.001285771872148599	0.0012479872568221168
1569	 LLH-6	0.0012464290355926272	0.0012464290355926272
1570	 LLH-0	0.0012468863748718553	0.0012468863748718553
1571	 LLH-5	0.0012471375752959538	0.0012471375752959538
1572	 LLH-0	0.0012475447883147609	0.0012475447883147609
1573	 LLH-5	0.0012476043927878014	0.0012476043927878014
1574	 LLH-5	0.00124768228148531	0.00124768228148531
1575	 LLH-3	0.0012503344183650423	0.0012503344183650423
1576	 LLH-4	0.0012503344183650423	0.0012503344183650423
1581	 LLH-1	0.0012503344183650423	0.0012503344183650423
1582	 LLH-3	0.0012436995888940152	0.0012436995888940152
1583	 LLH-1	0.0012436995888940152	0.0012436995888940152
1584	 LLH-6	0.0012434794992185793	0.0012434794992185793
1585	 LLH-4	0.0012434794992185793	0.0012434794992185793
1590	 LLH-6	0.0012434411926546284	0.0012434411926546284
1591	 LLH-6	0.0012434493880372618	0.0012434493880372618
1592	 LLH-3	0.0012736897397097114	0.0012434493880372618
1593	 LLH-2	0.001253510508640026	0.0012434493880372618
1594	 LLH-0	0.001243830073551128	0.001243830073551128
1595	 LLH-6	0.0012431609748146384	0.0012431609748146384
1596	 LLH-0	0.0012438347022492224	0.0012431609748146384
1597	 LLH-4	0.0012431609748146384	0.0012431609748146384
1602	 LLH-4	0.0012431609748146384	0.0012431609748146384
1607	 LLH-1	0.0012431609748146384	0.0012431609748146384
1608	 LLH-0	0.0012435220581933498	0.0012435220581933498
1609	 LLH-4	0.0012435220581933498	0.0012435220581933498
1614	 LLH-2	0.0012580033327461346	0.0012435220581933498
1615	 LLH-0	0.001244053598718594	0.001244053598718594
1616	 LLH-3	0.0012542202597453037	0.001244053598718594
1617	 LLH-2	0.0012565224874011012	0.001244053598718594
1618	 LLH-2	0.0012521088986725592	0.001244053598718594
1619	 LLH-6	0.0012440498133174755	0.0012440498133174755
1620	 LLH-5	0.0012440498133174755	0.0012440498133174755
1621	 LLH-4	0.0012440498133174755	0.0012440498133174755
1626	 LLH-4	0.0012440498133174755	0.0012440498133174755
1631	 LLH-3	0.0012526812748425407	0.0012440498133174755
1632	 LLH-2	0.0012599594811225504	0.0012440498133174755
1633	 LLH-6	0.0012438739631066439	0.0012438739631066439
1634	 LLH-5	0.001243953914902657	0.001243953914902657
1635	 LLH-2	0.001255275274008307	0.001243953914902657
1636	 LLH-0	0.0012443345346935337	0.0012443345346935337
1637	 LLH-3	0.0012618112252919468	0.0012443345346935337
1638	 LLH-1	0.0012443345346935337	0.0012443345346935337
1639	 LLH-5	0.0012443387877960625	0.0012443387877960625
1640	 LLH-5	0.001244403562131631	0.001244403562131631
1641	 LLH-3	0.0012641327626847095	0.001244403562131631
1642	 LLH-0	0.0012447951183327756	0.0012447951183327756
1643	 LLH-2	0.0012439610354494713	0.0012439610354494713
1644	 LLH-2	0.0012519883425554956	0.0012439610354494713
1645	 LLH-1	0.001243727662495604	0.001243727662495604
1646	 LLH-5	0.001243618218274385	0.001243618218274385
1647	 LLH-2	0.0012497426624018906	0.001243618218274385
1648	 LLH-5	0.001243127829660385	0.001243127829660385
1649	 LLH-2	0.0012526287836334255	0.001243127829660385
1650	 LLH-3	0.0012565819607124058	0.001243127829660385
1651	 LLH-4	0.001243127829660385	0.001243127829660385
1656	 LLH-5	0.001243575442905137	0.001243575442905137
1657	 LLH-5	0.0012429841071278816	0.0012429841071278816
1658	 LLH-4	0.0012429841071278816	0.0012429841071278816
1663	 LLH-0	0.0012437072693928543	0.0012437072693928543
1664	 LLH-1	0.0012437072693928543	0.0012437072693928543
1665	 LLH-0	0.0012442280910094031	0.0012442280910094031
1666	 LLH-5	0.001243996862359421	0.001243996862359421
1667	 LLH-1	0.0012439934090833372	0.0012439934090833372
1668	 LLH-0	0.0012444456547488884	0.0012444456547488884
1669	 LLH-5	0.0012447176057863948	0.0012447176057863948
1670	 LLH-5	0.0012451092057094131	0.0012451092057094131
1671	 LLH-0	0.001245599294031434	0.001245599294031434
1672	 LLH-2	0.0012521065670391823	0.001245599294031434
1673	 LLH-5	0.0012457456493172759	0.0012457456493172759
1674	 LLH-0	0.0012463623340598236	0.0012463623340598236
1675	 LLH-3	0.0012450262842358631	0.0012450262842358631
1676	 LLH-0	0.0012454826108164283	0.0012454826108164283
1677	 LLH-1	0.0012454826108164283	0.0012454826108164283
1678	 LLH-6	0.0012455258896835349	0.0012455258896835349
1679	 LLH-4	0.0012455258896835349	0.0012455258896835349
1684	 LLH-4	0.0012455258896835349	0.0012455258896835349
1689	 LLH-3	0.001283762775474605	0.0012455258896835349
1690	 LLH-1	0.0012455258896835349	0.0012455258896835349
1691	 LLH-5	0.0012461763412075781	0.0012461763412075781
1692	 LLH-1	0.0012461763412075781	0.0012461763412075781
1693	 LLH-0	0.001246917905761741	0.001246917905761741
1694	 LLH-3	0.0012761242599103845	0.001246917905761741
1695	 LLH-6	0.0012465437165249363	0.0012465437165249363
1696	 LLH-2	0.0012521345917123512	0.0012465437165249363
1697	 LLH-6	0.0012447456035467428	0.0012447456035467428
1698	 LLH-1	0.0012447456035467428	0.0012447456035467428
1699	 LLH-5	0.0012446346298881808	0.0012446346298881808
1700	 LLH-4	0.0012441729470440918	0.0012441729470440918
1704	 LLH-0	0.0012445898465515064	0.0012445898465515064
1705	 LLH-0	0.0012451272608862182	0.0012445898465515064
1706	 LLH-3	0.00124836822511591	0.0012445898465515064
1707	 LLH-2	0.0012474378072925662	0.0012445898465515064
1708	 LLH-6	0.001245423513257841	0.0012445898465515064
1709	 LLH-2	0.0012497114674442237	0.0012445898465515064
1710	 LLH-1	0.0012445898465515064	0.0012445898465515064
1711	 LLH-2	0.0012592773872351862	0.0012445898465515064
1712	 LLH-2	0.0012506448855514483	0.0012445898465515064
1713	 LLH-2	0.0012519697194383846	0.0012445898465515064
1714	 LLH-4	0.0012445898465515064	0.0012445898465515064
1719	 LLH-0	0.0012450808412922734	0.0012450808412922734
1720	 LLH-0	0.0012455279577934177	0.0012450808412922734
1721	 LLH-3	0.0012476637269337586	0.0012450808412922734
1722	 LLH-4	0.0012450808412922734	0.0012450808412922734
1727	 LLH-5	0.0012452258971357465	0.0012452258971357465
1728	 LLH-4	0.0012445756302478556	0.0012445756302478556
1732	 LLH-2	0.0012474692076372919	0.0012445756302478556
1733	 LLH-6	0.0012448230187454296	0.0012448230187454296
1734	 LLH-4	0.0012448230187454296	0.0012448230187454296
1739	 LLH-2	0.001254334186715543	0.0012448230187454296
1740	 LLH-1	0.0012448230187454296	0.0012448230187454296
1741	 LLH-0	0.0012441695313338734	0.0012441695313338734
1742	 LLH-2	0.0012614702223259324	0.0012441695313338734
1743	 LLH-2	0.0012475603076890008	0.0012475603076890008
1744	 LLH-4	0.0012475603076890008	0.0012475603076890008
1749	 LLH-3	0.0012892431985725798	0.0012475603076890008
1750	 LLH-5	0.001247954914980445	0.001247954914980445
1751	 LLH-3	0.0013018538677710817	0.001247954914980445
1752	 LLH-6	0.0012472669440627578	0.0012472669440627578
1753	 LLH-2	0.001251764038844999	0.0012472669440627578
1754	 LLH-3	0.0012581518300761757	0.0012472669440627578
1755	 LLH-5	0.0012475866231627432	0.0012475866231627432
1756	 LLH-3	0.0012979588224998808	0.0012475866231627432
1757	 LLH-2	0.001257648008889963	0.0012475866231627432
1758	 LLH-6	0.0012480976652467475	0.0012475866231627432
1759	 LLH-0	0.0012482217088977256	0.0012482217088977256
1760	 LLH-2	0.0012614172655835494	0.0012482217088977256
1761	 LLH-4	0.0012476160942115878	0.0012476160942115878
1764	 LLH-0	0.0012481540062461902	0.0012476160942115878
1765	 LLH-4	0.0012463938659175039	0.0012463938659175039
1767	 LLH-5	0.0012469171553626025	0.0012469171553626025
1768	 LLH-4	0.001246355022331831	0.001246355022331831
1771	 LLH-6	0.0012465124014146387	0.0012465124014146387
1772	 LLH-6	0.0012450063181215763	0.0012450063181215763
1773	 LLH-0	0.001245774273206098	0.0012450063181215763
1774	 LLH-4	0.0012450063181215763	0.0012450063181215763
1779	 LLH-6	0.001246548424781246	0.0012450063181215763
1780	 LLH-4	0.0012450063181215763	0.0012450063181215763
1785	 LLH-4	0.0012450063181215763	0.0012450063181215763
1790	 LLH-5	0.0012452609603872786	0.0012452609603872786
1791	 LLH-6	0.0012471356906245592	0.0012452609603872786
1792	 LLH-6	0.0012448284107967054	0.0012448284107967054
1793	 LLH-3	0.0012990310938556314	0.0012448284107967054
1794	 LLH-2	0.0012563125828844767	0.0012448284107967054
1795	 LLH-1	0.0012448284107967054	0.0012448284107967054
1796	 LLH-3	0.0012898453060160033	0.0012448284107967054
1797	 LLH-5	0.0012457242268527071	0.0012448284107967054
1798	 LLH-0	0.0012454338291333065	0.0012454338291333065
1799	 LLH-4	0.0012448191149201275	0.0012448191149201275
1801	 LLH-4	0.0012448191149201275	0.0012448191149201275
1806	 LLH-1	0.0012448191149201275	0.0012448191149201275
1807	 LLH-6	0.0012454689944145065	0.0012454689944145065
1808	 LLH-2	0.0012652267930528596	0.0012454689944145065
1809	 LLH-6	0.0012447679190263606	0.0012447679190263606
1810	 LLH-6	0.0012453653722993834	0.0012453653722993834
1811	 LLH-6	0.0012452055697009057	0.0012452055697009057
1812	 LLH-1	0.0012452055697009057	0.0012452055697009057
1813	 LLH-6	0.001246235255243636	0.0012452055697009057
1814	 LLH-4	0.0012452055697009057	0.0012452055697009057
1819	 LLH-6	0.0012451288584565553	0.0012451288584565553
1820	 LLH-4	0.0012451288584565553	0.0012451288584565553
1825	 LLH-5	0.00124541484851463	0.00124541484851463
1826	 LLH-1	0.0012455416412560955	0.0012455416412560955
1827	 LLH-2	0.0012619076410242994	0.0012455416412560955
1828	 LLH-3	0.0012985402659695762	0.0012455416412560955
1829	 LLH-2	0.0012504660985846394	0.0012455416412560955
1830	 LLH-3	0.0012754663729761379	0.0012455416412560955
1831	 LLH-5	0.0012452578577986497	0.0012452578577986497
1832	 LLH-2	0.0012555303588484897	0.0012452578577986497
1833	 LLH-1	0.001245055700526908	0.001245055700526908
1834	 LLH-0	0.0012613369952706685	0.001245055700526908
1835	 LLH-6	0.0012445147082470061	0.0012445147082470061
1836	 LLH-2	0.001248589399520525	0.0012445147082470061
1837	 LLH-3	0.001244477208421967	0.001244477208421967
1838	 LLH-4	0.001244477208421967	0.001244477208421967
1843	 LLH-2	0.0012602901504329767	0.001244477208421967
1844	 LLH-1	0.001244477208421967	0.001244477208421967
1845	 LLH-6	0.0012441794275033482	0.0012441794275033482
1846	 LLH-4	0.0012441794275033482	0.0012441794275033482
1851	 LLH-1	0.0012441794275033482	0.0012441794275033482
1852	 LLH-2	0.0012527930605336591	0.0012441794275033482
1853	 LLH-5	0.0012437598702396164	0.0012437598702396164
1854	 LLH-3	0.0012428743026098809	0.0012428743026098809
1855	 LLH-0	0.001243362430555914	0.0012428743026098809
1856	 LLH-5	0.001243202793216031	0.001243202793216031
1857	 LLH-5	0.0012435174069894378	0.0012435174069894378
1858	 LLH-2	0.0012515953080296386	0.0012435174069894378
1859	 LLH-2	0.0012453564829214264	0.0012453564829214264
1860	 LLH-5	0.0012452331442973355	0.0012452331442973355
1861	 LLH-2	0.0012541327952440128	0.0012452331442973355
1862	 LLH-4	0.0012452331442973355	0.0012452331442973355
1867	 LLH-1	0.0012452331442973355	0.0012452331442973355
1868	 LLH-4	0.0012452331442973355	0.0012452331442973355
1873	 LLH-4	0.0012452331442973355	0.0012452331442973355
1878	 LLH-5	0.0012455989934211642	0.0012452331442973355
1879	 LLH-3	0.0012912180766444061	0.0012452331442973355
1880	 LLH-2	0.001255238933313397	0.0012452331442973355
1881	 LLH-3	0.001258268538145534	0.0012452331442973355
1882	 LLH-4	0.0012452331442973355	0.0012452331442973355
1887	 LLH-4	0.0012452331442973355	0.0012452331442973355
1892	 LLH-2	0.0012509605368103381	0.0012452331442973355
1893	 LLH-2	0.0012632737856521537	0.0012452331442973355
1894	 LLH-5	0.0012453835619473702	0.0012453835619473702
1895	 LLH-3	0.0013138729234890441	0.0012453835619473702
1896	 LLH-1	0.0012453835619473702	0.0012453835619473702
1897	 LLH-0	0.0012461319358190591	0.0012461319358190591
1898	 LLH-2	0.0012497360177863653	0.0012461319358190591
1899	 LLH-6	0.0012466933319265456	0.0012466933319265456
1900	 LLH-1	0.0012469029718015817	0.0012469029718015817
1901	 LLH-6	0.0012471164730389634	0.0012469029718015817
1902	 LLH-2	0.0012593860584478368	0.0012469029718015817
1903	 LLH-5	0.0012468414661619426	0.0012468414661619426
1904	 LLH-5	0.001246891737821271	0.001246891737821271
1905	 LLH-2	0.0012665107594162818	0.001246891737821271
1906	 LLH-1	0.0012468367368484528	0.0012468367368484528
1907	 LLH-3	0.0012568887611669217	0.0012468367368484528
1908	 LLH-3	0.0012552538376320566	0.0012468367368484528
1909	 LLH-4	0.0012461507970550657	0.0012461507970550657
1911	 LLH-1	0.0012461507970550657	0.0012461507970550657
1912	 LLH-2	0.0012538362523879553	0.0012461507970550657
1913	 LLH-6	0.001247069220619565	0.0012461507970550657
1914	 LLH-2	0.001255365474652299	0.0012461507970550657
1915	 LLH-2	0.0012562845519186075	0.0012461507970550657
1916	 LLH-4	0.0012461507970550657	0.0012461507970550657
1921	 LLH-3	0.001304740523647057	0.0012461507970550657
1922	 LLH-4	0.0012461507970550657	0.0012461507970550657
1927	 LLH-4	0.0012461507970550657	0.0012461507970550657
1932	 LLH-5	0.0012460378189201825	0.0012460378189201825
1933	 LLH-0	0.0012468320305141856	0.0012468320305141856
1934	 LLH-5	0.0012465237156357393	0.0012465237156357393
1935	 LLH-6	0.0012461554875719764	0.0012461554875719764
1936	 LLH-4	0.0012461554875719764	0.0012461554875719764
1941	 LLH-5	0.0012467793182152798	0.0012467793182152798
1942	 LLH-6	0.00124612223269529	0.00124612223269529
1943	 LLH-1	0.00124612223269529	0.00124612223269529
1944	 LLH-2	0.0012596840098638602	0.00124612223269529
1945	 LLH-0	0.0012466876573142085	0.0012466876573142085
1946	 LLH-2	0.0012563133542224257	0.0012466876573142085
1947	 LLH-2	0.0012519608435401118	0.0012466876573142085
1948	 LLH-0	0.001247181434850521	0.0012466876573142085
1949	 LLH-6	0.0012456255581236404	0.0012456255581236404
1950	 LLH-4	0.0012456255581236404	0.0012456255581236404
1955	 LLH-5	0.0012453306348382185	0.0012453306348382185
1956	 LLH-2	0.0012581265302166298	0.0012453306348382185
1957	 LLH-3	0.001254233162310861	0.0012453306348382185
1958	 LLH-5	0.0012449366802635372	0.0012449366802635372
1959	 LLH-4	0.0012449366802635372	0.0012449366802635372
1964	 LLH-1	0.0012449366802635372	0.0012449366802635372
1965	 LLH-1	0.0012449366802635372	0.0012449366802635372
1966	 LLH-6	0.001246067036328099	0.0012449366802635372
1967	 LLH-5	0.0012449863681187777	0.0012449863681187777
1968	 LLH-4	0.0012440547068919808	0.0012440547068919808
1970	 LLH-1	0.0012440547068919808	0.0012440547068919808
1971	 LLH-3	0.0012537477990111259	0.0012440547068919808
1972	 LLH-3	0.0012778009483986864	0.0012440547068919808
1973	 LLH-2	0.0012522784684352863	0.0012440547068919808
1974	 LLH-0	0.0012434787962816245	0.0012434787962816245
1975	 LLH-5	0.0012435508576815891	0.0012435508576815891
1976	 LLH-2	0.0012642733137528906	0.0012435508576815891
1977	 LLH-4	0.0012435508576815891	0.0012435508576815891
1982	 LLH-1	0.0012435508576815891	0.0012435508576815891
1983	 LLH-3	0.0012526347407484624	0.0012435508576815891
1984	 LLH-5	0.0012435514861527889	0.0012435514861527889
1985	 LLH-3	0.0012899487412768764	0.0012435514861527889
1986	 LLH-6	0.0012435780047142307	0.0012435780047142307
1987	 LLH-1	0.001243481655360373	0.001243481655360373
1988	 LLH-6	0.0012436262257671418	0.0012436262257671418
1989	 LLH-0	0.0012444470914550782	0.0012436262257671418
1990	 LLH-1	0.0012436262257671418	0.0012436262257671418
1991	 LLH-4	0.0012436262257671418	0.0012436262257671418
1996	 LLH-2	0.0012506913838079528	0.0012436262257671418
1997	 LLH-5	0.001243270311006207	0.001243270311006207
1998	 LLH-4	0.001243270311006207	0.001243270311006207
GRID-Start
0.0	0.0
0.0	308.0385
0.0	616.077
0.0	924.1155
0.0	1232.154
0.0	1540.1925
0.0	1848.2310000000002
0.0	2156.2695000000003
0.0	2464.3080000000004
0.0	2772.3465000000006
0.0	3080.3850000000007
0.0	3388.423500000001
0.0	3696.462000000001
0.0	4004.500500000001
0.0	4312.539000000001
0.0	4620.5775
0.0	4928.616
0.0	5236.6545
0.0	5544.692999999999
0.0	5852.731499999999
0.0	6160.769999999999
0.0	6468.808499999998
308.0385	0.0
308.0385	308.0385
308.0385	616.077
308.0385	924.1155
308.0385	1232.154
308.0385	1540.1925
308.0385	1848.2310000000002
308.0385	2156.2695000000003
308.0385	2464.3080000000004
308.0385	2772.3465000000006
308.0385	3080.3850000000007
308.0385	3388.423500000001
308.0385	3696.462000000001
308.0385	4004.500500000001
308.0385	4312.539000000001
308.0385	4620.5775
308.0385	4928.616
308.0385	5236.6545
308.0385	5544.692999999999
308.0385	5852.731499999999
308.0385	6160.769999999999
308.0385	6468.808499999998
616.077	0.0
616.077	308.0385
616.077	616.077
616.077	924.1155
616.077	1232.154
616.077	1540.1925
616.077	1848.2310000000002
616.077	2156.2695000000003
616.077	2464.3080000000004
616.077	2772.3465000000006
616.077	3080.3850000000007
616.077	3388.423500000001
616.077	3696.462000000001
616.077	4004.500500000001
616.077	4312.539000000001
616.077	4620.5775
616.077	4928.616
616.077	5236.6545
616.077	5544.692999999999
616.077	5852.731499999999
616.077	6160.769999999999
616.077	6468.808499999998
924.1155	0.0
924.1155	308.0385
924.1155	616.077
924.1155	924.1155
924.1155	1232.154
924.1155	1540.1925
924.1155	1848.2310000000002
924.1155	2156.2695000000003
924.1155	2464.3080000000004
924.1155	2772.3465000000006
924.1155	3080.3850000000007
924.1155	3388.423500000001
924.1155	3696.462000000001
924.1155	4004.500500000001
924.1155	4312.539000000001
924.1155	4620.5775
924.1155	4928.616
924.1155	5236.6545
924.1155	5544.692999999999
924.1155	5852.731499999999
924.1155	6160.769999999999
924.1155	6468.808499999998
1232.154	0.0
1232.154	308.0385
1232.154	616.077
1232.154	924.1155
1232.154	1232.154
1232.154	1540.1925
1232.154	1848.2310000000002
1232.154	2156.2695000000003
1232.154	2464.3080000000004
1232.154	2772.3465000000006
1232.154	3080.3850000000007
1232.154	4620.5775
1232.154	4928.616
1232.154	5236.6545
1232.154	5544.692999999999
1232.154	5852.731499999999
1232.154	6160.769999999999
1232.154	6468.808499999998
1540.1925	0.0
1540.1925	308.0385
1540.1925	616.077
1540.1925	924.1155
1540.1925	1232.154
1540.1925	1540.1925
1540.1925	1848.2310000000002
1540.1925	2156.2695000000003
1540.1925	2464.3080000000004
1540.1925	2772.3465000000006
1540.1925	3080.3850000000007
1540.1925	4620.5775
1540.1925	4928.616
1540.1925	5236.6545
1540.1925	5544.692999999999
1540.1925	5852.731499999999
1540.1925	6160.769999999999
1540.1925	6468.808499999998
1848.2310000000002	0.0
1848.2310000000002	308.0385
1848.2310000000002	616.077
1848.2310000000002	924.1155
1848.2310000000002	1232.154
1848.2310000000002	1540.1925
1848.2310000000002	1848.2310000000002
1848.2310000000002	2156.2695000000003
1848.2310000000002	2464.3080000000004
1848.2310000000002	2772.3465000000006
1848.2310000000002	3080.3850000000007
1848.2310000000002	4620.5775
1848.2310000000002	4928.616
1848.2310000000002	5236.6545
1848.2310000000002	5544.692999999999
1848.2310000000002	5852.731499999999
1848.2310000000002	6160.769999999999
1848.2310000000002	6468.808499999998
2156.2695000000003	0.0
2156.2695000000003	308.0385
2156.2695000000003	616.077
2156.2695000000003	924.1155
2156.2695000000003	1232.154
2156.2695000000003	1540.1925
2156.2695000000003	1848.2310000000002
2156.2695000000003	2156.2695000000003
2156.2695000000003	2464.3080000000004
2156.2695000000003	2772.3465000000006
2156.2695000000003	3080.3850000000007
2156.2695000000003	4620.5775
2156.2695000000003	4928.616
2156.2695000000003	5236.6545
2156.2695000000003	5544.692999999999
2156.2695000000003	5852.731499999999
2156.2695000000003	6160.769999999999
2156.2695000000003	6468.808499999998
2464.3080000000004	0.0
2464.3080000000004	2464.3080000000004
2464.3080000000004	2772.3465000000006
2464.3080000000004	3080.3850000000007
2464.3080000000004	3388.423500000001
2464.3080000000004	3696.462000000001
2464.3080000000004	4004.500500000001
2464.3080000000004	4312.539000000001
2464.3080000000004	4620.5775
2464.3080000000004	4928.616
2464.3080000000004	5236.6545
2464.3080000000004	5544.692999999999
2464.3080000000004	5852.731499999999
2464.3080000000004	6160.769999999999
2464.3080000000004	6468.808499999998
2772.3465000000006	0.0
2772.3465000000006	2464.3080000000004
2772.3465000000006	2772.3465000000006
2772.3465000000006	3080.3850000000007
2772.3465000000006	3388.423500000001
2772.3465000000006	3696.462000000001
2772.3465000000006	4004.500500000001
2772.3465000000006	4312.539000000001
2772.3465000000006	4620.5775
2772.3465000000006	4928.616
2772.3465000000006	5236.6545
2772.3465000000006	5544.692999999999
2772.3465000000006	5852.731499999999
2772.3465000000006	6160.769999999999
2772.3465000000006	6468.808499999998
3080.3850000000007	0.0
3080.3850000000007	2464.3080000000004
3080.3850000000007	2772.3465000000006
3080.3850000000007	3080.3850000000007
3080.3850000000007	3388.423500000001
3080.3850000000007	3696.462000000001
3080.3850000000007	4004.500500000001
3080.3850000000007	4312.539000000001
3080.3850000000007	4620.5775
3080.3850000000007	4928.616
3080.3850000000007	5236.6545
3080.3850000000007	5544.692999999999
3080.3850000000007	5852.731499999999
3080.3850000000007	6160.769999999999
3080.3850000000007	6468.808499999998
3388.423500000001	0.0
3388.423500000001	2464.3080000000004
3388.423500000001	2772.3465000000006
3388.423500000001	3080.3850000000007
3388.423500000001	3388.423500000001
3388.423500000001	3696.462000000001
3388.423500000001	4004.500500000001
3388.423500000001	4312.539000000001
3388.423500000001	4620.5775
3388.423500000001	4928.616
3388.423500000001	5236.6545
3388.423500000001	5544.692999999999
3388.423500000001	5852.731499999999
3388.423500000001	6160.769999999999
3388.423500000001	6468.808499999998
3696.462000000001	0.0
3696.462000000001	308.0385
3696.462000000001	616.077
3696.462000000001	924.1155
3696.462000000001	1232.154
3696.462000000001	1540.1925
3696.462000000001	1848.2310000000002
3696.462000000001	2156.2695000000003
3696.462000000001	3388.423500000001
3696.462000000001	3696.462000000001
3696.462000000001	4004.500500000001
3696.462000000001	4312.539000000001
3696.462000000001	4620.5775
3696.462000000001	4928.616
3696.462000000001	5236.6545
3696.462000000001	5544.692999999999
3696.462000000001	5852.731499999999
3696.462000000001	6160.769999999999
3696.462000000001	6468.808499999998
4004.500500000001	0.0
4004.500500000001	308.0385
4004.500500000001	616.077
4004.500500000001	924.1155
4004.500500000001	1232.154
4004.500500000001	1540.1925
4004.500500000001	1848.2310000000002
4004.500500000001	2156.2695000000003
4004.500500000001	3388.423500000001
4004.500500000001	3696.462000000001
4004.500500000001	4004.500500000001
4004.500500000001	4312.539000000001
4004.500500000001	4620.5775
4004.500500000001	4928.616
4004.500500000001	5236.6545
4004.500500000001	5544.692999999999
4004.500500000001	5852.731499999999
4004.500500000001	6160.769999999999
4004.500500000001	6468.808499999998
4312.539000000001	0.0
4312.539000000001	308.0385
4312.539000000001	616.077
4312.539000000001	924.1155
4312.539000000001	1232.154
4312.539000000001	1540.1925
4312.539000000001	1848.2310000000002
4312.539000000001	2156.2695000000003
4312.539000000001	3388.423500000001
4312.539000000001	3696.462000000001
4312.539000000001	4004.500500000001
4312.539000000001	4312.539000000001
4312.539000000001	4620.5775
4312.539000000001	4928.616
4312.539000000001	5236.6545
4312.539000000001	5544.692999999999
4312.539000000001	5852.731499999999
4312.539000000001	6160.769999999999
4312.539000000001	6468.808499999998
4620.5775	0.0
4620.5775	308.0385
4620.5775	616.077
4620.5775	924.1155
4620.5775	1232.154
4620.5775	1540.1925
4620.5775	1848.2310000000002
4620.5775	2156.2695000000003
4620.5775	2464.3080000000004
4620.5775	2772.3465000000006
4620.5775	3080.3850000000007
4620.5775	3388.423500000001
4620.5775	3696.462000000001
4620.5775	4004.500500000001
4620.5775	4312.539000000001
4620.5775	4620.5775
4620.5775	4928.616
4620.5775	5236.6545
4620.5775	5544.692999999999
4620.5775	5852.731499999999
4620.5775	6160.769999999999
4620.5775	6468.808499999998
4928.616	0.0
4928.616	308.0385
4928.616	616.077
4928.616	924.1155
4928.616	1232.154
4928.616	1540.1925
4928.616	1848.2310000000002
4928.616	2156.2695000000003
4928.616	2464.3080000000004
4928.616	2772.3465000000006
4928.616	3080.3850000000007
4928.616	3388.423500000001
4928.616	3696.462000000001
4928.616	4004.500500000001
4928.616	4312.539000000001
4928.616	4620.5775
4928.616	4928.616
4928.616	5236.6545
4928.616	5544.692999999999
4928.616	5852.731499999999
4928.616	6160.769999999999
4928.616	6468.808499999998
5236.6545	0.0
5236.6545	308.0385
5236.6545	616.077
5236.6545	924.1155
5236.6545	1232.154
5236.6545	1540.1925
5236.6545	1848.2310000000002
5236.6545	2156.2695000000003
5236.6545	2464.3080000000004
5236.6545	2772.3465000000006
5236.6545	3080.3850000000007
5236.6545	3388.423500000001
5236.6545	3696.462000000001
5236.6545	4004.500500000001
5236.6545	4312.539000000001
5236.6545	4620.5775
5236.6545	4928.616
5236.6545	5236.6545
5236.6545	5544.692999999999
5236.6545	5852.731499999999
5236.6545	6160.769999999999
5236.6545	6468.808499999998
5544.692999999999	0.0
5544.692999999999	308.0385
5544.692999999999	616.077
5544.692999999999	924.1155
5544.692999999999	1232.154
5544.692999999999	1540.1925
5544.692999999999	1848.2310000000002
5544.692999999999	2156.2695000000003
5544.692999999999	2464.3080000000004
5544.692999999999	2772.3465000000006
5544.692999999999	3080.3850000000007
5544.692999999999	3388.423500000001
5544.692999999999	3696.462000000001
5544.692999999999	4004.500500000001
5544.692999999999	4312.539000000001
5544.692999999999	4620.5775
5544.692999999999	4928.616
5544.692999999999	5236.6545
5544.692999999999	5544.692999999999
5544.692999999999	5852.731499999999
5544.692999999999	6160.769999999999
5544.692999999999	6468.808499999998
5852.731499999999	0.0
5852.731499999999	308.0385
5852.731499999999	616.077
5852.731499999999	924.1155
5852.731499999999	1232.154
5852.731499999999	1540.1925
5852.731499999999	1848.2310000000002
5852.731499999999	2156.2695000000003
5852.731499999999	2464.3080000000004
5852.731499999999	2772.3465000000006
5852.731499999999	3080.3850000000007
5852.731499999999	3388.423500000001
5852.731499999999	3696.462000000001
5852.731499999999	4004.500500000001
5852.731499999999	4312.539000000001
5852.731499999999	4620.5775
5852.731499999999	4928.616
5852.731499999999	5236.6545
5852.731499999999	5544.692999999999
5852.731499999999	5852.731499999999
5852.731499999999	6160.769999999999
5852.731499999999	6468.808499999998
6160.769999999999	0.0
6160.769999999999	308.0385
6160.769999999999	616.077
6160.769999999999	924.1155
6160.769999999999	1232.154
6160.769999999999	1540.1925
6160.769999999999	1848.2310000000002
6160.769999999999	2156.2695000000003
6160.769999999999	2464.3080000000004
6160.769999999999	2772.3465000000006
6160.769999999999	3080.3850000000007
6160.769999999999	3388.423500000001
6160.769999999999	3696.462000000001
6160.769999999999	4004.500500000001
6160.769999999999	4312.539000000001
6160.769999999999	4620.5775
6160.769999999999	4928.616
6160.769999999999	5236.6545
6160.769999999999	5544.692999999999
6160.769999999999	5852.731499999999
6160.769999999999	6160.769999999999
6160.769999999999	6468.808499999998
6468.808499999998	0.0
6468.808499999998	308.0385
6468.808499999998	616.077
6468.808499999998	924.1155
6468.808499999998	1232.154
6468.808499999998	1540.1925
6468.808499999998	1848.2310000000002
6468.808499999998	2156.2695000000003
6468.808499999998	2464.3080000000004
6468.808499999998	2772.3465000000006
6468.808499999998	3080.3850000000007
6468.808499999998	3388.423500000001
6468.808499999998	3696.462000000001
6468.808499999998	4004.500500000001
6468.808499999998	4312.539000000001
6468.808499999998	4620.5775
6468.808499999998	4928.616
6468.808499999998	5236.6545
6468.808499999998	5544.692999999999
6468.808499999998	5852.731499999999
6468.808499999998	6160.769999999999
6468.808499999998	6468.808499999998
6776.846999999998	0.0
6776.846999999998	308.0385
6776.846999999998	616.077
6776.846999999998	924.1155
6776.846999999998	1232.154
6776.846999999998	1540.1925
6776.846999999998	1848.2310000000002
6776.846999999998	2156.2695000000003
6776.846999999998	2464.3080000000004
6776.846999999998	2772.3465000000006
6776.846999999998	3080.3850000000007
6776.846999999998	3388.423500000001
6776.846999999998	3696.462000000001
6776.846999999998	4004.500500000001
6776.846999999998	4312.539000000001
6776.846999999998	4620.5775
6776.846999999998	4928.616
6776.846999999998	5236.6545
6776.846999999998	5544.692999999999
6776.846999999998	5852.731499999999
6776.846999999998	6160.769999999999
6776.846999999998	6468.808499999998
7084.885499999998	0.0
7084.885499999998	308.0385
7084.885499999998	616.077
7084.885499999998	924.1155
7084.885499999998	1232.154
7084.885499999998	1540.1925
7084.885499999998	1848.2310000000002
7084.885499999998	2156.2695000000003
7084.885499999998	2464.3080000000004
7084.885499999998	2772.3465000000006
7084.885499999998	3080.3850000000007
7084.885499999998	3388.423500000001
7084.885499999998	3696.462000000001
7084.885499999998	4004.500500000001
7084.885499999998	4312.539000000001
7084.885499999998	4620.5775
7084.885499999998	4928.616
7084.885499999998	5236.6545
7084.885499999998	5544.692999999999
7084.885499999998	5852.731499999999
7084.885499999998	6160.769999999999
7084.885499999998	6468.808499999998
7392.923999999997	0.0
7392.923999999997	308.0385
7392.923999999997	616.077
7392.923999999997	924.1155
7392.923999999997	1232.154
7392.923999999997	1540.1925
7392.923999999997	1848.2310000000002
7392.923999999997	2156.2695000000003
7392.923999999997	2464.3080000000004
7392.923999999997	2772.3465000000006
7392.923999999997	3080.3850000000007
7392.923999999997	3388.423500000001
7392.923999999997	3696.462000000001
7392.923999999997	4004.500500000001
7392.923999999997	4312.539000000001
7392.923999999997	4620.5775
7392.923999999997	4928.616
7392.923999999997	5236.6545
7392.923999999997	5544.692999999999
7392.923999999997	5852.731499999999
7392.923999999997	6160.769999999999
7392.923999999997	6468.808499999998
7700.962499999997	0.0
7700.962499999997	308.0385
7700.962499999997	616.077
7700.962499999997	924.1155
7700.962499999997	1232.154
7700.962499999997	1540.1925
7700.962499999997	1848.2310000000002
7700.962499999997	2156.2695000000003
7700.962499999997	2464.3080000000004
7700.962499999997	2772.3465000000006
7700.962499999997	3080.3850000000007
7700.962499999997	3388.423500000001
7700.962499999997	3696.462000000001
7700.962499999997	4004.500500000001
7700.962499999997	4312.539000000001
7700.962499999997	4620.5775
7700.962499999997	4928.616
7700.962499999997	5236.6545
7700.962499999997	5544.692999999999
7700.962499999997	5852.731499999999
7700.962499999997	6160.769999999999
7700.962499999997	6468.808499999998
8009.000999999997	0.0
8009.000999999997	308.0385
8009.000999999997	616.077
8009.000999999997	924.1155
8009.000999999997	1232.154
8009.000999999997	1540.1925
8009.000999999997	1848.2310000000002
8009.000999999997	2156.2695000000003
8009.000999999997	2464.3080000000004
8009.000999999997	2772.3465000000006
8009.000999999997	3080.3850000000007
8009.000999999997	3388.423500000001
8009.000999999997	3696.462000000001
8009.000999999997	4004.500500000001
8009.000999999997	4312.539000000001
8009.000999999997	4620.5775
8009.000999999997	4928.616
8009.000999999997	5236.6545
8009.000999999997	5544.692999999999
8009.000999999997	5852.731499999999
8009.000999999997	6160.769999999999
8009.000999999997	6468.808499999998
8317.039499999997	0.0
8317.039499999997	308.0385
8317.039499999997	616.077
8317.039499999997	924.1155
8317.039499999997	1232.154
8317.039499999997	1540.1925
8317.039499999997	1848.2310000000002
8317.039499999997	2156.2695000000003
8317.039499999997	2464.3080000000004
8317.039499999997	2772.3465000000006
8317.039499999997	3080.3850000000007
8317.039499999997	3388.423500000001
8317.039499999997	3696.462000000001
8317.039499999997	4004.500500000001
8317.039499999997	4312.539000000001
8317.039499999997	4620.5775
8317.039499999997	4928.616
8317.039499999997	5236.6545
8317.039499999997	5544.692999999999
8317.039499999997	5852.731499999999
8317.039499999997	6160.769999999999
8317.039499999997	6468.808499999998
8625.077999999998	0.0
8625.077999999998	308.0385
8625.077999999998	616.077
8625.077999999998	924.1155
8625.077999999998	1232.154
8625.077999999998	1540.1925
8625.077999999998	1848.2310000000002
8625.077999999998	2156.2695000000003
8625.077999999998	2464.3080000000004
8625.077999999998	2772.3465000000006
8625.077999999998	3080.3850000000007
8625.077999999998	3388.423500000001
8625.077999999998	3696.462000000001
8625.077999999998	4004.500500000001
8625.077999999998	4312.539000000001
8625.077999999998	4620.5775
8625.077999999998	4928.616
8625.077999999998	5236.6545
8625.077999999998	5544.692999999999
8625.077999999998	5852.731499999999
8625.077999999998	6160.769999999999
8625.077999999998	6468.808499999998
8933.116499999998	0.0
8933.116499999998	308.0385
8933.116499999998	616.077
8933.116499999998	924.1155
8933.116499999998	1232.154
8933.116499999998	1540.1925
8933.116499999998	1848.2310000000002
8933.116499999998	2156.2695000000003
8933.116499999998	2464.3080000000004
8933.116499999998	2772.3465000000006
8933.116499999998	3080.3850000000007
8933.116499999998	3388.423500000001
8933.116499999998	3696.462000000001
8933.116499999998	4004.500500000001
8933.116499999998	4312.539000000001
8933.116499999998	4620.5775
8933.116499999998	4928.616
8933.116499999998	5236.6545
8933.116499999998	5544.692999999999
8933.116499999998	5852.731499999999
8933.116499999998	6160.769999999999
8933.116499999998	6468.808499999998
GRID-End
num_of_evaluations 2000
best obj 0.0012428743026098809
LLH0	68
LLH1	45
LLH2	73
LLH3	65
LLH4	140
LLH5	91
LLH6	93