Initial objective 0.001346834981641803	 Seed value 240458404
1	 LLH-0	0.0013486290590125505	0.0013486290590125505
2	 LLH-3	0.001476386317702604	0.001476386317702604
3	 LLH-5	0.0014766397079530608	0.0014766397079530608
4	 LLH-1	0.0014759430687175795	0.0014759430687175795
5	 LLH-4	0.0014717021105550595	0.0014717021105550595
7	 LLH-4	0.0014680156058125503	0.0014680156058125503
9	 LLH-2	0.0014170587858130526	0.0014170587858130526
10	 LLH-0	0.0014201171022601281	0.0014201171022601281
11	 LLH-3	0.0015626150143336869	0.0015626150143336869
12	 LLH-1	0.0015622825805753906	0.0015622825805753906
13	 LLH-4	0.0015570971299484735	0.0015570971299484735
15	 LLH-6	0.0015582873847876937	0.0015582873847876937
16	 LLH-2	0.0014660574348658213	0.0014660574348658213
17	 LLH-5	0.0014667973790223918	0.0014667973790223918
18	 LLH-6	0.0014674254863846227	0.0014674254863846227
19	 LLH-0	0.0014639112852883273	0.0014639112852883273
20	 LLH-5	0.0014619946752077958	0.0014619946752077958
21	 LLH-5	0.0014612537480088784	0.0014612537480088784
22	 LLH-2	0.0014299175283469193	0.0014299175283469193
23	 LLH-0	0.0014267698945388493	0.0014267698945388493
24	 LLH-0	0.001423427922635181	0.001423427922635181
25	 LLH-1	0.001423427922635181	0.001423427922635181
26	 LLH-6	0.001422749374094312	0.001422749374094312
27	 LLH-2	0.001403956798678874	0.001403956798678874
28	 LLH-1	0.001403956798678874	0.001403956798678874
29	 LLH-2	0.0013745199940528054	0.0013745199940528054
30	 LLH-0	0.0013771400559711888	0.0013771400559711888
31	 LLH-5	0.0013746447682745724	0.0013746447682745724
32	 LLH-0	0.0013721393638925564	0.0013721393638925564
33	 LLH-6	0.0013737765019346	0.0013737765019346
34	 LLH-5	0.0013751003844197493	0.0013751003844197493
35	 LLH-5	0.0013748440387428553	0.0013748440387428553
36	 LLH-3	0.001286630986584228	0.001286630986584228
37	 LLH-4	0.001286630986584228	0.001286630986584228
42	 LLH-2	0.0013037658943078393	0.0013037658943078393
43	 LLH-5	0.0013045632715327426	0.0013045632715327426
44	 LLH-3	0.0012609762277688437	0.0012609762277688437
45	 LLH-3	0.001247128340910263	0.001247128340910263
46	 LLH-3	0.0012998505461887	0.0012998505461887
47	 LLH-2	0.0012955289357401386	0.0012955289357401386
48	 LLH-6	0.0012936644252318488	0.0012936644252318488
49	 LLH-3	0.0012652912491498466	0.0012652912491498466
50	 LLH-0	0.0012662053621059928	0.0012662053621059928
51	 LLH-3	0.0012586611639093398	0.0012586611639093398
52	 LLH-4	0.0012580766581284364	0.0012580766581284364
54	 LLH-0	0.0012586755317938348	0.0012586755317938348
55	 LLH-1	0.0012582468697407616	0.0012582468697407616
56	 LLH-0	0.0012588503367780357	0.0012588503367780357
57	 LLH-1	0.0012588533909502623	0.0012588533909502623
58	 LLH-4	0.0012582524507552268	0.0012582524507552268
60	 LLH-0	0.001258885497007221	0.001258885497007221
61	 LLH-1	0.001258885497007221	0.001258885497007221
62	 LLH-2	0.0012665150532954982	0.0012665150532954982
63	 LLH-1	0.0012664405790882988	0.0012664405790882988
64	 LLH-3	0.0013230090784775454	0.0013230090784775454
65	 LLH-0	0.001321320431716954	0.001321320431716954
66	 LLH-3	0.0012688231562537654	0.0012688231562537654
67	 LLH-6	0.0012689852655971307	0.0012689852655971307
68	 LLH-1	0.0012689942166883563	0.0012689942166883563
69	 LLH-6	0.00126924055465085	0.00126924055465085
70	 LLH-2	0.0012869095750914403	0.0012869095750914403
71	 LLH-0	0.0012884097372588504	0.0012884097372588504
72	 LLH-4	0.0012875382097156337	0.0012875382097156337
74	 LLH-2	0.0012799774930746621	0.0012799774930746621
75	 LLH-4	0.001278945436819516	0.001278945436819516
79	 LLH-5	0.0012790483910771542	0.0012790483910771542
80	 LLH-6	0.0012786552067284795	0.0012786552067284795
81	 LLH-2	0.0012849566745625459	0.0012849566745625459
82	 LLH-3	0.0013915382051422314	0.0013915382051422314
83	 LLH-5	0.0013915232974652644	0.0013915232974652644
84	 LLH-4	0.0013894938780424282	0.0013894938780424282
86	 LLH-5	0.0013909477197048346	0.0013909477197048346
87	 LLH-4	0.0013886218305704241	0.0013886218305704241
92	 LLH-3	0.0012898022203893236	0.0012898022203893236
93	 LLH-0	0.0012911456918654717	0.0012911456918654717
94	 LLH-0	0.0012921359164609295	0.0012921359164609295
95	 LLH-2	0.0012816463888642412	0.0012816463888642412
96	 LLH-6	0.0012807686712228666	0.0012807686712228666
97	 LLH-5	0.001281471254054434	0.001281471254054434
98	 LLH-6	0.0012801528331162055	0.0012801528331162055
99	 LLH-4	0.0012791394808204983	0.0012791394808204983
102	 LLH-3	0.0012600174276719799	0.0012600174276719799
103	 LLH-1	0.0012600174276719799	0.0012600174276719799
104	 LLH-6	0.0012600789865984052	0.0012600789865984052
105	 LLH-5	0.0012599290837578916	0.0012599290837578916
106	 LLH-4	0.0012588447254134364	0.0012588447254134364
110	 LLH-0	0.0012576372301997295	0.0012576372301997295
111	 LLH-5	0.001257199607659386	0.001257199607659386
112	 LLH-2	0.001274545809707832	0.001274545809707832
113	 LLH-5	0.001273974649942923	0.001273974649942923
114	 LLH-5	0.0012743292993342658	0.0012743292993342658
115	 LLH-1	0.0012743292993342658	0.0012743292993342658
116	 LLH-2	0.001270901257672683	0.001270901257672683
117	 LLH-3	0.0012540588303685445	0.0012540588303685445
118	 LLH-4	0.001253311061057714	0.001253311061057714
121	 LLH-0	0.0012522574966806544	0.0012522574966806544
122	 LLH-6	0.0012522894592744904	0.0012522894592744904
123	 LLH-6	0.0012534650568883437	0.0012534650568883437
124	 LLH-0	0.001254238951375935	0.001254238951375935
125	 LLH-0	0.0012535192977984853	0.0012535192977984853
126	 LLH-2	0.0012543108917788082	0.0012543108917788082
127	 LLH-6	0.0012553515170328172	0.0012553515170328172
128	 LLH-6	0.001255878706741621	0.001255878706741621
129	 LLH-6	0.0012564989749984001	0.0012564989749984001
130	 LLH-3	0.0013060972911539603	0.0013060972911539603
131	 LLH-0	0.0013074340221211182	0.0013074340221211182
132	 LLH-6	0.0013078108151826579	0.0013078108151826579
133	 LLH-0	0.0013063278584901595	0.0013063278584901595
134	 LLH-5	0.0013058704228791022	0.0013058704228791022
135	 LLH-6	0.0013058298497119363	0.0013058298497119363
136	 LLH-4	0.0013041697305624057	0.0013041697305624057
138	 LLH-0	0.0013280139538588702	0.0013280139538588702
139	 LLH-0	0.001304184705664348	0.001304184705664348
140	 LLH-4	0.001304184705664348	0.001304184705664348
145	 LLH-2	0.0013075751229601738	0.0013075751229601738
146	 LLH-2	0.0013124444863495156	0.0013124444863495156
147	 LLH-2	0.0013152368303192138	0.0013124444863495156
148	 LLH-4	0.0013110757899771296	0.0013110757899771296
151	 LLH-1	0.0013109400684872497	0.0013109400684872497
152	 LLH-5	0.0013110008184883625	0.0013110008184883625
153	 LLH-5	0.0013102209244379996	0.0013102209244379996
154	 LLH-3	0.0012608723649329809	0.0012608723649329809
155	 LLH-6	0.0012600545682294217	0.0012600545682294217
156	 LLH-5	0.0012599049876786024	0.0012599049876786024
157	 LLH-6	0.0012579098949134706	0.0012579098949134706
158	 LLH-3	0.001250417899725121	0.001250417899725121
159	 LLH-5	0.0012510497665397147	0.0012510497665397147
160	 LLH-4	0.0012510497665397147	0.0012510497665397147
165	 LLH-2	0.0012525975352799567	0.0012525975352799567
166	 LLH-1	0.0012525975352799567	0.0012525975352799567
167	 LLH-5	0.0012533529476654276	0.0012533529476654276
168	 LLH-0	0.001254136003566446	0.001254136003566446
169	 LLH-4	0.001254136003566446	0.001254136003566446
174	 LLH-4	0.0012530911074390702	0.0012530911074390702
176	 LLH-2	0.001271749434702371	0.001271749434702371
177	 LLH-5	0.0012719490420582838	0.0012719490420582838
178	 LLH-6	0.0012721855935942093	0.0012721855935942093
179	 LLH-1	0.0012721855935942093	0.0012721855935942093
180	 LLH-6	0.0012719391099225593	0.0012719391099225593
181	 LLH-3	0.0013428035219263017	0.0013428035219263017
182	 LLH-2	0.00132373115554168	0.00132373115554168
183	 LLH-4	0.001321769261851742	0.001321769261851742
186	 LLH-0	0.0013233992322835915	0.0013233992322835915
187	 LLH-1	0.0013236223678115004	0.0013236223678115004
188	 LLH-5	0.001322286738247635	0.001322286738247635
189	 LLH-2	0.0013409917979224951	0.0013409917979224951
190	 LLH-2	0.0013090255848801841	0.0013090255848801841
191	 LLH-0	0.0013107443883952654	0.0013107443883952654
192	 LLH-4	0.0013091475967608398	0.0013091475967608398
196	 LLH-3	0.0014244722496648521	0.0014244722496648521
197	 LLH-2	0.001373658946060331	0.001373658946060331
198	 LLH-1	0.001373658946060331	0.001373658946060331
199	 LLH-5	0.0013743110442295983	0.0013743110442295983
200	 LLH-6	0.0013729278581037134	0.0013729278581037134
201	 LLH-0	0.0013706595292029672	0.0013706595292029672
202	 LLH-5	0.0013690082119399627	0.0013690082119399627
203	 LLH-2	0.001345747955619705	0.001345747955619705
204	 LLH-5	0.0013461298146438423	0.0013461298146438423
205	 LLH-6	0.0013457233279728742	0.0013457233279728742
206	 LLH-5	0.0013455204087766425	0.0013455204087766425
207	 LLH-5	0.0013458324205938902	0.0013458324205938902
208	 LLH-6	0.0013464578897447344	0.0013464578897447344
209	 LLH-0	0.0013441513151077693	0.0013441513151077693
210	 LLH-0	0.001342118838700914	0.001342118838700914
211	 LLH-5	0.0013419894677481573	0.0013419894677481573
212	 LLH-3	0.0014879154455166347	0.0014879154455166347
213	 LLH-4	0.001484091260360797	0.001484091260360797
215	 LLH-3	0.0017181091259371277	0.001484091260360797
216	 LLH-1	0.0014836839127754047	0.0014836839127754047
217	 LLH-5	0.001484652978063362	0.001484652978063362
218	 LLH-2	0.001437182885496988	0.001437182885496988
219	 LLH-0	0.001433818696529858	0.001433818696529858
220	 LLH-3	0.001631080261065598	0.001631080261065598
221	 LLH-4	0.0016244334312603003	0.0016244334312603003
223	 LLH-2	0.0015149210430594469	0.0015149210430594469
224	 LLH-5	0.0015150165038146355	0.0015150165038146355
225	 LLH-6	0.0015125364770859839	0.0015125364770859839
226	 LLH-5	0.0015125045017296583	0.0015125045017296583
227	 LLH-4	0.001507704786923956	0.001507704786923956
229	 LLH-0	0.0015030830656081015	0.0015030830656081015
230	 LLH-2	0.0014647986570464375	0.0014647986570464375
231	 LLH-3	0.001306686036787736	0.001306686036787736
232	 LLH-0	0.0013052709216445438	0.0013052709216445438
233	 LLH-6	0.0013047250319605918	0.0013047250319605918
234	 LLH-1	0.0013047250319605918	0.0013047250319605918
235	 LLH-2	0.001323533935697726	0.001323533935697726
236	 LLH-6	0.0013241043870950747	0.0013241043870950747
237	 LLH-0	0.001322839440621869	0.001322839440621869
238	 LLH-0	0.0013246560425125562	0.0013246560425125562
239	 LLH-2	0.0013172418224911297	0.0013172418224911297
240	 LLH-2	0.0013036461543477738	0.0013036461543477738
241	 LLH-2	0.0013168505948950389	0.0013168505948950389
242	 LLH-5	0.0013170692596400947	0.0013170692596400947
243	 LLH-2	0.0013122500515380198	0.0013122500515380198
244	 LLH-2	0.0013257979065928224	0.0013257979065928224
245	 LLH-4	0.0013245036414320796	0.0013245036414320796
248	 LLH-1	0.0013240993565076127	0.0013240993565076127
249	 LLH-6	0.0013220772906249027	0.0013220772906249027
250	 LLH-2	0.0013198897856291632	0.0013198897856291632
251	 LLH-1	0.0013198897856291632	0.0013198897856291632
252	 LLH-5	0.0013193593680078325	0.0013193593680078325
253	 LLH-5	0.0013202403075973635	0.0013202403075973635
254	 LLH-0	0.0013216544853191007	0.0013216544853191007
255	 LLH-0	0.0013232380035992663	0.0013232380035992663
256	 LLH-0	0.0013215636847964734	0.0013215636847964734
257	 LLH-5	0.001322078735384248	0.001322078735384248
258	 LLH-4	0.0013202475194162059	0.0013202475194162059
261	 LLH-5	0.0013200703713808655	0.0013200703713808655
262	 LLH-5	0.0013192274983091165	0.0013192274983091165
263	 LLH-4	0.0013178853166102415	0.0013178853166102415
267	 LLH-3	0.0012777508919152786	0.0012777508919152786
268	 LLH-5	0.0012785650609105183	0.0012785650609105183
269	 LLH-1	0.0012785650609105183	0.0012785650609105183
270	 LLH-3	0.0012573618880728874	0.0012573618880728874
271	 LLH-2	0.0012619983170952943	0.0012619983170952943
272	 LLH-3	0.0013213952260329109	0.0013213952260329109
273	 LLH-4	0.0013200676619584818	0.0013200676619584818
276	 LLH-2	0.001317484692946637	0.001317484692946637
277	 LLH-5	0.001317171354924517	0.001317171354924517
278	 LLH-5	0.0013166136558297498	0.0013166136558297498
279	 LLH-5	0.0013152012083610335	0.0013152012083610335
280	 LLH-4	0.0013152012083610335	0.0013152012083610335
285	 LLH-0	0.0013170457330947466	0.0013170457330947466
286	 LLH-4	0.0013156550782663702	0.0013156550782663702
288	 LLH-0	0.0013177020286156288	0.0013177020286156288
289	 LLH-1	0.001317737429095182	0.001317737429095182
290	 LLH-6	0.0013180609184727315	0.0013180609184727315
291	 LLH-5	0.0013177529299333538	0.0013177529299333538
292	 LLH-2	0.0013034251094323406	0.0013034251094323406
293	 LLH-2	0.0013222859824039825	0.0013222859824039825
294	 LLH-5	0.0013219154689395407	0.0013219154689395407
295	 LLH-1	0.0013219681681124627	0.0013219681681124627
296	 LLH-3	0.0014308856868671407	0.0014308856868671407
297	 LLH-2	0.0014138979126524227	0.0014138979126524227
298	 LLH-6	0.001414333180556309	0.001414333180556309
299	 LLH-0	0.0014113589143773704	0.0014113589143773704
300	 LLH-1	0.0014113589143773704	0.0014113589143773704
301	 LLH-3	0.0012981264391977252	0.0012981264391977252
302	 LLH-4	0.0012968116171937672	0.0012968116171937672
304	 LLH-5	0.0012962665496339361	0.0012962665496339361
305	 LLH-6	0.0012962778617785539	0.0012962778617785539
306	 LLH-6	0.0012969465041296215	0.0012969465041296215
307	 LLH-3	0.0012736680264685478	0.0012736680264685478
308	 LLH-5	0.0012738973705200894	0.0012738973705200894
309	 LLH-6	0.0012744601700888391	0.0012744601700888391
310	 LLH-2	0.0012793246939518264	0.0012793246939518264
311	 LLH-2	0.0012736232757117134	0.0012736232757117134
312	 LLH-4	0.0012736232757117134	0.0012736232757117134
317	 LLH-2	0.0012884158568030107	0.0012884158568030107
318	 LLH-6	0.0012878552322895995	0.0012878552322895995
319	 LLH-3	0.0012604959391847319	0.0012604959391847319
320	 LLH-6	0.0012594862074915584	0.0012594862074915584
321	 LLH-2	0.0012556699898908794	0.0012556699898908794
322	 LLH-1	0.0012556699898908794	0.0012556699898908794
323	 LLH-1	0.0012556699898908794	0.0012556699898908794
324	 LLH-6	0.001257498404871528	0.001257498404871528
325	 LLH-5	0.0012569978071893823	0.0012569978071893823
326	 LLH-3	0.0013220691483232737	0.0013220691483232737
327	 LLH-3	0.0014245438289535964	0.0014245438289535964
328	 LLH-6	0.0014218871443358392	0.0014218871443358392
329	 LLH-6	0.0014204241837469066	0.0014204241837469066
330	 LLH-0	0.0014173477919369537	0.0014173477919369537
331	 LLH-3	0.0016024276606590507	0.0014173477919369537
332	 LLH-4	0.0014143447171318197	0.0014143447171318197
335	 LLH-6	0.0014139322259875597	0.0014139322259875597
336	 LLH-6	0.0014130378402236097	0.0014130378402236097
337	 LLH-0	0.0014098732359810445	0.0014098732359810445
338	 LLH-4	0.0014067661943401562	0.0014067661943401562
340	 LLH-0	0.0014098883520031343	0.0014098883520031343
341	 LLH-3	0.0015704087483890768	0.0015704087483890768
342	 LLH-4	0.0015648300630964744	0.0015648300630964744
344	 LLH-2	0.0014690210514921192	0.0014690210514921192
345	 LLH-1	0.001469368422591245	0.001469368422591245
346	 LLH-0	0.0015055289141943694	0.0015055289141943694
347	 LLH-2	0.0014351051741399918	0.0014351051741399918
348	 LLH-1	0.0014351051741399918	0.0014351051741399918
349	 LLH-0	0.0014321201711287614	0.0014321201711287614
350	 LLH-0	0.0014346057352042653	0.0014346057352042653
351	 LLH-1	0.0014348023941656725	0.0014348023941656725
352	 LLH-1	0.0014348023941656725	0.0014348023941656725
353	 LLH-4	0.0014313891409524087	0.0014313891409524087
357	 LLH-2	0.0013653014189612762	0.0013653014189612762
358	 LLH-0	0.0013677525168467122	0.0013677525168467122
359	 LLH-0	0.0013699622665222773	0.0013699622665222773
360	 LLH-2	0.0013578540664535366	0.0013578540664535366
361	 LLH-0	0.0013596890849099964	0.0013596890849099964
362	 LLH-1	0.0013592063080696635	0.0013592063080696635
363	 LLH-5	0.0013598084696772868	0.0013598084696772868
364	 LLH-4	0.0013576670119744743	0.0013576670119744743
367	 LLH-1	0.0013576670119744743	0.0013576670119744743
368	 LLH-1	0.0013576670119744743	0.0013576670119744743
369	 LLH-3	0.0012749173948985054	0.0012749173948985054
370	 LLH-0	0.0012953696295500703	0.0012953696295500703
371	 LLH-2	0.0012889407087104102	0.0012889407087104102
372	 LLH-4	0.0012876396353104864	0.0012876396353104864
374	 LLH-1	0.0012876396353104864	0.0012876396353104864
375	 LLH-6	0.001287530273554384	0.001287530273554384
376	 LLH-4	0.0012865257591058265	0.0012865257591058265
379	 LLH-0	0.0012876711110669573	0.0012876711110669573
380	 LLH-0	0.001288746181493417	0.001288746181493417
381	 LLH-2	0.0012876356238857602	0.0012876356238857602
382	 LLH-6	0.0012870294587862302	0.0012870294587862302
383	 LLH-6	0.0012890616286049782	0.0012890616286049782
384	 LLH-4	0.0012879125947758425	0.0012879125947758425
386	 LLH-1	0.0012879125947758425	0.0012879125947758425
387	 LLH-4	0.0012865511024823136	0.0012865511024823136
389	 LLH-1	0.0012865791650877618	0.0012865791650877618
390	 LLH-5	0.001286702095581491	0.001286702095581491
391	 LLH-3	0.0012688028591160176	0.0012688028591160176
392	 LLH-0	0.00126983905995387	0.00126983905995387
393	 LLH-2	0.001258763374198636	0.001258763374198636
394	 LLH-3	0.0012542508235874907	0.0012542508235874907
395	 LLH-0	0.0012537512853268529	0.0012537512853268529
396	 LLH-3	0.0012564988623274768	0.0012564988623274768
397	 LLH-6	0.0012571924001960274	0.0012571924001960274
398	 LLH-1	0.0012571924001960274	0.0012571924001960274
399	 LLH-6	0.0012565668965424583	0.0012565668965424583
400	 LLH-0	0.001257005606691548	0.001257005606691548
401	 LLH-5	0.0012574437149274686	0.0012574437149274686
402	 LLH-4	0.0012567599127034383	0.0012567599127034383
405	 LLH-6	0.001256405399000277	0.001256405399000277
406	 LLH-2	0.0012579074255490692	0.0012579074255490692
407	 LLH-2	0.001267506307129022	0.001267506307129022
408	 LLH-6	0.001266026338959951	0.001266026338959951
409	 LLH-3	0.0012544557059127638	0.0012544557059127638
410	 LLH-6	0.00125515494435143	0.00125515494435143
411	 LLH-0	0.0012545923105850795	0.0012545923105850795
412	 LLH-3	0.0012433777075783199	0.0012433777075783199
413	 LLH-2	0.0012544922517571337	0.0012544922517571337
414	 LLH-3	0.0012520256682816986	0.0012520256682816986
415	 LLH-3	0.0012757334061403512	0.0012757334061403512
416	 LLH-6	0.0012728487783924907	0.0012728487783924907
417	 LLH-1	0.0012728384687646025	0.0012728384687646025
418	 LLH-6	0.0012731817767180056	0.0012731817767180056
419	 LLH-4	0.0012722181717516666	0.0012722181717516666
421	 LLH-4	0.0012710176882193944	0.0012710176882193944
425	 LLH-4	0.0012699889219213952	0.0012699889219213952
427	 LLH-0	0.0012711836031304934	0.0012711836031304934
428	 LLH-4	0.0012702738826605136	0.0012702738826605136
431	 LLH-0	0.0012712855787369846	0.0012712855787369846
432	 LLH-0	0.0012703114857187232	0.0012703114857187232
433	 LLH-3	0.0013382105766078292	0.0013382105766078292
434	 LLH-2	0.0013482834135536718	0.0013482834135536718
435	 LLH-6	0.0013477504057701462	0.0013477504057701462
436	 LLH-2	0.0013507354899830884	0.0013507354899830884
437	 LLH-4	0.0013487445290671874	0.0013487445290671874
439	 LLH-2	0.0013363042497155416	0.0013363042497155416
440	 LLH-3	0.0012746526506147529	0.0012746526506147529
441	 LLH-5	0.0012738038393548664	0.0012738038393548664
442	 LLH-1	0.00127378417243035	0.00127378417243035
443	 LLH-5	0.0012737855372482705	0.0012737855372482705
444	 LLH-5	0.0012736106409035218	0.0012736106409035218
445	 LLH-2	0.001277932762175756	0.001277932762175756
446	 LLH-0	0.0012766571069647247	0.0012766571069647247
447	 LLH-6	0.0012757508832017582	0.0012757508832017582
448	 LLH-0	0.0012766142203403394	0.0012766142203403394
449	 LLH-5	0.0012781836645173802	0.0012781836645173802
450	 LLH-5	0.0012770975998888075	0.0012770975998888075
451	 LLH-6	0.0012766058155320131	0.0012766058155320131
452	 LLH-1	0.0012768048375525034	0.0012768048375525034
453	 LLH-4	0.001275234688313337	0.001275234688313337
455	 LLH-5	0.0012753679982246454	0.0012753679982246454
456	 LLH-5	0.0012757712018121466	0.0012757712018121466
457	 LLH-3	0.0012549399288445868	0.0012549399288445868
458	 LLH-2	0.0012698704990880146	0.0012698704990880146
459	 LLH-5	0.001270511320969589	0.001270511320969589
460	 LLH-1	0.001270511320969589	0.001270511320969589
461	 LLH-5	0.0012699870331106847	0.0012699870331106847
462	 LLH-5	0.0012700644024260142	0.0012700644024260142
463	 LLH-0	0.0012709246187025142	0.0012709246187025142
464	 LLH-3	0.001340036568703588	0.0012709246187025142
465	 LLH-4	0.0012701117766163905	0.0012701117766163905
467	 LLH-3	0.0013256351247297442	0.0013256351247297442
468	 LLH-6	0.0013260733309233893	0.0013260733309233893
469	 LLH-1	0.0013260733309233893	0.0013260733309233893
470	 LLH-1	0.0013260733309233893	0.0013260733309233893
471	 LLH-6	0.0013265821286743786	0.0013265821286743786
472	 LLH-0	0.001325022578768693	0.001325022578768693
473	 LLH-1	0.001325022578768693	0.001325022578768693
474	 LLH-0	0.0013266988823178224	0.0013266988823178224
475	 LLH-6	0.001325789101930521	0.001325789101930521
476	 LLH-5	0.001325819342590977	0.001325819342590977
477	 LLH-6	0.0013268994155630279	0.0013268994155630279
478	 LLH-6	0.0013264047385483644	0.0013264047385483644
479	 LLH-1	0.0013264047385483644	0.0013264047385483644
480	 LLH-6	0.0013254912665619997	0.0013254912665619997
481	 LLH-0	0.0013274531149367079	0.0013274531149367079
482	 LLH-3	0.0014536418066409007	0.0013274531149367079
483	 LLH-2	0.0013232236257134096	0.0013232236257134096
484	 LLH-4	0.0013217979458793193	0.0013217979458793193
487	 LLH-5	0.0013223770526677213	0.0013223770526677213
488	 LLH-5	0.0013222170113770376	0.0013222170113770376
489	 LLH-6	0.0013229250276551707	0.0013229250276551707
490	 LLH-2	0.001321952197711044	0.001321952197711044
491	 LLH-4	0.0013204529649722737	0.0013204529649722737
493	 LLH-0	0.0013189724131793098	0.0013189724131793098
494	 LLH-6	0.0013197508284128738	0.0013197508284128738
495	 LLH-1	0.0013197508284128738	0.0013197508284128738
496	 LLH-4	0.0013184466838301813	0.0013184466838301813
501	 LLH-6	0.00131751021446603	0.00131751021446603
502	 LLH-2	0.0013130753440904557	0.0013130753440904557
503	 LLH-2	0.0013110812390924637	0.0013110812390924637
504	 LLH-1	0.0013110812390924637	0.0013110812390924637
505	 LLH-4	0.0013110812390924637	0.0013110812390924637
510	 LLH-2	0.0013077646659301135	0.0013077646659301135
511	 LLH-3	0.0012687465363004874	0.0012687465363004874
512	 LLH-2	0.0012777767549470502	0.0012777767549470502
513	 LLH-3	0.001258574526638745	0.001258574526638745
514	 LLH-0	0.0012591786657244863	0.0012591786657244863
515	 LLH-5	0.0012592826627054847	0.0012592826627054847
516	 LLH-5	0.0012593026731569851	0.0012593026731569851
517	 LLH-3	0.0012431609758389896	0.0012431609758389896
518	 LLH-2	0.0012498339814321757	0.0012498339814321757
519	 LLH-2	0.0012564728814108026	0.0012564728814108026
520	 LLH-1	0.0012564728814108026	0.0012564728814108026
521	 LLH-3	0.0013223032764700937	0.0012564728814108026
522	 LLH-5	0.0012559384084771474	0.0012559384084771474
523	 LLH-5	0.0012567165670214948	0.0012567165670214948
524	 LLH-6	0.0012565789687501475	0.0012565789687501475
525	 LLH-1	0.0012565789687501475	0.0012565789687501475
526	 LLH-2	0.0012637586074217154	0.0012637586074217154
527	 LLH-1	0.0012637586074217154	0.0012637586074217154
528	 LLH-6	0.001264086758455362	0.001264086758455362
529	 LLH-2	0.0012812225801313508	0.0012812225801313508
530	 LLH-0	0.001282393759023966	0.001282393759023966
531	 LLH-4	0.0012812376562296663	0.0012812376562296663
534	 LLH-5	0.0012815644558190685	0.0012815644558190685
535	 LLH-1	0.0012815644558190685	0.0012815644558190685
536	 LLH-2	0.0012936982144671654	0.0012815644558190685
537	 LLH-5	0.0012815644558190685	0.0012815644558190685
538	 LLH-5	0.0012816251029288484	0.0012816251029288484
539	 LLH-1	0.0012819012770950823	0.0012819012770950823
540	 LLH-0	0.0012810494415441461	0.0012810494415441461
541	 LLH-6	0.0012802438035595391	0.0012802438035595391
542	 LLH-1	0.0012802438035595391	0.0012802438035595391
543	 LLH-1	0.001279810802412499	0.001279810802412499
544	 LLH-3	0.0013661898898524535	0.0013661898898524535
545	 LLH-0	0.0013645035045411005	0.0013645035045411005
546	 LLH-3	0.0015096145239756806	0.0015096145239756806
547	 LLH-5	0.0015100470865937372	0.0015100470865937372
548	 LLH-0	0.0015061313965837016	0.0015061313965837016
549	 LLH-3	0.0013165593478301572	0.0013165593478301572
550	 LLH-5	0.0013167249285471997	0.0013167249285471997
551	 LLH-2	0.001306638748437933	0.001306638748437933
552	 LLH-3	0.0012663161695506795	0.0012663161695506795
553	 LLH-2	0.0012857314507533576	0.0012857314507533576
554	 LLH-3	0.0012575395176658683	0.0012575395176658683
555	 LLH-0	0.001258087448867236	0.001258087448867236
556	 LLH-2	0.0012716718201109406	0.0012716718201109406
557	 LLH-2	0.0012608967740282255	0.0012608967740282255
558	 LLH-3	0.001253270510855432	0.001253270510855432
559	 LLH-5	0.0012535279873849394	0.0012535279873849394
560	 LLH-5	0.0012538682120312543	0.0012538682120312543
561	 LLH-2	0.0012580425267359704	0.0012580425267359704
562	 LLH-6	0.0012581733737595943	0.0012581733737595943
563	 LLH-0	0.0012589802093774312	0.0012589802093774312
564	 LLH-4	0.001258211323978812	0.001258211323978812
566	 LLH-6	0.0012583548129794407	0.0012583548129794407
567	 LLH-5	0.0012590534223531444	0.0012590534223531444
568	 LLH-1	0.0012590534223531444	0.0012590534223531444
569	 LLH-2	0.0012667765299679238	0.0012667765299679238
570	 LLH-4	0.0012659475613165311	0.0012659475613165311
572	 LLH-4	0.0012650888484328623	0.0012650888484328623
574	 LLH-4	0.001263833789341273	0.001263833789341273
576	 LLH-6	0.0012657494786825988	0.0012657494786825988
577	 LLH-0	0.0012649481980083806	0.0012649481980083806
578	 LLH-5	0.001265081586744207	0.001265081586744207
579	 LLH-1	0.001265081586744207	0.001265081586744207
580	 LLH-5	0.001263952054815719	0.001263952054815719
581	 LLH-0	0.0012647174803333413	0.0012647174803333413
582	 LLH-2	0.0012791208909216452	0.0012791208909216452
583	 LLH-1	0.0012791208909216452	0.0012791208909216452
584	 LLH-3	0.0013482235441875465	0.0013482235441875465
585	 LLH-1	0.0013486550878666263	0.0013486550878666263
586	 LLH-0	0.0013505512618337437	0.0013505512618337437
587	 LLH-4	0.001348158110419305	0.001348158110419305
589	 LLH-6	0.0013441799744359718	0.0013441799744359718
590	 LLH-0	0.0013423117373750014	0.0013423117373750014
591	 LLH-3	0.0012853076710192838	0.0012853076710192838
592	 LLH-0	0.0012866730763993377	0.0012866730763993377
593	 LLH-2	0.0012800088461562041	0.0012800088461562041
594	 LLH-4	0.0012788540037084412	0.0012788540037084412
596	 LLH-3	0.001252611125876162	0.001252611125876162
597	 LLH-6	0.0012530578729368631	0.0012530578729368631
598	 LLH-1	0.0012527418944951517	0.0012527418944951517
599	 LLH-0	0.0012534721773807484	0.0012534721773807484
600	 LLH-4	0.0012527186501598083	0.0012527186501598083
602	 LLH-4	0.0012518819904830459	0.0012518819904830459
604	 LLH-1	0.0012518819904830459	0.0012518819904830459
605	 LLH-3	0.0012511464807106474	0.0012511464807106474
606	 LLH-0	0.0012506871652726871	0.0012506871652726871
607	 LLH-0	0.00125119758084252	0.00125119758084252
608	 LLH-2	0.0012570697021010676	0.0012570697021010676
609	 LLH-0	0.0012579440460081617	0.0012579440460081617
610	 LLH-5	0.0012571659814257265	0.0012571659814257265
611	 LLH-4	0.0012565942853264003	0.0012565942853264003
613	 LLH-0	0.0012561117486891414	0.0012561117486891414
614	 LLH-2	0.0012655750229368054	0.0012561117486891414
615	 LLH-3	0.0013003103460796758	0.0013003103460796758
616	 LLH-3	0.001270435496489441	0.001270435496489441
617	 LLH-0	0.0012691764078436203	0.0012691764078436203
618	 LLH-0	0.0012682956400993256	0.0012682956400993256
619	 LLH-1	0.0012683855409016433	0.0012683855409016433
620	 LLH-2	0.0012669572991714354	0.0012669572991714354
621	 LLH-5	0.0012665718314221345	0.0012665718314221345
622	 LLH-2	0.0012881668766025517	0.0012665718314221345
623	 LLH-1	0.0012669584341582522	0.0012669584341582522
624	 LLH-2	0.0012804698665282235	0.0012804698665282235
625	 LLH-2	0.001310985748623397	0.001310985748623397
626	 LLH-6	0.0013092540092203473	0.0013092540092203473
627	 LLH-3	0.001264625214305127	0.001264625214305127
628	 LLH-0	0.0012654708108250803	0.0012654708108250803
629	 LLH-0	0.0012662370636495987	0.0012662370636495987
630	 LLH-1	0.0012662370636495987	0.0012662370636495987
631	 LLH-6	0.0012669661210787646	0.0012669661210787646
632	 LLH-6	0.0012667729398507695	0.0012667729398507695
633	 LLH-5	0.0012664743645607608	0.0012664743645607608
634	 LLH-0	0.0012658023487295814	0.0012658023487295814
635	 LLH-1	0.0012657868902845057	0.0012657868902845057
636	 LLH-5	0.001265187620809273	0.001265187620809273
637	 LLH-5	0.0012655239182370996	0.0012655239182370996
638	 LLH-2	0.001263749077770523	0.001263749077770523
639	 LLH-2	0.0012788840993421357	0.0012788840993421357
640	 LLH-5	0.0012794505734943628	0.0012794505734943628
641	 LLH-2	0.0012748393744196325	0.0012748393744196325
642	 LLH-3	0.001350595578056993	0.0012748393744196325
643	 LLH-1	0.0012748393744196325	0.0012748393744196325
644	 LLH-2	0.0012769598004263483	0.0012769598004263483
645	 LLH-1	0.0012769598004263483	0.0012769598004263483
646	 LLH-2	0.0012865341809426352	0.0012865341809426352
647	 LLH-1	0.0012865341809426352	0.0012865341809426352
648	 LLH-3	0.00138767763976824	0.0012865341809426352
649	 LLH-0	0.0012850111748101574	0.0012850111748101574
650	 LLH-2	0.001305388163682509	0.001305388163682509
651	 LLH-1	0.0013053340323159318	0.0013053340323159318
652	 LLH-3	0.0012688401635254038	0.0012688401635254038
653	 LLH-6	0.0012689300396628985	0.0012689300396628985
654	 LLH-1	0.0012685694916702301	0.0012685694916702301
655	 LLH-4	0.0012670661250396098	0.0012670661250396098
657	 LLH-6	0.0012667258606551795	0.0012667258606551795
658	 LLH-2	0.0012723743195936143	0.0012723743195936143
659	 LLH-5	0.0012725086109296418	0.0012725086109296418
660	 LLH-5	0.0012719771023654274	0.0012719771023654274
661	 LLH-2	0.001275761186383873	0.001275761186383873
662	 LLH-1	0.001275761186383873	0.001275761186383873
663	 LLH-6	0.0012753024324168318	0.0012753024324168318
664	 LLH-0	0.0012763204024382273	0.0012763204024382273
665	 LLH-0	0.00127505409920496	0.00127505409920496
666	 LLH-5	0.0012748216175549414	0.0012748216175549414
667	 LLH-6	0.0012751702141918049	0.0012751702141918049
668	 LLH-6	0.001276277532230521	0.001276277532230521
669	 LLH-3	0.0013435106075912282	0.0013435106075912282
670	 LLH-3	0.0014900740929888806	0.0013435106075912282
671	 LLH-4	0.0013415142326178501	0.0013415142326178501
674	 LLH-5	0.0013412623472789458	0.0013412623472789458
675	 LLH-2	0.0013511070781849037	0.0013511070781849037
676	 LLH-1	0.0013511070781849037	0.0013511070781849037
677	 LLH-4	0.0013493753927766464	0.0013493753927766464
679	 LLH-1	0.0013493753927766464	0.0013493753927766464
680	 LLH-3	0.001283711308752693	0.001283711308752693
681	 LLH-4	0.0012825114001841218	0.0012825114001841218
683	 LLH-4	0.0012809001349146996	0.0012809001349146996
686	 LLH-4	0.0012809001349146996	0.0012809001349146996
691	 LLH-1	0.0012809001349146996	0.0012809001349146996
692	 LLH-2	0.0012811373298083056	0.0012811373298083056
693	 LLH-3	0.0013821094350886863	0.0013821094350886863
694	 LLH-2	0.0013288275834985258	0.0013288275834985258
695	 LLH-5	0.0013303013640850294	0.0013303013640850294
696	 LLH-2	0.0013392092681231806	0.0013392092681231806
697	 LLH-2	0.001311751779990805	0.001311751779990805
698	 LLH-1	0.0013115139092271693	0.0013115139092271693
699	 LLH-6	0.0013105604842150707	0.0013105604842150707
700	 LLH-4	0.0013089619073358878	0.0013089619073358878
702	 LLH-4	0.001307727829287385	0.001307727829287385
704	 LLH-5	0.0013077215210356632	0.0013077215210356632
705	 LLH-4	0.0013064156922830057	0.0013064156922830057
709	 LLH-6	0.0013062751411861747	0.0013062751411861747
710	 LLH-6	0.0013049437721871244	0.0013049437721871244
711	 LLH-3	0.0012791134504140961	0.0012791134504140961
712	 LLH-6	0.0012798739893711774	0.0012798739893711774
713	 LLH-3	0.0012622595110348754	0.0012622595110348754
714	 LLH-2	0.0012682188091117774	0.0012682188091117774
715	 LLH-5	0.0012673040098354824	0.0012673040098354824
716	 LLH-6	0.001269077111654323	0.001269077111654323
717	 LLH-2	0.0012553406245809859	0.0012553406245809859
718	 LLH-3	0.0012523076370508004	0.0012523076370508004
719	 LLH-2	0.001266840711515753	0.001266840711515753
720	 LLH-6	0.001267040605708856	0.001267040605708856
721	 LLH-5	0.0012680065421626584	0.0012680065421626584
722	 LLH-3	0.0013258473893462748	0.0012680065421626584
723	 LLH-5	0.0012680065421626584	0.0012680065421626584
724	 LLH-6	0.0012687306697445537	0.0012687306697445537
725	 LLH-3	0.0013222481700028103	0.0012687306697445537
726	 LLH-5	0.0012692932774218662	0.0012692932774218662
727	 LLH-6	0.001267540562784366	0.001267540562784366
728	 LLH-3	0.0013047489803305861	0.0013047489803305861
729	 LLH-6	0.001305501300575341	0.001305501300575341
730	 LLH-1	0.0013053153667305867	0.0013053153667305867
731	 LLH-3	0.0014150522375780412	0.0013053153667305867
732	 LLH-5	0.0013054198592532366	0.0013054198592532366
733	 LLH-2	0.0013059036675676595	0.0013059036675676595
734	 LLH-1	0.0013058151479899576	0.0013058151479899576
735	 LLH-5	0.0013051512465710657	0.0013051512465710657
736	 LLH-5	0.0013047839264885932	0.0013047839264885932
737	 LLH-1	0.0013049518797218448	0.0013049518797218448
738	 LLH-1	0.0013051561612663844	0.0013051561612663844
739	 LLH-6	0.001304889614281314	0.001304889614281314
740	 LLH-0	0.001328684193165694	0.001328684193165694
741	 LLH-3	0.0014187170117070226	0.001328684193165694
742	 LLH-4	0.0013269744111202193	0.0013269744111202193
744	 LLH-5	0.001326566134843401	0.001326566134843401
745	 LLH-6	0.0013259306812646178	0.0013259306812646178
746	 LLH-5	0.0013247849862000056	0.0013247849862000056
747	 LLH-0	0.001326602602353314	0.001326602602353314
748	 LLH-0	0.0013031818590004604	0.0013031818590004604
749	 LLH-2	0.0013154822519383191	0.0013154822519383191
750	 LLH-0	0.0013141279967197237	0.0013141279967197237
751	 LLH-2	0.001316450623898926	0.001316450623898926
752	 LLH-1	0.0013160242264901659	0.0013160242264901659
753	 LLH-1	0.0013161437143925352	0.0013161437143925352
754	 LLH-2	0.0013097192250638736	0.0013097192250638736
755	 LLH-0	0.0013080392082822473	0.0013080392082822473
756	 LLH-4	0.0013067954794614809	0.0013067954794614809
760	 LLH-2	0.0012979295423748561	0.0012979295423748561
761	 LLH-2	0.0013047110063561535	0.0013047110063561535
762	 LLH-6	0.001304377108171419	0.001304377108171419
763	 LLH-2	0.0013232739946026607	0.0013232739946026607
764	 LLH-6	0.0013223820037211573	0.0013223820037211573
765	 LLH-6	0.0013229475393146937	0.0013229475393146937
766	 LLH-0	0.001324585994300532	0.001324585994300532
767	 LLH-4	0.0013230083420865911	0.0013230083420865911
769	 LLH-4	0.0013216190543613093	0.0013216190543613093
771	 LLH-6	0.001319777400859445	0.001319777400859445
772	 LLH-1	0.001319777400859445	0.001319777400859445
773	 LLH-0	0.0013184539931189185	0.0013184539931189185
774	 LLH-3	0.0014165924788952643	0.0014165924788952643
775	 LLH-4	0.0014138490686193429	0.0014138490686193429
778	 LLH-1	0.0014138490686193429	0.0014138490686193429
779	 LLH-3	0.0016364152305670839	0.0014138490686193429
780	 LLH-0	0.001410327828486367	0.001410327828486367
781	 LLH-3	0.001286422683689943	0.001286422683689943
782	 LLH-5	0.0012863041306227876	0.0012863041306227876
783	 LLH-5	0.0012866257448845087	0.0012866257448845087
784	 LLH-3	0.001271772582434199	0.001271772582434199
785	 LLH-3	0.0013406439441964889	0.001271772582434199
786	 LLH-0	0.0012538167297453454	0.0012538167297453454
787	 LLH-3	0.0013184080276356545	0.0013184080276356545
788	 LLH-0	0.0013198499024647888	0.0013198499024647888
789	 LLH-1	0.0013198989438807966	0.0013198989438807966
790	 LLH-5	0.0013198283190959028	0.0013198283190959028
791	 LLH-3	0.001416600871032662	0.001416600871032662
792	 LLH-4	0.0014136065053561623	0.0014136065053561623
796	 LLH-2	0.001429267431364046	0.001429267431364046
797	 LLH-0	0.0014262322114573	0.0014262322114573
798	 LLH-4	0.001423287667203978	0.001423287667203978
800	 LLH-2	0.0013781323714773166	0.0013781323714773166
801	 LLH-5	0.0013783461981242006	0.0013783461981242006
802	 LLH-1	0.0013783461981242006	0.0013783461981242006
803	 LLH-5	0.001379217242838075	0.001379217242838075
804	 LLH-6	0.0013795776043675895	0.0013795776043675895
805	 LLH-2	0.0013702369740281625	0.0013702369740281625
806	 LLH-5	0.0013700382615159429	0.0013700382615159429
807	 LLH-1	0.0013700221141458883	0.0013700221141458883
808	 LLH-0	0.0013723547860518676	0.0013723547860518676
809	 LLH-2	0.0013327287849783714	0.0013327287849783714
810	 LLH-3	0.0012761506321860947	0.0012761506321860947
811	 LLH-0	0.0012770385805084229	0.0012770385805084229
812	 LLH-2	0.0012759812494194827	0.0012759812494194827
813	 LLH-5	0.0012760095559233681	0.0012760095559233681
814	 LLH-6	0.0012766963409589784	0.0012766963409589784
815	 LLH-0	0.0012758107397595093	0.0012758107397595093
816	 LLH-5	0.001275501771086073	0.001275501771086073
817	 LLH-2	0.0012748102008099814	0.0012748102008099814
818	 LLH-3	0.0012632590360748784	0.0012632590360748784
819	 LLH-6	0.0012643102133090625	0.0012643102133090625
820	 LLH-3	0.0012639543067793381	0.0012639543067793381
821	 LLH-4	0.001263339629717202	0.001263339629717202
824	 LLH-5	0.0012632591900962166	0.0012632591900962166
825	 LLH-0	0.0012639451268019986	0.0012639451268019986
826	 LLH-3	0.0012897037798955114	0.0012639451268019986
827	 LLH-2	0.0012521029869019934	0.0012521029869019934
828	 LLH-3	0.0013084597764269764	0.0013084597764269764
829	 LLH-4	0.0013084597764269764	0.0013084597764269764
834	 LLH-5	0.0013096170255174166	0.0013096170255174166
835	 LLH-4	0.0013085275504798165	0.0013085275504798165
838	 LLH-2	0.001288692216709878	0.001288692216709878
839	 LLH-1	0.001288692216709878	0.001288692216709878
840	 LLH-2	0.0013035124522328024	0.0013035124522328024
841	 LLH-1	0.0013035124522328024	0.0013035124522328024
842	 LLH-6	0.0013021723286955518	0.0013021723286955518
843	 LLH-6	0.001303110093762876	0.001303110093762876
844	 LLH-0	0.001304303204332322	0.001304303204332322
845	 LLH-2	0.0013002906854551331	0.0013002906854551331
846	 LLH-3	0.0013963878292680041	0.0013002906854551331
847	 LLH-6	0.0012977032454370655	0.0012977032454370655
848	 LLH-6	0.001295724804971247	0.001295724804971247
849	 LLH-4	0.001294427029437891	0.001294427029437891
853	 LLH-5	0.0012948295555013807	0.0012948295555013807
854	 LLH-2	0.0012973483508826231	0.0012973483508826231
855	 LLH-4	0.001295975412602806	0.001295975412602806
857	 LLH-1	0.001295975412602806	0.001295975412602806
858	 LLH-2	0.0012980859480901782	0.0012980859480901782
859	 LLH-4	0.0012965834847549545	0.0012965834847549545
861	 LLH-3	0.001401814640361743	0.0012965834847549545
862	 LLH-5	0.0012978609787323667	0.0012978609787323667
863	 LLH-5	0.0012980127127286045	0.0012980127127286045
864	 LLH-3	0.0014016391972850976	0.0012980127127286045
865	 LLH-3	0.0012670043469549636	0.0012670043469549636
866	 LLH-4	0.00126595220069189	0.00126595220069189
868	 LLH-6	0.001264290455843081	0.001264290455843081
869	 LLH-4	0.0012634474111867635	0.0012634474111867635
874	 LLH-4	0.0012634474111867635	0.0012634474111867635
879	 LLH-4	0.0012622966612387365	0.0012622966612387365
882	 LLH-0	0.00126318233676721	0.00126318233676721
883	 LLH-6	0.0012633978153900297	0.0012633978153900297
884	 LLH-0	0.0012641285317061093	0.0012641285317061093
885	 LLH-3	0.0013229590437183207	0.0013229590437183207
886	 LLH-5	0.0013213781154311662	0.0013213781154311662
887	 LLH-0	0.0013231552043108368	0.0013231552043108368
888	 LLH-6	0.0013237387201138692	0.0013237387201138692
889	 LLH-6	0.0013242456084803069	0.0013242456084803069
890	 LLH-6	0.0013214809063059386	0.0013214809063059386
891	 LLH-4	0.0013196503588019063	0.0013196503588019063
893	 LLH-6	0.001321250104496169	0.001321250104496169
894	 LLH-3	0.0014284177826387524	0.001321250104496169
895	 LLH-2	0.0013088401351014625	0.0013088401351014625
896	 LLH-3	0.0014335083878463885	0.0013088401351014625
897	 LLH-1	0.0013088401351014625	0.0013088401351014625
898	 LLH-3	0.0014702661530356083	0.0013088401351014625
899	 LLH-2	0.001313504319513602	0.001313504319513602
900	 LLH-4	0.001311839656967333	0.001311839656967333
903	 LLH-1	0.001311867085945254	0.001311867085945254
904	 LLH-1	0.001311867085945254	0.001311867085945254
905	 LLH-0	0.0013105619725498367	0.0013105619725498367
906	 LLH-0	0.00130866649284916	0.00130866649284916
907	 LLH-1	0.00130866649284916	0.00130866649284916
908	 LLH-1	0.0013086505975223577	0.0013086505975223577
909	 LLH-0	0.0013103563499972178	0.0013103563499972178
910	 LLH-3	0.001413443838074279	0.0013103563499972178
911	 LLH-5	0.001310113240962865	0.001310113240962865
912	 LLH-4	0.0013084019980103528	0.0013084019980103528
916	 LLH-4	0.0013066686352594717	0.0013066686352594717
919	 LLH-5	0.0013070758890530215	0.0013070758890530215
920	 LLH-1	0.001306660823293027	0.001306660823293027
921	 LLH-5	0.0013072266993654261	0.0013072266993654261
922	 LLH-3	0.00127071308319017	0.00127071308319017
923	 LLH-3	0.0013390711403346296	0.00127071308319017
924	 LLH-2	0.0012745035130380476	0.00127071308319017
925	 LLH-5	0.0012699828200040343	0.0012699828200040343
926	 LLH-3	0.0012504646069260827	0.0012504646069260827
927	 LLH-4	0.001249829250464333	0.001249829250464333
931	 LLH-5	0.0012498635634184477	0.0012498635634184477
932	 LLH-0	0.001249013014915238	0.001249013014915238
933	 LLH-5	0.001249310510659304	0.001249310510659304
934	 LLH-6	0.0012496518413030416	0.0012496518413030416
935	 LLH-5	0.0012505236362982605	0.0012505236362982605
936	 LLH-0	0.0012511679467026478	0.0012511679467026478
937	 LLH-5	0.0012513761986785443	0.0012513761986785443
938	 LLH-2	0.001263340616500239	0.001263340616500239
939	 LLH-6	0.0012631543416193457	0.0012631543416193457
940	 LLH-1	0.0012631543416193457	0.0012631543416193457
941	 LLH-5	0.0012634225467110887	0.0012634225467110887
942	 LLH-6	0.0012630876553525862	0.0012630876553525862
943	 LLH-3	0.0013081390575057001	0.0012630876553525862
944	 LLH-5	0.0012625329256884695	0.0012625329256884695
945	 LLH-3	0.001256200033412494	0.001256200033412494
946	 LLH-2	0.0012573124178145156	0.0012573124178145156
947	 LLH-2	0.0012544879782255393	0.0012544879782255393
948	 LLH-4	0.001253726721593961	0.001253726721593961
950	 LLH-0	0.0012529517557672899	0.0012529517557672899
951	 LLH-5	0.0012533332897540989	0.0012533332897540989
952	 LLH-6	0.0012531436819434223	0.0012531436819434223
953	 LLH-1	0.001253015764325221	0.001253015764325221
954	 LLH-3	0.00124563222093524	0.00124563222093524
955	 LLH-5	0.0012457323729860765	0.0012457323729860765
956	 LLH-5	0.0012455482914666225	0.0012455482914666225
957	 LLH-5	0.0012460423779689662	0.0012460423779689662
958	 LLH-4	0.0012460423779689662	0.0012460423779689662
963	 LLH-3	0.0012861271678529167	0.0012460423779689662
964	 LLH-1	0.0012460423779689662	0.0012460423779689662
965	 LLH-3	0.001243324627959714	0.001243324627959714
966	 LLH-6	0.0012434184382073342	0.0012434184382073342
967	 LLH-6	0.001244184578679612	0.001244184578679612
968	 LLH-6	0.0012444688753552814	0.0012444688753552814
969	 LLH-2	0.0012541331780764272	0.0012541331780764272
970	 LLH-2	0.001255507581656388	0.001255507581656388
971	 LLH-6	0.0012561617576628522	0.0012561617576628522
972	 LLH-1	0.0012561322544817704	0.0012561322544817704
973	 LLH-5	0.0012560301092357238	0.0012560301092357238
974	 LLH-2	0.0012491828497202978	0.0012491828497202978
975	 LLH-4	0.0012491828497202978	0.0012491828497202978
980	 LLH-5	0.0012491914990458452	0.0012491914990458452
981	 LLH-0	0.001250215168099053	0.001250215168099053
982	 LLH-1	0.0012503659106114031	0.0012503659106114031
983	 LLH-4	0.0012496805364115783	0.0012496805364115783
986	 LLH-2	0.001254454293417962	0.001254454293417962
987	 LLH-3	0.0013254661203305096	0.001254454293417962
988	 LLH-4	0.0012536555197564735	0.0012536555197564735
992	 LLH-2	0.0012632113051144413	0.0012536555197564735
993	 LLH-0	0.0012545555034055335	0.0012536555197564735
994	 LLH-1	0.0012536555197564735	0.0012536555197564735
995	 LLH-5	0.0012525918113301697	0.0012525918113301697
996	 LLH-0	0.001253286714390435	0.001253286714390435
997	 LLH-1	0.001253286714390435	0.001253286714390435
998	 LLH-1	0.001253286714390435	0.001253286714390435
999	 LLH-2	0.001272082268345528	0.001272082268345528
1000	 LLH-1	0.0012721363721717857	0.0012721363721717857
1001	 LLH-3	0.0012563044350854444	0.0012563044350854444
1002	 LLH-6	0.001256706617319694	0.001256706617319694
1003	 LLH-4	0.001256706617319694	0.001256706617319694
1008	 LLH-4	0.0012559710829154686	0.0012559710829154686
1011	 LLH-2	0.0012570426598060363	0.0012570426598060363
1012	 LLH-0	0.0012577003581095932	0.0012577003581095932
1013	 LLH-1	0.0012575981994013767	0.0012575981994013767
1014	 LLH-5	0.001257311381274511	0.001257311381274511
1015	 LLH-1	0.001257311381274511	0.001257311381274511
1016	 LLH-2	0.001265358397964209	0.001265358397964209
1017	 LLH-1	0.001265358397964209	0.001265358397964209
1018	 LLH-0	0.0012645602583535745	0.0012645602583535745
1019	 LLH-3	0.0013422219998832138	0.0012645602583535745
1020	 LLH-5	0.0012630940011155018	0.0012630940011155018
1021	 LLH-0	0.0012622756900980945	0.0012622756900980945
1022	 LLH-2	0.001275966265472033	0.0012622756900980945
1023	 LLH-4	0.0012613512340888772	0.0012613512340888772
1027	 LLH-1	0.0012613512340888772	0.0012613512340888772
1028	 LLH-6	0.001261333843274983	0.001261333843274983
1029	 LLH-6	0.0012624440127901487	0.0012624440127901487
1030	 LLH-0	0.0012632376592396184	0.0012632376592396184
1031	 LLH-6	0.0012648457843609277	0.0012648457843609277
1032	 LLH-0	0.001263981384574562	0.001263981384574562
1033	 LLH-0	0.0012650521563456526	0.001263981384574562
1034	 LLH-4	0.0012629916640085025	0.0012629916640085025
1036	 LLH-3	0.0012520403003201419	0.0012520403003201419
1037	 LLH-1	0.0012515295149988837	0.0012515295149988837
1038	 LLH-0	0.001252014507382025	0.001252014507382025
1039	 LLH-0	0.0012529491861792928	0.0012529491861792928
1040	 LLH-4	0.0012522581444432907	0.0012522581444432907
1045	 LLH-4	0.0012522581444432907	0.0012522581444432907
1050	 LLH-1	0.0012524598576197882	0.0012524598576197882
1051	 LLH-4	0.001251782547722501	0.001251782547722501
1055	 LLH-2	0.0012665998317082682	0.0012665998317082682
1056	 LLH-6	0.0012648849779661536	0.0012648849779661536
1057	 LLH-2	0.0012790521580038241	0.0012790521580038241
1058	 LLH-2	0.001278281035984406	0.001278281035984406
1059	 LLH-6	0.0012796198099695347	0.0012796198099695347
1060	 LLH-1	0.0012796198099695347	0.0012796198099695347
1061	 LLH-6	0.0012796078004649984	0.0012796078004649984
1062	 LLH-4	0.0012783075925486258	0.0012783075925486258
1065	 LLH-3	0.0012523177301947146	0.0012523177301947146
1066	 LLH-1	0.0012523177301947146	0.0012523177301947146
1067	 LLH-0	0.0012532256709282055	0.0012532256709282055
1068	 LLH-3	0.0012482911094637405	0.0012482911094637405
1069	 LLH-4	0.0012482911094637405	0.0012482911094637405
1074	 LLH-2	0.001255493248363513	0.0012482911094637405
1075	 LLH-4	0.0012477199541192795	0.0012477199541192795
1078	 LLH-4	0.0012477199541192795	0.0012477199541192795
1083	 LLH-1	0.0012476308821962995	0.0012476308821962995
1084	 LLH-2	0.0012520902385439433	0.0012520902385439433
1085	 LLH-4	0.0012520902385439433	0.0012520902385439433
1090	 LLH-0	0.0012528079395457254	0.0012528079395457254
1091	 LLH-6	0.0012529239738389175	0.0012529239738389175
1092	 LLH-0	0.001253574239090225	0.001253574239090225
1093	 LLH-5	0.001252715458084296	0.001252715458084296
1094	 LLH-2	0.0012606911275509633	0.0012606911275509633
1095	 LLH-0	0.0012613815800222572	0.0012613815800222572
1096	 LLH-6	0.0012633664393285541	0.0012633664393285541
1097	 LLH-6	0.0012610294165840623	0.0012610294165840623
1098	 LLH-4	0.0012603538604391584	0.0012603538604391584
1102	 LLH-3	0.0012599285673997678	0.0012599285673997678
1103	 LLH-6	0.0012596868290865044	0.0012596868290865044
1104	 LLH-5	0.0012605939234890113	0.0012605939234890113
1105	 LLH-2	0.001252850047866244	0.001252850047866244
1106	 LLH-2	0.0012714259081315997	0.001252850047866244
1107	 LLH-6	0.001253546532248979	0.001253546532248979
1108	 LLH-0	0.0012528901817679661	0.0012528901817679661
1109	 LLH-5	0.0012526033356157062	0.0012526033356157062
1110	 LLH-1	0.0012526033356157062	0.0012526033356157062
1111	 LLH-2	0.0012667842319546013	0.0012526033356157062
1112	 LLH-5	0.001252067446553163	0.001252067446553163
1113	 LLH-0	0.0012529372551056655	0.0012529372551056655
1114	 LLH-6	0.0012522650385185972	0.0012522650385185972
1115	 LLH-6	0.0012524660702817514	0.0012522650385185972
1116	 LLH-0	0.001251526911631639	0.001251526911631639
1117	 LLH-4	0.0012508190875990192	0.0012508190875990192
1119	 LLH-4	0.0012508190875990192	0.0012508190875990192
1124	 LLH-1	0.0012509362223272374	0.0012509362223272374
1125	 LLH-3	0.001307700728121069	0.0012509362223272374
1126	 LLH-1	0.0012511957678274879	0.0012511957678274879
1127	 LLH-0	0.0012518320840496575	0.0012518320840496575
1128	 LLH-4	0.0012510412825404841	0.0012510412825404841
1131	 LLH-3	0.0012575650425678514	0.0012575650425678514
1132	 LLH-2	0.0012639513453900364	0.0012639513453900364
1133	 LLH-0	0.0012469114453194728	0.0012469114453194728
1134	 LLH-4	0.0012469114453194728	0.0012469114453194728
1139	 LLH-6	0.0012475962276176586	0.0012475962276176586
1140	 LLH-5	0.00124700369396034	0.00124700369396034
1141	 LLH-3	0.0012488669861419935	0.0012488669861419935
1142	 LLH-6	0.0012484275361082054	0.0012484275361082054
1143	 LLH-4	0.0012476961542032575	0.0012476961542032575
1147	 LLH-5	0.0012467557068486439	0.0012467557068486439
1148	 LLH-1	0.0012467557068486439	0.0012467557068486439
1149	 LLH-2	0.0012519897765263693	0.0012519897765263693
1150	 LLH-1	0.0012519897765263693	0.0012519897765263693
1151	 LLH-1	0.0012519067231024405	0.0012519067231024405
1152	 LLH-6	0.0012527656674857707	0.0012527656674857707
1153	 LLH-3	0.0012567463964343305	0.0012567463964343305
1154	 LLH-6	0.0012568505603773852	0.0012568505603773852
1155	 LLH-6	0.0012572823315684309	0.0012572823315684309
1156	 LLH-5	0.0012572712247811099	0.0012572712247811099
1157	 LLH-0	0.0012578796653331212	0.0012578796653331212
1158	 LLH-3	0.0012925123912279795	0.0012578796653331212
1159	 LLH-0	0.0012584649691970446	0.0012584649691970446
1160	 LLH-2	0.0012522020684007477	0.0012522020684007477
1161	 LLH-6	0.001251689674738851	0.001251689674738851
1162	 LLH-6	0.0012512347287296373	0.0012512347287296373
1163	 LLH-5	0.0012509597742591965	0.0012509597742591965
1164	 LLH-0	0.0012515518004381514	0.0012509597742591965
1165	 LLH-2	0.0012581674582888094	0.0012581674582888094
1166	 LLH-4	0.0012574289406361036	0.0012574289406361036
1169	 LLH-3	0.001297151092040061	0.0012574289406361036
1170	 LLH-0	0.0012580311551683003	0.0012580311551683003
1171	 LLH-6	0.0012584109760705327	0.0012584109760705327
1172	 LLH-5	0.001258566768858634	0.001258566768858634
1173	 LLH-2	0.001258083764906935	0.001258083764906935
1174	 LLH-0	0.0012572038665515952	0.0012572038665515952
1175	 LLH-0	0.0012579683771562259	0.0012579683771562259
1176	 LLH-3	0.0012564428690720196	0.0012564428690720196
1177	 LLH-3	0.00131101572831361	0.0012564428690720196
1178	 LLH-5	0.0012567114271553256	0.0012567114271553256
1179	 LLH-5	0.0012567114271553256	0.0012567114271553256
1180	 LLH-0	0.001257281427232001	0.001257281427232001
1181	 LLH-1	0.001257281427232001	0.001257281427232001
1182	 LLH-6	0.001257773553145243	0.001257773553145243
1183	 LLH-0	0.00125848119927211	0.00125848119927211
1184	 LLH-0	0.001259117451519299	0.001259117451519299
1185	 LLH-1	0.0012591832909964282	0.0012591832909964282
1186	 LLH-6	0.001258985918299555	0.001258985918299555
1187	 LLH-1	0.001258985918299555	0.001258985918299555
1188	 LLH-1	0.001258985918299555	0.001258985918299555
1189	 LLH-6	0.0012601833760641384	0.0012601833760641384
1190	 LLH-5	0.0012589518948669348	0.0012589518948669348
1191	 LLH-0	0.0012596121741155516	0.0012596121741155516
1192	 LLH-6	0.0012595599509273784	0.0012595599509273784
1193	 LLH-4	0.0012595599509273784	0.0012595599509273784
1198	 LLH-5	0.001259228233066966	0.001259228233066966
1199	 LLH-2	0.00125888865985811	0.00125888865985811
1200	 LLH-4	0.0012580422107212675	0.0012580422107212675
1204	 LLH-0	0.001259056333506876	0.001259056333506876
1205	 LLH-3	0.0013266126467074428	0.001259056333506876
1206	 LLH-3	0.0012482590199250814	0.0012482590199250814
1207	 LLH-1	0.0012482590199250814	0.0012482590199250814
1208	 LLH-2	0.0012494662939208669	0.0012494662939208669
1209	 LLH-0	0.0012486040363326673	0.0012486040363326673
1210	 LLH-6	0.0012478842423763357	0.0012478842423763357
1211	 LLH-3	0.0013182161585466186	0.0012478842423763357
1212	 LLH-1	0.0012478842423763357	0.0012478842423763357
1213	 LLH-4	0.00124682623173422	0.00124682623173422
1218	 LLH-5	0.0012471496101000713	0.0012471496101000713
1219	 LLH-2	0.00126760982533193	0.0012471496101000713
1220	 LLH-6	0.001247029409439842	0.001247029409439842
1221	 LLH-3	0.0012469653167028118	0.0012469653167028118
1222	 LLH-3	0.0012472510869457195	0.0012472510869457195
1223	 LLH-2	0.0012560668656299092	0.0012472510869457195
1224	 LLH-0	0.0012476549638000736	0.0012476549638000736
1225	 LLH-0	0.0012481456311647448	0.0012481456311647448
1226	 LLH-0	0.0012488127831477092	0.0012488127831477092
1227	 LLH-6	0.0012486726092849187	0.0012486726092849187
1228	 LLH-1	0.0012486726092849187	0.0012486726092849187
1229	 LLH-0	0.0012493832784257126	0.0012493832784257126
1230	 LLH-6	0.001249025763514828	0.001249025763514828
1231	 LLH-4	0.001249025763514828	0.001249025763514828
1236	 LLH-6	0.0012486543880008167	0.0012486543880008167
1237	 LLH-3	0.0012511293961997333	0.0012511293961997333
1238	 LLH-2	0.0012572788568989326	0.0012511293961997333
1239	 LLH-6	0.0012513114866301515	0.0012513114866301515
1240	 LLH-1	0.0012513114866301515	0.0012513114866301515
1241	 LLH-1	0.0012513114866301515	0.0012513114866301515
1242	 LLH-3	0.0012440829598519539	0.0012440829598519539
1243	 LLH-2	0.0012515722261273912	0.0012440829598519539
1244	 LLH-3	0.001251030389239883	0.001251030389239883
1245	 LLH-1	0.001251030389239883	0.001251030389239883
1246	 LLH-2	0.0012525367855905068	0.0012525367855905068
1247	 LLH-2	0.001246841925773882	0.001246841925773882
1248	 LLH-3	0.0013047002822112108	0.001246841925773882
1249	 LLH-3	0.0012953214328883585	0.001246841925773882
1250	 LLH-3	0.0013011708107087913	0.001246841925773882
1251	 LLH-4	0.001246841925773882	0.001246841925773882
1256	 LLH-5	0.001246226809204815	0.001246226809204815
1257	 LLH-5	0.0012463752957706986	0.0012463752957706986
1258	 LLH-3	0.001254823169600161	0.001254823169600161
1259	 LLH-1	0.001254724020206016	0.001254724020206016
1260	 LLH-1	0.001254724020206016	0.001254724020206016
1261	 LLH-1	0.001254724020206016	0.001254724020206016
1262	 LLH-4	0.001254724020206016	0.001254724020206016
1267	 LLH-3	0.0012835109969153865	0.0012835109969153865
1268	 LLH-3	0.0012673826545478144	0.0012673826545478144
1269	 LLH-5	0.0012673418622005288	0.0012673418622005288
1270	 LLH-2	0.0012653486647653143	0.0012653486647653143
1271	 LLH-6	0.0012646279108075975	0.0012646279108075975
1272	 LLH-6	0.0012652521385258027	0.0012652521385258027
1273	 LLH-3	0.0012514051003891516	0.0012514051003891516
1274	 LLH-2	0.0012626842141524367	0.0012514051003891516
1275	 LLH-1	0.0012514966010217237	0.0012514966010217237
1276	 LLH-5	0.0012516542117946023	0.0012516542117946023
1277	 LLH-3	0.0013027956399381231	0.0013027956399381231
1278	 LLH-1	0.001302936678326099	0.001302936678326099
1279	 LLH-5	0.0013035368413362215	0.0013035368413362215
1280	 LLH-4	0.0013035368413362215	0.0013035368413362215
1285	 LLH-1	0.0013035292886322684	0.0013035292886322684
1286	 LLH-1	0.0013035292886322684	0.0013035292886322684
1287	 LLH-3	0.0012793750533957923	0.0012793750533957923
1288	 LLH-0	0.0012783702078110408	0.0012783702078110408
1289	 LLH-3	0.0012549039305331648	0.0012549039305331648
1290	 LLH-5	0.0012549879336729336	0.0012549879336729336
1291	 LLH-0	0.0012558382437606911	0.0012558382437606911
1292	 LLH-6	0.0012549783377017191	0.0012549783377017191
1293	 LLH-6	0.0012546426689961198	0.0012546426689961198
1294	 LLH-2	0.0012581137193090823	0.0012546426689961198
1295	 LLH-0	0.0012553520492781848	0.0012553520492781848
1296	 LLH-0	0.0012560430072731494	0.0012560430072731494
1297	 LLH-1	0.0012560430072731494	0.0012560430072731494
1298	 LLH-5	0.0012564730005276026	0.0012564730005276026
1299	 LLH-4	0.0012558742812353266	0.0012558742812353266
1301	 LLH-0	0.0012553582311573145	0.0012553582311573145
1302	 LLH-3	0.0012490835076300027	0.0012490835076300027
1303	 LLH-2	0.0012576687686115756	0.0012576687686115756
1304	 LLH-0	0.0012584021314338404	0.0012584021314338404
1305	 LLH-2	0.0012604957076278996	0.0012604957076278996
1306	 LLH-4	0.0012595649398585492	0.0012595649398585492
1309	 LLH-6	0.0012605730933096517	0.0012605730933096517
1310	 LLH-4	0.0012597127472922316	0.0012597127472922316
1312	 LLH-4	0.0012587325625241957	0.0012587325625241957
1314	 LLH-3	0.0013192821989528867	0.0012587325625241957
1315	 LLH-6	0.001257705603722607	0.001257705603722607
1316	 LLH-3	0.0013289557244856027	0.001257705603722607
1317	 LLH-6	0.0012590518807160844	0.0012590518807160844
1318	 LLH-5	0.0012580531013557368	0.0012580531013557368
1319	 LLH-5	0.001257939801937516	0.001257939801937516
1320	 LLH-1	0.0012582227746134513	0.0012582227746134513
1321	 LLH-2	0.0012750602526898271	0.0012582227746134513
1322	 LLH-4	0.0012574831317862481	0.0012574831317862481
1324	 LLH-1	0.0012574831317862481	0.0012574831317862481
1325	 LLH-1	0.0012574132995120586	0.0012574132995120586
1326	 LLH-4	0.0012574132995120586	0.0012574132995120586
1331	 LLH-1	0.0012574132995120586	0.0012574132995120586
1332	 LLH-4	0.0012574132995120586	0.0012574132995120586
1337	 LLH-6	0.001258010416802217	0.001258010416802217
1338	 LLH-5	0.0012575076035724077	0.0012575076035724077
1339	 LLH-2	0.0012660459077435391	0.0012575076035724077
1340	 LLH-2	0.0012683595970091107	0.0012575076035724077
1341	 LLH-1	0.0012574412122914624	0.0012574412122914624
1342	 LLH-3	0.001257100481592105	0.001257100481592105
1343	 LLH-5	0.001257100481592105	0.001257100481592105
1344	 LLH-3	0.001259210931331454	0.001257100481592105
1345	 LLH-5	0.0012565242383811878	0.0012565242383811878
1346	 LLH-5	0.0012557383131360006	0.0012557383131360006
1347	 LLH-2	0.0012539979254243153	0.0012539979254243153
1348	 LLH-2	0.0012808093312214827	0.0012539979254243153
1349	 LLH-6	0.0012536634062355735	0.0012536634062355735
1350	 LLH-1	0.001253520907099491	0.001253520907099491
1351	 LLH-3	0.0012465317914364153	0.0012465317914364153
1352	 LLH-2	0.0012570086567746817	0.0012465317914364153
1353	 LLH-4	0.0012459449724378452	0.0012459449724378452
1355	 LLH-2	0.0012512378542008367	0.0012512378542008367
1356	 LLH-5	0.0012511496868838738	0.0012511496868838738
1357	 LLH-2	0.0012614477779007884	0.0012614477779007884
1358	 LLH-6	0.00126161548845021	0.00126161548845021
1359	 LLH-0	0.0012623332476005766	0.0012623332476005766
1360	 LLH-2	0.0012667031666613957	0.0012667031666613957
1361	 LLH-3	0.001335554196898089	0.0012667031666613957
1362	 LLH-0	0.0012674883037689939	0.0012674883037689939
1363	 LLH-4	0.0012665016282549328	0.0012665016282549328
1366	 LLH-5	0.001266451420323343	0.001266451420323343
1367	 LLH-1	0.0012662865250477734	0.0012662865250477734
1368	 LLH-4	0.001265412981006431	0.001265412981006431
1372	 LLH-0	0.0012662376780581902	0.0012662376780581902
1373	 LLH-2	0.0012807117616509432	0.0012662376780581902
1374	 LLH-6	0.0012681389302871282	0.0012681389302871282
1375	 LLH-4	0.0012670133406921407	0.0012670133406921407
1377	 LLH-6	0.0012662373019697829	0.0012662373019697829
1378	 LLH-0	0.0012670695617536078	0.0012670695617536078
1379	 LLH-6	0.001268289040178577	0.001268289040178577
1380	 LLH-5	0.001268236582814399	0.001268236582814399
1381	 LLH-3	0.0013475658100440488	0.001268236582814399
1382	 LLH-4	0.0012673501703323433	0.0012673501703323433
1385	 LLH-1	0.0012673501703323433	0.0012673501703323433
1386	 LLH-0	0.0012682672676581704	0.0012682672676581704
1387	 LLH-3	0.0012624021550193402	0.0012624021550193402
1388	 LLH-4	0.0012624021550193402	0.0012624021550193402
1393	 LLH-0	0.0012617506562513157	0.0012617506562513157
1394	 LLH-4	0.0012610537421607765	0.0012610537421607765
1399	 LLH-0	0.0012617068333007652	0.0012617068333007652
1400	 LLH-5	0.001262026235851029	0.001262026235851029
1401	 LLH-0	0.0012628033931845902	0.0012628033931845902
1402	 LLH-0	0.0012637499913670232	0.0012637499913670232
1403	 LLH-3	0.0012448571698679845	0.0012448571698679845
1404	 LLH-3	0.0012895470963893195	0.0012448571698679845
1405	 LLH-0	0.001245686297902519	0.0012448571698679845
1406	 LLH-2	0.0012589209206377114	0.0012448571698679845
1407	 LLH-0	0.0012455104389855897	0.0012455104389855897
1408	 LLH-5	0.0012444113442007998	0.0012444113442007998
1409	 LLH-6	0.0012443080693191402	0.0012443080693191402
1410	 LLH-4	0.0012443080693191402	0.0012443080693191402
1415	 LLH-0	0.001244913789813883	0.001244913789813883
1416	 LLH-2	0.001262946817733693	0.001244913789813883
1417	 LLH-1	0.0012448437198417917	0.0012448437198417917
1418	 LLH-0	0.0012454050970130514	0.0012454050970130514
1419	 LLH-4	0.001244808949485961	0.001244808949485961
1421	 LLH-1	0.0012446298311809827	0.0012446298311809827
1422	 LLH-3	0.0012827568454991227	0.0012446298311809827
1423	 LLH-1	0.0012446298311809827	0.0012446298311809827
1424	 LLH-0	0.001245090929202295	0.001245090929202295
1425	 LLH-2	0.0012632772980583871	0.001245090929202295
1426	 LLH-4	0.001245090929202295	0.001245090929202295
1431	 LLH-1	0.001245090929202295	0.001245090929202295
1432	 LLH-6	0.0012454405357259107	0.0012454405357259107
1433	 LLH-0	0.0012460022418542803	0.0012460022418542803
1434	 LLH-0	0.0012464699266723422	0.0012460022418542803
1435	 LLH-0	0.0012451974912945007	0.0012451974912945007
1436	 LLH-2	0.001257179300461092	0.0012451974912945007
1437	 LLH-1	0.0012451974912945007	0.0012451974912945007
1438	 LLH-3	0.001284446781886035	0.0012451974912945007
1439	 LLH-2	0.001260857285357201	0.0012451974912945007
1440	 LLH-4	0.0012447182745949823	0.0012447182745949823
1443	 LLH-5	0.0012459175437487566	0.0012459175437487566
1444	 LLH-6	0.0012455673254670179	0.0012455673254670179
1445	 LLH-2	0.0012494425144964666	0.0012494425144964666
1446	 LLH-4	0.0012494425144964666	0.0012494425144964666
1451	 LLH-4	0.0012494425144964666	0.0012494425144964666
1456	 LLH-0	0.0012487567587184383	0.0012487567587184383
1457	 LLH-6	0.001249452224619064	0.001249452224619064
1458	 LLH-1	0.0012500434500911078	0.0012500434500911078
1459	 LLH-5	0.0012499762569952214	0.0012499762569952214
1460	 LLH-5	0.0012494502310389883	0.0012494502310389883
1461	 LLH-6	0.0012492777633996003	0.0012492777633996003
1462	 LLH-0	0.0012502701161135653	0.0012492777633996003
1463	 LLH-1	0.0012492777633996003	0.0012492777633996003
1464	 LLH-3	0.0012535596641065566	0.0012492777633996003
1465	 LLH-5	0.0012486734385062047	0.0012486734385062047
1466	 LLH-3	0.001307492134845724	0.0012486734385062047
1467	 LLH-0	0.0012481698428110472	0.0012481698428110472
1468	 LLH-5	0.0012477081607993124	0.0012477081607993124
1469	 LLH-6	0.0012469403974737872	0.0012469403974737872
1470	 LLH-4	0.0012464352891597668	0.0012464352891597668
1472	 LLH-3	0.0012508759722977124	0.0012464352891597668
1473	 LLH-3	0.0013018604828400056	0.0012464352891597668
1474	 LLH-3	0.0012554756682567527	0.0012464352891597668
1475	 LLH-6	0.001246456357006387	0.001246456357006387
1476	 LLH-2	0.0012576362002014872	0.001246456357006387
1477	 LLH-0	0.00124697291029655	0.00124697291029655
1478	 LLH-3	0.0012979877229718792	0.00124697291029655
1479	 LLH-0	0.00124770285061315	0.00124770285061315
1480	 LLH-1	0.0012477321977854533	0.0012477321977854533
1481	 LLH-4	0.0012471465137096258	0.0012471465137096258
1483	 LLH-2	0.001257255425028682	0.0012471465137096258
1484	 LLH-6	0.001246734724464131	0.001246734724464131
1485	 LLH-4	0.00124615762391238	0.00124615762391238
1488	 LLH-0	0.001246978385653871	0.001246978385653871
1489	 LLH-5	0.0012464330508094115	0.0012464330508094115
1490	 LLH-5	0.0012455135999957319	0.0012455135999957319
1491	 LLH-3	0.0013097965932768662	0.0012455135999957319
1492	 LLH-1	0.0012455135999957319	0.0012455135999957319
1493	 LLH-3	0.0012525186371402834	0.0012455135999957319
1494	 LLH-2	0.0012560355382576771	0.0012455135999957319
1495	 LLH-0	0.0012460673303299158	0.0012460673303299158
1496	 LLH-1	0.0012464284106797421	0.0012464284106797421
1497	 LLH-6	0.0012463735242626418	0.0012463735242626418
1498	 LLH-5	0.0012461982425847518	0.0012461982425847518
1499	 LLH-4	0.0012461982425847518	0.0012461982425847518
1504	 LLH-1	0.0012461448205492247	0.0012461448205492247
1505	 LLH-3	0.001255301980725695	0.0012461448205492247
1506	 LLH-0	0.0012467640302695183	0.0012467640302695183
1507	 LLH-6	0.0012461511271835424	0.0012461511271835424
1508	 LLH-4	0.0012461511271835424	0.0012461511271835424
1513	 LLH-0	0.0012469603969306542	0.0012469603969306542
1514	 LLH-0	0.0012460553188784365	0.0012460553188784365
1515	 LLH-1	0.001246190801859943	0.001246190801859943
1516	 LLH-2	0.0012473891954345104	0.0012473891954345104
1517	 LLH-5	0.001247613353889888	0.001247613353889888
1518	 LLH-3	0.0012964498591540813	0.001247613353889888
1519	 LLH-0	0.0012483227698962859	0.0012483227698962859
1520	 LLH-5	0.0012486623219785354	0.0012486623219785354
1521	 LLH-0	0.0012492600587290686	0.0012486623219785354
1522	 LLH-2	0.0012549551878439614	0.0012486623219785354
1523	 LLH-0	0.0012478438476927005	0.0012478438476927005
1524	 LLH-6	0.001248530674193405	0.0012478438476927005
1525	 LLH-2	0.0012544596838798196	0.0012544596838798196
1526	 LLH-4	0.0012544596838798196	0.0012544596838798196
1531	 LLH-0	0.0012551487627200542	0.0012551487627200542
1532	 LLH-0	0.0012557986668537292	0.0012551487627200542
1533	 LLH-4	0.0012551487627200542	0.0012551487627200542
1538	 LLH-6	0.001255776507438854	0.001255776507438854
1539	 LLH-1	0.001255776507438854	0.001255776507438854
1540	 LLH-5	0.0012553841589172643	0.0012553841589172643
1541	 LLH-6	0.0012539233962029408	0.0012539233962029408
1542	 LLH-4	0.001253079051085631	0.001253079051085631
1544	 LLH-2	0.0012715852758996	0.001253079051085631
1545	 LLH-2	0.0012736104206651124	0.001253079051085631
1546	 LLH-4	0.001253079051085631	0.001253079051085631
1551	 LLH-2	0.0012636252048417581	0.001253079051085631
1552	 LLH-5	0.0012528277279473855	0.0012528277279473855
1553	 LLH-4	0.0012528277279473855	0.0012528277279473855
1558	 LLH-4	0.0012528277279473855	0.0012528277279473855
1563	 LLH-4	0.0012528277279473855	0.0012528277279473855
1568	 LLH-5	0.001252992704822172	0.001252992704822172
1569	 LLH-3	0.0012471950021361443	0.0012471950021361443
1570	 LLH-3	0.001253963428695198	0.0012471950021361443
1571	 LLH-6	0.0012473047977933425	0.0012473047977933425
1572	 LLH-6	0.0012479231866576869	0.0012473047977933425
1573	 LLH-6	0.0012470304106771855	0.0012470304106771855
1574	 LLH-4	0.0012470304106771855	0.0012470304106771855
1579	 LLH-3	0.0012566566575653217	0.0012470304106771855
1580	 LLH-5	0.0012467824300568897	0.0012467824300568897
1581	 LLH-0	0.0012477480718121373	0.0012467824300568897
1582	 LLH-0	0.0012477615941208489	0.0012467824300568897
1583	 LLH-0	0.0012474204506716887	0.0012474204506716887
1584	 LLH-4	0.0012474204506716887	0.0012474204506716887
1589	 LLH-3	0.0012976354350571306	0.0012474204506716887
1590	 LLH-1	0.001247419711390153	0.001247419711390153
1591	 LLH-1	0.001247419711390153	0.001247419711390153
1592	 LLH-4	0.001246660010943962	0.001246660010943962
1596	 LLH-3	0.0012974951707447053	0.001246660010943962
1597	 LLH-4	0.001246660010943962	0.001246660010943962
1602	 LLH-2	0.001257278834303128	0.001246660010943962
1603	 LLH-1	0.001246660010943962	0.001246660010943962
1604	 LLH-4	0.001246660010943962	0.001246660010943962
1609	 LLH-4	0.0012459360596101024	0.0012459360596101024
1614	 LLH-4	0.0012451766196398411	0.0012451766196398411
1616	 LLH-5	0.0012455585925443655	0.0012455585925443655
1617	 LLH-6	0.0012460982369665724	0.0012460982369665724
1618	 LLH-4	0.0012455304110597428	0.0012455304110597428
1622	 LLH-6	0.0012460288405845774	0.0012460288405845774
1623	 LLH-3	0.0013013982406383216	0.0012460288405845774
1624	 LLH-3	0.001317048293389933	0.0012460288405845774
1625	 LLH-5	0.0012462246621277621	0.0012462246621277621
1626	 LLH-5	0.0012462858414374965	0.0012462858414374965
1627	 LLH-2	0.0012514399719796027	0.0012462858414374965
1628	 LLH-2	0.0012515895960008836	0.0012462858414374965
1629	 LLH-4	0.00124567511266764	0.00124567511266764
1631	 LLH-6	0.0012472163033040871	0.00124567511266764
1632	 LLH-4	0.00124567511266764	0.00124567511266764
1637	 LLH-4	0.00124567511266764	0.00124567511266764
1642	 LLH-6	0.0012441561908878025	0.0012441561908878025
1643	 LLH-0	0.0012447928935403172	0.0012447928935403172
1644	 LLH-1	0.0012449810902464302	0.0012449810902464302
1645	 LLH-0	0.0012457071145353718	0.0012457071145353718
1646	 LLH-5	0.0012463447826398658	0.0012463447826398658
1647	 LLH-2	0.0012560710014789416	0.0012463447826398658
1648	 LLH-6	0.0012469044279960477	0.0012469044279960477
1649	 LLH-2	0.0012587789178713556	0.0012469044279960477
1650	 LLH-1	0.001246888753207673	0.001246888753207673
1651	 LLH-4	0.001246251188982246	0.001246251188982246
1653	 LLH-5	0.0012465524299731649	0.0012465524299731649
1654	 LLH-0	0.001247361766865394	0.001247361766865394
1655	 LLH-2	0.0012511604606633695	0.001247361766865394
1656	 LLH-6	0.0012478798613490903	0.001247361766865394
1657	 LLH-2	0.0012515449839800377	0.001247361766865394
1658	 LLH-3	0.0012554335347010476	0.001247361766865394
1659	 LLH-2	0.0012591223790721754	0.001247361766865394
1660	 LLH-1	0.001247361766865394	0.001247361766865394
1661	 LLH-2	0.001254354287396881	0.001247361766865394
1662	 LLH-6	0.0012478770885920227	0.0012478770885920227
1663	 LLH-1	0.0012478770885920227	0.0012478770885920227
1664	 LLH-2	0.001250431886503218	0.0012478770885920227
1665	 LLH-0	0.0012470276796702445	0.0012470276796702445
1666	 LLH-3	0.001289982081018562	0.0012470276796702445
1667	 LLH-3	0.0012857562896843532	0.0012470276796702445
1668	 LLH-6	0.0012485053240582206	0.0012485053240582206
1669	 LLH-1	0.0012485053240582206	0.0012485053240582206
1670	 LLH-5	0.0012481452593726477	0.0012481452593726477
1671	 LLH-1	0.0012481452593726477	0.0012481452593726477
1672	 LLH-2	0.0012617476440539162	0.0012481452593726477
1673	 LLH-0	0.0012487359645596042	0.0012487359645596042
1674	 LLH-0	0.0012495270584407712	0.0012487359645596042
1675	 LLH-0	0.0012494619324668536	0.0012494619324668536
1676	 LLH-2	0.0012568234915934227	0.0012494619324668536
1677	 LLH-3	0.0013005883526843016	0.0012494619324668536
1678	 LLH-2	0.001258174723058286	0.0012494619324668536
1679	 LLH-5	0.0012492552350436056	0.0012492552350436056
1680	 LLH-5	0.0012496764889647965	0.0012496764889647965
1681	 LLH-3	0.001249473461972677	0.001249473461972677
1682	 LLH-3	0.0012450322486273898	0.0012450322486273898
1683	 LLH-4	0.0012443455151069233	0.0012443455151069233
1686	 LLH-5	0.0012439641155417179	0.0012439641155417179
1687	 LLH-1	0.0012439641155417179	0.0012439641155417179
1688	 LLH-3	0.001250340226929937	0.0012439641155417179
1689	 LLH-2	0.0012467010394516499	0.0012467010394516499
1690	 LLH-3	0.0012762577587543207	0.0012467010394516499
1691	 LLH-0	0.001247201328117799	0.001247201328117799
1692	 LLH-5	0.0012472002596343069	0.0012472002596343069
1693	 LLH-6	0.0012472987493352583	0.0012472987493352583
1694	 LLH-2	0.0012615992961555749	0.0012472987493352583
1695	 LLH-5	0.0012473078140156542	0.0012473078140156542
1696	 LLH-4	0.0012473078140156542	0.0012473078140156542
1701	 LLH-1	0.0012473078140156542	0.0012473078140156542
1702	 LLH-0	0.0012479049999494457	0.0012479049999494457
1703	 LLH-5	0.0012470397464364304	0.0012470397464364304
1704	 LLH-0	0.0012475638161989413	0.0012475638161989413
1705	 LLH-0	0.0012480577917451264	0.0012480577917451264
1706	 LLH-1	0.0012480577917451264	0.0012480577917451264
1707	 LLH-5	0.0012482191495023255	0.0012482191495023255
1708	 LLH-3	0.001244228288208457	0.001244228288208457
1709	 LLH-6	0.0012440112290652227	0.0012440112290652227
1710	 LLH-6	0.001244598164003392	0.001244598164003392
1711	 LLH-5	0.001244598164003392	0.001244598164003392
1712	 LLH-3	0.0012473355292836683	0.001244598164003392
1713	 LLH-1	0.001244598164003392	0.001244598164003392
1714	 LLH-4	0.0012441730959039995	0.0012441730959039995
1717	 LLH-1	0.0012442473317485043	0.0012442473317485043
1718	 LLH-5	0.0012441703193007325	0.0012441703193007325
1719	 LLH-1	0.0012441703193007325	0.0012441703193007325
1720	 LLH-0	0.0012446300177852967	0.0012446300177852967
1721	 LLH-5	0.0012445666539593954	0.0012445666539593954
1722	 LLH-1	0.001244713395030232	0.001244713395030232
1723	 LLH-6	0.0012453870826567702	0.001244713395030232
1724	 LLH-3	0.0012499149307003787	0.001244713395030232
1725	 LLH-5	0.0012441475571474756	0.0012441475571474756
1726	 LLH-6	0.0012447363576610865	0.0012447363576610865
1727	 LLH-0	0.001245216418255573	0.0012447363576610865
1728	 LLH-4	0.0012443297492218581	0.0012443297492218581
1730	 LLH-6	0.0012445419590479201	0.0012445419590479201
1731	 LLH-4	0.0012440259898555317	0.0012440259898555317
1733	 LLH-3	0.0012638058864990285	0.0012440259898555317
1734	 LLH-3	0.0012480267349902793	0.0012440259898555317
1735	 LLH-2	0.001251600455742706	0.0012440259898555317
1736	 LLH-0	0.0012447493993692936	0.0012447493993692936
1737	 LLH-5	0.0012447733286092466	0.0012447733286092466
1738	 LLH-0	0.001245489747518022	0.001245489747518022
1739	 LLH-1	0.001245489747518022	0.001245489747518022
1740	 LLH-3	0.0012500358492196282	0.001245489747518022
1741	 LLH-4	0.001245489747518022	0.001245489747518022
1746	 LLH-6	0.001245216163295671	0.001245216163295671
1747	 LLH-2	0.001254704624052527	0.001245216163295671
1748	 LLH-0	0.0012457574274536466	0.0012457574274536466
1749	 LLH-0	0.0012463564740431813	0.0012457574274536466
1750	 LLH-4	0.0012457574274536466	0.0012457574274536466
1755	 LLH-0	0.0012461807863589826	0.0012461807863589826
1756	 LLH-2	0.0012573308054566745	0.0012461807863589826
1757	 LLH-4	0.0012457429930266047	0.0012457429930266047
1761	 LLH-3	0.001274135821595112	0.0012457429930266047
1762	 LLH-0	0.0012462941980854742	0.0012457429930266047
1763	 LLH-6	0.0012453460051971284	0.0012453460051971284
1764	 LLH-0	0.0012457594027814474	0.0012457594027814474
1765	 LLH-5	0.0012456171349398315	0.0012456171349398315
1766	 LLH-0	0.0012460468670921175	0.0012460468670921175
1767	 LLH-5	0.0012458346747086734	0.0012458346747086734
1768	 LLH-0	0.0012462927071991326	0.0012462927071991326
1769	 LLH-4	0.0012462927071991326	0.0012462927071991326
1774	 LLH-2	0.001252806204866961	0.0012462927071991326
1775	 LLH-6	0.001246393663505272	0.001246393663505272
1776	 LLH-1	0.001246393663505272	0.001246393663505272
1777	 LLH-4	0.001246393663505272	0.001246393663505272
1782	 LLH-3	0.001278132687144252	0.001246393663505272
1783	 LLH-4	0.0012458587533893352	0.0012458587533893352
1787	 LLH-4	0.0012458587533893352	0.0012458587533893352
1792	 LLH-1	0.0012458587533893352	0.0012458587533893352
1793	 LLH-4	0.0012458587533893352	0.0012458587533893352
1798	 LLH-4	0.0012458587533893352	0.0012458587533893352
1803	 LLH-2	0.0012460939651500543	0.0012460939651500543
1804	 LLH-6	0.0012463351754666678	0.0012460939651500543
1805	 LLH-5	0.001246900709825187	0.0012460939651500543
1806	 LLH-0	0.0012466712687745202	0.0012460939651500543
1807	 LLH-2	0.0012508253859612568	0.0012460939651500543
1808	 LLH-6	0.0012468528714091776	0.0012460939651500543
1809	 LLH-0	0.001246737947187387	0.001246737947187387
1810	 LLH-3	0.0013053480749062002	0.001246737947187387
1811	 LLH-5	0.0012472345456367596	0.0012472345456367596
1812	 LLH-3	0.0012576950962160107	0.0012472345456367596
1813	 LLH-0	0.0012464730618177672	0.0012464730618177672
1814	 LLH-5	0.0012457590395364782	0.0012457590395364782
1815	 LLH-6	0.00124622496103643	0.00124622496103643
1816	 LLH-3	0.0012944676467437515	0.00124622496103643
1817	 LLH-0	0.0012622265792606054	0.00124622496103643
1818	 LLH-4	0.00124622496103643	0.00124622496103643
1823	 LLH-6	0.0012454618612918	0.0012454618612918
1824	 LLH-4	0.0012454618612918	0.0012454618612918
1829	 LLH-2	0.001264153977167048	0.0012454618612918
1830	 LLH-0	0.0012614666025847696	0.0012454618612918
1831	 LLH-1	0.0012454634457206724	0.0012454634457206724
1832	 LLH-2	0.0012655971827042714	0.0012454634457206724
1833	 LLH-2	0.0012564287481398098	0.0012454634457206724
1834	 LLH-5	0.0012453183512924825	0.0012453183512924825
1835	 LLH-2	0.0012675062130604606	0.0012453183512924825
1836	 LLH-6	0.0012449325196052766	0.0012449325196052766
1837	 LLH-6	0.0012449123186409991	0.0012449123186409991
1838	 LLH-5	0.0012448160763169208	0.0012448160763169208
1839	 LLH-5	0.001244898334322169	0.001244898334322169
1840	 LLH-5	0.001244799370502802	0.001244799370502802
1841	 LLH-4	0.001244799370502802	0.001244799370502802
1846	 LLH-3	0.0012782403540240665	0.001244799370502802
1847	 LLH-0	0.0012455086873617138	0.001244799370502802
1848	 LLH-3	0.0012520294888210461	0.001244799370502802
1849	 LLH-3	0.0012524703560095093	0.001244799370502802
1850	 LLH-1	0.001244799370502802	0.001244799370502802
1851	 LLH-5	0.0012453290084498702	0.0012453290084498702
1852	 LLH-5	0.0012456507784490518	0.0012456507784490518
1853	 LLH-5	0.001245712687179546	0.001245712687179546
1854	 LLH-5	0.0012459391968342216	0.0012459391968342216
1855	 LLH-3	0.0012584499307888692	0.0012459391968342216
1856	 LLH-3	0.001252653786281568	0.0012459391968342216
1857	 LLH-1	0.0012459391968342216	0.0012459391968342216
1858	 LLH-4	0.0012459391968342216	0.0012459391968342216
1863	 LLH-1	0.00124621798359076	0.00124621798359076
1864	 LLH-1	0.00124621798359076	0.00124621798359076
1865	 LLH-6	0.0012472925271881817	0.00124621798359076
1866	 LLH-4	0.00124621798359076	0.00124621798359076
1871	 LLH-4	0.00124621798359076	0.00124621798359076
1876	 LLH-1	0.00124621798359076	0.00124621798359076
1877	 LLH-1	0.001246146631198066	0.001246146631198066
1878	 LLH-6	0.0012465843582193453	0.0012465843582193453
1879	 LLH-2	0.0012578564515226326	0.0012465843582193453
1880	 LLH-3	0.0013044043309607773	0.0012465843582193453
1881	 LLH-0	0.0012625598589248146	0.0012465843582193453
1882	 LLH-2	0.0012584546192558922	0.0012465843582193453
1883	 LLH-0	0.0012628745302793707	0.0012465843582193453
1884	 LLH-6	0.0012473589475910443	0.0012465843582193453
1885	 LLH-5	0.0012469241814492163	0.0012469241814492163
1886	 LLH-1	0.0012469241814492163	0.0012469241814492163
1887	 LLH-0	0.0012474794947482531	0.0012469241814492163
1888	 LLH-1	0.0012469241814492163	0.0012469241814492163
1889	 LLH-3	0.0012864068605618283	0.0012469241814492163
1890	 LLH-2	0.0012659058551519433	0.0012469241814492163
1891	 LLH-6	0.0012478062757772077	0.0012469241814492163
1892	 LLH-4	0.0012469241814492163	0.0012469241814492163
1897	 LLH-0	0.001247488165337624	0.001247488165337624
1898	 LLH-1	0.001247488165337624	0.001247488165337624
1899	 LLH-1	0.001247488165337624	0.001247488165337624
1900	 LLH-2	0.0012618543800858393	0.001247488165337624
1901	 LLH-2	0.0012484209534845974	0.001247488165337624
1902	 LLH-5	0.0012465135654256964	0.0012465135654256964
1903	 LLH-5	0.0012469157673486617	0.0012465135654256964
1904	 LLH-0	0.0012471263675904638	0.0012471263675904638
1905	 LLH-1	0.0012471263675904638	0.0012471263675904638
1906	 LLH-1	0.0012471263675904638	0.0012471263675904638
1907	 LLH-5	0.0012466539802840175	0.0012466539802840175
1908	 LLH-1	0.0012466094693846018	0.0012466094693846018
1909	 LLH-6	0.0012463278654648697	0.0012463278654648697
1910	 LLH-3	0.0012576185257578312	0.0012463278654648697
1911	 LLH-2	0.0012589770514728057	0.0012463278654648697
1912	 LLH-4	0.0012463278654648697	0.0012463278654648697
1917	 LLH-4	0.0012463278654648697	0.0012463278654648697
1922	 LLH-6	0.0012475133391562502	0.0012463278654648697
1923	 LLH-0	0.0012468529043210838	0.0012468529043210838
1924	 LLH-5	0.001246320071950913	0.001246320071950913
1925	 LLH-6	0.0012463632191042871	0.0012463632191042871
1926	 LLH-2	0.001254914704658081	0.0012463632191042871
1927	 LLH-1	0.0012463632191042871	0.0012463632191042871
1928	 LLH-4	0.0012463632191042871	0.0012463632191042871
1933	 LLH-0	0.0012469797511157517	0.0012469797511157517
1934	 LLH-6	0.0012479432400649855	0.0012469797511157517
1935	 LLH-3	0.0013074313291009418	0.0012469797511157517
1936	 LLH-6	0.0012462777885601812	0.0012462777885601812
1937	 LLH-1	0.0012462777885601812	0.0012462777885601812
1938	 LLH-5	0.001246244805763431	0.001246244805763431
1939	 LLH-4	0.001246244805763431	0.001246244805763431
1944	 LLH-1	0.0012462926446143	0.0012462926446143
1945	 LLH-3	0.0012429480421909647	0.0012429480421909647
1946	 LLH-4	0.0012429480421909647	0.0012429480421909647
1951	 LLH-4	0.0012429480421909647	0.0012429480421909647
1956	 LLH-4	0.001242236207116438	0.001242236207116438
1958	 LLH-3	0.0012421651566717168	0.0012421651566717168
1959	 LLH-3	0.0012409930083033143	0.0012409930083033143
1960	 LLH-5	0.0012414841524296706	0.0012414841524296706
1961	 LLH-0	0.00124184915852967	0.00124184915852967
1962	 LLH-5	0.0012416260977598749	0.0012416260977598749
1963	 LLH-0	0.0012420700505593784	0.0012420700505593784
1964	 LLH-6	0.001242127607606326	0.001242127607606326
1965	 LLH-4	0.001242127607606326	0.001242127607606326
1970	 LLH-4	0.001241732313875254	0.001241732313875254
1973	 LLH-0	0.00124221226642228	0.00124221226642228
1974	 LLH-3	0.001280883824823301	0.00124221226642228
1975	 LLH-1	0.00124221226642228	0.00124221226642228
1976	 LLH-4	0.001241854771337024	0.001241854771337024
1979	 LLH-3	0.001250548270370178	0.001241854771337024
1980	 LLH-1	0.001241854771337024	0.001241854771337024
1981	 LLH-1	0.001241854771337024	0.001241854771337024
1982	 LLH-0	0.0012422895923090453	0.001241854771337024
1983	 LLH-0	0.0012422883408022612	0.0012422883408022612
1984	 LLH-4	0.0012422883408022612	0.0012422883408022612
1989	 LLH-1	0.0012422883408022612	0.0012422883408022612
1990	 LLH-1	0.0012422883408022612	0.0012422883408022612
1991	 LLH-3	0.0012505052684857745	0.0012422883408022612
1992	 LLH-5	0.001242714454663522	0.001242714454663522
1993	 LLH-6	0.0012429554533775005	0.001242714454663522
1994	 LLH-4	0.0012422897403706504	0.0012422897403706504
1998	 LLH-1	0.0012422897403706504	0.0012422897403706504
1999	 LLH-1	0.0012422897403706504	0.0012422897403706504
GRID-Start
0.0	0.0
0.0	308.0385
0.0	616.077
0.0	924.1155
0.0	1232.154
0.0	1540.1925
0.0	1848.2310000000002
0.0	2156.2695000000003
0.0	2464.3080000000004
0.0	2772.3465000000006
0.0	3080.3850000000007
0.0	3388.423500000001
0.0	3696.462000000001
0.0	4004.500500000001
0.0	4312.539000000001
0.0	4620.5775
0.0	4928.616
0.0	5236.6545
0.0	5544.692999999999
0.0	5852.731499999999
0.0	6160.769999999999
0.0	6468.808499999998
308.0385	0.0
308.0385	308.0385
308.0385	616.077
308.0385	924.1155
308.0385	1232.154
308.0385	1540.1925
308.0385	1848.2310000000002
308.0385	2156.2695000000003
308.0385	2464.3080000000004
308.0385	2772.3465000000006
308.0385	3080.3850000000007
308.0385	3388.423500000001
308.0385	3696.462000000001
308.0385	4004.500500000001
308.0385	4312.539000000001
308.0385	4620.5775
308.0385	4928.616
308.0385	5236.6545
308.0385	5544.692999999999
308.0385	5852.731499999999
308.0385	6160.769999999999
308.0385	6468.808499999998
616.077	0.0
616.077	308.0385
616.077	616.077
616.077	924.1155
616.077	1232.154
616.077	1540.1925
616.077	1848.2310000000002
616.077	2156.2695000000003
616.077	2464.3080000000004
616.077	2772.3465000000006
616.077	3080.3850000000007
616.077	3388.423500000001
616.077	3696.462000000001
616.077	4004.500500000001
616.077	4312.539000000001
616.077	4620.5775
616.077	4928.616
616.077	5236.6545
616.077	5544.692999999999
616.077	5852.731499999999
616.077	6160.769999999999
616.077	6468.808499999998
924.1155	0.0
924.1155	308.0385
924.1155	616.077
924.1155	924.1155
924.1155	1232.154
924.1155	1540.1925
924.1155	1848.2310000000002
924.1155	2156.2695000000003
924.1155	2464.3080000000004
924.1155	2772.3465000000006
924.1155	3080.3850000000007
924.1155	3388.423500000001
924.1155	3696.462000000001
924.1155	4004.500500000001
924.1155	4312.539000000001
924.1155	4620.5775
924.1155	4928.616
924.1155	5236.6545
924.1155	5544.692999999999
924.1155	5852.731499999999
924.1155	6160.769999999999
924.1155	6468.808499999998
1232.154	0.0
1232.154	308.0385
1232.154	616.077
1232.154	924.1155
1232.154	1232.154
1232.154	1540.1925
1232.154	1848.2310000000002
1232.154	2156.2695000000003
1232.154	2464.3080000000004
1232.154	2772.3465000000006
1232.154	3080.3850000000007
1232.154	4620.5775
1232.154	4928.616
1232.154	5236.6545
1232.154	5544.692999999999
1232.154	5852.731499999999
1232.154	6160.769999999999
1232.154	6468.808499999998
1540.1925	0.0
1540.1925	308.0385
1540.1925	616.077
1540.1925	924.1155
1540.1925	1232.154
1540.1925	1540.1925
1540.1925	1848.2310000000002
1540.1925	2156.2695000000003
1540.1925	2464.3080000000004
1540.1925	2772.3465000000006
1540.1925	3080.3850000000007
1540.1925	4620.5775
1540.1925	4928.616
1540.1925	5236.6545
1540.1925	5544.692999999999
1540.1925	5852.731499999999
1540.1925	6160.769999999999
1540.1925	6468.808499999998
1848.2310000000002	0.0
1848.2310000000002	308.0385
1848.2310000000002	616.077
1848.2310000000002	924.1155
1848.2310000000002	1232.154
1848.2310000000002	1540.1925
1848.2310000000002	1848.2310000000002
1848.2310000000002	2156.2695000000003
1848.2310000000002	2464.3080000000004
1848.2310000000002	2772.3465000000006
1848.2310000000002	3080.3850000000007
1848.2310000000002	4620.5775
1848.2310000000002	4928.616
1848.2310000000002	5236.6545
1848.2310000000002	5544.692999999999
1848.2310000000002	5852.731499999999
1848.2310000000002	6160.769999999999
1848.2310000000002	6468.808499999998
2156.2695000000003	0.0
2156.2695000000003	308.0385
2156.2695000000003	616.077
2156.2695000000003	924.1155
2156.2695000000003	1232.154
2156.2695000000003	1540.1925
2156.2695000000003	1848.2310000000002
2156.2695000000003	2156.2695000000003
2156.2695000000003	2464.3080000000004
2156.2695000000003	2772.3465000000006
2156.2695000000003	3080.3850000000007
2156.2695000000003	4620.5775
2156.2695000000003	4928.616
2156.2695000000003	5236.6545
2156.2695000000003	5544.692999999999
2156.2695000000003	5852.731499999999
2156.2695000000003	6160.769999999999
2156.2695000000003	6468.808499999998
2464.3080000000004	0.0
2464.3080000000004	2464.3080000000004
2464.3080000000004	2772.3465000000006
2464.3080000000004	3080.3850000000007
2464.3080000000004	3388.423500000001
2464.3080000000004	3696.462000000001
2464.3080000000004	4004.500500000001
2464.3080000000004	4312.539000000001
2464.3080000000004	4620.5775
2464.3080000000004	4928.616
2464.3080000000004	5236.6545
2464.3080000000004	5544.692999999999
2464.3080000000004	5852.731499999999
2464.3080000000004	6160.769999999999
2464.3080000000004	6468.808499999998
2772.3465000000006	0.0
2772.3465000000006	2464.3080000000004
2772.3465000000006	2772.3465000000006
2772.3465000000006	3080.3850000000007
2772.3465000000006	3388.423500000001
2772.3465000000006	3696.462000000001
2772.3465000000006	4004.500500000001
2772.3465000000006	4312.539000000001
2772.3465000000006	4620.5775
2772.3465000000006	4928.616
2772.3465000000006	5236.6545
2772.3465000000006	5544.692999999999
2772.3465000000006	5852.731499999999
2772.3465000000006	6160.769999999999
2772.3465000000006	6468.808499999998
3080.3850000000007	0.0
3080.3850000000007	2464.3080000000004
3080.3850000000007	2772.3465000000006
3080.3850000000007	3080.3850000000007
3080.3850000000007	3388.423500000001
3080.3850000000007	3696.462000000001
3080.3850000000007	4004.500500000001
3080.3850000000007	4312.539000000001
3080.3850000000007	4620.5775
3080.3850000000007	4928.616
3080.3850000000007	5236.6545
3080.3850000000007	5544.692999999999
3080.3850000000007	5852.731499999999
3080.3850000000007	6160.769999999999
3080.3850000000007	6468.808499999998
3388.423500000001	0.0
3388.423500000001	2464.3080000000004
3388.423500000001	2772.3465000000006
3388.423500000001	3080.3850000000007
3388.423500000001	3388.423500000001
3388.423500000001	3696.462000000001
3388.423500000001	4004.500500000001
3388.423500000001	4312.539000000001
3388.423500000001	4620.5775
3388.423500000001	4928.616
3388.423500000001	5236.6545
3388.423500000001	5544.692999999999
3388.423500000001	5852.731499999999
3388.423500000001	6160.769999999999
3388.423500000001	6468.808499999998
3696.462000000001	0.0
3696.462000000001	308.0385
3696.462000000001	616.077
3696.462000000001	924.1155
3696.462000000001	1232.154
3696.462000000001	1540.1925
3696.462000000001	1848.2310000000002
3696.462000000001	2156.2695000000003
3696.462000000001	3388.423500000001
3696.462000000001	3696.462000000001
3696.462000000001	4004.500500000001
3696.462000000001	4312.539000000001
3696.462000000001	4620.5775
3696.462000000001	4928.616
3696.462000000001	5236.6545
3696.462000000001	5544.692999999999
3696.462000000001	5852.731499999999
3696.462000000001	6160.769999999999
3696.462000000001	6468.808499999998
4004.500500000001	0.0
4004.500500000001	308.0385
4004.500500000001	616.077
4004.500500000001	924.1155
4004.500500000001	1232.154
4004.500500000001	1540.1925
4004.500500000001	1848.2310000000002
4004.500500000001	2156.2695000000003
4004.500500000001	3388.423500000001
4004.500500000001	3696.462000000001
4004.500500000001	4004.500500000001
4004.500500000001	4312.539000000001
4004.500500000001	4620.5775
4004.500500000001	4928.616
4004.500500000001	5236.6545
4004.500500000001	5544.692999999999
4004.500500000001	5852.731499999999
4004.500500000001	6160.769999999999
4004.500500000001	6468.808499999998
4312.539000000001	0.0
4312.539000000001	308.0385
4312.539000000001	616.077
4312.539000000001	924.1155
4312.539000000001	1232.154
4312.539000000001	1540.1925
4312.539000000001	1848.2310000000002
4312.539000000001	2156.2695000000003
4312.539000000001	3388.423500000001
4312.539000000001	3696.462000000001
4312.539000000001	4004.500500000001
4312.539000000001	4312.539000000001
4312.539000000001	4620.5775
4312.539000000001	4928.616
4312.539000000001	5236.6545
4312.539000000001	5544.692999999999
4312.539000000001	5852.731499999999
4312.539000000001	6160.769999999999
4312.539000000001	6468.808499999998
4620.5775	0.0
4620.5775	308.0385
4620.5775	616.077
4620.5775	924.1155
4620.5775	1232.154
4620.5775	1540.1925
4620.5775	1848.2310000000002
4620.5775	2156.2695000000003
4620.5775	2464.3080000000004
4620.5775	2772.3465000000006
4620.5775	3080.3850000000007
4620.5775	3388.423500000001
4620.5775	3696.462000000001
4620.5775	4004.500500000001
4620.5775	4312.539000000001
4620.5775	4620.5775
4620.5775	4928.616
4620.5775	5236.6545
4620.5775	5544.692999999999
4620.5775	5852.731499999999
4620.5775	6160.769999999999
4620.5775	6468.808499999998
4928.616	0.0
4928.616	308.0385
4928.616	616.077
4928.616	924.1155
4928.616	1232.154
4928.616	1540.1925
4928.616	1848.2310000000002
4928.616	2156.2695000000003
4928.616	2464.3080000000004
4928.616	2772.3465000000006
4928.616	3080.3850000000007
4928.616	3388.423500000001
4928.616	3696.462000000001
4928.616	4004.500500000001
4928.616	4312.539000000001
4928.616	4620.5775
4928.616	4928.616
4928.616	5236.6545
4928.616	5544.692999999999
4928.616	5852.731499999999
4928.616	6160.769999999999
4928.616	6468.808499999998
5236.6545	0.0
5236.6545	308.0385
5236.6545	616.077
5236.6545	924.1155
5236.6545	1232.154
5236.6545	1540.1925
5236.6545	1848.2310000000002
5236.6545	2156.2695000000003
5236.6545	2464.3080000000004
5236.6545	2772.3465000000006
5236.6545	3080.3850000000007
5236.6545	3388.423500000001
5236.6545	3696.462000000001
5236.6545	4004.500500000001
5236.6545	4312.539000000001
5236.6545	4620.5775
5236.6545	4928.616
5236.6545	5236.6545
5236.6545	5544.692999999999
5236.6545	5852.731499999999
5236.6545	6160.769999999999
5236.6545	6468.808499999998
5544.692999999999	0.0
5544.692999999999	308.0385
5544.692999999999	616.077
5544.692999999999	924.1155
5544.692999999999	1232.154
5544.692999999999	1540.1925
5544.692999999999	1848.2310000000002
5544.692999999999	2156.2695000000003
5544.692999999999	2464.3080000000004
5544.692999999999	2772.3465000000006
5544.692999999999	3080.3850000000007
5544.692999999999	3388.423500000001
5544.692999999999	3696.462000000001
5544.692999999999	4004.500500000001
5544.692999999999	4312.539000000001
5544.692999999999	4620.5775
5544.692999999999	4928.616
5544.692999999999	5236.6545
5544.692999999999	5544.692999999999
5544.692999999999	5852.731499999999
5544.692999999999	6160.769999999999
5544.692999999999	6468.808499999998
5852.731499999999	0.0
5852.731499999999	308.0385
5852.731499999999	616.077
5852.731499999999	924.1155
5852.731499999999	1232.154
5852.731499999999	1540.1925
5852.731499999999	1848.2310000000002
5852.731499999999	2156.2695000000003
5852.731499999999	2464.3080000000004
5852.731499999999	2772.3465000000006
5852.731499999999	3080.3850000000007
5852.731499999999	3388.423500000001
5852.731499999999	3696.462000000001
5852.731499999999	4004.500500000001
5852.731499999999	4312.539000000001
5852.731499999999	4620.5775
5852.731499999999	4928.616
5852.731499999999	5236.6545
5852.731499999999	5544.692999999999
5852.731499999999	5852.731499999999
5852.731499999999	6160.769999999999
5852.731499999999	6468.808499999998
6160.769999999999	0.0
6160.769999999999	308.0385
6160.769999999999	616.077
6160.769999999999	924.1155
6160.769999999999	1232.154
6160.769999999999	1540.1925
6160.769999999999	1848.2310000000002
6160.769999999999	2156.2695000000003
6160.769999999999	2464.3080000000004
6160.769999999999	2772.3465000000006
6160.769999999999	3080.3850000000007
6160.769999999999	3388.423500000001
6160.769999999999	3696.462000000001
6160.769999999999	4004.500500000001
6160.769999999999	4312.539000000001
6160.769999999999	4620.5775
6160.769999999999	4928.616
6160.769999999999	5236.6545
6160.769999999999	5544.692999999999
6160.769999999999	5852.731499999999
6160.769999999999	6160.769999999999
6160.769999999999	6468.808499999998
6468.808499999998	0.0
6468.808499999998	308.0385
6468.808499999998	616.077
6468.808499999998	924.1155
6468.808499999998	1232.154
6468.808499999998	1540.1925
6468.808499999998	1848.2310000000002
6468.808499999998	2156.2695000000003
6468.808499999998	2464.3080000000004
6468.808499999998	2772.3465000000006
6468.808499999998	3080.3850000000007
6468.808499999998	3388.423500000001
6468.808499999998	3696.462000000001
6468.808499999998	4004.500500000001
6468.808499999998	4312.539000000001
6468.808499999998	4620.5775
6468.808499999998	4928.616
6468.808499999998	5236.6545
6468.808499999998	5544.692999999999
6468.808499999998	5852.731499999999
6468.808499999998	6160.769999999999
6468.808499999998	6468.808499999998
6776.846999999998	0.0
6776.846999999998	308.0385
6776.846999999998	616.077
6776.846999999998	924.1155
6776.846999999998	1232.154
6776.846999999998	1540.1925
6776.846999999998	1848.2310000000002
6776.846999999998	2156.2695000000003
6776.846999999998	2464.3080000000004
6776.846999999998	2772.3465000000006
6776.846999999998	3080.3850000000007
6776.846999999998	3388.423500000001
6776.846999999998	3696.462000000001
6776.846999999998	4004.500500000001
6776.846999999998	4312.539000000001
6776.846999999998	4620.5775
6776.846999999998	4928.616
6776.846999999998	5236.6545
6776.846999999998	5544.692999999999
6776.846999999998	5852.731499999999
6776.846999999998	6160.769999999999
6776.846999999998	6468.808499999998
7084.885499999998	0.0
7084.885499999998	308.0385
7084.885499999998	616.077
7084.885499999998	924.1155
7084.885499999998	1232.154
7084.885499999998	1540.1925
7084.885499999998	1848.2310000000002
7084.885499999998	2156.2695000000003
7084.885499999998	2464.3080000000004
7084.885499999998	2772.3465000000006
7084.885499999998	3080.3850000000007
7084.885499999998	3388.423500000001
7084.885499999998	3696.462000000001
7084.885499999998	4004.500500000001
7084.885499999998	4312.539000000001
7084.885499999998	4620.5775
7084.885499999998	4928.616
7084.885499999998	5236.6545
7084.885499999998	5544.692999999999
7084.885499999998	5852.731499999999
7084.885499999998	6160.769999999999
7084.885499999998	6468.808499999998
7392.923999999997	0.0
7392.923999999997	308.0385
7392.923999999997	616.077
7392.923999999997	924.1155
7392.923999999997	1232.154
7392.923999999997	1540.1925
7392.923999999997	1848.2310000000002
7392.923999999997	2156.2695000000003
7392.923999999997	2464.3080000000004
7392.923999999997	2772.3465000000006
7392.923999999997	3080.3850000000007
7392.923999999997	3388.423500000001
7392.923999999997	3696.462000000001
7392.923999999997	4004.500500000001
7392.923999999997	4312.539000000001
7392.923999999997	4620.5775
7392.923999999997	4928.616
7392.923999999997	5236.6545
7392.923999999997	5544.692999999999
7392.923999999997	5852.731499999999
7392.923999999997	6160.769999999999
7392.923999999997	6468.808499999998
7700.962499999997	0.0
7700.962499999997	308.0385
7700.962499999997	616.077
7700.962499999997	924.1155
7700.962499999997	1232.154
7700.962499999997	1540.1925
7700.962499999997	1848.2310000000002
7700.962499999997	2156.2695000000003
7700.962499999997	2464.3080000000004
7700.962499999997	2772.3465000000006
7700.962499999997	3080.3850000000007
7700.962499999997	3388.423500000001
7700.962499999997	3696.462000000001
7700.962499999997	4004.500500000001
7700.962499999997	4312.539000000001
7700.962499999997	4620.5775
7700.962499999997	4928.616
7700.962499999997	5236.6545
7700.962499999997	5544.692999999999
7700.962499999997	5852.731499999999
7700.962499999997	6160.769999999999
7700.962499999997	6468.808499999998
8009.000999999997	0.0
8009.000999999997	308.0385
8009.000999999997	616.077
8009.000999999997	924.1155
8009.000999999997	1232.154
8009.000999999997	1540.1925
8009.000999999997	1848.2310000000002
8009.000999999997	2156.2695000000003
8009.000999999997	2464.3080000000004
8009.000999999997	2772.3465000000006
8009.000999999997	3080.3850000000007
8009.000999999997	3388.423500000001
8009.000999999997	3696.462000000001
8009.000999999997	4004.500500000001
8009.000999999997	4312.539000000001
8009.000999999997	4620.5775
8009.000999999997	4928.616
8009.000999999997	5236.6545
8009.000999999997	5544.692999999999
8009.000999999997	5852.731499999999
8009.000999999997	6160.769999999999
8009.000999999997	6468.808499999998
8317.039499999997	0.0
8317.039499999997	308.0385
8317.039499999997	616.077
8317.039499999997	924.1155
8317.039499999997	1232.154
8317.039499999997	1540.1925
8317.039499999997	1848.2310000000002
8317.039499999997	2156.2695000000003
8317.039499999997	2464.3080000000004
8317.039499999997	2772.3465000000006
8317.039499999997	3080.3850000000007
8317.039499999997	3388.423500000001
8317.039499999997	3696.462000000001
8317.039499999997	4004.500500000001
8317.039499999997	4312.539000000001
8317.039499999997	4620.5775
8317.039499999997	4928.616
8317.039499999997	5236.6545
8317.039499999997	5544.692999999999
8317.039499999997	5852.731499999999
8317.039499999997	6160.769999999999
8317.039499999997	6468.808499999998
8625.077999999998	0.0
8625.077999999998	308.0385
8625.077999999998	616.077
8625.077999999998	924.1155
8625.077999999998	1232.154
8625.077999999998	1540.1925
8625.077999999998	1848.2310000000002
8625.077999999998	2156.2695000000003
8625.077999999998	2464.3080000000004
8625.077999999998	2772.3465000000006
8625.077999999998	3080.3850000000007
8625.077999999998	3388.423500000001
8625.077999999998	3696.462000000001
8625.077999999998	4004.500500000001
8625.077999999998	4312.539000000001
8625.077999999998	4620.5775
8625.077999999998	4928.616
8625.077999999998	5236.6545
8625.077999999998	5544.692999999999
8625.077999999998	5852.731499999999
8625.077999999998	6160.769999999999
8625.077999999998	6468.808499999998
8933.116499999998	0.0
8933.116499999998	308.0385
8933.116499999998	616.077
8933.116499999998	924.1155
8933.116499999998	1232.154
8933.116499999998	1540.1925
8933.116499999998	1848.2310000000002
8933.116499999998	2156.2695000000003
8933.116499999998	2464.3080000000004
8933.116499999998	2772.3465000000006
8933.116499999998	3080.3850000000007
8933.116499999998	3388.423500000001
8933.116499999998	3696.462000000001
8933.116499999998	4004.500500000001
8933.116499999998	4312.539000000001
8933.116499999998	4620.5775
8933.116499999998	4928.616
8933.116499999998	5236.6545
8933.116499999998	5544.692999999999
8933.116499999998	5852.731499999999
8933.116499999998	6160.769999999999
8933.116499999998	6468.808499999998
GRID-End
num_of_evaluations 2000
best obj 0.0012409930083033143
LLH0	70
LLH1	41
LLH2	68
LLH3	78
LLH4	134
LLH5	109
LLH6	97