Initial objective 0.0013063706683263364	 Seed value 118671567
1	 LLH-2	0.0012950242981637971	0.0012950242981637971
2	 LLH-4	0.0012938394093721464	0.0012938394093721464
4	 LLH-2	0.0012949811487087827	0.0012949811487087827
5	 LLH-6	0.0012934958654710952	0.0012934958654710952
6	 LLH-6	0.0012948273598550615	0.0012948273598550615
7	 LLH-3	0.0012604811877440132	0.0012604811877440132
8	 LLH-2	0.0012763664551363506	0.0012763664551363506
9	 LLH-2	0.001285688044025173	0.001285688044025173
10	 LLH-0	0.001284614875565004	0.001284614875565004
11	 LLH-1	0.0012844341082245809	0.0012844341082245809
12	 LLH-2	0.0012711893939343663	0.0012711893939343663
13	 LLH-4	0.0012700209375520349	0.0012700209375520349
17	 LLH-3	0.0013384002447734274	0.0013384002447734274
18	 LLH-2	0.0013300587471127517	0.0013300587471127517
19	 LLH-0	0.0013316398902147451	0.0013316398902147451
20	 LLH-6	0.0013337600606985796	0.0013337600606985796
21	 LLH-4	0.0013320186263769285	0.0013320186263769285
25	 LLH-0	0.0013301402596247484	0.0013301402596247484
26	 LLH-6	0.0013272809038566374	0.0013272809038566374
27	 LLH-3	0.001470654068478815	0.001470654068478815
28	 LLH-3	0.0016449134133671515	0.0016449134133671515
29	 LLH-5	0.0016459224799968246	0.0016459224799968246
30	 LLH-5	0.0016457272017223485	0.0016457272017223485
31	 LLH-6	0.0016470611393087646	0.0016470611393087646
32	 LLH-1	0.0016470611393087646	0.0016470611393087646
33	 LLH-4	0.0016410440603086395	0.0016410440603086395
36	 LLH-0	0.0016474715896970561	0.0016474715896970561
37	 LLH-4	0.0016404970717145387	0.0016404970717145387
39	 LLH-1	0.0016404970717145387	0.0016404970717145387
40	 LLH-3	0.0019428367238409387	0.0019428367238409387
41	 LLH-6	0.0019416854846661022	0.0019416854846661022
42	 LLH-5	0.0019442070964581404	0.0019442070964581404
43	 LLH-2	0.001628431174731642	0.001628431174731642
44	 LLH-1	0.001628431174731642	0.001628431174731642
45	 LLH-2	0.0015695437508240616	0.0015695437508240616
46	 LLH-5	0.0015704108986240141	0.0015704108986240141
47	 LLH-4	0.0015651957463944633	0.0015651957463944633
49	 LLH-5	0.0015668485394108261	0.0015668485394108261
50	 LLH-4	0.0015614390444891298	0.0015614390444891298
52	 LLH-5	0.001561249323438633	0.001561249323438633
53	 LLH-0	0.0015565324939477568	0.0015565324939477568
54	 LLH-5	0.0015550080767011273	0.0015550080767011273
55	 LLH-1	0.0015550080767011273	0.0015550080767011273
56	 LLH-2	0.0014141286175650164	0.0014141286175650164
57	 LLH-4	0.0014109467489491845	0.0014109467489491845
59	 LLH-5	0.0014115582533980858	0.0014115582533980858
60	 LLH-1	0.0014115582533980858	0.0014115582533980858
61	 LLH-3	0.001289430656683511	0.001289430656683511
62	 LLH-3	0.0012684494405837358	0.0012684494405837358
63	 LLH-4	0.0012674970755890695	0.0012674970755890695
67	 LLH-4	0.001266384592667364	0.001266384592667364
70	 LLH-4	0.0012655436365333504	0.0012655436365333504
74	 LLH-0	0.00126640525222159	0.00126640525222159
75	 LLH-0	0.001265469281124642	0.001265469281124642
76	 LLH-3	0.0012514262708593284	0.0012514262708593284
77	 LLH-2	0.0012711403445776121	0.0012711403445776121
78	 LLH-6	0.0012703029724621799	0.0012703029724621799
79	 LLH-1	0.0012702536031110154	0.0012702536031110154
80	 LLH-0	0.0012711557679237146	0.0012711557679237146
81	 LLH-5	0.001270038590679872	0.001270038590679872
82	 LLH-6	0.0012707032699555523	0.0012707032699555523
83	 LLH-6	0.0012710177661840016	0.0012710177661840016
84	 LLH-1	0.0012710177661840016	0.0012710177661840016
85	 LLH-2	0.0012747766797275067	0.0012747766797275067
86	 LLH-3	0.0013384886223984159	0.0013384886223984159
87	 LLH-4	0.0013366256561192667	0.0013366256561192667
90	 LLH-0	0.0013385796484287548	0.0013385796484287548
91	 LLH-6	0.0013360694636542956	0.0013360694636542956
92	 LLH-1	0.0013360694636542956	0.0013360694636542956
93	 LLH-5	0.0013361099664995272	0.0013361099664995272
94	 LLH-5	0.0013369529828097639	0.0013369529828097639
95	 LLH-3	0.0012701782274242774	0.0012701782274242774
96	 LLH-1	0.0012701782274242774	0.0012701782274242774
97	 LLH-4	0.0012701782274242774	0.0012701782274242774
102	 LLH-4	0.0012701782274242774	0.0012701782274242774
107	 LLH-1	0.0012699268502765855	0.0012699268502765855
108	 LLH-4	0.0012699268502765855	0.0012699268502765855
113	 LLH-4	0.0012699268502765855	0.0012699268502765855
118	 LLH-5	0.0012712697709542458	0.0012712697709542458
119	 LLH-5	0.001270765355133268	0.001270765355133268
120	 LLH-0	0.0012719118915602572	0.0012719118915602572
121	 LLH-3	0.001257005796269519	0.001257005796269519
122	 LLH-5	0.0012586705380031704	0.0012586705380031704
123	 LLH-2	0.0012554965026585721	0.0012554965026585721
124	 LLH-6	0.0012560370048578676	0.0012560370048578676
125	 LLH-3	0.0013134703469104762	0.0013134703469104762
126	 LLH-3	0.0012798768317197637	0.0012798768317197637
127	 LLH-4	0.0012788853749201045	0.0012788853749201045
132	 LLH-5	0.0012773148082652662	0.0012773148082652662
133	 LLH-3	0.0013317906299311012	0.0013317906299311012
134	 LLH-3	0.0014456402300397572	0.0014456402300397572
135	 LLH-2	0.0014239369212396583	0.0014239369212396583
136	 LLH-5	0.0014236807303950147	0.0014236807303950147
137	 LLH-1	0.0014236807303950147	0.0014236807303950147
138	 LLH-4	0.0014206773154250786	0.0014206773154250786
141	 LLH-6	0.0014219119165584373	0.0014219119165584373
142	 LLH-2	0.0013793433148648275	0.0013793433148648275
143	 LLH-2	0.001390581011927735	0.001390581011927735
144	 LLH-5	0.0013908153539594532	0.0013908153539594532
145	 LLH-6	0.0013897537879690332	0.0013897537879690332
146	 LLH-4	0.0013873820844209066	0.0013873820844209066
150	 LLH-2	0.0013494831471803483	0.0013494831471803483
151	 LLH-2	0.0013401511439862935	0.0013401511439862935
152	 LLH-1	0.0013401511439862935	0.0013401511439862935
153	 LLH-4	0.0013377980639054316	0.0013377980639054316
156	 LLH-4	0.0013360346977570662	0.0013360346977570662
158	 LLH-1	0.0013360346977570662	0.0013360346977570662
159	 LLH-4	0.0013344053980262833	0.0013344053980262833
161	 LLH-6	0.0013328420702650259	0.0013328420702650259
162	 LLH-2	0.0013064734935686838	0.0013064734935686838
163	 LLH-2	0.0013195383467830661	0.0013195383467830661
164	 LLH-3	0.0012726065760202013	0.0012726065760202013
165	 LLH-1	0.0012729779702397343	0.0012729779702397343
166	 LLH-3	0.0013517787447312295	0.0013517787447312295
167	 LLH-4	0.0013517787447312295	0.0013517787447312295
172	 LLH-4	0.0013496530183798696	0.0013496530183798696
174	 LLH-1	0.0013496530183798696	0.0013496530183798696
175	 LLH-2	0.0013336176275220324	0.0013336176275220324
176	 LLH-3	0.001443988694883735	0.0013336176275220324
177	 LLH-1	0.001333810954587926	0.001333810954587926
178	 LLH-2	0.0013296578695625838	0.0013296578695625838
179	 LLH-5	0.001330199170603043	0.001330199170603043
180	 LLH-4	0.0013285963421964453	0.0013285963421964453
183	 LLH-5	0.001327805770095385	0.001327805770095385
184	 LLH-0	0.001329440082759599	0.001329440082759599
185	 LLH-3	0.0012733674243664006	0.0012733674243664006
186	 LLH-4	0.0012720175911118173	0.0012720175911118173
189	 LLH-3	0.0013475848771346778	0.0013475848771346778
190	 LLH-6	0.0013486390035211166	0.0013486390035211166
191	 LLH-3	0.0014917102503620991	0.0013486390035211166
192	 LLH-5	0.0013472994303820056	0.0013472994303820056
193	 LLH-3	0.0014785156322730808	0.0014785156322730808
194	 LLH-3	0.0016228573845691555	0.0014785156322730808
195	 LLH-5	0.0014783470788008743	0.0014783470788008743
196	 LLH-5	0.0014761240885457663	0.0014761240885457663
197	 LLH-1	0.0014764969338051572	0.0014764969338051572
198	 LLH-2	0.0014348040041649423	0.0014348040041649423
199	 LLH-1	0.001434536266580092	0.001434536266580092
200	 LLH-2	0.001402595124774915	0.001402595124774915
201	 LLH-3	0.0013083996782627045	0.0013083996782627045
202	 LLH-4	0.0013068688194808856	0.0013068688194808856
204	 LLH-1	0.0013068688194808856	0.0013068688194808856
205	 LLH-6	0.0013068944134987021	0.0013068944134987021
206	 LLH-3	0.0014295644000458841	0.0014295644000458841
207	 LLH-1	0.0014290348632905834	0.0014290348632905834
208	 LLH-2	0.001383570402984717	0.001383570402984717
209	 LLH-1	0.001383570402984717	0.001383570402984717
210	 LLH-6	0.0013818329378567364	0.0013818329378567364
211	 LLH-6	0.0013817976449317891	0.0013817976449317891
212	 LLH-6	0.001379498618585844	0.001379498618585844
213	 LLH-4	0.0013769181637841982	0.0013769181637841982
217	 LLH-0	0.001379003277191628	0.001379003277191628
218	 LLH-2	0.001377861045007197	0.001377861045007197
219	 LLH-1	0.001377861045007197	0.001377861045007197
220	 LLH-3	0.0014905785457486492	0.0014905785457486492
221	 LLH-6	0.0014900092739173988	0.0014900092739173988
222	 LLH-5	0.0014902688174723102	0.0014902688174723102
223	 LLH-4	0.0014867538113034397	0.0014867538113034397
225	 LLH-0	0.0014826189914184775	0.0014826189914184775
226	 LLH-0	0.001486347773146119	0.001486347773146119
227	 LLH-0	0.001489876556065185	0.001489876556065185
228	 LLH-4	0.0014861518785144697	0.0014861518785144697
232	 LLH-0	0.0014823289866264923	0.0014823289866264923
233	 LLH-6	0.0014844223921995263	0.0014844223921995263
234	 LLH-2	0.0014411163044841945	0.0014411163044841945
235	 LLH-3	0.0013007392458297695	0.0013007392458297695
236	 LLH-4	0.0012991554899220929	0.0012991554899220929
238	 LLH-3	0.0013691210762136188	0.0013691210762136188
239	 LLH-1	0.0013691210762136188	0.0013691210762136188
240	 LLH-6	0.0013676338822083522	0.0013676338822083522
241	 LLH-2	0.0013670529345015422	0.0013670529345015422
242	 LLH-1	0.0013669633295954396	0.0013669633295954396
243	 LLH-5	0.0013670176852746045	0.0013670176852746045
244	 LLH-1	0.0013669694781830795	0.0013669694781830795
245	 LLH-2	0.0013447115415505082	0.0013447115415505082
246	 LLH-5	0.0013452777624038087	0.0013452777624038087
247	 LLH-6	0.0013459436722544579	0.0013459436722544579
248	 LLH-4	0.0013439596724570502	0.0013439596724570502
250	 LLH-3	0.0012818523880942035	0.0012818523880942035
251	 LLH-3	0.001351267408817013	0.0012818523880942035
252	 LLH-6	0.0012806292296620974	0.0012806292296620974
253	 LLH-1	0.001280886253637233	0.001280886253637233
254	 LLH-3	0.0012577565865117225	0.0012577565865117225
255	 LLH-5	0.0012574445031276812	0.0012574445031276812
256	 LLH-3	0.0012515034909863904	0.0012515034909863904
257	 LLH-2	0.0012513199367967472	0.0012513199367967472
258	 LLH-6	0.0012527099955934877	0.0012527099955934877
259	 LLH-4	0.0012527099955934877	0.0012527099955934877
264	 LLH-2	0.0012564364606486573	0.0012564364606486573
265	 LLH-4	0.0012564364606486573	0.0012564364606486573
270	 LLH-4	0.0012557459238264751	0.0012557459238264751
275	 LLH-1	0.0012558695868831206	0.0012558695868831206
276	 LLH-6	0.0012555652892848352	0.0012555652892848352
277	 LLH-3	0.0012451824815023734	0.0012451824815023734
278	 LLH-0	0.0012457226466599663	0.0012457226466599663
279	 LLH-3	0.0012595860599532442	0.0012595860599532442
280	 LLH-0	0.0012442293006855243	0.0012442293006855243
281	 LLH-0	0.0012448937865559345	0.0012448937865559345
282	 LLH-4	0.0012448937865559345	0.0012448937865559345
287	 LLH-3	0.0012736303618952525	0.0012736303618952525
288	 LLH-2	0.0012894369600832275	0.0012894369600832275
289	 LLH-5	0.0012892304243628354	0.0012892304243628354
290	 LLH-5	0.0012893879250359505	0.0012893879250359505
291	 LLH-4	0.001288217890432721	0.001288217890432721
295	 LLH-6	0.0012889054913819153	0.0012889054913819153
296	 LLH-3	0.0013773497842280592	0.0013773497842280592
297	 LLH-2	0.001351470251808284	0.001351470251808284
298	 LLH-1	0.0013515053003866667	0.0013515053003866667
299	 LLH-1	0.0013515053003866667	0.0013515053003866667
300	 LLH-1	0.0013516353864978534	0.0013516353864978534
301	 LLH-3	0.0014988741244073753	0.0014988741244073753
302	 LLH-1	0.0014988741244073753	0.0014988741244073753
303	 LLH-3	0.001306624218861733	0.001306624218861733
304	 LLH-4	0.0013053589442106187	0.0013053589442106187
307	 LLH-5	0.001305602665823706	0.001305602665823706
308	 LLH-6	0.0013060091919555844	0.0013060091919555844
309	 LLH-2	0.0013129691994153714	0.0013129691994153714
310	 LLH-6	0.0013106499660446066	0.0013106499660446066
311	 LLH-0	0.0013120571155440567	0.0013120571155440567
312	 LLH-4	0.001310359118330198	0.001310359118330198
315	 LLH-1	0.001310359118330198	0.001310359118330198
316	 LLH-1	0.001310359118330198	0.001310359118330198
317	 LLH-5	0.0013110835433117027	0.0013110835433117027
318	 LLH-6	0.001311847576272217	0.001311847576272217
319	 LLH-4	0.0013103755595988672	0.0013103755595988672
321	 LLH-5	0.0013107684213886045	0.0013107684213886045
322	 LLH-4	0.001308968494007375	0.001308968494007375
324	 LLH-1	0.001308968494007375	0.001308968494007375
325	 LLH-0	0.0013103127777954957	0.0013103127777954957
326	 LLH-0	0.0013118566123779243	0.0013118566123779243
327	 LLH-2	0.0013188429926197535	0.0013188429926197535
328	 LLH-1	0.0013185349021609257	0.0013185349021609257
329	 LLH-2	0.0013038723266025542	0.0013038723266025542
330	 LLH-2	0.0013041640236268561	0.0013041640236268561
331	 LLH-3	0.0014235970143079274	0.0014235970143079274
332	 LLH-6	0.0014229290767168651	0.0014229290767168651
333	 LLH-2	0.0014162179773400457	0.0014162179773400457
334	 LLH-0	0.001419104907047847	0.001419104907047847
335	 LLH-3	0.0012926512482053162	0.0012926512482053162
336	 LLH-6	0.0012918724844889545	0.0012918724844889545
337	 LLH-1	0.001291704034326136	0.001291704034326136
338	 LLH-3	0.0013706884223838758	0.0013706884223838758
339	 LLH-6	0.0013737041067512115	0.0013737041067512115
340	 LLH-5	0.001372540775281381	0.001372540775281381
341	 LLH-1	0.001372540775281381	0.001372540775281381
342	 LLH-5	0.0013737953673792563	0.0013737953673792563
343	 LLH-1	0.0013737953673792563	0.0013737953673792563
344	 LLH-2	0.0013576781519492802	0.0013576781519492802
345	 LLH-1	0.001357188912577188	0.001357188912577188
346	 LLH-1	0.0013573343210640761	0.0013573343210640761
347	 LLH-4	0.0013550169815889478	0.0013550169815889478
350	 LLH-4	0.0013528684342970364	0.0013528684342970364
352	 LLH-0	0.0013508696032689018	0.0013508696032689018
353	 LLH-4	0.0013486186988057444	0.0013486186988057444
355	 LLH-0	0.001346820902682666	0.001346820902682666
356	 LLH-1	0.001346820902682666	0.001346820902682666
357	 LLH-6	0.0013470445370948592	0.0013470445370948592
358	 LLH-3	0.0015104683739550393	0.0015104683739550393
359	 LLH-4	0.0014738543743107748	0.0014738543743107748
361	 LLH-4	0.0014738543743107748	0.0014738543743107748
366	 LLH-2	0.0014586393717696228	0.0014586393717696228
367	 LLH-4	0.0014551112311820373	0.0014551112311820373
369	 LLH-0	0.0014515181732613523	0.0014515181732613523
370	 LLH-5	0.0014511745467078539	0.0014511745467078539
371	 LLH-1	0.0014511745467078539	0.0014511745467078539
372	 LLH-1	0.0014513036269403604	0.0014513036269403604
373	 LLH-2	0.0013874215599780353	0.0013874215599780353
374	 LLH-1	0.0013874215599780353	0.0013874215599780353
375	 LLH-3	0.001550415528796637	0.001550415528796637
376	 LLH-3	0.0017546830415818972	0.0017546830415818972
377	 LLH-2	0.0015271721386888992	0.0015271721386888992
378	 LLH-5	0.0015265034211654552	0.0015265034211654552
379	 LLH-0	0.0015221218902709218	0.0015221218902709218
380	 LLH-0	0.0015258085100681754	0.0015258085100681754
381	 LLH-4	0.0015206034259472934	0.0015206034259472934
384	 LLH-4	0.0015168243805342083	0.0015168243805342083
386	 LLH-6	0.0015166450409861375	0.0015166450409861375
387	 LLH-1	0.0015166450409861375	0.0015166450409861375
388	 LLH-3	0.0017535301074683065	0.0017535301074683065
389	 LLH-0	0.0017625568005600629	0.0017625568005600629
390	 LLH-6	0.0017615615328666163	0.0017615615328666163
391	 LLH-0	0.001752766798209697	0.001752766798209697
392	 LLH-5	0.0017511030042658806	0.0017511030042658806
393	 LLH-6	0.0017506710102508192	0.0017506710102508192
394	 LLH-6	0.0017510606684002256	0.0017510606684002256
395	 LLH-2	0.0016052674439585883	0.0016052674439585883
396	 LLH-5	0.0016047921585084393	0.0016047921585084393
397	 LLH-4	0.0015989307823830426	0.0015989307823830426
399	 LLH-0	0.0015930565783646739	0.0015930565783646739
400	 LLH-0	0.0015990464551437597	0.0015990464551437597
401	 LLH-2	0.0014645075919333525	0.0014645075919333525
402	 LLH-2	0.001408170283664962	0.001408170283664962
403	 LLH-0	0.0014110752029889472	0.0014110752029889472
404	 LLH-6	0.0014107284567402571	0.0014107284567402571
405	 LLH-4	0.0014081917933421394	0.0014081917933421394
407	 LLH-0	0.0014113622489036976	0.0014113622489036976
408	 LLH-5	0.0014112818155627856	0.0014112818155627856
409	 LLH-3	0.0012914829437125125	0.0012914829437125125
410	 LLH-0	0.0012926744808285002	0.0012926744808285002
411	 LLH-0	0.0012942065124445547	0.0012942065124445547
412	 LLH-4	0.001293127708023505	0.001293127708023505
414	 LLH-2	0.001322082004029166	0.001322082004029166
415	 LLH-3	0.0014507663875752178	0.0014507663875752178
416	 LLH-1	0.0014507663875752178	0.0014507663875752178
417	 LLH-1	0.0014507879839179526	0.0014507879839179526
418	 LLH-0	0.0014541263557644561	0.0014541263557644561
419	 LLH-3	0.0016070092486740418	0.0016070092486740418
420	 LLH-5	0.0016072634583457995	0.0016072634583457995
421	 LLH-5	0.001608202388337458	0.001608202388337458
422	 LLH-3	0.001351871739220552	0.001351871739220552
423	 LLH-5	0.0013516680504390482	0.0013516680504390482
424	 LLH-3	0.00127066143269849	0.00127066143269849
425	 LLH-0	0.0012714570437419536	0.0012714570437419536
426	 LLH-0	0.0012725021788748815	0.0012725021788748815
427	 LLH-5	0.0012729434015335379	0.0012729434015335379
428	 LLH-4	0.0012717479620371545	0.0012717479620371545
430	 LLH-2	0.0012810190280136038	0.0012810190280136038
431	 LLH-4	0.0012802132044248378	0.0012802132044248378
433	 LLH-0	0.00127880530633581	0.00127880530633581
434	 LLH-6	0.001279325865563537	0.001279325865563537
435	 LLH-2	0.001291609141742976	0.001291609141742976
436	 LLH-2	0.0012938433400739775	0.0012938433400739775
437	 LLH-2	0.001308897340195873	0.001308897340195873
438	 LLH-3	0.0012722863352167266	0.0012722863352167266
439	 LLH-3	0.0012592740735059647	0.0012592740735059647
440	 LLH-3	0.0012948275352941629	0.0012948275352941629
441	 LLH-2	0.0013027707354269227	0.0013027707354269227
442	 LLH-2	0.0013002632892284652	0.0013002632892284652
443	 LLH-4	0.0012989624309945847	0.0012989624309945847
445	 LLH-1	0.0012989624309945847	0.0012989624309945847
446	 LLH-1	0.0012989624309945847	0.0012989624309945847
447	 LLH-3	0.0014446690577084365	0.0012989624309945847
448	 LLH-5	0.0012994952713017219	0.0012994952713017219
449	 LLH-4	0.001298234028499355	0.001298234028499355
454	 LLH-0	0.0012968540336480167	0.0012968540336480167
455	 LLH-5	0.0012955453087615863	0.0012955453087615863
456	 LLH-6	0.0012944371945661766	0.0012944371945661766
457	 LLH-4	0.0012931694983991829	0.0012931694983991829
459	 LLH-3	0.0012557673555609835	0.0012557673555609835
460	 LLH-5	0.0012563093105868702	0.0012563093105868702
461	 LLH-0	0.0012556733822557298	0.0012556733822557298
462	 LLH-5	0.0012562442425873917	0.0012562442425873917
463	 LLH-3	0.0012516603895700454	0.0012516603895700454
464	 LLH-1	0.0012516603895700454	0.0012516603895700454
465	 LLH-4	0.0012511251747247443	0.0012511251747247443
469	 LLH-4	0.0012504785848811983	0.0012504785848811983
472	 LLH-4	0.001249400306794797	0.001249400306794797
475	 LLH-3	0.0012961390559578837	0.0012961390559578837
476	 LLH-5	0.0012961987507966962	0.0012961987507966962
477	 LLH-0	0.0012976137610846024	0.0012976137610846024
478	 LLH-1	0.0012977315528428662	0.0012977315528428662
479	 LLH-0	0.0012964166445185222	0.0012964166445185222
480	 LLH-2	0.0013184833059040034	0.0013184833059040034
481	 LLH-6	0.0013185544009102618	0.0013185544009102618
482	 LLH-1	0.0013188544605061065	0.0013188544605061065
483	 LLH-4	0.0013188544605061065	0.0013188544605061065
488	 LLH-6	0.0013185299481455826	0.0013185299481455826
489	 LLH-5	0.0013169720422030369	0.0013169720422030369
490	 LLH-3	0.001391015183832561	0.001391015183832561
491	 LLH-3	0.0012837067357909678	0.0012837067357909678
492	 LLH-5	0.0012839611069358095	0.0012839611069358095
493	 LLH-5	0.0012831742467615342	0.0012831742467615342
494	 LLH-5	0.00128248709476743	0.00128248709476743
495	 LLH-2	0.0013005867848288007	0.0013005867848288007
496	 LLH-5	0.0012994805641851973	0.0012994805641851973
497	 LLH-3	0.0012624775868307532	0.0012624775868307532
498	 LLH-2	0.001266690037122831	0.001266690037122831
499	 LLH-2	0.0012872136316332316	0.0012872136316332316
500	 LLH-1	0.0012872136316332316	0.0012872136316332316
501	 LLH-4	0.0012859868567511043	0.0012859868567511043
503	 LLH-5	0.0012860793916965548	0.0012860793916965548
504	 LLH-2	0.001284140326652638	0.001284140326652638
505	 LLH-0	0.001282598080220568	0.001282598080220568
506	 LLH-0	0.0012811270318285055	0.0012811270318285055
507	 LLH-3	0.0012714164068799703	0.0012714164068799703
508	 LLH-5	0.0012733721336282986	0.0012733721336282986
509	 LLH-2	0.0012833546560374737	0.0012833546560374737
510	 LLH-4	0.0012642119089951	0.0012642119089951
512	 LLH-5	0.0012648005724901906	0.0012648005724901906
513	 LLH-6	0.0012640223025637274	0.0012640223025637274
514	 LLH-5	0.0012632023225773747	0.0012632023225773747
515	 LLH-4	0.0012632023225773747	0.0012632023225773747
520	 LLH-4	0.0012632023225773747	0.0012632023225773747
525	 LLH-5	0.0012626298996499604	0.0012626298996499604
526	 LLH-3	0.0012594700753933493	0.0012594700753933493
527	 LLH-2	0.0012697807981219467	0.0012697807981219467
528	 LLH-0	0.001270702690917277	0.001270702690917277
529	 LLH-1	0.001270702690917277	0.001270702690917277
530	 LLH-2	0.0012712805811473553	0.0012712805811473553
531	 LLH-2	0.0012688397122366049	0.0012688397122366049
532	 LLH-2	0.0012845566603227317	0.0012845566603227317
533	 LLH-3	0.0013584701459920371	0.0013584701459920371
534	 LLH-2	0.0013434612202931845	0.0013434612202931845
535	 LLH-5	0.001343986374213619	0.001343986374213619
536	 LLH-2	0.0013285084468296925	0.0013285084468296925
537	 LLH-0	0.001326759099739458	0.001326759099739458
538	 LLH-5	0.0013265123788633029	0.0013265123788633029
539	 LLH-6	0.001327260504975618	0.001327260504975618
540	 LLH-0	0.0013254228747398848	0.0013254228747398848
541	 LLH-3	0.0014467309273653757	0.0013254228747398848
542	 LLH-5	0.0013254416834310293	0.0013254416834310293
543	 LLH-5	0.0013240789237718843	0.0013240789237718843
544	 LLH-3	0.0012760681661922234	0.0012760681661922234
545	 LLH-6	0.0012748279057610168	0.0012748279057610168
546	 LLH-3	0.0012575500008418315	0.0012575500008418315
547	 LLH-4	0.0012569155085338463	0.0012569155085338463
549	 LLH-4	0.0012569155085338463	0.0012569155085338463
554	 LLH-3	0.0012424923176024972	0.0012424923176024972
555	 LLH-5	0.001241369479550152	0.001241369479550152
556	 LLH-2	0.001251572109464508	0.001251572109464508
557	 LLH-0	0.0012522144074710506	0.0012522144074710506
558	 LLH-2	0.0012609430824382306	0.0012609430824382306
559	 LLH-4	0.0012601267410186734	0.0012601267410186734
562	 LLH-3	0.0013132696556043086	0.0013132696556043086
563	 LLH-3	0.001274027694595093	0.001274027694595093
564	 LLH-2	0.001277517125144523	0.001277517125144523
565	 LLH-0	0.0012785328789605462	0.0012785328789605462
566	 LLH-0	0.0012775166181900886	0.0012775166181900886
567	 LLH-6	0.0012761369178210234	0.0012761369178210234
568	 LLH-1	0.0012763646045416033	0.0012763646045416033
569	 LLH-1	0.0012763646045416033	0.0012763646045416033
570	 LLH-0	0.0012773765680744648	0.0012773765680744648
571	 LLH-3	0.001266806109881495	0.001266806109881495
572	 LLH-4	0.001265592546855622	0.001265592546855622
575	 LLH-2	0.0012600777824510175	0.0012600777824510175
576	 LLH-0	0.0012592897846537472	0.0012592897846537472
577	 LLH-4	0.0012584792183007476	0.0012584792183007476
579	 LLH-2	0.0012693073048978209	0.0012693073048978209
580	 LLH-3	0.0013337895160162932	0.0013337895160162932
581	 LLH-3	0.0014952472421517098	0.0014952472421517098
582	 LLH-3	0.0013100240009334932	0.0013100240009334932
583	 LLH-4	0.0013085441917044483	0.0013085441917044483
585	 LLH-6	0.0013095927946307994	0.0013095927946307994
586	 LLH-3	0.0012724816303481623	0.0012724816303481623
587	 LLH-0	0.0012732916478627896	0.0012732916478627896
588	 LLH-5	0.0012742351489678251	0.0012742351489678251
589	 LLH-6	0.0012725965746217117	0.0012725965746217117
590	 LLH-5	0.001272177023153004	0.001272177023153004
591	 LLH-4	0.001272177023153004	0.001272177023153004
596	 LLH-1	0.001272177023153004	0.001272177023153004
597	 LLH-1	0.00127247246528928	0.00127247246528928
598	 LLH-2	0.0012785006775316175	0.0012785006775316175
599	 LLH-4	0.0012593411228792283	0.0012593411228792283
601	 LLH-4	0.0012593411228792283	0.0012593411228792283
606	 LLH-4	0.0012593411228792283	0.0012593411228792283
611	 LLH-1	0.0012589294898639565	0.0012589294898639565
612	 LLH-4	0.0012589294898639565	0.0012589294898639565
617	 LLH-6	0.0012604925523148959	0.0012604925523148959
618	 LLH-1	0.0012604925523148959	0.0012604925523148959
619	 LLH-6	0.0012582237325704697	0.0012582237325704697
620	 LLH-0	0.0012771489925677891	0.0012771489925677891
621	 LLH-2	0.0012745161017587614	0.0012745161017587614
622	 LLH-6	0.0012755229425052078	0.0012755229425052078
623	 LLH-2	0.0012749283246262836	0.0012749283246262836
624	 LLH-3	0.0013589372539047186	0.0012749283246262836
625	 LLH-5	0.0012758777562109599	0.0012758777562109599
626	 LLH-1	0.0012760530796577859	0.0012760530796577859
627	 LLH-4	0.001274422667238239	0.001274422667238239
629	 LLH-0	0.0012729749797150806	0.0012729749797150806
630	 LLH-5	0.001272392196375814	0.001272392196375814
631	 LLH-2	0.0012762332889528485	0.0012762332889528485
632	 LLH-6	0.0012751680836303454	0.0012751680836303454
633	 LLH-3	0.0012732443559606325	0.0012732443559606325
634	 LLH-3	0.00132703144312177	0.00132703144312177
635	 LLH-2	0.0013178650678405922	0.0013178650678405922
636	 LLH-4	0.0013163234397634833	0.0013163234397634833
638	 LLH-1	0.0013164729574148288	0.0013164729574148288
639	 LLH-2	0.0013168447093857352	0.0013168447093857352
640	 LLH-2	0.0013120146275866628	0.0013120146275866628
641	 LLH-0	0.0013105553369206389	0.0013105553369206389
642	 LLH-0	0.001309419314190785	0.001309419314190785
643	 LLH-1	0.001309419314190785	0.001309419314190785
644	 LLH-2	0.0013132357130677267	0.0013132357130677267
645	 LLH-5	0.0013122843459525658	0.0013122843459525658
646	 LLH-3	0.0012626072374730595	0.0012626072374730595
647	 LLH-6	0.0012631263515516418	0.0012631263515516418
648	 LLH-0	0.0012641170882560842	0.0012641170882560842
649	 LLH-0	0.0012632982322533803	0.0012632982322533803
650	 LLH-5	0.0012615749939221647	0.0012615749939221647
651	 LLH-6	0.0012617398756876114	0.0012617398756876114
652	 LLH-2	0.0012812108125815872	0.0012812108125815872
653	 LLH-3	0.0013630877213144784	0.0012812108125815872
654	 LLH-0	0.0012799835318894441	0.0012799835318894441
655	 LLH-6	0.0012794874327402787	0.0012794874327402787
656	 LLH-2	0.0012932294259190165	0.0012932294259190165
657	 LLH-2	0.001281489702328201	0.001281489702328201
658	 LLH-1	0.001281489702328201	0.001281489702328201
659	 LLH-3	0.0013908546963805554	0.001281489702328201
660	 LLH-5	0.0012817727590058452	0.0012817727590058452
661	 LLH-2	0.0013043967758979088	0.0013043967758979088
662	 LLH-4	0.0013025154380030017	0.0013025154380030017
664	 LLH-1	0.001302211684589489	0.001302211684589489
665	 LLH-5	0.0013009891930785456	0.0013009891930785456
666	 LLH-6	0.0013028760664676163	0.0013028760664676163
667	 LLH-2	0.001303611090472581	0.001303611090472581
668	 LLH-4	0.0013022612436633916	0.0013022612436633916
670	 LLH-0	0.0013037741071333451	0.0013037741071333451
671	 LLH-2	0.0013049319798642163	0.0013049319798642163
672	 LLH-5	0.0013050650997744936	0.0013050650997744936
673	 LLH-5	0.0013063478909411475	0.0013063478909411475
674	 LLH-4	0.0013047980085052928	0.0013047980085052928
677	 LLH-4	0.0013035556232426104	0.0013035556232426104
680	 LLH-4	0.0013021378862080881	0.0013021378862080881
682	 LLH-2	0.0013009939062641784	0.0013009939062641784
683	 LLH-4	0.0012998370336762832	0.0012998370336762832
688	 LLH-3	0.0012550709053608614	0.0012550709053608614
689	 LLH-5	0.001254254213914694	0.001254254213914694
690	 LLH-3	0.0013263386264249439	0.001254254213914694
691	 LLH-5	0.0012543711943235445	0.0012543711943235445
692	 LLH-5	0.0012542424894163252	0.0012542424894163252
693	 LLH-6	0.0012551958044559387	0.0012551958044559387
694	 LLH-4	0.001254414277848404	0.001254414277848404
696	 LLH-4	0.001253786676082891	0.001253786676082891
698	 LLH-0	0.0012715516710758291	0.0012715516710758291
699	 LLH-2	0.0012731423978405263	0.0012731423978405263
700	 LLH-3	0.001332059667383117	0.001332059667383117
701	 LLH-0	0.001333878256802228	0.001333878256802228
702	 LLH-3	0.0014971702593083768	0.001333878256802228
703	 LLH-5	0.0013335938862279197	0.0013335938862279197
704	 LLH-6	0.001334987849036441	0.001334987849036441
705	 LLH-2	0.0013148654387423618	0.0013148654387423618
706	 LLH-6	0.0013162042813393852	0.0013162042813393852
707	 LLH-3	0.0014238285873416547	0.0014238285873416547
708	 LLH-3	0.00129273939701801	0.00129273939701801
709	 LLH-3	0.0013932105746557143	0.00129273939701801
710	 LLH-4	0.00129273939701801	0.00129273939701801
715	 LLH-5	0.0012943818035417954	0.0012943818035417954
716	 LLH-0	0.001295661002664291	0.001295661002664291
717	 LLH-2	0.0013033546054080965	0.0013033546054080965
718	 LLH-2	0.0013042823946903008	0.0013042823946903008
719	 LLH-4	0.0013029483666003932	0.0013029483666003932
723	 LLH-6	0.0012998458283657631	0.0012998458283657631
724	 LLH-6	0.0013010618854862538	0.0013010618854862538
725	 LLH-5	0.0013007499460564748	0.0013007499460564748
726	 LLH-0	0.0012994654715116215	0.0012994654715116215
727	 LLH-6	0.0012991160714097302	0.0012991160714097302
728	 LLH-5	0.001298260362896985	0.001298260362896985
729	 LLH-4	0.001297063927242363	0.001297063927242363
734	 LLH-1	0.001297063927242363	0.001297063927242363
735	 LLH-4	0.0012958139487281087	0.0012958139487281087
737	 LLH-0	0.0012948235694956178	0.0012948235694956178
738	 LLH-0	0.0012933706485571243	0.0012933706485571243
739	 LLH-5	0.0012939412683089949	0.0012939412683089949
740	 LLH-3	0.0013613272961461062	0.0013613272961461062
741	 LLH-3	0.001305459492719284	0.001305459492719284
742	 LLH-6	0.0013063677428318708	0.0013063677428318708
743	 LLH-3	0.0013870643520262856	0.0013870643520262856
744	 LLH-6	0.0013862914934603008	0.0013862914934603008
745	 LLH-2	0.0013603146448280573	0.0013603146448280573
746	 LLH-1	0.0013603146448280573	0.0013603146448280573
747	 LLH-1	0.0013603146448280573	0.0013603146448280573
748	 LLH-5	0.0013602471559403802	0.0013602471559403802
749	 LLH-0	0.001362578756342391	0.001362578756342391
750	 LLH-3	0.0014869264050452059	0.001362578756342391
751	 LLH-0	0.0013650499218033968	0.0013650499218033968
752	 LLH-4	0.0013628810775899666	0.0013628810775899666
754	 LLH-4	0.0013610293917299065	0.0013610293917299065
756	 LLH-4	0.0013588878276029077	0.0013588878276029077
758	 LLH-5	0.0013589127734033903	0.0013589127734033903
759	 LLH-5	0.001357479861926541	0.001357479861926541
760	 LLH-5	0.001358214519088018	0.001358214519088018
761	 LLH-3	0.0014943236430766326	0.0014943236430766326
762	 LLH-6	0.0014964080616165886	0.0014964080616165886
763	 LLH-3	0.001809055169592779	0.001809055169592779
764	 LLH-2	0.001590085940384667	0.001590085940384667
765	 LLH-4	0.0015846132987726957	0.0015846132987726957
767	 LLH-6	0.0015811723051284768	0.0015811723051284768
768	 LLH-4	0.0015750471172146824	0.0015750471172146824
770	 LLH-3	0.001869840903352103	0.001869840903352103
771	 LLH-4	0.0018586577214108066	0.0018586577214108066
773	 LLH-6	0.0018576186718705298	0.0018576186718705298
774	 LLH-0	0.0018689448763295267	0.0018689448763295267
775	 LLH-0	0.0018573977649466995	0.0018573977649466995
776	 LLH-5	0.0018582660921578256	0.0018582660921578256
777	 LLH-2	0.001607942347686727	0.001607942347686727
778	 LLH-0	0.0016021120578266004	0.0016021120578266004
779	 LLH-3	0.0017601335557125767	0.0016021120578266004
780	 LLH-1	0.0016021120578266004	0.0016021120578266004
781	 LLH-2	0.0014699338927613903	0.0014699338927613903
782	 LLH-6	0.0014689843699771808	0.0014689843699771808
783	 LLH-2	0.001437422521514544	0.001437422521514544
784	 LLH-2	0.001397362067621929	0.001397362067621929
785	 LLH-5	0.0013983977430760768	0.0013983977430760768
786	 LLH-5	0.0013983170354846277	0.0013983170354846277
787	 LLH-3	0.0012980686270888052	0.0012980686270888052
788	 LLH-4	0.0012980686270888052	0.0012980686270888052
793	 LLH-6	0.001298356734419962	0.001298356734419962
794	 LLH-5	0.0012975770906997793	0.0012975770906997793
795	 LLH-0	0.0012988305528434543	0.0012988305528434543
796	 LLH-3	0.0012691161655984415	0.0012691161655984415
797	 LLH-6	0.0012684118881452072	0.0012684118881452072
798	 LLH-6	0.001268436341585021	0.001268436341585021
799	 LLH-4	0.0012677662505207366	0.0012677662505207366
802	 LLH-3	0.0013070487223119647	0.0012677662505207366
803	 LLH-5	0.0012678538936176094	0.0012678538936176094
804	 LLH-4	0.0012668508845658812	0.0012668508845658812
808	 LLH-4	0.0012668508845658812	0.0012668508845658812
813	 LLH-3	0.0012533325656390718	0.0012533325656390718
814	 LLH-3	0.0012954543657328686	0.0012954543657328686
815	 LLH-3	0.0012687591931859184	0.0012687591931859184
816	 LLH-4	0.0012677954980331455	0.0012677954980331455
819	 LLH-6	0.0012669289378548646	0.0012669289378548646
820	 LLH-1	0.0012669469660927526	0.0012669469660927526
821	 LLH-5	0.0012667042069338462	0.0012667042069338462
822	 LLH-2	0.001264680547174108	0.001264680547174108
823	 LLH-3	0.0013471628991075782	0.0013471628991075782
824	 LLH-2	0.0013278479539976264	0.0013278479539976264
825	 LLH-0	0.0013296734232564299	0.0013296734232564299
826	 LLH-3	0.001450328115167771	0.0013296734232564299
827	 LLH-2	0.0013222526545939592	0.0013222526545939592
828	 LLH-1	0.0013222526545939592	0.0013222526545939592
829	 LLH-3	0.0012761831232286974	0.0012761831232286974
830	 LLH-0	0.0012771296155157101	0.0012771296155157101
831	 LLH-4	0.001276237477919699	0.001276237477919699
833	 LLH-1	0.001276237477919699	0.001276237477919699
834	 LLH-3	0.0012555740584237216	0.0012555740584237216
835	 LLH-1	0.0012555740584237216	0.0012555740584237216
836	 LLH-1	0.0012557750768624578	0.0012557750768624578
837	 LLH-1	0.0012557750768624578	0.0012557750768624578
838	 LLH-0	0.0012565728194486082	0.0012565728194486082
839	 LLH-0	0.0012559416003645294	0.0012559416003645294
840	 LLH-3	0.0013055672481445649	0.0013055672481445649
841	 LLH-5	0.0013058453788939734	0.0013058453788939734
842	 LLH-1	0.0013058453788939734	0.0013058453788939734
843	 LLH-0	0.001304391121994216	0.001304391121994216
844	 LLH-5	0.001305690036841606	0.001305690036841606
845	 LLH-0	0.0013068820686054517	0.0013068820686054517
846	 LLH-6	0.001307498884185774	0.001307498884185774
847	 LLH-1	0.0013074624469732927	0.0013074624469732927
848	 LLH-0	0.001308854698465711	0.001308854698465711
849	 LLH-2	0.0012970513312890444	0.0012970513312890444
850	 LLH-0	0.0012956156313054766	0.0012956156313054766
851	 LLH-3	0.0012630316003397583	0.0012630316003397583
852	 LLH-0	0.0012622371948633891	0.0012622371948633891
853	 LLH-0	0.0012631483944755158	0.0012631483944755158
854	 LLH-3	0.0013277710767142495	0.0013277710767142495
855	 LLH-4	0.001326219934905075	0.001326219934905075
857	 LLH-4	0.001324545444052177	0.001324545444052177
861	 LLH-2	0.0013166958233361869	0.0013166958233361869
862	 LLH-0	0.0013183439404260689	0.0013183439404260689
863	 LLH-5	0.001319509133373723	0.001319509133373723
864	 LLH-0	0.001320991133571812	0.001320991133571812
865	 LLH-1	0.001320991133571812	0.001320991133571812
866	 LLH-5	0.0013197730852421295	0.0013197730852421295
867	 LLH-3	0.0012735694346459104	0.0012735694346459104
868	 LLH-0	0.0012747081763871994	0.0012747081763871994
869	 LLH-2	0.0012720012443993179	0.0012720012443993179
870	 LLH-1	0.0012720012443993179	0.0012720012443993179
871	 LLH-6	0.0012719419311282261	0.0012719419311282261
872	 LLH-4	0.0012710421703241563	0.0012710421703241563
876	 LLH-3	0.0012538060491073294	0.0012538060491073294
877	 LLH-6	0.0012540255625249782	0.0012540255625249782
878	 LLH-0	0.0012548951861552499	0.0012548951861552499
879	 LLH-6	0.0012551885808778074	0.0012551885808778074
880	 LLH-5	0.0012548778741572615	0.0012548778741572615
881	 LLH-1	0.0012550131319462303	0.0012550131319462303
882	 LLH-1	0.0012550131319462303	0.0012550131319462303
883	 LLH-3	0.0012547584107323432	0.0012547584107323432
884	 LLH-2	0.0012468621350756627	0.0012468621350756627
885	 LLH-0	0.0012475063628557105	0.0012475063628557105
886	 LLH-3	0.0012944434942943344	0.0012944434942943344
887	 LLH-6	0.0012950277126398948	0.0012950277126398948
888	 LLH-4	0.001293743703567408	0.001293743703567408
891	 LLH-3	0.001371738183789742	0.001371738183789742
892	 LLH-2	0.0013844798026315215	0.0013844798026315215
893	 LLH-0	0.0013821408708008219	0.0013821408708008219
894	 LLH-1	0.0013822773018976344	0.0013822773018976344
895	 LLH-1	0.0013822773018976344	0.0013822773018976344
896	 LLH-4	0.0013801751005323528	0.0013801751005323528
898	 LLH-0	0.0013776524305483635	0.0013776524305483635
899	 LLH-4	0.0013756298261374407	0.0013756298261374407
903	 LLH-3	0.0015022082147229587	0.0015022082147229587
904	 LLH-6	0.0015030150356890833	0.0015030150356890833
905	 LLH-3	0.001310056934939999	0.001310056934939999
906	 LLH-2	0.0013046101518905413	0.0013046101518905413
907	 LLH-6	0.0013048393413002807	0.0013048393413002807
908	 LLH-4	0.0013037422506183892	0.0013037422506183892
912	 LLH-5	0.0013042374305331313	0.0013042374305331313
913	 LLH-5	0.001303105439407703	0.001303105439407703
914	 LLH-5	0.0013039528512512292	0.0013039528512512292
915	 LLH-1	0.0013037568130008271	0.0013037568130008271
916	 LLH-6	0.0013035469043455256	0.0013035469043455256
917	 LLH-6	0.001300770092550685	0.001300770092550685
918	 LLH-0	0.0012996043845807737	0.0012996043845807737
919	 LLH-2	0.0013048295575313373	0.0013048295575313373
920	 LLH-0	0.0013061326944865872	0.0013061326944865872
921	 LLH-6	0.0013059809727453814	0.0013059809727453814
922	 LLH-1	0.0013059849450597297	0.0013059849450597297
923	 LLH-2	0.0012933563662045984	0.0012933563662045984
924	 LLH-4	0.0012933563662045984	0.0012933563662045984
929	 LLH-1	0.001293506957726136	0.001293506957726136
930	 LLH-1	0.0012934995557756285	0.0012934995557756285
931	 LLH-4	0.0012920408181783642	0.0012920408181783642
933	 LLH-5	0.0012912663508998117	0.0012912663508998117
934	 LLH-1	0.001291553102881296	0.001291553102881296
935	 LLH-3	0.0013972053549685692	0.001291553102881296
936	 LLH-5	0.0012906011957742897	0.0012906011957742897
937	 LLH-1	0.0012906011957742897	0.0012906011957742897
938	 LLH-1	0.0012904445878796813	0.0012904445878796813
939	 LLH-1	0.0012904445878796813	0.0012904445878796813
940	 LLH-6	0.0012910171408271236	0.0012910171408271236
941	 LLH-3	0.0013722949079661366	0.0012910171408271236
942	 LLH-2	0.0013014685365506221	0.0013014685365506221
943	 LLH-4	0.0013014685365506221	0.0013014685365506221
948	 LLH-1	0.0013010098436880275	0.0013010098436880275
949	 LLH-1	0.00130072631371208	0.00130072631371208
950	 LLH-3	0.0013819634227301887	0.0013819634227301887
951	 LLH-4	0.001379149760881278	0.001379149760881278
953	 LLH-5	0.0013795915591107316	0.0013795915591107316
954	 LLH-0	0.0013770453569173305	0.0013770453569173305
955	 LLH-3	0.0015067691109014129	0.0013770453569173305
956	 LLH-1	0.0013769417028108928	0.0013769417028108928
957	 LLH-0	0.0013746110277846298	0.0013746110277846298
958	 LLH-3	0.0015016448804332947	0.0013746110277846298
959	 LLH-0	0.001377175556447014	0.001377175556447014
960	 LLH-2	0.0013805124757206	0.0013805124757206
961	 LLH-6	0.0013810895035525144	0.0013810895035525144
962	 LLH-5	0.0013809574750228305	0.0013809574750228305
963	 LLH-3	0.0012934675610977845	0.0012934675610977845
964	 LLH-0	0.0012919049387947862	0.0012919049387947862
965	 LLH-5	0.0012893944432550938	0.0012893944432550938
966	 LLH-2	0.0012890528612853574	0.0012890528612853574
967	 LLH-2	0.0012796978589189232	0.0012796978589189232
968	 LLH-0	0.0012809195360892615	0.0012809195360892615
969	 LLH-2	0.0012874573704869223	0.0012874573704869223
970	 LLH-0	0.0012863688492848965	0.0012863688492848965
971	 LLH-5	0.0012870988945043317	0.0012870988945043317
972	 LLH-5	0.001288960506735387	0.001288960506735387
973	 LLH-6	0.0012876623350595677	0.0012876623350595677
974	 LLH-4	0.0012876623350595677	0.0012876623350595677
979	 LLH-1	0.0012876623350595677	0.0012876623350595677
980	 LLH-5	0.0012890691683127503	0.0012890691683127503
981	 LLH-2	0.001299401299389243	0.001299401299389243
982	 LLH-5	0.0012999659716535102	0.0012999659716535102
983	 LLH-3	0.001258217912293021	0.001258217912293021
984	 LLH-4	0.001258217912293021	0.001258217912293021
989	 LLH-4	0.0012575219980164277	0.0012575219980164277
992	 LLH-2	0.0012780463129882247	0.0012780463129882247
993	 LLH-0	0.0012768736763074415	0.0012768736763074415
994	 LLH-5	0.0012769627504416055	0.0012769627504416055
995	 LLH-0	0.0012760224302438535	0.0012760224302438535
996	 LLH-2	0.0012731994051259	0.0012731994051259
997	 LLH-1	0.0012731994051259	0.0012731994051259
998	 LLH-1	0.0012731994051259	0.0012731994051259
999	 LLH-2	0.0012901031358186765	0.0012901031358186765
1000	 LLH-4	0.0012890316019453516	0.0012890316019453516
1002	 LLH-5	0.0012890940317847412	0.0012890940317847412
1003	 LLH-2	0.001288213418618011	0.001288213418618011
1004	 LLH-6	0.0012909211573942003	0.0012909211573942003
1005	 LLH-0	0.0012919131485848207	0.0012919131485848207
1006	 LLH-6	0.0012905202576011844	0.0012905202576011844
1007	 LLH-3	0.001384002247076863	0.0012905202576011844
1008	 LLH-6	0.0012910692806264161	0.0012910692806264161
1009	 LLH-0	0.0012921063712187607	0.0012921063712187607
1010	 LLH-4	0.0012910692806264161	0.0012910692806264161
1013	 LLH-4	0.0012895583217731716	0.0012895583217731716
1015	 LLH-4	0.0012895583217731716	0.0012895583217731716
1020	 LLH-0	0.0012881316091890942	0.0012881316091890942
1021	 LLH-3	0.0012579680222442407	0.0012579680222442407
1022	 LLH-6	0.0012581013340526132	0.0012581013340526132
1023	 LLH-5	0.0012581442873879588	0.0012581442873879588
1024	 LLH-4	0.001257446017284976	0.001257446017284976
1027	 LLH-3	0.0012548648789570183	0.0012548648789570183
1028	 LLH-4	0.0012548648789570183	0.0012548648789570183
1033	 LLH-6	0.001254171682304922	0.001254171682304922
1034	 LLH-5	0.0012541342494805999	0.0012541342494805999
1035	 LLH-3	0.0012968085417511973	0.0012541342494805999
1036	 LLH-1	0.0012541342494805999	0.0012541342494805999
1037	 LLH-3	0.0012896112052592878	0.0012896112052592878
1038	 LLH-6	0.0012891683793214309	0.0012891683793214309
1039	 LLH-2	0.0012976568445950054	0.0012976568445950054
1040	 LLH-3	0.0012681990527643717	0.0012681990527643717
1041	 LLH-0	0.0012691105063020935	0.0012691105063020935
1042	 LLH-3	0.0012612127182346823	0.0012612127182346823
1043	 LLH-3	0.0012941996472972126	0.0012612127182346823
1044	 LLH-6	0.0012615282424182637	0.0012615282424182637
1045	 LLH-3	0.0012467699552412856	0.0012467699552412856
1046	 LLH-5	0.001246563444516625	0.001246563444516625
1047	 LLH-0	0.0012471350769566187	0.0012471350769566187
1048	 LLH-1	0.0012471350769566187	0.0012471350769566187
1049	 LLH-6	0.0012470424712613122	0.0012470424712613122
1050	 LLH-5	0.001247511613865647	0.001247511613865647
1051	 LLH-4	0.0012469628240081518	0.0012469628240081518
1053	 LLH-6	0.001247426503039514	0.001247426503039514
1054	 LLH-4	0.001247426503039514	0.001247426503039514
1059	 LLH-4	0.0012466876819404945	0.0012466876819404945
1062	 LLH-4	0.0012466876819404945	0.0012466876819404945
1067	 LLH-2	0.0012576073642791192	0.0012576073642791192
1068	 LLH-5	0.0012580555827455852	0.0012580555827455852
1069	 LLH-6	0.0012580916413796133	0.0012580916413796133
1070	 LLH-1	0.0012580916413796133	0.0012580916413796133
1071	 LLH-3	0.0012462168001278718	0.0012462168001278718
1072	 LLH-6	0.0012462240788103695	0.0012462240788103695
1073	 LLH-1	0.0012462240788103695	0.0012462240788103695
1074	 LLH-6	0.0012471773375059788	0.0012471773375059788
1075	 LLH-3	0.0012707425890715561	0.0012707425890715561
1076	 LLH-4	0.0012707425890715561	0.0012707425890715561
1081	 LLH-0	0.0012910291742429477	0.0012910291742429477
1082	 LLH-3	0.0012597503131356897	0.0012597503131356897
1083	 LLH-1	0.0012597503131356897	0.0012597503131356897
1084	 LLH-5	0.0012598811811409118	0.0012598811811409118
1085	 LLH-0	0.001260519351502379	0.001260519351502379
1086	 LLH-6	0.0012595215889997988	0.0012595215889997988
1087	 LLH-5	0.0012595246110916514	0.0012595246110916514
1088	 LLH-3	0.0013029579384784974	0.0013029579384784974
1089	 LLH-1	0.0013028194714420802	0.0013028194714420802
1090	 LLH-6	0.0013029025588901875	0.0013029025588901875
1091	 LLH-5	0.0013013539359961281	0.0013013539359961281
1092	 LLH-6	0.001301797531127666	0.001301797531127666
1093	 LLH-6	0.0013040263508423914	0.0013040263508423914
1094	 LLH-1	0.0013042322899013263	0.0013042322899013263
1095	 LLH-3	0.0012753048431351271	0.0012753048431351271
1096	 LLH-1	0.0012753048431351271	0.0012753048431351271
1097	 LLH-3	0.0012627567241034383	0.0012627567241034383
1098	 LLH-1	0.0012627567241034383	0.0012627567241034383
1099	 LLH-6	0.0012636080228902232	0.0012636080228902232
1100	 LLH-1	0.0012636080228902232	0.0012636080228902232
1101	 LLH-5	0.0012631019786239358	0.0012631019786239358
1102	 LLH-5	0.0012630469597392504	0.0012630469597392504
1103	 LLH-5	0.001264221803988431	0.001264221803988431
1104	 LLH-5	0.0012638054602636761	0.0012638054602636761
1105	 LLH-4	0.001262945618652396	0.001262945618652396
1108	 LLH-4	0.0012619848587986232	0.0012619848587986232
1110	 LLH-4	0.0012614174549688934	0.0012614174549688934
1112	 LLH-2	0.0012533797123535201	0.0012533797123535201
1113	 LLH-3	0.0012612990104420125	0.0012533797123535201
1114	 LLH-0	0.0012526335914404036	0.0012526335914404036
1115	 LLH-4	0.0012526335914404036	0.0012526335914404036
1120	 LLH-2	0.0012717620368592904	0.0012717620368592904
1121	 LLH-1	0.0012717620368592904	0.0012717620368592904
1122	 LLH-5	0.0012721291356006727	0.0012721291356006727
1123	 LLH-2	0.0012807472009058714	0.0012807472009058714
1124	 LLH-4	0.001279614593372716	0.001279614593372716
1128	 LLH-4	0.0012783124841718565	0.0012783124841718565
1131	 LLH-0	0.0012773749702931886	0.0012773749702931886
1132	 LLH-2	0.0012718286908936314	0.0012718286908936314
1133	 LLH-4	0.0012718286908936314	0.0012718286908936314
1138	 LLH-6	0.0012723510742616631	0.0012723510742616631
1139	 LLH-0	0.001273392536461079	0.001273392536461079
1140	 LLH-5	0.0012730976449249333	0.0012730976449249333
1141	 LLH-1	0.0012730976449249333	0.0012730976449249333
1142	 LLH-5	0.0012740842961006266	0.0012740842961006266
1143	 LLH-4	0.0012740842961006266	0.0012740842961006266
1148	 LLH-0	0.0012725651272000546	0.0012725651272000546
1149	 LLH-2	0.0012993335128885961	0.0012993335128885961
1150	 LLH-0	0.0013011209652321514	0.0013011209652321514
1151	 LLH-3	0.0013666174571347715	0.0013666174571347715
1152	 LLH-0	0.0013692069933668833	0.0013692069933668833
1153	 LLH-4	0.0013692069933668833	0.0013692069933668833
1158	 LLH-2	0.0013460628047880319	0.0013460628047880319
1159	 LLH-4	0.0013444027832962228	0.0013444027832962228
1162	 LLH-4	0.0013421642858120024	0.0013421642858120024
1165	 LLH-0	0.0013401194701678726	0.0013401194701678726
1166	 LLH-6	0.0013391940671788384	0.0013391940671788384
1167	 LLH-0	0.0013374349586139683	0.0013374349586139683
1168	 LLH-0	0.0013393644557644375	0.0013393644557644375
1169	 LLH-5	0.0013376706652109497	0.0013376706652109497
1170	 LLH-6	0.001338585712408243	0.001338585712408243
1171	 LLH-6	0.0013367783856058667	0.0013367783856058667
1172	 LLH-4	0.0013347029675020196	0.0013347029675020196
1175	 LLH-1	0.0013348907718616339	0.0013348907718616339
1176	 LLH-0	0.0013369149674611475	0.0013369149674611475
1177	 LLH-2	0.0013289106082514197	0.0013289106082514197
1178	 LLH-6	0.0013286836801244448	0.0013286836801244448
1179	 LLH-0	0.0013307499295848201	0.0013307499295848201
1180	 LLH-2	0.0013208807726520452	0.0013208807726520452
1181	 LLH-1	0.0013208757375240553	0.0013208757375240553
1182	 LLH-4	0.0013189954090020686	0.0013189954090020686
1185	 LLH-2	0.0013285937021118724	0.0013285937021118724
1186	 LLH-3	0.0012813851996837655	0.0012813851996837655
1187	 LLH-4	0.0012804603138277407	0.0012804603138277407
1189	 LLH-1	0.001280460054422769	0.001280460054422769
1190	 LLH-0	0.0012817757440060258	0.0012817757440060258
1191	 LLH-1	0.0012817757440060258	0.0012817757440060258
1192	 LLH-3	0.0013455562628707043	0.0012817757440060258
1193	 LLH-3	0.0013281404956735786	0.0013281404956735786
1194	 LLH-2	0.001326642998604534	0.001326642998604534
1195	 LLH-3	0.0014257982646914925	0.001326642998604534
1196	 LLH-6	0.0013263460759733348	0.0013263460759733348
1197	 LLH-4	0.0013244988762169789	0.0013244988762169789
1199	 LLH-3	0.0012799429529587888	0.0012799429529587888
1200	 LLH-3	0.0013285091073789558	0.0012799429529587888
1201	 LLH-4	0.0012790045128361577	0.0012790045128361577
1203	 LLH-1	0.0012790226186856206	0.0012790226186856206
1204	 LLH-2	0.0012893637353404018	0.0012893637353404018
1205	 LLH-1	0.0012893637353404018	0.0012893637353404018
1206	 LLH-2	0.0012867531977904607	0.0012867531977904607
1207	 LLH-1	0.0012867531977904607	0.0012867531977904607
1208	 LLH-4	0.0012854904483258905	0.0012854904483258905
1211	 LLH-0	0.0012845880538773242	0.0012845880538773242
1212	 LLH-3	0.0012602615585528439	0.0012602615585528439
1213	 LLH-1	0.0012602615585528439	0.0012602615585528439
1214	 LLH-0	0.0012594139244092519	0.0012594139244092519
1215	 LLH-2	0.0012577269162084201	0.0012577269162084201
1216	 LLH-1	0.0012577269162084201	0.0012577269162084201
1217	 LLH-1	0.0012577269162084201	0.0012577269162084201
1218	 LLH-1	0.0012576296391586808	0.0012576296391586808
1219	 LLH-1	0.0012576296391586808	0.0012576296391586808
1220	 LLH-6	0.0012567541047772864	0.0012567541047772864
1221	 LLH-3	0.001244859337074046	0.001244859337074046
1222	 LLH-5	0.0012452564163373929	0.0012452564163373929
1223	 LLH-3	0.001296281731569799	0.0012452564163373929
1224	 LLH-6	0.0012439791301863126	0.0012439791301863126
1225	 LLH-2	0.0012520663582193318	0.0012439791301863126
1226	 LLH-1	0.0012439791301863126	0.0012439791301863126
1227	 LLH-2	0.0012536491406844746	0.0012439791301863126
1228	 LLH-6	0.0012444354003346998	0.0012444354003346998
1229	 LLH-4	0.0012444354003346998	0.0012444354003346998
1234	 LLH-0	0.0012450657772515798	0.0012450657772515798
1235	 LLH-2	0.0012622574592157081	0.0012622574592157081
1236	 LLH-6	0.0012627217448099859	0.0012627217448099859
1237	 LLH-5	0.0012628590706514507	0.0012628590706514507
1238	 LLH-1	0.0012628590706514507	0.0012628590706514507
1239	 LLH-2	0.0012739344377575386	0.0012739344377575386
1240	 LLH-3	0.0013205756810267671	0.0013205756810267671
1241	 LLH-6	0.0013230978575877938	0.0013230978575877938
1242	 LLH-0	0.0013246708241173653	0.0013246708241173653
1243	 LLH-5	0.0013250104670315776	0.0013250104670315776
1244	 LLH-6	0.001324395210986696	0.001324395210986696
1245	 LLH-3	0.0012684984918900977	0.0012684984918900977
1246	 LLH-1	0.0012684181095129095	0.0012684181095129095
1247	 LLH-4	0.001266957093279169	0.001266957093279169
1249	 LLH-5	0.0012678509563291958	0.0012678509563291958
1250	 LLH-3	0.0012650814069049055	0.0012650814069049055
1251	 LLH-0	0.0012658362052878735	0.0012658362052878735
1252	 LLH-6	0.0012649472631710867	0.0012649472631710867
1253	 LLH-5	0.001264699600900879	0.001264699600900879
1254	 LLH-1	0.001264699600900879	0.001264699600900879
1255	 LLH-0	0.0012654610738164194	0.0012654610738164194
1256	 LLH-4	0.0012654610738164194	0.0012654610738164194
1261	 LLH-5	0.0012661270745261944	0.0012661270745261944
1262	 LLH-5	0.001265800525178598	0.001265800525178598
1263	 LLH-2	0.0012723818002158068	0.0012723818002158068
1264	 LLH-4	0.0012544310852895212	0.0012544310852895212
1266	 LLH-6	0.001253588428071984	0.001253588428071984
1267	 LLH-0	0.0012716806681930294	0.001253588428071984
1268	 LLH-1	0.001253588428071984	0.001253588428071984
1269	 LLH-5	0.0012532785056073692	0.0012532785056073692
1270	 LLH-6	0.0012539264668360716	0.0012539264668360716
1271	 LLH-0	0.0012720556802701317	0.0012720556802701317
1272	 LLH-1	0.0012720556802701317	0.0012720556802701317
1273	 LLH-4	0.001271249227016001	0.001271249227016001
1275	 LLH-6	0.001270882623514907	0.001270882623514907
1276	 LLH-4	0.0012700664557952	0.0012700664557952
1279	 LLH-4	0.001269326841227551	0.001269326841227551
1282	 LLH-3	0.00131878510900361	0.001269326841227551
1283	 LLH-0	0.0012702087101643079	0.0012702087101643079
1284	 LLH-0	0.001270975019872755	0.001270975019872755
1285	 LLH-1	0.001270975019872755	0.001270975019872755
1286	 LLH-1	0.001270975019872755	0.001270975019872755
1287	 LLH-4	0.0012700373607141152	0.0012700373607141152
1290	 LLH-0	0.0012709545032893554	0.0012709545032893554
1291	 LLH-0	0.0012719495974722636	0.0012719495974722636
1292	 LLH-2	0.0012690815406090675	0.0012690815406090675
1293	 LLH-6	0.00126909094200371	0.00126909094200371
1294	 LLH-3	0.0012561492270108169	0.0012561492270108169
1295	 LLH-4	0.0012551631875735486	0.0012551631875735486
1298	 LLH-4	0.0012546075986861458	0.0012546075986861458
1300	 LLH-3	0.001306455459038737	0.001306455459038737
1301	 LLH-5	0.0013068885014604211	0.0013068885014604211
1302	 LLH-2	0.0013059229685672925	0.0013059229685672925
1303	 LLH-0	0.001307114860205156	0.001307114860205156
1304	 LLH-5	0.0013072882032837707	0.0013072882032837707
1305	 LLH-5	0.0013069560301838894	0.0013069560301838894
1306	 LLH-2	0.0013197722316049408	0.0013069560301838894
1307	 LLH-3	0.0014323850653738665	0.0014323850653738665
1308	 LLH-1	0.0014326220333345874	0.0014326220333345874
1309	 LLH-4	0.0014297701435213553	0.0014297701435213553
1311	 LLH-0	0.0014269742052769713	0.0014269742052769713
1312	 LLH-5	0.001428918892167746	0.001428918892167746
1313	 LLH-5	0.0014290108070376224	0.0014290108070376224
1314	 LLH-0	0.0014256565097104188	0.0014256565097104188
1315	 LLH-6	0.001425389988984025	0.001425389988984025
1316	 LLH-3	0.001567171371321474	0.001425389988984025
1317	 LLH-1	0.001425389988984025	0.001425389988984025
1318	 LLH-1	0.0014257425788389004	0.0014257425788389004
1319	 LLH-6	0.0014240974242547733	0.0014240974242547733
1320	 LLH-1	0.0014240974242547733	0.0014240974242547733
1321	 LLH-2	0.0013849567329703952	0.0013849567329703952
1322	 LLH-4	0.0013828162456990735	0.0013828162456990735
1324	 LLH-3	0.001491436365349745	0.0013828162456990735
1325	 LLH-6	0.001382551503710253	0.001382551503710253
1326	 LLH-0	0.0013851721043238116	0.0013851721043238116
1327	 LLH-0	0.0013832321447199254	0.0013832321447199254
1328	 LLH-3	0.0014979953491956093	0.0013832321447199254
1329	 LLH-0	0.0013811263683188202	0.0013811263683188202
1330	 LLH-3	0.001469881804760165	0.0013811263683188202
1331	 LLH-4	0.0013788846749845074	0.0013788846749845074
1333	 LLH-3	0.001273612521890797	0.001273612521890797
1334	 LLH-0	0.001274584574762669	0.001274584574762669
1335	 LLH-3	0.0012620940151782502	0.0012620940151782502
1336	 LLH-0	0.0012613590248993622	0.0012613590248993622
1337	 LLH-3	0.0013102647423417204	0.0013102647423417204
1338	 LLH-6	0.0013088228199197958	0.0013088228199197958
1339	 LLH-4	0.001306908194068126	0.001306908194068126
1341	 LLH-3	0.0012729422332831094	0.0012729422332831094
1342	 LLH-4	0.0012719176589644978	0.0012719176589644978
1344	 LLH-2	0.0012891281640738162	0.0012891281640738162
1345	 LLH-2	0.001281591728853615	0.001281591728853615
1346	 LLH-1	0.001281526728716702	0.001281526728716702
1347	 LLH-5	0.0012817111708511768	0.0012817111708511768
1348	 LLH-4	0.001280701706079673	0.001280701706079673
1350	 LLH-5	0.0012801866120663876	0.0012801866120663876
1351	 LLH-5	0.0012803588632236103	0.0012803588632236103
1352	 LLH-4	0.0012793626394925271	0.0012793626394925271
1354	 LLH-4	0.0012780838304101245	0.0012780838304101245
1357	 LLH-1	0.0012780838304101245	0.0012780838304101245
1358	 LLH-1	0.0012780838304101245	0.0012780838304101245
1359	 LLH-2	0.0012882377216112137	0.0012882377216112137
1360	 LLH-6	0.0012862555621914887	0.0012862555621914887
1361	 LLH-0	0.001287104839325003	0.001287104839325003
1362	 LLH-2	0.0012893570420513863	0.0012893570420513863
1363	 LLH-6	0.0012889993245407119	0.0012889993245407119
1364	 LLH-1	0.0012894253771778578	0.0012894253771778578
1365	 LLH-6	0.0012924792846322353	0.0012924792846322353
1366	 LLH-4	0.0012916206894212625	0.0012916206894212625
1370	 LLH-4	0.0012905974927043499	0.0012905974927043499
1374	 LLH-4	0.0012897246610390882	0.0012897246610390882
1376	 LLH-4	0.0012882748821846455	0.0012882748821846455
1379	 LLH-4	0.0012882748821846455	0.0012882748821846455
1384	 LLH-6	0.0012886477132219667	0.0012886477132219667
1385	 LLH-0	0.0012900603121673282	0.0012900603121673282
1386	 LLH-4	0.0012900603121673282	0.0012900603121673282
1391	 LLH-6	0.001288819668207869	0.001288819668207869
1392	 LLH-0	0.0012898296206954746	0.0012898296206954746
1393	 LLH-4	0.0012888390590037287	0.0012888390590037287
1396	 LLH-1	0.0012888390590037287	0.0012888390590037287
1397	 LLH-3	0.0013675848897701567	0.0013675848897701567
1398	 LLH-0	0.0013701126386842168	0.0013701126386842168
1399	 LLH-5	0.0013698405872645315	0.0013698405872645315
1400	 LLH-3	0.0014843617737188301	0.0014843617737188301
1401	 LLH-2	0.0014198095532112704	0.0014198095532112704
1402	 LLH-1	0.0014198095532112704	0.0014198095532112704
1403	 LLH-1	0.0014195482001011033	0.0014195482001011033
1404	 LLH-2	0.0013908206158138822	0.0013908206158138822
1405	 LLH-2	0.0013751982225549927	0.0013751982225549927
1406	 LLH-2	0.0013334088725131588	0.0013334088725131588
1407	 LLH-1	0.0013334088725131588	0.0013334088725131588
1408	 LLH-4	0.0013317191022169054	0.0013317191022169054
1411	 LLH-6	0.0013319044852559817	0.0013319044852559817
1412	 LLH-3	0.001282377912613378	0.001282377912613378
1413	 LLH-5	0.0012830569541346024	0.0012830569541346024
1414	 LLH-0	0.0012841576714876378	0.0012841576714876378
1415	 LLH-1	0.0012837453887140286	0.0012837453887140286
1416	 LLH-5	0.0012831111170013556	0.0012831111170013556
1417	 LLH-5	0.0012836496732768802	0.0012836496732768802
1418	 LLH-5	0.0012842137457699876	0.0012842137457699876
1419	 LLH-6	0.0012832462287502315	0.0012832462287502315
1420	 LLH-6	0.0012825672894993324	0.0012825672894993324
1421	 LLH-2	0.0012738236070186058	0.0012738236070186058
1422	 LLH-6	0.001274748670836039	0.001274748670836039
1423	 LLH-3	0.001260072706328584	0.001260072706328584
1424	 LLH-2	0.001262458271105631	0.001262458271105631
1425	 LLH-4	0.0012617011827182473	0.0012617011827182473
1427	 LLH-1	0.0012612094668421974	0.0012612094668421974
1428	 LLH-1	0.0012612094668421974	0.0012612094668421974
1429	 LLH-0	0.001262126332958851	0.001262126332958851
1430	 LLH-1	0.0012620963437268969	0.0012620963437268969
1431	 LLH-5	0.0012620579118169757	0.0012620579118169757
1432	 LLH-0	0.0012627705253780137	0.0012627705253780137
1433	 LLH-4	0.0012618580025428572	0.0012618580025428572
1438	 LLH-6	0.00126277715195262	0.00126277715195262
1439	 LLH-6	0.0012620729968077062	0.0012620729968077062
1440	 LLH-1	0.0012620129277261976	0.0012620129277261976
1441	 LLH-4	0.0012608658501870468	0.0012608658501870468
1443	 LLH-2	0.0012646713850273023	0.0012646713850273023
1444	 LLH-6	0.0012648126794993614	0.0012648126794993614
1445	 LLH-0	0.0012658350515218914	0.0012658350515218914
1446	 LLH-2	0.0012821087391185028	0.0012821087391185028
1447	 LLH-5	0.0012829163623154078	0.0012829163623154078
1448	 LLH-3	0.0012579945605001317	0.0012579945605001317
1449	 LLH-4	0.0012572242162533671	0.0012572242162533671
1453	 LLH-1	0.0012572242162533671	0.0012572242162533671
1454	 LLH-5	0.0012575942632152798	0.0012575942632152798
1455	 LLH-6	0.0012580765829583724	0.0012580765829583724
1456	 LLH-5	0.001258022186044156	0.001258022186044156
1457	 LLH-6	0.0012587251663928553	0.0012587251663928553
1458	 LLH-4	0.0012587251663928553	0.0012587251663928553
1463	 LLH-2	0.0012590490022406115	0.0012590490022406115
1464	 LLH-5	0.001260910823626629	0.001260910823626629
1465	 LLH-6	0.0012618572287447392	0.0012618572287447392
1466	 LLH-6	0.0012620541380171067	0.0012620541380171067
1467	 LLH-6	0.001261825188089895	0.001261825188089895
1468	 LLH-6	0.0012622741427028472	0.0012622741427028472
1469	 LLH-5	0.0012617377341295724	0.0012617377341295724
1470	 LLH-0	0.0012607514190314418	0.0012607514190314418
1471	 LLH-6	0.0012605788039732812	0.0012605788039732812
1472	 LLH-1	0.00126022906309843	0.00126022906309843
1473	 LLH-6	0.0012596497652468308	0.0012596497652468308
1474	 LLH-0	0.0012605413998678248	0.0012596497652468308
1475	 LLH-2	0.0012742357543982234	0.0012596497652468308
1476	 LLH-2	0.00128095658159305	0.00128095658159305
1477	 LLH-4	0.0012616722250024697	0.0012616722250024697
1479	 LLH-1	0.0012616722250024697	0.0012616722250024697
1480	 LLH-5	0.0012611065184581368	0.0012611065184581368
1481	 LLH-2	0.0012886231355801496	0.0012611065184581368
1482	 LLH-5	0.0012612025848013498	0.0012612025848013498
1483	 LLH-1	0.0012611704872866748	0.0012611704872866748
1484	 LLH-3	0.001253662010754717	0.001253662010754717
1485	 LLH-5	0.0012546097064197073	0.0012546097064197073
1486	 LLH-4	0.0012539321975244392	0.0012539321975244392
1488	 LLH-0	0.0012546772445508137	0.0012546772445508137
1489	 LLH-4	0.0012536588308875985	0.0012536588308875985
1493	 LLH-3	0.0012545877057672605	0.0012545877057672605
1494	 LLH-1	0.0012545877057672605	0.0012545877057672605
1495	 LLH-1	0.001254338795490924	0.001254338795490924
1496	 LLH-1	0.001254338795490924	0.001254338795490924
1497	 LLH-6	0.0012543708526294107	0.0012543708526294107
1498	 LLH-0	0.0012550061506488533	0.0012550061506488533
1499	 LLH-6	0.001254214554414598	0.001254214554414598
1500	 LLH-5	0.0012537905269955321	0.0012537905269955321
1501	 LLH-2	0.0012660887716708607	0.0012537905269955321
1502	 LLH-3	0.0012951339395701833	0.0012537905269955321
1503	 LLH-5	0.0012538013423196656	0.0012538013423196656
1504	 LLH-0	0.0012532922807324811	0.0012532922807324811
1505	 LLH-5	0.0012538923722002113	0.0012538923722002113
1506	 LLH-5	0.0012538256646753127	0.0012538256646753127
1507	 LLH-3	0.0013071184264885794	0.0013071184264885794
1508	 LLH-4	0.0012850505670738525	0.0012850505670738525
1510	 LLH-3	0.0013740714255450442	0.0012850505670738525
1511	 LLH-6	0.0012843624457662206	0.0012843624457662206
1512	 LLH-1	0.0012843624457662206	0.0012843624457662206
1513	 LLH-2	0.0013040194241731402	0.0012843624457662206
1514	 LLH-1	0.0012846277234466233	0.0012846277234466233
1515	 LLH-2	0.0013030383799838953	0.0013030383799838953
1516	 LLH-3	0.0012548712279659346	0.0012548712279659346
1517	 LLH-6	0.0012536305658459625	0.0012536305658459625
1518	 LLH-2	0.0012756123755937212	0.0012756123755937212
1519	 LLH-3	0.0012645265172858727	0.0012645265172858727
1520	 LLH-1	0.001264240274513778	0.001264240274513778
1521	 LLH-2	0.0012644764658524504	0.0012644764658524504
1522	 LLH-4	0.0012637840733986808	0.0012637840733986808
1524	 LLH-3	0.0012457216332624203	0.0012457216332624203
1525	 LLH-2	0.00125097410987155	0.00125097410987155
1526	 LLH-4	0.0012501202927896634	0.0012501202927896634
1528	 LLH-1	0.0012501202927896634	0.0012501202927896634
1529	 LLH-6	0.0012498724867393098	0.0012498724867393098
1530	 LLH-3	0.00124725667222422	0.00124725667222422
1531	 LLH-1	0.00124725667222422	0.00124725667222422
1532	 LLH-6	0.0012473172313004885	0.0012473172313004885
1533	 LLH-6	0.0012473447952684404	0.0012473447952684404
1534	 LLH-6	0.0012468300732135398	0.0012468300732135398
1535	 LLH-3	0.0012437224743378594	0.0012437224743378594
1536	 LLH-6	0.0012447807279407533	0.0012447807279407533
1537	 LLH-4	0.0012447807279407533	0.0012447807279407533
1542	 LLH-5	0.0012447807279407533	0.0012447807279407533
1543	 LLH-2	0.0012598633807110705	0.0012598633807110705
1544	 LLH-4	0.0012598633807110705	0.0012598633807110705
1549	 LLH-1	0.0012598633807110705	0.0012598633807110705
1550	 LLH-5	0.0012604362761942619	0.0012604362761942619
1551	 LLH-4	0.0012592600461727634	0.0012592600461727634
1554	 LLH-5	0.001259413998166497	0.001259413998166497
1555	 LLH-3	0.001289174721161719	0.001259413998166497
1556	 LLH-1	0.0012591665145792732	0.0012591665145792732
1557	 LLH-6	0.0012596982292580588	0.0012596982292580588
1558	 LLH-0	0.0012605324644018086	0.0012605324644018086
1559	 LLH-6	0.0012594988642854624	0.0012594988642854624
1560	 LLH-6	0.0012598374843829278	0.0012598374843829278
1561	 LLH-0	0.0012603603982035614	0.0012603603982035614
1562	 LLH-2	0.0012504479545465098	0.0012504479545465098
1563	 LLH-2	0.0012696850278811635	0.0012696850278811635
1564	 LLH-3	0.0013313140959243558	0.0012696850278811635
1565	 LLH-0	0.001268936851515739	0.001268936851515739
1566	 LLH-0	0.0012700114922792557	0.0012700114922792557
1567	 LLH-2	0.001275448343622088	0.001275448343622088
1568	 LLH-2	0.0012826039789530202	0.0012826039789530202
1569	 LLH-5	0.0012816989353737274	0.0012816989353737274
1570	 LLH-4	0.0012807082707505702	0.0012807082707505702
1573	 LLH-3	0.001378513063641076	0.0012807082707505702
1574	 LLH-0	0.0012818610634322666	0.0012818610634322666
1575	 LLH-6	0.0012790821139810119	0.0012790821139810119
1576	 LLH-5	0.0012790419079999676	0.0012790419079999676
1577	 LLH-3	0.0013367080587494663	0.0013367080587494663
1578	 LLH-6	0.0013374407544331306	0.0013374407544331306
1579	 LLH-1	0.0013374407544331306	0.0013374407544331306
1580	 LLH-3	0.0012866792161977264	0.0012866792161977264
1581	 LLH-5	0.0012855403498909623	0.0012855403498909623
1582	 LLH-0	0.0012866065174465648	0.0012866065174465648
1583	 LLH-2	0.0012847539350014962	0.0012847539350014962
1584	 LLH-1	0.0012847539350014962	0.0012847539350014962
1585	 LLH-0	0.0012832762017046056	0.0012832762017046056
1586	 LLH-1	0.0012830506756083828	0.0012830506756083828
1587	 LLH-6	0.0012847463811178493	0.0012847463811178493
1588	 LLH-0	0.001283836393405463	0.001283836393405463
1589	 LLH-5	0.0012837725178794113	0.0012837725178794113
1590	 LLH-3	0.0013642792314177434	0.0012837725178794113
1591	 LLH-0	0.0012827318104073836	0.0012827318104073836
1592	 LLH-0	0.0012841970670812732	0.0012841970670812732
1593	 LLH-0	0.0012856887038408774	0.0012856887038408774
1594	 LLH-0	0.0012871585865272136	0.0012856887038408774
1595	 LLH-5	0.0012840809441896897	0.0012840809441896897
1596	 LLH-0	0.0012828321097238008	0.0012828321097238008
1597	 LLH-4	0.0012812757599390445	0.0012812757599390445
1599	 LLH-4	0.0012802656236214393	0.0012802656236214393
1601	 LLH-1	0.0012802040472354305	0.0012802040472354305
1602	 LLH-1	0.0012802040472354305	0.0012802040472354305
1603	 LLH-5	0.0012803204753142716	0.0012803204753142716
1604	 LLH-6	0.001280456101810005	0.001280456101810005
1605	 LLH-5	0.0012797576983670247	0.0012797576983670247
1606	 LLH-3	0.0013767413936643957	0.0012797576983670247
1607	 LLH-2	0.001279792110831466	0.001279792110831466
1608	 LLH-1	0.001279792110831466	0.001279792110831466
1609	 LLH-0	0.001281297868126015	0.001281297868126015
1610	 LLH-0	0.00128232972533513	0.00128232972533513
1611	 LLH-5	0.0012825909555427934	0.0012825909555427934
1612	 LLH-6	0.0012842752814866795	0.0012842752814866795
1613	 LLH-0	0.001282792942892207	0.001282792942892207
1614	 LLH-2	0.0012993016869946687	0.0012993016869946687
1615	 LLH-1	0.0012993016869946687	0.0012993016869946687
1616	 LLH-1	0.0012993016869946687	0.0012993016869946687
1617	 LLH-3	0.0013871150247550612	0.0012993016869946687
1618	 LLH-2	0.0013088862341252446	0.0013088862341252446
1619	 LLH-3	0.0012717375628068294	0.0012717375628068294
1620	 LLH-5	0.0012717649146017525	0.0012717649146017525
1621	 LLH-2	0.0012807775333633178	0.0012717649146017525
1622	 LLH-4	0.0012710071554861474	0.0012710071554861474
1627	 LLH-4	0.001269860929667322	0.001269860929667322
1631	 LLH-5	0.0012693014585718968	0.0012693014585718968
1632	 LLH-5	0.0012698080546045098	0.0012698080546045098
1633	 LLH-1	0.0012699923664495304	0.0012699923664495304
1634	 LLH-0	0.0012689313415349414	0.0012689313415349414
1635	 LLH-6	0.0012679498577164723	0.0012679498577164723
1636	 LLH-2	0.0012627424045424224	0.0012627424045424224
1637	 LLH-1	0.0012627424045424224	0.0012627424045424224
1638	 LLH-1	0.0012627424045424224	0.0012627424045424224
1639	 LLH-6	0.0012639382145287975	0.0012639382145287975
1640	 LLH-5	0.0012636228731260656	0.0012636228731260656
1641	 LLH-5	0.0012638683796234091	0.0012638683796234091
1642	 LLH-3	0.0012621810517271076	0.0012621810517271076
1643	 LLH-2	0.001260656496447234	0.001260656496447234
1644	 LLH-5	0.0012602717834653654	0.0012602717834653654
1645	 LLH-3	0.0013095088403171752	0.0012602717834653654
1646	 LLH-1	0.0012598760176240835	0.0012598760176240835
1647	 LLH-2	0.0012781789986828502	0.0012781789986828502
1648	 LLH-1	0.0012781789986828502	0.0012781789986828502
1649	 LLH-4	0.0012773543680026386	0.0012773543680026386
1651	 LLH-0	0.0012781608899039422	0.0012781608899039422
1652	 LLH-2	0.001276206434368706	0.001276206434368706
1653	 LLH-3	0.0013386689635631996	0.001276206434368706
1654	 LLH-5	0.001275879665696777	0.001275879665696777
1655	 LLH-3	0.0012638158427144544	0.0012638158427144544
1656	 LLH-5	0.0012641210980966066	0.0012641210980966066
1657	 LLH-5	0.001264178444428403	0.001264178444428403
1658	 LLH-6	0.0012658846812587186	0.0012658846812587186
1659	 LLH-1	0.0012658846812587186	0.0012658846812587186
1660	 LLH-4	0.0012649682002284796	0.0012649682002284796
1665	 LLH-2	0.0012688258266690022	0.0012688258266690022
1666	 LLH-6	0.0012683073177398793	0.0012683073177398793
1667	 LLH-2	0.001273781389220796	0.001273781389220796
1668	 LLH-1	0.0012735739693643848	0.0012735739693643848
1669	 LLH-0	0.0012748306738493821	0.0012748306738493821
1670	 LLH-6	0.0012751761524832964	0.0012751761524832964
1671	 LLH-6	0.0012750067815539457	0.0012750067815539457
1672	 LLH-5	0.0012742686729822056	0.0012742686729822056
1673	 LLH-6	0.0012731964985876899	0.0012731964985876899
1674	 LLH-3	0.0012626268009958926	0.0012626268009958926
1675	 LLH-0	0.0012635261282492982	0.0012635261282492982
1676	 LLH-2	0.0012663863080388518	0.0012663863080388518
1677	 LLH-1	0.0012663863080388518	0.0012663863080388518
1678	 LLH-6	0.0012655786887399035	0.0012655786887399035
1679	 LLH-0	0.0012663936821794494	0.0012663936821794494
1680	 LLH-1	0.00126643385745597	0.00126643385745597
1681	 LLH-6	0.0012669601911403767	0.0012669601911403767
1682	 LLH-0	0.001267956042140687	0.001267956042140687
1683	 LLH-2	0.001279308103450266	0.001267956042140687
1684	 LLH-6	0.001267951107143452	0.001267951107143452
1685	 LLH-1	0.001267951107143452	0.001267951107143452
1686	 LLH-1	0.0012679402037050185	0.0012679402037050185
1687	 LLH-0	0.0012688700315183785	0.0012688700315183785
1688	 LLH-4	0.0012688700315183785	0.0012688700315183785
1693	 LLH-6	0.0012684499449787726	0.0012684499449787726
1694	 LLH-2	0.0012705896144746094	0.0012705896144746094
1695	 LLH-4	0.0012697464836313901	0.0012697464836313901
1697	 LLH-2	0.0012769585075443786	0.0012769585075443786
1698	 LLH-3	0.0012546930124717318	0.0012546930124717318
1699	 LLH-3	0.0012524134230985234	0.0012524134230985234
1700	 LLH-2	0.0012586579369279467	0.0012586579369279467
1701	 LLH-3	0.0012981656873121904	0.0012981656873121904
1702	 LLH-6	0.0013006230713295457	0.0013006230713295457
1703	 LLH-6	0.0013004514972105024	0.0013004514972105024
1704	 LLH-2	0.00131638983110823	0.00131638983110823
1705	 LLH-0	0.0013177888318266604	0.0013177888318266604
1706	 LLH-4	0.00131620256808496	0.00131620256808496
1708	 LLH-3	0.001425531111692221	0.00131620256808496
1709	 LLH-4	0.0013149241122099933	0.0013149241122099933
1711	 LLH-5	0.001315398919351046	0.001315398919351046
1712	 LLH-4	0.0013135615187149538	0.0013135615187149538
1714	 LLH-4	0.0013122371726076475	0.0013122371726076475
1716	 LLH-1	0.0013124978635163913	0.0013124978635163913
1717	 LLH-2	0.001300101696550515	0.001300101696550515
1718	 LLH-1	0.001299958310158771	0.001299958310158771
1719	 LLH-3	0.0014124345558207752	0.001299958310158771
1720	 LLH-4	0.0012986323647987499	0.0012986323647987499
1722	 LLH-4	0.0012973513594084322	0.0012973513594084322
1727	 LLH-2	0.0013155521718240457	0.0013155521718240457
1728	 LLH-4	0.0013140037817095886	0.0013140037817095886
1732	 LLH-0	0.0013157427619649269	0.0013157427619649269
1733	 LLH-0	0.0013175648662331232	0.0013175648662331232
1734	 LLH-1	0.0013175648662331232	0.0013175648662331232
1735	 LLH-5	0.001317272355500519	0.001317272355500519
1736	 LLH-3	0.0014189749003220512	0.001317272355500519
1737	 LLH-0	0.001315616136796286	0.001315616136796286
1738	 LLH-4	0.001314223947159113	0.001314223947159113
1740	 LLH-2	0.0013197823017711795	0.0013197823017711795
1741	 LLH-6	0.00131979769341895	0.00131979769341895
1742	 LLH-5	0.0013205573804602128	0.00131979769341895
1743	 LLH-1	0.0013194142193165932	0.0013194142193165932
1744	 LLH-6	0.0013180286625114053	0.0013180286625114053
1745	 LLH-2	0.0013094789950789474	0.0013094789950789474
1746	 LLH-6	0.0013092303507374384	0.0013092303507374384
1747	 LLH-2	0.0013061847160451229	0.0013061847160451229
1748	 LLH-0	0.0013045665098149106	0.0013045665098149106
1749	 LLH-2	0.001301443009586211	0.001301443009586211
1750	 LLH-1	0.001301443009586211	0.001301443009586211
1751	 LLH-4	0.001301443009586211	0.001301443009586211
1756	 LLH-2	0.0013198835432681104	0.001301443009586211
1757	 LLH-0	0.0013252086970340238	0.001301443009586211
1758	 LLH-2	0.0012985447435301996	0.0012985447435301996
1759	 LLH-0	0.0012972593297329537	0.0012972593297329537
1760	 LLH-2	0.001298115234742756	0.001298115234742756
1761	 LLH-3	0.0012639043248257949	0.0012639043248257949
1762	 LLH-1	0.0012641020564043847	0.0012641020564043847
1763	 LLH-6	0.001263257388283271	0.001263257388283271
1764	 LLH-0	0.0012640023302469808	0.0012640023302469808
1765	 LLH-2	0.0012639412964957964	0.0012639412964957964
1766	 LLH-0	0.0012650019043027793	0.0012650019043027793
1767	 LLH-0	0.001265862027464668	0.001265862027464668
1768	 LLH-3	0.0013449221268690254	0.001265862027464668
1769	 LLH-1	0.001265862027464668	0.001265862027464668
1770	 LLH-6	0.0012646759385310491	0.0012646759385310491
1771	 LLH-5	0.0012642033756490607	0.0012642033756490607
1772	 LLH-3	0.0013580384424472956	0.0012642033756490607
1773	 LLH-1	0.0012642033756490607	0.0012642033756490607
1774	 LLH-4	0.0012630123368027144	0.0012630123368027144
1776	 LLH-4	0.0012630123368027144	0.0012630123368027144
1781	 LLH-5	0.0012623071738218049	0.0012623071738218049
1782	 LLH-5	0.0012611328867752835	0.0012611328867752835
1783	 LLH-2	0.00127427325858174	0.00127427325858174
1784	 LLH-1	0.00127427325858174	0.00127427325858174
1785	 LLH-0	0.0012731043141057832	0.0012731043141057832
1786	 LLH-3	0.001263506013665314	0.001263506013665314
1787	 LLH-1	0.0012634233653596655	0.0012634233653596655
1788	 LLH-0	0.0012464133432154344	0.0012464133432154344
1789	 LLH-3	0.0013082639833271242	0.0012464133432154344
1790	 LLH-2	0.0012699981163300101	0.0012464133432154344
1791	 LLH-3	0.0013063628995237057	0.0012464133432154344
1792	 LLH-1	0.0012463664086304407	0.0012463664086304407
1793	 LLH-1	0.0012465490080790158	0.0012465490080790158
1794	 LLH-5	0.0012475110222590969	0.0012475110222590969
1795	 LLH-6	0.00124916368236964	0.00124916368236964
1796	 LLH-5	0.0012485767971375723	0.0012485767971375723
1797	 LLH-0	0.0012496057654533808	0.0012485767971375723
1798	 LLH-2	0.00125881155736434	0.0012485767971375723
1799	 LLH-2	0.0012676655235216662	0.0012676655235216662
1800	 LLH-4	0.0012676655235216662	0.0012676655235216662
1805	 LLH-6	0.0012686354928562835	0.0012686354928562835
1806	 LLH-6	0.00126921766885678	0.00126921766885678
1807	 LLH-4	0.0012683653711543566	0.0012683653711543566
1810	 LLH-6	0.0012680199871116958	0.0012680199871116958
1811	 LLH-5	0.0012690657990767403	0.0012690657990767403
1812	 LLH-6	0.001268589934031478	0.001268589934031478
1813	 LLH-0	0.0012694153379087575	0.0012694153379087575
1814	 LLH-4	0.0012694153379087575	0.0012694153379087575
1819	 LLH-4	0.0012694153379087575	0.0012694153379087575
1824	 LLH-4	0.001268082422534303	0.001268082422534303
1829	 LLH-2	0.001274534727016868	0.001274534727016868
1830	 LLH-2	0.001279169776515149	0.001279169776515149
1831	 LLH-4	0.001279169776515149	0.001279169776515149
1836	 LLH-0	0.0012803845272132905	0.0012803845272132905
1837	 LLH-5	0.0012800584038222037	0.0012800584038222037
1838	 LLH-1	0.001280113522384551	0.001280113522384551
1839	 LLH-3	0.00136884922775637	0.001280113522384551
1840	 LLH-5	0.0012793939436113765	0.0012793939436113765
1841	 LLH-6	0.0012788478328348933	0.0012788478328348933
1842	 LLH-1	0.0012788614971498515	0.0012788614971498515
1843	 LLH-2	0.0012730906287069987	0.0012730906287069987
1844	 LLH-1	0.001273181613896044	0.001273181613896044
1845	 LLH-3	0.001381259557006742	0.001273181613896044
1846	 LLH-4	0.001273181613896044	0.001273181613896044
1851	 LLH-4	0.0012717348021808635	0.0012717348021808635
1853	 LLH-0	0.0012730992701601711	0.0012730992701601711
1854	 LLH-3	0.0012490985689271438	0.0012490985689271438
1855	 LLH-5	0.0012494153699909062	0.0012494153699909062
1856	 LLH-1	0.0012494399675188035	0.0012494399675188035
1857	 LLH-6	0.0012499697605378463	0.0012499697605378463
1858	 LLH-1	0.0012499697605378463	0.0012499697605378463
1859	 LLH-3	0.0013002601001405704	0.0012499697605378463
1860	 LLH-6	0.0012481141911320707	0.0012481141911320707
1861	 LLH-3	0.001250279741622072	0.001250279741622072
1862	 LLH-6	0.0012506416370541887	0.0012506416370541887
1863	 LLH-1	0.0012506416370541887	0.0012506416370541887
1864	 LLH-4	0.001250118381055258	0.001250118381055258
1868	 LLH-4	0.001250118381055258	0.001250118381055258
1873	 LLH-5	0.001251462418035354	0.001251462418035354
1874	 LLH-0	0.001251928149170193	0.001251928149170193
1875	 LLH-5	0.001252378915602886	0.001252378915602886
1876	 LLH-1	0.001252378915602886	0.001252378915602886
1877	 LLH-0	0.0012529408868536282	0.0012529408868536282
1878	 LLH-5	0.0012528245639282871	0.0012528245639282871
1879	 LLH-6	0.001252624599551775	0.001252624599551775
1880	 LLH-2	0.0012596117786145813	0.0012596117786145813
1881	 LLH-4	0.0012596117786145813	0.0012596117786145813
1886	 LLH-1	0.0012596117786145813	0.0012596117786145813
1887	 LLH-2	0.0012694908500999393	0.0012596117786145813
1888	 LLH-5	0.001260449823771577	0.001260449823771577
1889	 LLH-2	0.0012633542520028049	0.0012633542520028049
1890	 LLH-4	0.0012633542520028049	0.0012633542520028049
1895	 LLH-3	0.0013115561963662563	0.0012633542520028049
1896	 LLH-6	0.0012635206478580005	0.0012635206478580005
1897	 LLH-4	0.0012624595235600986	0.0012624595235600986
1901	 LLH-1	0.0012624595235600986	0.0012624595235600986
1902	 LLH-1	0.0012624595235600986	0.0012624595235600986
1903	 LLH-5	0.0012631149075774725	0.0012631149075774725
1904	 LLH-5	0.0012630276731920602	0.0012630276731920602
1905	 LLH-6	0.001261355053815911	0.001261355053815911
1906	 LLH-3	0.0013071639435830347	0.001261355053815911
1907	 LLH-4	0.001260708124295253	0.001260708124295253
1909	 LLH-6	0.0012609760396913644	0.0012609760396913644
1910	 LLH-5	0.0012610052633590914	0.0012610052633590914
1911	 LLH-3	0.001307735156240168	0.0012610052633590914
1912	 LLH-2	0.0012676411955985705	0.0012676411955985705
1913	 LLH-5	0.0012675016347227308	0.0012675016347227308
1914	 LLH-6	0.0012697057701117282	0.0012697057701117282
1915	 LLH-1	0.0012697057701117282	0.0012697057701117282
1916	 LLH-5	0.0012695549874457424	0.0012695549874457424
1917	 LLH-1	0.0012695549874457424	0.0012695549874457424
1918	 LLH-0	0.0012703865448318592	0.0012703865448318592
1919	 LLH-1	0.0012703865448318592	0.0012703865448318592
1920	 LLH-2	0.0012644151207592434	0.0012644151207592434
1921	 LLH-0	0.001265887781421698	0.001265887781421698
1922	 LLH-2	0.0012901221483745911	0.0012901221483745911
1923	 LLH-1	0.0012901221483745911	0.0012901221483745911
1924	 LLH-1	0.0012900733068762133	0.0012900733068762133
1925	 LLH-2	0.0012804104139947372	0.0012804104139947372
1926	 LLH-3	0.0012594842542551542	0.0012594842542551542
1927	 LLH-2	0.001261380712594517	0.001261380712594517
1928	 LLH-3	0.0012471594941433225	0.0012471594941433225
1929	 LLH-2	0.0012602653027136213	0.0012602653027136213
1930	 LLH-3	0.0013236534259714096	0.0013236534259714096
1931	 LLH-2	0.0013055621008625606	0.0013055621008625606
1932	 LLH-0	0.0013043790007754485	0.0013043790007754485
1933	 LLH-0	0.001306382620403964	0.001306382620403964
1934	 LLH-4	0.0013048778841879243	0.0013048778841879243
1936	 LLH-6	0.0013055876185260142	0.0013055876185260142
1937	 LLH-4	0.0013055876185260142	0.0013055876185260142
1942	 LLH-0	0.001307104345072654	0.001307104345072654
1943	 LLH-2	0.0013050329989417418	0.0013050329989417418
1944	 LLH-3	0.0012746176774593202	0.0012746176774593202
1945	 LLH-4	0.0012737207804518888	0.0012737207804518888
1949	 LLH-4	0.0012737207804518888	0.0012737207804518888
1954	 LLH-0	0.0012744911667301822	0.0012744911667301822
1955	 LLH-2	0.0012704723415566097	0.0012704723415566097
1956	 LLH-3	0.0013482778775020514	0.0012704723415566097
1957	 LLH-5	0.0012703483841354428	0.0012703483841354428
1958	 LLH-0	0.00126956311926565	0.00126956311926565
1959	 LLH-4	0.0012685957678245346	0.0012685957678245346
1961	 LLH-2	0.0012790290675621402	0.0012685957678245346
1962	 LLH-0	0.00126954966245304	0.00126954966245304
1963	 LLH-3	0.0012584796345245848	0.0012584796345245848
1964	 LLH-4	0.0012577492281054079	0.0012577492281054079
1968	 LLH-2	0.001263561328862473	0.001263561328862473
1969	 LLH-6	0.0012632551515444376	0.0012632551515444376
1970	 LLH-4	0.0012624922515039197	0.0012624922515039197
1972	 LLH-6	0.001261534590833749	0.001261534590833749
1973	 LLH-4	0.0012606529027744161	0.0012606529027744161
1976	 LLH-4	0.001259791805856926	0.001259791805856926
1979	 LLH-0	0.0012604861355999405	0.0012604861355999405
1980	 LLH-3	0.0012988767713274026	0.0012604861355999405
1981	 LLH-4	0.0012595338765621334	0.0012595338765621334
1984	 LLH-3	0.0012536895404982283	0.0012536895404982283
1985	 LLH-0	0.001253160440551635	0.001253160440551635
1986	 LLH-1	0.001253160440551635	0.001253160440551635
1987	 LLH-0	0.0012536569296737626	0.0012536569296737626
1988	 LLH-5	0.0012523133967480135	0.0012523133967480135
1989	 LLH-0	0.001253205419382161	0.001253205419382161
1990	 LLH-0	0.0012540716608867484	0.0012540716608867484
1991	 LLH-1	0.0012543113495113347	0.0012543113495113347
1992	 LLH-5	0.0012544444437529328	0.0012544444437529328
1993	 LLH-1	0.0012545460358171633	0.0012545460358171633
1994	 LLH-4	0.0012545460358171633	0.0012545460358171633
1999	 LLH-4	0.0012545460358171633	0.0012545460358171633
GRID-Start
0.0	0.0
0.0	308.0385
0.0	616.077
0.0	924.1155
0.0	1232.154
0.0	1540.1925
0.0	1848.2310000000002
0.0	2156.2695000000003
0.0	2464.3080000000004
0.0	2772.3465000000006
0.0	3080.3850000000007
0.0	3388.423500000001
0.0	3696.462000000001
0.0	4004.500500000001
0.0	4312.539000000001
0.0	4620.5775
0.0	4928.616
0.0	5236.6545
0.0	5544.692999999999
0.0	5852.731499999999
0.0	6160.769999999999
0.0	6468.808499999998
308.0385	0.0
308.0385	308.0385
308.0385	616.077
308.0385	924.1155
308.0385	1232.154
308.0385	1540.1925
308.0385	1848.2310000000002
308.0385	2156.2695000000003
308.0385	2464.3080000000004
308.0385	2772.3465000000006
308.0385	3080.3850000000007
308.0385	3388.423500000001
308.0385	3696.462000000001
308.0385	4004.500500000001
308.0385	4312.539000000001
308.0385	4620.5775
308.0385	4928.616
308.0385	5236.6545
308.0385	5544.692999999999
308.0385	5852.731499999999
308.0385	6160.769999999999
308.0385	6468.808499999998
616.077	0.0
616.077	308.0385
616.077	616.077
616.077	924.1155
616.077	1232.154
616.077	1540.1925
616.077	1848.2310000000002
616.077	2156.2695000000003
616.077	2464.3080000000004
616.077	2772.3465000000006
616.077	3080.3850000000007
616.077	3388.423500000001
616.077	3696.462000000001
616.077	4004.500500000001
616.077	4312.539000000001
616.077	4620.5775
616.077	4928.616
616.077	5236.6545
616.077	5544.692999999999
616.077	5852.731499999999
616.077	6160.769999999999
616.077	6468.808499999998
924.1155	0.0
924.1155	308.0385
924.1155	616.077
924.1155	924.1155
924.1155	1232.154
924.1155	1540.1925
924.1155	1848.2310000000002
924.1155	2156.2695000000003
924.1155	2464.3080000000004
924.1155	2772.3465000000006
924.1155	3080.3850000000007
924.1155	3388.423500000001
924.1155	3696.462000000001
924.1155	4004.500500000001
924.1155	4312.539000000001
924.1155	4620.5775
924.1155	4928.616
924.1155	5236.6545
924.1155	5544.692999999999
924.1155	5852.731499999999
924.1155	6160.769999999999
924.1155	6468.808499999998
1232.154	0.0
1232.154	308.0385
1232.154	616.077
1232.154	924.1155
1232.154	1232.154
1232.154	1540.1925
1232.154	1848.2310000000002
1232.154	2156.2695000000003
1232.154	2464.3080000000004
1232.154	2772.3465000000006
1232.154	3080.3850000000007
1232.154	4620.5775
1232.154	4928.616
1232.154	5236.6545
1232.154	5544.692999999999
1232.154	5852.731499999999
1232.154	6160.769999999999
1232.154	6468.808499999998
1540.1925	0.0
1540.1925	308.0385
1540.1925	616.077
1540.1925	924.1155
1540.1925	1232.154
1540.1925	1540.1925
1540.1925	1848.2310000000002
1540.1925	2156.2695000000003
1540.1925	2464.3080000000004
1540.1925	2772.3465000000006
1540.1925	3080.3850000000007
1540.1925	4620.5775
1540.1925	4928.616
1540.1925	5236.6545
1540.1925	5544.692999999999
1540.1925	5852.731499999999
1540.1925	6160.769999999999
1540.1925	6468.808499999998
1848.2310000000002	0.0
1848.2310000000002	308.0385
1848.2310000000002	616.077
1848.2310000000002	924.1155
1848.2310000000002	1232.154
1848.2310000000002	1540.1925
1848.2310000000002	1848.2310000000002
1848.2310000000002	2156.2695000000003
1848.2310000000002	2464.3080000000004
1848.2310000000002	2772.3465000000006
1848.2310000000002	3080.3850000000007
1848.2310000000002	4620.5775
1848.2310000000002	4928.616
1848.2310000000002	5236.6545
1848.2310000000002	5544.692999999999
1848.2310000000002	5852.731499999999
1848.2310000000002	6160.769999999999
1848.2310000000002	6468.808499999998
2156.2695000000003	0.0
2156.2695000000003	308.0385
2156.2695000000003	616.077
2156.2695000000003	924.1155
2156.2695000000003	1232.154
2156.2695000000003	1540.1925
2156.2695000000003	1848.2310000000002
2156.2695000000003	2156.2695000000003
2156.2695000000003	2464.3080000000004
2156.2695000000003	2772.3465000000006
2156.2695000000003	3080.3850000000007
2156.2695000000003	4620.5775
2156.2695000000003	4928.616
2156.2695000000003	5236.6545
2156.2695000000003	5544.692999999999
2156.2695000000003	5852.731499999999
2156.2695000000003	6160.769999999999
2156.2695000000003	6468.808499999998
2464.3080000000004	0.0
2464.3080000000004	2464.3080000000004
2464.3080000000004	2772.3465000000006
2464.3080000000004	3080.3850000000007
2464.3080000000004	3388.423500000001
2464.3080000000004	3696.462000000001
2464.3080000000004	4004.500500000001
2464.3080000000004	4312.539000000001
2464.3080000000004	4620.5775
2464.3080000000004	4928.616
2464.3080000000004	5236.6545
2464.3080000000004	5544.692999999999
2464.3080000000004	5852.731499999999
2464.3080000000004	6160.769999999999
2464.3080000000004	6468.808499999998
2772.3465000000006	0.0
2772.3465000000006	2464.3080000000004
2772.3465000000006	2772.3465000000006
2772.3465000000006	3080.3850000000007
2772.3465000000006	3388.423500000001
2772.3465000000006	3696.462000000001
2772.3465000000006	4004.500500000001
2772.3465000000006	4312.539000000001
2772.3465000000006	4620.5775
2772.3465000000006	4928.616
2772.3465000000006	5236.6545
2772.3465000000006	5544.692999999999
2772.3465000000006	5852.731499999999
2772.3465000000006	6160.769999999999
2772.3465000000006	6468.808499999998
3080.3850000000007	0.0
3080.3850000000007	2464.3080000000004
3080.3850000000007	2772.3465000000006
3080.3850000000007	3080.3850000000007
3080.3850000000007	3388.423500000001
3080.3850000000007	3696.462000000001
3080.3850000000007	4004.500500000001
3080.3850000000007	4312.539000000001
3080.3850000000007	4620.5775
3080.3850000000007	4928.616
3080.3850000000007	5236.6545
3080.3850000000007	5544.692999999999
3080.3850000000007	5852.731499999999
3080.3850000000007	6160.769999999999
3080.3850000000007	6468.808499999998
3388.423500000001	0.0
3388.423500000001	2464.3080000000004
3388.423500000001	2772.3465000000006
3388.423500000001	3080.3850000000007
3388.423500000001	3388.423500000001
3388.423500000001	3696.462000000001
3388.423500000001	4004.500500000001
3388.423500000001	4312.539000000001
3388.423500000001	4620.5775
3388.423500000001	4928.616
3388.423500000001	5236.6545
3388.423500000001	5544.692999999999
3388.423500000001	5852.731499999999
3388.423500000001	6160.769999999999
3388.423500000001	6468.808499999998
3696.462000000001	0.0
3696.462000000001	308.0385
3696.462000000001	616.077
3696.462000000001	924.1155
3696.462000000001	1232.154
3696.462000000001	1540.1925
3696.462000000001	1848.2310000000002
3696.462000000001	2156.2695000000003
3696.462000000001	3388.423500000001
3696.462000000001	3696.462000000001
3696.462000000001	4004.500500000001
3696.462000000001	4312.539000000001
3696.462000000001	4620.5775
3696.462000000001	4928.616
3696.462000000001	5236.6545
3696.462000000001	5544.692999999999
3696.462000000001	5852.731499999999
3696.462000000001	6160.769999999999
3696.462000000001	6468.808499999998
4004.500500000001	0.0
4004.500500000001	308.0385
4004.500500000001	616.077
4004.500500000001	924.1155
4004.500500000001	1232.154
4004.500500000001	1540.1925
4004.500500000001	1848.2310000000002
4004.500500000001	2156.2695000000003
4004.500500000001	3388.423500000001
4004.500500000001	3696.462000000001
4004.500500000001	4004.500500000001
4004.500500000001	4312.539000000001
4004.500500000001	4620.5775
4004.500500000001	4928.616
4004.500500000001	5236.6545
4004.500500000001	5544.692999999999
4004.500500000001	5852.731499999999
4004.500500000001	6160.769999999999
4004.500500000001	6468.808499999998
4312.539000000001	0.0
4312.539000000001	308.0385
4312.539000000001	616.077
4312.539000000001	924.1155
4312.539000000001	1232.154
4312.539000000001	1540.1925
4312.539000000001	1848.2310000000002
4312.539000000001	2156.2695000000003
4312.539000000001	3388.423500000001
4312.539000000001	3696.462000000001
4312.539000000001	4004.500500000001
4312.539000000001	4312.539000000001
4312.539000000001	4620.5775
4312.539000000001	4928.616
4312.539000000001	5236.6545
4312.539000000001	5544.692999999999
4312.539000000001	5852.731499999999
4312.539000000001	6160.769999999999
4312.539000000001	6468.808499999998
4620.5775	0.0
4620.5775	308.0385
4620.5775	616.077
4620.5775	924.1155
4620.5775	1232.154
4620.5775	1540.1925
4620.5775	1848.2310000000002
4620.5775	2156.2695000000003
4620.5775	2464.3080000000004
4620.5775	2772.3465000000006
4620.5775	3080.3850000000007
4620.5775	3388.423500000001
4620.5775	3696.462000000001
4620.5775	4004.500500000001
4620.5775	4312.539000000001
4620.5775	4620.5775
4620.5775	4928.616
4620.5775	5236.6545
4620.5775	5544.692999999999
4620.5775	5852.731499999999
4620.5775	6160.769999999999
4620.5775	6468.808499999998
4928.616	0.0
4928.616	308.0385
4928.616	616.077
4928.616	924.1155
4928.616	1232.154
4928.616	1540.1925
4928.616	1848.2310000000002
4928.616	2156.2695000000003
4928.616	2464.3080000000004
4928.616	2772.3465000000006
4928.616	3080.3850000000007
4928.616	3388.423500000001
4928.616	3696.462000000001
4928.616	4004.500500000001
4928.616	4312.539000000001
4928.616	4620.5775
4928.616	4928.616
4928.616	5236.6545
4928.616	5544.692999999999
4928.616	5852.731499999999
4928.616	6160.769999999999
4928.616	6468.808499999998
5236.6545	0.0
5236.6545	308.0385
5236.6545	616.077
5236.6545	924.1155
5236.6545	1232.154
5236.6545	1540.1925
5236.6545	1848.2310000000002
5236.6545	2156.2695000000003
5236.6545	2464.3080000000004
5236.6545	2772.3465000000006
5236.6545	3080.3850000000007
5236.6545	3388.423500000001
5236.6545	3696.462000000001
5236.6545	4004.500500000001
5236.6545	4312.539000000001
5236.6545	4620.5775
5236.6545	4928.616
5236.6545	5236.6545
5236.6545	5544.692999999999
5236.6545	5852.731499999999
5236.6545	6160.769999999999
5236.6545	6468.808499999998
5544.692999999999	0.0
5544.692999999999	308.0385
5544.692999999999	616.077
5544.692999999999	924.1155
5544.692999999999	1232.154
5544.692999999999	1540.1925
5544.692999999999	1848.2310000000002
5544.692999999999	2156.2695000000003
5544.692999999999	2464.3080000000004
5544.692999999999	2772.3465000000006
5544.692999999999	3080.3850000000007
5544.692999999999	3388.423500000001
5544.692999999999	3696.462000000001
5544.692999999999	4004.500500000001
5544.692999999999	4312.539000000001
5544.692999999999	4620.5775
5544.692999999999	4928.616
5544.692999999999	5236.6545
5544.692999999999	5544.692999999999
5544.692999999999	5852.731499999999
5544.692999999999	6160.769999999999
5544.692999999999	6468.808499999998
5852.731499999999	0.0
5852.731499999999	308.0385
5852.731499999999	616.077
5852.731499999999	924.1155
5852.731499999999	1232.154
5852.731499999999	1540.1925
5852.731499999999	1848.2310000000002
5852.731499999999	2156.2695000000003
5852.731499999999	2464.3080000000004
5852.731499999999	2772.3465000000006
5852.731499999999	3080.3850000000007
5852.731499999999	3388.423500000001
5852.731499999999	3696.462000000001
5852.731499999999	4004.500500000001
5852.731499999999	4312.539000000001
5852.731499999999	4620.5775
5852.731499999999	4928.616
5852.731499999999	5236.6545
5852.731499999999	5544.692999999999
5852.731499999999	5852.731499999999
5852.731499999999	6160.769999999999
5852.731499999999	6468.808499999998
6160.769999999999	0.0
6160.769999999999	308.0385
6160.769999999999	616.077
6160.769999999999	924.1155
6160.769999999999	1232.154
6160.769999999999	1540.1925
6160.769999999999	1848.2310000000002
6160.769999999999	2156.2695000000003
6160.769999999999	2464.3080000000004
6160.769999999999	2772.3465000000006
6160.769999999999	3080.3850000000007
6160.769999999999	3388.423500000001
6160.769999999999	3696.462000000001
6160.769999999999	4004.500500000001
6160.769999999999	4312.539000000001
6160.769999999999	4620.5775
6160.769999999999	4928.616
6160.769999999999	5236.6545
6160.769999999999	5544.692999999999
6160.769999999999	5852.731499999999
6160.769999999999	6160.769999999999
6160.769999999999	6468.808499999998
6468.808499999998	0.0
6468.808499999998	308.0385
6468.808499999998	616.077
6468.808499999998	924.1155
6468.808499999998	1232.154
6468.808499999998	1540.1925
6468.808499999998	1848.2310000000002
6468.808499999998	2156.2695000000003
6468.808499999998	2464.3080000000004
6468.808499999998	2772.3465000000006
6468.808499999998	3080.3850000000007
6468.808499999998	3388.423500000001
6468.808499999998	3696.462000000001
6468.808499999998	4004.500500000001
6468.808499999998	4312.539000000001
6468.808499999998	4620.5775
6468.808499999998	4928.616
6468.808499999998	5236.6545
6468.808499999998	5544.692999999999
6468.808499999998	5852.731499999999
6468.808499999998	6160.769999999999
6468.808499999998	6468.808499999998
6776.846999999998	0.0
6776.846999999998	308.0385
6776.846999999998	616.077
6776.846999999998	924.1155
6776.846999999998	1232.154
6776.846999999998	1540.1925
6776.846999999998	1848.2310000000002
6776.846999999998	2156.2695000000003
6776.846999999998	2464.3080000000004
6776.846999999998	2772.3465000000006
6776.846999999998	3080.3850000000007
6776.846999999998	3388.423500000001
6776.846999999998	3696.462000000001
6776.846999999998	4004.500500000001
6776.846999999998	4312.539000000001
6776.846999999998	4620.5775
6776.846999999998	4928.616
6776.846999999998	5236.6545
6776.846999999998	5544.692999999999
6776.846999999998	5852.731499999999
6776.846999999998	6160.769999999999
6776.846999999998	6468.808499999998
7084.885499999998	0.0
7084.885499999998	308.0385
7084.885499999998	616.077
7084.885499999998	924.1155
7084.885499999998	1232.154
7084.885499999998	1540.1925
7084.885499999998	1848.2310000000002
7084.885499999998	2156.2695000000003
7084.885499999998	2464.3080000000004
7084.885499999998	2772.3465000000006
7084.885499999998	3080.3850000000007
7084.885499999998	3388.423500000001
7084.885499999998	3696.462000000001
7084.885499999998	4004.500500000001
7084.885499999998	4312.539000000001
7084.885499999998	4620.5775
7084.885499999998	4928.616
7084.885499999998	5236.6545
7084.885499999998	5544.692999999999
7084.885499999998	5852.731499999999
7084.885499999998	6160.769999999999
7084.885499999998	6468.808499999998
7392.923999999997	0.0
7392.923999999997	308.0385
7392.923999999997	616.077
7392.923999999997	924.1155
7392.923999999997	1232.154
7392.923999999997	1540.1925
7392.923999999997	1848.2310000000002
7392.923999999997	2156.2695000000003
7392.923999999997	2464.3080000000004
7392.923999999997	2772.3465000000006
7392.923999999997	3080.3850000000007
7392.923999999997	3388.423500000001
7392.923999999997	3696.462000000001
7392.923999999997	4004.500500000001
7392.923999999997	4312.539000000001
7392.923999999997	4620.5775
7392.923999999997	4928.616
7392.923999999997	5236.6545
7392.923999999997	5544.692999999999
7392.923999999997	5852.731499999999
7392.923999999997	6160.769999999999
7392.923999999997	6468.808499999998
7700.962499999997	0.0
7700.962499999997	308.0385
7700.962499999997	616.077
7700.962499999997	924.1155
7700.962499999997	1232.154
7700.962499999997	1540.1925
7700.962499999997	1848.2310000000002
7700.962499999997	2156.2695000000003
7700.962499999997	2464.3080000000004
7700.962499999997	2772.3465000000006
7700.962499999997	3080.3850000000007
7700.962499999997	3388.423500000001
7700.962499999997	3696.462000000001
7700.962499999997	4004.500500000001
7700.962499999997	4312.539000000001
7700.962499999997	4620.5775
7700.962499999997	4928.616
7700.962499999997	5236.6545
7700.962499999997	5544.692999999999
7700.962499999997	5852.731499999999
7700.962499999997	6160.769999999999
7700.962499999997	6468.808499999998
8009.000999999997	0.0
8009.000999999997	308.0385
8009.000999999997	616.077
8009.000999999997	924.1155
8009.000999999997	1232.154
8009.000999999997	1540.1925
8009.000999999997	1848.2310000000002
8009.000999999997	2156.2695000000003
8009.000999999997	2464.3080000000004
8009.000999999997	2772.3465000000006
8009.000999999997	3080.3850000000007
8009.000999999997	3388.423500000001
8009.000999999997	3696.462000000001
8009.000999999997	4004.500500000001
8009.000999999997	4312.539000000001
8009.000999999997	4620.5775
8009.000999999997	4928.616
8009.000999999997	5236.6545
8009.000999999997	5544.692999999999
8009.000999999997	5852.731499999999
8009.000999999997	6160.769999999999
8009.000999999997	6468.808499999998
8317.039499999997	0.0
8317.039499999997	308.0385
8317.039499999997	616.077
8317.039499999997	924.1155
8317.039499999997	1232.154
8317.039499999997	1540.1925
8317.039499999997	1848.2310000000002
8317.039499999997	2156.2695000000003
8317.039499999997	2464.3080000000004
8317.039499999997	2772.3465000000006
8317.039499999997	3080.3850000000007
8317.039499999997	3388.423500000001
8317.039499999997	3696.462000000001
8317.039499999997	4004.500500000001
8317.039499999997	4312.539000000001
8317.039499999997	4620.5775
8317.039499999997	4928.616
8317.039499999997	5236.6545
8317.039499999997	5544.692999999999
8317.039499999997	5852.731499999999
8317.039499999997	6160.769999999999
8317.039499999997	6468.808499999998
8625.077999999998	0.0
8625.077999999998	308.0385
8625.077999999998	616.077
8625.077999999998	924.1155
8625.077999999998	1232.154
8625.077999999998	1540.1925
8625.077999999998	1848.2310000000002
8625.077999999998	2156.2695000000003
8625.077999999998	2464.3080000000004
8625.077999999998	2772.3465000000006
8625.077999999998	3080.3850000000007
8625.077999999998	3388.423500000001
8625.077999999998	3696.462000000001
8625.077999999998	4004.500500000001
8625.077999999998	4312.539000000001
8625.077999999998	4620.5775
8625.077999999998	4928.616
8625.077999999998	5236.6545
8625.077999999998	5544.692999999999
8625.077999999998	5852.731499999999
8625.077999999998	6160.769999999999
8625.077999999998	6468.808499999998
8933.116499999998	0.0
8933.116499999998	308.0385
8933.116499999998	616.077
8933.116499999998	924.1155
8933.116499999998	1232.154
8933.116499999998	1540.1925
8933.116499999998	1848.2310000000002
8933.116499999998	2156.2695000000003
8933.116499999998	2464.3080000000004
8933.116499999998	2772.3465000000006
8933.116499999998	3080.3850000000007
8933.116499999998	3388.423500000001
8933.116499999998	3696.462000000001
8933.116499999998	4004.500500000001
8933.116499999998	4312.539000000001
8933.116499999998	4620.5775
8933.116499999998	4928.616
8933.116499999998	5236.6545
8933.116499999998	5544.692999999999
8933.116499999998	5852.731499999999
8933.116499999998	6160.769999999999
8933.116499999998	6468.808499999998
GRID-End
num_of_evaluations 2000
best obj 0.001241369479550152
LLH0	76
LLH1	45
LLH2	98
LLH3	96
LLH4	175
LLH5	97
LLH6	98