Initial objective 0.0013159733963010159	 Seed value 109229231
1	 LLH-5	0.001317343333740472	0.001317343333740472
2	 LLH-5	0.0013174461041050999	0.0013174461041050999
3	 LLH-1	0.001317307585499515	0.001317307585499515
4	 LLH-2	0.0012962859818443178	0.0012962859818443178
5	 LLH-6	0.0012972452787402245	0.0012972452787402245
6	 LLH-2	0.0013088992483135404	0.0013088992483135404
7	 LLH-1	0.0013088992483135404	0.0013088992483135404
8	 LLH-6	0.001309082503234896	0.001309082503234896
9	 LLH-4	0.001309082503234896	0.001309082503234896
14	 LLH-6	0.0013073842215050847	0.0013073842215050847
15	 LLH-2	0.0013041045658871322	0.0013041045658871322
16	 LLH-3	0.001390289587422924	0.001390289587422924
17	 LLH-1	0.001390289587422924	0.001390289587422924
18	 LLH-1	0.001390289587422924	0.001390289587422924
19	 LLH-2	0.001356228924385991	0.001356228924385991
20	 LLH-1	0.001356228924385991	0.001356228924385991
21	 LLH-0	0.001354143280734558	0.001354143280734558
22	 LLH-6	0.0013525648288317893	0.0013525648288317893
23	 LLH-0	0.00135453471983373	0.00135453471983373
24	 LLH-4	0.0013526505736761803	0.0013526505736761803
26	 LLH-1	0.0013526505736761803	0.0013526505736761803
27	 LLH-2	0.0013449302597100996	0.0013449302597100996
28	 LLH-0	0.0013470549601399544	0.0013470549601399544
29	 LLH-3	0.0014985308285939186	0.0014985308285939186
30	 LLH-6	0.001497632405734548	0.001497632405734548
31	 LLH-4	0.0014931933750913177	0.0014931933750913177
33	 LLH-2	0.001448779610955793	0.001448779610955793
34	 LLH-2	0.001412124804012214	0.001412124804012214
35	 LLH-4	0.0014091054757086338	0.0014091054757086338
37	 LLH-0	0.00140609499465257	0.00140609499465257
38	 LLH-5	0.0014068483553190433	0.0014068483553190433
39	 LLH-6	0.001404367859855537	0.001404367859855537
40	 LLH-2	0.0013761076728934691	0.0013761076728934691
41	 LLH-3	0.0015417793409118414	0.0015417793409118414
42	 LLH-3	0.0013139296641165494	0.0013139296641165494
43	 LLH-6	0.0013133393048799823	0.0013133393048799823
44	 LLH-0	0.0013118437116418698	0.0013118437116418698
45	 LLH-4	0.0013103026940404236	0.0013103026940404236
48	 LLH-5	0.001310293198325445	0.001310293198325445
49	 LLH-1	0.001310293198325445	0.001310293198325445
50	 LLH-2	0.0013150339135766119	0.0013150339135766119
51	 LLH-5	0.0013153511297512624	0.0013153511297512624
52	 LLH-4	0.0013136888401637527	0.0013136888401637527
55	 LLH-6	0.0013155610324585448	0.0013155610324585448
56	 LLH-2	0.0013192422517512969	0.0013192422517512969
57	 LLH-0	0.0013207573486373916	0.0013207573486373916
58	 LLH-2	0.0013246751870881963	0.0013246751870881963
59	 LLH-1	0.0013246751870881963	0.0013246751870881963
60	 LLH-2	0.001297164109739909	0.001297164109739909
61	 LLH-1	0.001297164109739909	0.001297164109739909
62	 LLH-0	0.0012983443568734938	0.001297164109739909
63	 LLH-5	0.0012984476898376227	0.0012984476898376227
64	 LLH-4	0.001297187962413698	0.001297187962413698
67	 LLH-1	0.001297187962413698	0.001297187962413698
68	 LLH-4	0.0012958887503695118	0.0012958887503695118
71	 LLH-4	0.001294364684884344	0.001294364684884344
73	 LLH-6	0.0012933445401781892	0.0012933445401781892
74	 LLH-3	0.0012689389237795204	0.0012689389237795204
75	 LLH-3	0.0012606787281639483	0.0012606787281639483
76	 LLH-6	0.0012621824573926547	0.0012621824573926547
77	 LLH-0	0.001262910108693824	0.001262910108693824
78	 LLH-1	0.001262910108693824	0.001262910108693824
79	 LLH-0	0.001263580292873593	0.001263580292873593
80	 LLH-5	0.001263049529411202	0.001263049529411202
81	 LLH-2	0.0012723688332324807	0.0012723688332324807
82	 LLH-0	0.001273209698410497	0.001273209698410497
83	 LLH-3	0.0013238883644140602	0.0013238883644140602
84	 LLH-1	0.001323444573785212	0.001323444573785212
85	 LLH-2	0.0013053904832046347	0.0013053904832046347
86	 LLH-4	0.0013039218872326769	0.0013039218872326769
89	 LLH-1	0.0013039218872326769	0.0013039218872326769
90	 LLH-5	0.0013044070548864266	0.0013044070548864266
91	 LLH-1	0.0013044070548864266	0.0013044070548864266
92	 LLH-5	0.0013042662102197215	0.0013042662102197215
93	 LLH-5	0.0013031548396920214	0.0013031548396920214
94	 LLH-6	0.0013030084258152741	0.0013030084258152741
95	 LLH-6	0.001302933392019988	0.001302933392019988
96	 LLH-1	0.001302933392019988	0.001302933392019988
97	 LLH-4	0.0013012203681043192	0.0013012203681043192
101	 LLH-0	0.0013250588024195128	0.0013250588024195128
102	 LLH-3	0.0012616914430415463	0.0012616914430415463
103	 LLH-2	0.0012755044933028892	0.0012755044933028892
104	 LLH-3	0.0012560220490488623	0.0012560220490488623
105	 LLH-1	0.0012562644672305945	0.0012562644672305945
106	 LLH-2	0.0012555233836651857	0.0012555233836651857
107	 LLH-0	0.0012563288185400187	0.0012563288185400187
108	 LLH-0	0.0012569913432287385	0.0012569913432287385
109	 LLH-3	0.0012501086184493757	0.0012501086184493757
110	 LLH-3	0.0012573268807680375	0.0012573268807680375
111	 LLH-6	0.0012586016635178655	0.0012586016635178655
112	 LLH-2	0.0012486971466353415	0.0012486971466353415
113	 LLH-3	0.0012562294505794529	0.0012562294505794529
114	 LLH-4	0.0012562294505794529	0.0012562294505794529
119	 LLH-0	0.001255773738318072	0.001255773738318072
120	 LLH-3	0.0012889528532655133	0.0012889528532655133
121	 LLH-4	0.0012877851569580347	0.0012877851569580347
126	 LLH-3	0.0012562175643459283	0.0012562175643459283
127	 LLH-5	0.0012559131645844864	0.0012559131645844864
128	 LLH-6	0.001255475949943502	0.001255475949943502
129	 LLH-2	0.0012576646471753748	0.0012576646471753748
130	 LLH-4	0.0012570448878084805	0.0012570448878084805
132	 LLH-0	0.0012580768779288697	0.0012580768779288697
133	 LLH-5	0.0012578578253251145	0.0012578578253251145
134	 LLH-1	0.0012578578253251145	0.0012578578253251145
135	 LLH-2	0.0012778412315776321	0.0012778412315776321
136	 LLH-6	0.0012762734841148349	0.0012762734841148349
137	 LLH-3	0.0013330391414208343	0.0013330391414208343
138	 LLH-4	0.001331500704345846	0.001331500704345846
140	 LLH-6	0.001332223945694029	0.001332223945694029
141	 LLH-1	0.001332223945694029	0.001332223945694029
142	 LLH-0	0.0013342637691339473	0.0013342637691339473
143	 LLH-4	0.0013325994045340593	0.0013325994045340593
148	 LLH-6	0.0013340507137153835	0.0013340507137153835
149	 LLH-1	0.0013343646125250465	0.0013343646125250465
150	 LLH-2	0.001325784813783569	0.001325784813783569
151	 LLH-1	0.001325784813783569	0.001325784813783569
152	 LLH-6	0.0013270992718790104	0.0013270992718790104
153	 LLH-4	0.0013253628760666989	0.0013253628760666989
155	 LLH-3	0.001267149916224892	0.001267149916224892
156	 LLH-1	0.001267149916224892	0.001267149916224892
157	 LLH-2	0.0012756039622190132	0.0012756039622190132
158	 LLH-6	0.0012750336134164791	0.0012750336134164791
159	 LLH-5	0.0012746781080622822	0.0012746781080622822
160	 LLH-1	0.001274305495249842	0.001274305495249842
161	 LLH-3	0.0013381554292292363	0.001274305495249842
162	 LLH-6	0.0012753539907834838	0.0012753539907834838
163	 LLH-4	0.0012753539907834838	0.0012753539907834838
168	 LLH-3	0.001256169369423116	0.001256169369423116
169	 LLH-1	0.0012565998452908384	0.0012565998452908384
170	 LLH-1	0.0012565998452908384	0.0012565998452908384
171	 LLH-6	0.001256642075986536	0.001256642075986536
172	 LLH-1	0.0012566300521776868	0.0012566300521776868
173	 LLH-2	0.0012621652690066917	0.0012621652690066917
174	 LLH-0	0.0012627815787807479	0.0012627815787807479
175	 LLH-2	0.0012807700915326151	0.0012807700915326151
176	 LLH-1	0.0012807700915326151	0.0012807700915326151
177	 LLH-0	0.0012818864652508147	0.0012818864652508147
178	 LLH-5	0.001281470755652075	0.001281470755652075
179	 LLH-6	0.001280801821339544	0.001280801821339544
180	 LLH-4	0.0012615603741809242	0.0012615603741809242
182	 LLH-3	0.0013294106439400858	0.0013294106439400858
183	 LLH-4	0.0013275176913341686	0.0013275176913341686
186	 LLH-1	0.001327722599562578	0.001327722599562578
187	 LLH-5	0.001328604886907642	0.001328604886907642
188	 LLH-1	0.001328604886907642	0.001328604886907642
189	 LLH-5	0.0013289543340946762	0.0013289543340946762
190	 LLH-3	0.0015008043897225955	0.0015008043897225955
191	 LLH-5	0.0014995977246391359	0.0014995977246391359
192	 LLH-6	0.0014978909554603404	0.0014978909554603404
193	 LLH-0	0.001493595107893799	0.001493595107893799
194	 LLH-0	0.001489845842622648	0.001489845842622648
195	 LLH-3	0.001718595381448864	0.001718595381448864
196	 LLH-0	0.0017102035449042775	0.0017102035449042775
197	 LLH-6	0.0017066634149770917	0.0017066634149770917
198	 LLH-6	0.0017085598597963133	0.0017085598597963133
199	 LLH-4	0.0017085598597963133	0.0017085598597963133
204	 LLH-5	0.0017094621894284986	0.0017094621894284986
205	 LLH-1	0.0017094621894284986	0.0017094621894284986
206	 LLH-4	0.0017094621894284986	0.0017094621894284986
211	 LLH-1	0.001709189188453344	0.001709189188453344
212	 LLH-6	0.0017088227414193786	0.0017088227414193786
213	 LLH-4	0.0017088227414193786	0.0017088227414193786
218	 LLH-0	0.0017599024737555715	0.0017599024737555715
219	 LLH-2	0.001563741941715371	0.001563741941715371
220	 LLH-5	0.0015625797500371506	0.0015625797500371506
221	 LLH-5	0.0015631780880684665	0.0015631780880684665
222	 LLH-2	0.0014534704355969857	0.0014534704355969857
223	 LLH-1	0.0014534704355969857	0.0014534704355969857
224	 LLH-4	0.0014502075562196892	0.0014502075562196892
226	 LLH-1	0.0014502075562196892	0.0014502075562196892
227	 LLH-3	0.0016151259218568975	0.0016151259218568975
228	 LLH-6	0.001616923831602972	0.001616923831602972
229	 LLH-3	0.0013311228284162613	0.0013311228284162613
230	 LLH-6	0.0013307155092611893	0.0013307155092611893
231	 LLH-3	0.0014506148276949593	0.0013307155092611893
232	 LLH-3	0.0014379132386207376	0.0014379132386207376
233	 LLH-4	0.0014348237059086766	0.0014348237059086766
235	 LLH-0	0.0014316260189966303	0.0014316260189966303
236	 LLH-4	0.0014285936918463776	0.0014285936918463776
238	 LLH-5	0.001428348523948022	0.001428348523948022
239	 LLH-4	0.0014251416487074077	0.0014251416487074077
243	 LLH-3	0.0016277666331437329	0.0016277666331437329
244	 LLH-0	0.001621160657298431	0.001621160657298431
245	 LLH-1	0.001621204376452285	0.001621204376452285
246	 LLH-5	0.0016211060460303043	0.0016211060460303043
247	 LLH-2	0.0015064272568586657	0.0015064272568586657
248	 LLH-1	0.0015059484965612962	0.0015059484965612962
249	 LLH-2	0.0014067000296028897	0.0014067000296028897
250	 LLH-0	0.0014388121976913882	0.0014388121976913882
251	 LLH-0	0.0014065691632934292	0.0014065691632934292
252	 LLH-0	0.0014093375718875552	0.0014093375718875552
253	 LLH-2	0.0013894340529927492	0.0013894340529927492
254	 LLH-2	0.001387522652274538	0.001387522652274538
255	 LLH-2	0.0013501950045398605	0.0013501950045398605
256	 LLH-3	0.0012755089482227849	0.0012755089482227849
257	 LLH-6	0.0012769804146104554	0.0012769804146104554
258	 LLH-1	0.001277036752783402	0.001277036752783402
259	 LLH-1	0.001277036752783402	0.001277036752783402
260	 LLH-6	0.001276428483680214	0.001276428483680214
261	 LLH-2	0.001272302483359682	0.001272302483359682
262	 LLH-5	0.0012734209767558103	0.0012734209767558103
263	 LLH-1	0.0012732753658069441	0.0012732753658069441
264	 LLH-5	0.0012713316319895762	0.0012713316319895762
265	 LLH-0	0.0012728989086443884	0.0012728989086443884
266	 LLH-5	0.001274245185393	0.001274245185393
267	 LLH-3	0.0012693116997481053	0.0012693116997481053
268	 LLH-6	0.001269791896595767	0.001269791896595767
269	 LLH-0	0.0012704943664561398	0.0012704943664561398
270	 LLH-5	0.0012714156018031342	0.0012714156018031342
271	 LLH-2	0.0012799734531815624	0.0012799734531815624
272	 LLH-3	0.001336546427115297	0.001336546427115297
273	 LLH-3	0.0014411996765802911	0.001336546427115297
274	 LLH-0	0.001338473561516766	0.001338473561516766
275	 LLH-0	0.001340248925220735	0.001340248925220735
276	 LLH-6	0.0013417909491117252	0.0013417909491117252
277	 LLH-0	0.001339952535741029	0.001339952535741029
278	 LLH-1	0.001339952535741029	0.001339952535741029
279	 LLH-3	0.001469686579927753	0.001339952535741029
280	 LLH-5	0.001340383456599903	0.001340383456599903
281	 LLH-1	0.001340056670584771	0.001340056670584771
282	 LLH-6	0.0013389086743805585	0.0013389086743805585
283	 LLH-5	0.0013387540075886274	0.0013387540075886274
284	 LLH-1	0.0013387540075886274	0.0013387540075886274
285	 LLH-1	0.001338724614011749	0.001338724614011749
286	 LLH-0	0.0013368240030161968	0.0013368240030161968
287	 LLH-0	0.001338609199859839	0.001338609199859839
288	 LLH-1	0.001338609199859839	0.001338609199859839
289	 LLH-4	0.0013368244331384911	0.0013368244331384911
291	 LLH-2	0.0013383485940239432	0.0013383485940239432
292	 LLH-6	0.0013380008757895325	0.0013380008757895325
293	 LLH-6	0.0013374140185157517	0.0013374140185157517
294	 LLH-6	0.0013374654892328861	0.0013374654892328861
295	 LLH-2	0.0013370231733124834	0.0013370231733124834
296	 LLH-4	0.0013350885929139082	0.0013350885929139082
299	 LLH-5	0.0013354454917956181	0.0013354454917956181
300	 LLH-2	0.0013321229654883395	0.0013321229654883395
301	 LLH-1	0.0013323813964339548	0.0013323813964339548
302	 LLH-0	0.0013307421836309288	0.0013307421836309288
303	 LLH-0	0.0013290320680114157	0.0013290320680114157
304	 LLH-2	0.0013470793638506785	0.0013470793638506785
305	 LLH-2	0.0013295891094051774	0.0013295891094051774
306	 LLH-5	0.0013288544154487843	0.0013288544154487843
307	 LLH-1	0.0013288544154487843	0.0013288544154487843
308	 LLH-3	0.001429519226442971	0.001429519226442971
309	 LLH-3	0.0016294641687662095	0.0016294641687662095
310	 LLH-0	0.0016227964327550823	0.0016227964327550823
311	 LLH-3	0.0020105894059632957	0.0016227964327550823
312	 LLH-2	0.0015054910192321721	0.0015054910192321721
313	 LLH-1	0.001505299489091626	0.001505299489091626
314	 LLH-2	0.0014299390002499091	0.0014299390002499091
315	 LLH-3	0.0012910700518811995	0.0012910700518811995
316	 LLH-0	0.0012924970208206387	0.0012924970208206387
317	 LLH-6	0.0012940258421254524	0.0012940258421254524
318	 LLH-3	0.0014108164222397912	0.0014108164222397912
319	 LLH-5	0.0014110381943614695	0.0014110381943614695
320	 LLH-0	0.001407936875501681	0.001407936875501681
321	 LLH-4	0.00140524345284357	0.00140524345284357
324	 LLH-0	0.001407989646324321	0.001407989646324321
325	 LLH-6	0.0014065027766192147	0.0014065027766192147
326	 LLH-0	0.00140924558862557	0.00140924558862557
327	 LLH-6	0.0014095425181945395	0.0014095425181945395
328	 LLH-0	0.0014118980001072868	0.0014118980001072868
329	 LLH-0	0.0014149087803331539	0.0014149087803331539
330	 LLH-1	0.0014144785878537174	0.0014144785878537174
331	 LLH-0	0.0014171844822957313	0.0014171844822957313
332	 LLH-5	0.001416663413488072	0.001416663413488072
333	 LLH-0	0.0014198693186235265	0.0014198693186235265
334	 LLH-6	0.0014193753359587034	0.0014193753359587034
335	 LLH-0	0.001422094842841098	0.001422094842841098
336	 LLH-6	0.001424177404282177	0.001424177404282177
337	 LLH-4	0.0014216563774568272	0.0014216563774568272
339	 LLH-2	0.0013829205151403845	0.0013829205151403845
340	 LLH-2	0.0013641715421379493	0.0013641715421379493
341	 LLH-3	0.0014730375628759051	0.0013641715421379493
342	 LLH-0	0.001366338281595437	0.001366338281595437
343	 LLH-0	0.0013639095108826914	0.0013639095108826914
344	 LLH-0	0.0013616694621770902	0.0013616694621770902
345	 LLH-6	0.0013650142575860691	0.0013650142575860691
346	 LLH-0	0.001367202057387268	0.001367202057387268
347	 LLH-0	0.001365057917479063	0.001365057917479063
348	 LLH-4	0.0013628494203973612	0.0013628494203973612
350	 LLH-1	0.0013627877785926483	0.0013627877785926483
351	 LLH-1	0.0013627135165319142	0.0013627135165319142
352	 LLH-0	0.001360514542990672	0.001360514542990672
353	 LLH-6	0.0013605516685808857	0.0013605516685808857
354	 LLH-6	0.001361682191779966	0.001361682191779966
355	 LLH-5	0.0013629543169414108	0.0013629543169414108
356	 LLH-6	0.0013615645439873255	0.0013615645439873255
357	 LLH-6	0.0013593675269931043	0.0013593675269931043
358	 LLH-0	0.0013573433372157811	0.0013573433372157811
359	 LLH-4	0.0013551313053437365	0.0013551313053437365
361	 LLH-5	0.0013544352043461834	0.0013544352043461834
362	 LLH-0	0.0013519222298754537	0.0013519222298754537
363	 LLH-6	0.0013514386959927725	0.0013514386959927725
364	 LLH-1	0.0013515693875963417	0.0013515693875963417
365	 LLH-5	0.001350737176299069	0.001350737176299069
366	 LLH-5	0.0013521948453645443	0.0013521948453645443
367	 LLH-6	0.0013513652790145608	0.0013513652790145608
368	 LLH-6	0.001353284344472124	0.001353284344472124
369	 LLH-2	0.0013522258766650317	0.0013522258766650317
370	 LLH-2	0.001336417240391425	0.001336417240391425
371	 LLH-5	0.0013396862705492907	0.0013396862705492907
372	 LLH-4	0.0013376508716164395	0.0013376508716164395
374	 LLH-2	0.0013290328945781862	0.0013290328945781862
375	 LLH-0	0.0013310802000508794	0.0013310802000508794
376	 LLH-4	0.0013290168220562943	0.0013290168220562943
378	 LLH-3	0.0012823597993578278	0.0012823597993578278
379	 LLH-0	0.001283386212154224	0.001283386212154224
380	 LLH-0	0.001284375288171186	0.001284375288171186
381	 LLH-5	0.0012844048146279648	0.0012844048146279648
382	 LLH-6	0.0012867521980247387	0.0012867521980247387
383	 LLH-5	0.0012874913603306082	0.0012874913603306082
384	 LLH-2	0.0012770213698179746	0.0012770213698179746
385	 LLH-4	0.0012760057628365307	0.0012760057628365307
388	 LLH-2	0.0012832773978440357	0.0012832773978440357
389	 LLH-1	0.0012836631128201	0.0012836631128201
390	 LLH-1	0.0012836631128201	0.0012836631128201
391	 LLH-1	0.0012836631128201	0.0012836631128201
392	 LLH-5	0.00128579981452611	0.00128579981452611
393	 LLH-3	0.0012519738742626217	0.0012519738742626217
394	 LLH-3	0.0012545471548093257	0.0012545471548093257
395	 LLH-0	0.0012552443693422976	0.0012552443693422976
396	 LLH-1	0.0012552443693422976	0.0012552443693422976
397	 LLH-2	0.0012621848967294556	0.0012621848967294556
398	 LLH-3	0.001305227390238119	0.001305227390238119
399	 LLH-6	0.001306836522831492	0.001306836522831492
400	 LLH-3	0.0012828929998584054	0.0012828929998584054
401	 LLH-6	0.0012829108955962085	0.0012829108955962085
402	 LLH-1	0.0012832808383825764	0.0012832808383825764
403	 LLH-2	0.0012819811510193266	0.0012819811510193266
404	 LLH-5	0.0012813647873012404	0.0012813647873012404
405	 LLH-1	0.0012817497544744196	0.0012817497544744196
406	 LLH-2	0.0012820490395105534	0.0012820490395105534
407	 LLH-2	0.0012845845373602365	0.0012845845373602365
408	 LLH-2	0.0012855377051162905	0.0012855377051162905
409	 LLH-5	0.0012865481754699571	0.0012865481754699571
410	 LLH-1	0.0012865481754699571	0.0012865481754699571
411	 LLH-2	0.0012958258289697691	0.0012958258289697691
412	 LLH-1	0.0012959106036539508	0.0012959106036539508
413	 LLH-2	0.0013010832048020579	0.0013010832048020579
414	 LLH-0	0.0012999887946952221	0.0012999887946952221
415	 LLH-1	0.0013000174770353553	0.0013000174770353553
416	 LLH-6	0.0013005390278764846	0.0013005390278764846
417	 LLH-1	0.0013000138569226607	0.0013000138569226607
418	 LLH-1	0.0013000138569226607	0.0013000138569226607
419	 LLH-3	0.0012586958394245646	0.0012586958394245646
420	 LLH-6	0.0012602022828996755	0.0012602022828996755
421	 LLH-0	0.001261057682778972	0.001261057682778972
422	 LLH-6	0.0012607627998192867	0.0012607627998192867
423	 LLH-4	0.0012607627998192867	0.0012607627998192867
428	 LLH-3	0.0012488543824671163	0.0012488543824671163
429	 LLH-3	0.001255990536243253	0.001255990536243253
430	 LLH-0	0.0012564887701755154	0.0012564887701755154
431	 LLH-4	0.0012564887701755154	0.0012564887701755154
436	 LLH-4	0.0012564887701755154	0.0012564887701755154
441	 LLH-6	0.0012575840867712807	0.0012575840867712807
442	 LLH-6	0.001257629894558708	0.001257629894558708
443	 LLH-0	0.0012582481397287143	0.0012582481397287143
444	 LLH-2	0.0012519316665767536	0.0012519316665767536
445	 LLH-4	0.0012513178424577807	0.0012513178424577807
447	 LLH-2	0.0012514197888352258	0.0012514197888352258
448	 LLH-4	0.001250658385920227	0.001250658385920227
450	 LLH-3	0.0013268596497818426	0.0013268596497818426
451	 LLH-5	0.0013269562364604881	0.0013269562364604881
452	 LLH-4	0.001302999388529241	0.001302999388529241
454	 LLH-2	0.0013217214797514383	0.0013217214797514383
455	 LLH-1	0.0013217214797514383	0.0013217214797514383
456	 LLH-3	0.0012733205593987262	0.0012733205593987262
457	 LLH-6	0.0012720188897775236	0.0012720188897775236
458	 LLH-0	0.0012707346477882095	0.0012707346477882095
459	 LLH-3	0.0013116098851961551	0.0012707346477882095
460	 LLH-5	0.0012707166924760588	0.0012707166924760588
461	 LLH-1	0.001270895726126856	0.001270895726126856
462	 LLH-3	0.001253479064444317	0.001253479064444317
463	 LLH-4	0.0012529093005693795	0.0012529093005693795
465	 LLH-2	0.0012654006151692156	0.0012529093005693795
466	 LLH-5	0.0012526887760167399	0.0012526887760167399
467	 LLH-0	0.0012521730906079644	0.0012521730906079644
468	 LLH-0	0.0012526984678908181	0.0012526984678908181
469	 LLH-0	0.001253391025188661	0.001253391025188661
470	 LLH-0	0.0012539911461472487	0.0012539911461472487
471	 LLH-3	0.001285960189906122	0.001285960189906122
472	 LLH-6	0.0012847253803193886	0.0012847253803193886
473	 LLH-5	0.0012862965566082312	0.0012862965566082312
474	 LLH-6	0.0012888592017226376	0.0012888592017226376
475	 LLH-3	0.0014044300035795255	0.0012888592017226376
476	 LLH-6	0.001287642254267021	0.001287642254267021
477	 LLH-1	0.001287736657771838	0.001287736657771838
478	 LLH-5	0.0012873097179045912	0.0012873097179045912
479	 LLH-5	0.0012869489861081947	0.0012869489861081947
480	 LLH-0	0.0012855683143402487	0.0012855683143402487
481	 LLH-4	0.0012855683143402487	0.0012855683143402487
486	 LLH-3	0.0014193787727152414	0.0012855683143402487
487	 LLH-1	0.001285515833453947	0.001285515833453947
488	 LLH-1	0.001285850144447341	0.001285850144447341
489	 LLH-1	0.0012859350026688805	0.0012859350026688805
490	 LLH-3	0.0012601233172283407	0.0012601233172283407
491	 LLH-1	0.0012598405699688602	0.0012598405699688602
492	 LLH-5	0.0012601455565800464	0.0012601455565800464
493	 LLH-0	0.001260955437094977	0.001260955437094977
494	 LLH-3	0.001255545412462861	0.001255545412462861
495	 LLH-2	0.0012533650806398722	0.0012533650806398722
496	 LLH-4	0.0012526854013997326	0.0012526854013997326
499	 LLH-1	0.0012522836024011661	0.0012522836024011661
500	 LLH-4	0.0012515826020333288	0.0012515826020333288
503	 LLH-6	0.0012522476413035363	0.0012522476413035363
504	 LLH-3	0.0012467767735079747	0.0012467767735079747
505	 LLH-1	0.0012467767735079747	0.0012467767735079747
506	 LLH-6	0.0012470209290836689	0.0012470209290836689
507	 LLH-2	0.0012552513190131557	0.0012552513190131557
508	 LLH-4	0.0012546469600613738	0.0012546469600613738
511	 LLH-3	0.001246898277808808	0.001246898277808808
512	 LLH-5	0.0012470193289557266	0.0012470193289557266
513	 LLH-4	0.0012470193289557266	0.0012470193289557266
518	 LLH-3	0.0012874513706126276	0.0012470193289557266
519	 LLH-3	0.001256724267308851	0.001256724267308851
520	 LLH-5	0.0012563916669624292	0.0012563916669624292
521	 LLH-4	0.0012563916669624292	0.0012563916669624292
526	 LLH-2	0.0012540730556291897	0.0012540730556291897
527	 LLH-2	0.0012551964835353763	0.0012551964835353763
528	 LLH-5	0.0012547221482369063	0.0012547221482369063
529	 LLH-0	0.0012553656618519372	0.0012553656618519372
530	 LLH-6	0.0012543725675111085	0.0012543725675111085
531	 LLH-6	0.0012547516657087597	0.0012547516657087597
532	 LLH-4	0.0012541325728489968	0.0012541325728489968
534	 LLH-4	0.0012533515725832163	0.0012533515725832163
538	 LLH-3	0.0012550316381944658	0.0012550316381944658
539	 LLH-1	0.0012550316381944658	0.0012550316381944658
540	 LLH-4	0.0012550316381944658	0.0012550316381944658
545	 LLH-3	0.0012448083000630842	0.0012448083000630842
546	 LLH-1	0.0012448083000630842	0.0012448083000630842
547	 LLH-3	0.0012477706672622782	0.0012477706672622782
548	 LLH-1	0.0012477706672622782	0.0012477706672622782
549	 LLH-1	0.0012478038894766935	0.0012478038894766935
550	 LLH-3	0.0012557860582316784	0.0012557860582316784
551	 LLH-4	0.0012554097234950766	0.0012554097234950766
554	 LLH-6	0.001255130591431201	0.001255130591431201
555	 LLH-5	0.001255130591431201	0.001255130591431201
556	 LLH-4	0.0012547006836906654	0.0012547006836906654
561	 LLH-3	0.0012710673720333552	0.0012710673720333552
562	 LLH-3	0.0013532641418734029	0.0013532641418734029
563	 LLH-5	0.0013503438266905582	0.0013503438266905582
564	 LLH-3	0.0014691569833482523	0.0013503438266905582
565	 LLH-0	0.0013484954693379157	0.0013484954693379157
566	 LLH-5	0.001348178961292784	0.001348178961292784
567	 LLH-2	0.001343037994447707	0.001343037994447707
568	 LLH-1	0.001343037994447707	0.001343037994447707
569	 LLH-0	0.0013450586983604442	0.0013450586983604442
570	 LLH-5	0.0013455186903881238	0.0013455186903881238
571	 LLH-1	0.0013455186903881238	0.0013455186903881238
572	 LLH-4	0.0013433312658739792	0.0013433312658739792
577	 LLH-6	0.001340698160500009	0.001340698160500009
578	 LLH-4	0.001340698160500009	0.001340698160500009
583	 LLH-1	0.001340698160500009	0.001340698160500009
584	 LLH-3	0.0012794095104120017	0.0012794095104120017
585	 LLH-2	0.001277447291653434	0.001277447291653434
586	 LLH-4	0.0012764989304159904	0.0012764989304159904
591	 LLH-2	0.0012815529297598295	0.0012815529297598295
592	 LLH-4	0.0012805789171694815	0.0012805789171694815
594	 LLH-4	0.0012792216459069456	0.0012792216459069456
596	 LLH-0	0.0012781565382627928	0.0012781565382627928
597	 LLH-0	0.0012773008011148482	0.0012773008011148482
598	 LLH-5	0.0012779728207033666	0.0012773008011148482
599	 LLH-5	0.0012777670191479588	0.0012777670191479588
600	 LLH-0	0.0012766585660592895	0.0012766585660592895
601	 LLH-5	0.0012770592692915512	0.0012770592692915512
602	 LLH-4	0.0012761711562741984	0.0012761711562741984
605	 LLH-6	0.001277155696922169	0.001277155696922169
606	 LLH-0	0.0012780970933069001	0.0012780970933069001
607	 LLH-0	0.0012790525590654698	0.0012790525590654698
608	 LLH-3	0.0013912917074884869	0.0012790525590654698
609	 LLH-1	0.0012790525590654698	0.0012790525590654698
610	 LLH-6	0.001280832784899093	0.001280832784899093
611	 LLH-1	0.001280832784899093	0.001280832784899093
612	 LLH-0	0.0012797390728325518	0.0012797390728325518
613	 LLH-3	0.0013705989677446138	0.0012797390728325518
614	 LLH-2	0.0012972601686751526	0.0012972601686751526
615	 LLH-1	0.0012968139140123193	0.0012968139140123193
616	 LLH-4	0.0012952270609522967	0.0012952270609522967
620	 LLH-4	0.001293846341874206	0.001293846341874206
622	 LLH-0	0.0012925610644821293	0.0012925610644821293
623	 LLH-6	0.0012933247085088174	0.0012933247085088174
624	 LLH-3	0.0012593348954101752	0.0012593348954101752
625	 LLH-2	0.0012727148464884706	0.0012727148464884706
626	 LLH-4	0.0012716332314535877	0.0012716332314535877
628	 LLH-6	0.0012718115357933288	0.0012718115357933288
629	 LLH-2	0.0012707099869537636	0.0012707099869537636
630	 LLH-4	0.0012696153272078448	0.0012696153272078448
632	 LLH-0	0.0012688159428681615	0.0012688159428681615
633	 LLH-6	0.0012681833008164876	0.0012681833008164876
634	 LLH-2	0.0012870900513325255	0.0012870900513325255
635	 LLH-3	0.0013719640479738023	0.0012870900513325255
636	 LLH-4	0.0012860699783341987	0.0012860699783341987
638	 LLH-0	0.0012851239532560895	0.0012851239532560895
639	 LLH-6	0.0012866987104960402	0.0012866987104960402
640	 LLH-0	0.0012855178418249168	0.0012855178418249168
641	 LLH-0	0.0012844249138013945	0.0012844249138013945
642	 LLH-4	0.0012833006081797423	0.0012833006081797423
645	 LLH-5	0.0012830725835963693	0.0012830725835963693
646	 LLH-6	0.001283034181633692	0.001283034181633692
647	 LLH-1	0.0012831305328335036	0.0012831305328335036
648	 LLH-5	0.0012834112295035697	0.0012834112295035697
649	 LLH-1	0.0012834112295035697	0.0012834112295035697
650	 LLH-2	0.0012776041639096499	0.0012776041639096499
651	 LLH-2	0.00129127554481918	0.00129127554481918
652	 LLH-5	0.0012918134950833339	0.0012918134950833339
653	 LLH-2	0.001297485035922379	0.001297485035922379
654	 LLH-2	0.0012962785359532823	0.0012962785359532823
655	 LLH-5	0.0012961233983173675	0.0012961233983173675
656	 LLH-6	0.0012968432205693367	0.0012968432205693367
657	 LLH-5	0.0012972688328854655	0.0012972688328854655
658	 LLH-2	0.0013089122949321577	0.0013089122949321577
659	 LLH-1	0.0013089122949321577	0.0013089122949321577
660	 LLH-0	0.0013074855807550523	0.0013074855807550523
661	 LLH-2	0.0013223648444445762	0.0013074855807550523
662	 LLH-5	0.0013067363839596709	0.0013067363839596709
663	 LLH-5	0.0013065739566277886	0.0013065739566277886
664	 LLH-1	0.0013065739566277886	0.0013065739566277886
665	 LLH-6	0.0013053941311725345	0.0013053941311725345
666	 LLH-2	0.0013151530769410214	0.0013151530769410214
667	 LLH-4	0.0013135167609548866	0.0013135167609548866
671	 LLH-6	0.001310891322394072	0.001310891322394072
672	 LLH-2	0.0013178446415762872	0.0013178446415762872
673	 LLH-4	0.0013178446415762872	0.0013178446415762872
678	 LLH-1	0.0013176035878683773	0.0013176035878683773
679	 LLH-6	0.0013173955932740174	0.0013173955932740174
680	 LLH-5	0.001316680903193799	0.001316680903193799
681	 LLH-3	0.001271243646194393	0.001271243646194393
682	 LLH-6	0.0012711682040994882	0.0012711682040994882
683	 LLH-3	0.001333790468616078	0.0012711682040994882
684	 LLH-6	0.0012710553925493083	0.0012710553925493083
685	 LLH-2	0.001268490975352053	0.001268490975352053
686	 LLH-6	0.0012675218806419636	0.0012675218806419636
687	 LLH-1	0.0012675218806419636	0.0012675218806419636
688	 LLH-6	0.0012686376134023458	0.0012686376134023458
689	 LLH-0	0.001267685102164172	0.001267685102164172
690	 LLH-1	0.001267685102164172	0.001267685102164172
691	 LLH-4	0.0012669465490232957	0.0012669465490232957
693	 LLH-4	0.0012660339405023064	0.0012660339405023064
697	 LLH-6	0.0012665226860464895	0.0012665226860464895
698	 LLH-2	0.0012873116778048242	0.0012665226860464895
699	 LLH-5	0.0012654089112154054	0.0012654089112154054
700	 LLH-5	0.0012654720309081698	0.0012654720309081698
701	 LLH-0	0.0012644409158350017	0.0012644409158350017
702	 LLH-3	0.0012621880593004177	0.0012621880593004177
703	 LLH-4	0.0012614792689955687	0.0012614792689955687
706	 LLH-1	0.0012614792689955687	0.0012614792689955687
707	 LLH-1	0.0012614792689955687	0.0012614792689955687
708	 LLH-5	0.001260921806926082	0.001260921806926082
709	 LLH-2	0.0012655072675981666	0.0012655072675981666
710	 LLH-2	0.0012559024234259728	0.0012559024234259728
711	 LLH-0	0.0012565985193317623	0.0012565985193317623
712	 LLH-1	0.0012565985193317623	0.0012565985193317623
713	 LLH-5	0.0012564801825005972	0.0012564801825005972
714	 LLH-4	0.001255652200192413	0.001255652200192413
717	 LLH-4	0.001255652200192413	0.001255652200192413
722	 LLH-4	0.0012549832827419092	0.0012549832827419092
724	 LLH-3	0.0012569823836376115	0.0012569823836376115
725	 LLH-1	0.0012571321717748743	0.0012571321717748743
726	 LLH-1	0.0012570586060052407	0.0012570586060052407
727	 LLH-4	0.0012563093602190097	0.0012563093602190097
732	 LLH-2	0.0012610370654394828	0.0012610370654394828
733	 LLH-3	0.0013164279792678955	0.0012610370654394828
734	 LLH-6	0.0012610080787099826	0.0012610080787099826
735	 LLH-4	0.0012610080787099826	0.0012610080787099826
740	 LLH-5	0.0012622555736626151	0.0012622555736626151
741	 LLH-5	0.0012627196322745633	0.0012627196322745633
742	 LLH-5	0.0012630213541708658	0.0012630213541708658
743	 LLH-0	0.0012624376644566658	0.0012624376644566658
744	 LLH-2	0.0012618420469334795	0.0012618420469334795
745	 LLH-6	0.0012627480649886865	0.0012627480649886865
746	 LLH-1	0.0012627480649886865	0.0012627480649886865
747	 LLH-3	0.0013306686042016778	0.0012627480649886865
748	 LLH-1	0.0012627480649886865	0.0012627480649886865
749	 LLH-6	0.0012629954203620516	0.0012629954203620516
750	 LLH-2	0.0012705261209374518	0.0012705261209374518
751	 LLH-0	0.0012694235216825095	0.0012694235216825095
752	 LLH-0	0.001270406392004806	0.001270406392004806
753	 LLH-3	0.0013556016528080304	0.001270406392004806
754	 LLH-6	0.0012702351542031108	0.0012702351542031108
755	 LLH-2	0.001290125929212896	0.001290125929212896
756	 LLH-1	0.001290125929212896	0.001290125929212896
757	 LLH-1	0.001290125929212896	0.001290125929212896
758	 LLH-5	0.0012896129193240868	0.0012896129193240868
759	 LLH-3	0.0012551582502106876	0.0012551582502106876
760	 LLH-5	0.0012557754631731496	0.0012557754631731496
761	 LLH-5	0.001255573214102858	0.001255573214102858
762	 LLH-0	0.0012561139377634059	0.0012561139377634059
763	 LLH-1	0.0012561092464493406	0.0012561092464493406
764	 LLH-1	0.0012561092464493406	0.0012561092464493406
765	 LLH-2	0.0012595195490333834	0.0012595195490333834
766	 LLH-3	0.001338148343797368	0.0012595195490333834
767	 LLH-0	0.0012588541054975586	0.0012588541054975586
768	 LLH-3	0.001324637616773684	0.0012588541054975586
769	 LLH-2	0.001266536774962983	0.0012588541054975586
770	 LLH-2	0.0012734075120527585	0.0012734075120527585
771	 LLH-1	0.0012734075120527585	0.0012734075120527585
772	 LLH-6	0.0012724202455485071	0.0012724202455485071
773	 LLH-1	0.0012724202455485071	0.0012724202455485071
774	 LLH-1	0.0012724202455485071	0.0012724202455485071
775	 LLH-2	0.0012645439576787487	0.0012645439576787487
776	 LLH-3	0.001258393959575458	0.001258393959575458
777	 LLH-4	0.001258393959575458	0.001258393959575458
782	 LLH-5	0.0012586060081289084	0.0012586060081289084
783	 LLH-4	0.0012578638992994972	0.0012578638992994972
785	 LLH-0	0.0012589523508152935	0.0012589523508152935
786	 LLH-2	0.001267779795905312	0.0012589523508152935
787	 LLH-5	0.0012594285267936577	0.0012594285267936577
788	 LLH-6	0.0012590654464742323	0.0012590654464742323
789	 LLH-1	0.0012590654464742323	0.0012590654464742323
790	 LLH-1	0.0012590654464742323	0.0012590654464742323
791	 LLH-1	0.0012590654464742323	0.0012590654464742323
792	 LLH-0	0.0012585344935926949	0.0012585344935926949
793	 LLH-4	0.0012579016504748641	0.0012579016504748641
795	 LLH-4	0.0012566327500700266	0.0012566327500700266
797	 LLH-0	0.001255912564970885	0.001255912564970885
798	 LLH-3	0.0013041882666968883	0.001255912564970885
799	 LLH-6	0.0012561507624795753	0.0012561507624795753
800	 LLH-1	0.0012561507624795753	0.0012561507624795753
801	 LLH-1	0.0012560499551434678	0.0012560499551434678
802	 LLH-6	0.0012564004009519684	0.0012564004009519684
803	 LLH-1	0.0012564004009519684	0.0012564004009519684
804	 LLH-4	0.0012557062071555229	0.0012557062071555229
806	 LLH-4	0.0012548982525122394	0.0012548982525122394
809	 LLH-0	0.0012558174836460733	0.0012558174836460733
810	 LLH-0	0.0012565435793989931	0.0012565435793989931
811	 LLH-3	0.0013086256933193977	0.0012565435793989931
812	 LLH-3	0.0013029945297452785	0.0012565435793989931
813	 LLH-3	0.0012996258277621355	0.0012565435793989931
814	 LLH-5	0.001255842586344454	0.001255842586344454
815	 LLH-4	0.0012551704867295422	0.0012551704867295422
818	 LLH-0	0.0012557209041760607	0.0012557209041760607
819	 LLH-5	0.001255341458626279	0.001255341458626279
820	 LLH-6	0.0012553811939152008	0.0012553811939152008
821	 LLH-4	0.0012553811939152008	0.0012553811939152008
826	 LLH-3	0.0012478250081124935	0.0012478250081124935
827	 LLH-6	0.0012478351614591886	0.0012478351614591886
828	 LLH-2	0.001257322234595065	0.001257322234595065
829	 LLH-6	0.0012573440912232539	0.0012573440912232539
830	 LLH-1	0.0012573440912232539	0.0012573440912232539
831	 LLH-3	0.0012482304546404422	0.0012482304546404422
832	 LLH-4	0.001247592799909481	0.001247592799909481
834	 LLH-0	0.0012481270046629143	0.0012481270046629143
835	 LLH-1	0.0012481270046629143	0.0012481270046629143
836	 LLH-4	0.0012481270046629143	0.0012481270046629143
841	 LLH-6	0.0012477475016284124	0.0012477475016284124
842	 LLH-4	0.0012477475016284124	0.0012477475016284124
847	 LLH-2	0.0012580296881988065	0.0012477475016284124
848	 LLH-2	0.0012530070410774036	0.0012477475016284124
849	 LLH-1	0.0012477475016284124	0.0012477475016284124
850	 LLH-1	0.0012477475016284124	0.0012477475016284124
851	 LLH-3	0.0012469589345972959	0.0012469589345972959
852	 LLH-0	0.0012461662182132445	0.0012461662182132445
853	 LLH-6	0.0012466126617258326	0.0012466126617258326
854	 LLH-6	0.0012469793297622005	0.0012469793297622005
855	 LLH-4	0.0012469793297622005	0.0012469793297622005
860	 LLH-2	0.0012553516109848725	0.0012553516109848725
861	 LLH-1	0.0012553116658997334	0.0012553116658997334
862	 LLH-2	0.001263501380005554	0.001263501380005554
863	 LLH-3	0.0013155192002964218	0.001263501380005554
864	 LLH-1	0.0012636822104921976	0.0012636822104921976
865	 LLH-1	0.0012636822104921976	0.0012636822104921976
866	 LLH-4	0.0012627301939723801	0.0012627301939723801
869	 LLH-4	0.0012621042118893338	0.0012621042118893338
871	 LLH-6	0.0012624542762866714	0.0012624542762866714
872	 LLH-6	0.0012642239939023435	0.0012642239939023435
873	 LLH-3	0.0012988458384723595	0.0012988458384723595
874	 LLH-2	0.0012861716445562946	0.0012861716445562946
875	 LLH-3	0.0012569692829550432	0.0012569692829550432
876	 LLH-5	0.0012575762456120813	0.0012575762456120813
877	 LLH-5	0.00125736827171222	0.00125736827171222
878	 LLH-2	0.0012649098616199744	0.00125736827171222
879	 LLH-0	0.0012566392125667057	0.0012566392125667057
880	 LLH-3	0.0013247281062353793	0.0012566392125667057
881	 LLH-4	0.0012557177706616286	0.0012557177706616286
884	 LLH-4	0.0012557177706616286	0.0012557177706616286
889	 LLH-3	0.0012509493066221126	0.0012509493066221126
890	 LLH-0	0.0012515581408107817	0.0012515581408107817
891	 LLH-1	0.0012515581408107817	0.0012515581408107817
892	 LLH-6	0.0012512307930335163	0.0012512307930335163
893	 LLH-6	0.001251254231217954	0.001251254231217954
894	 LLH-4	0.001251254231217954	0.001251254231217954
899	 LLH-2	0.0012668784834154736	0.001251254231217954
900	 LLH-2	0.0012574684160059672	0.0012574684160059672
901	 LLH-3	0.0012996604228113476	0.0012574684160059672
902	 LLH-4	0.0012574684160059672	0.0012574684160059672
907	 LLH-6	0.001256155104151982	0.001256155104151982
908	 LLH-2	0.0012732079800663295	0.001256155104151982
909	 LLH-6	0.0012582085833342015	0.0012582085833342015
910	 LLH-5	0.001258438332582971	0.001258438332582971
911	 LLH-4	0.001257404395918683	0.001257404395918683
914	 LLH-5	0.001257997491221726	0.001257997491221726
915	 LLH-4	0.001257997491221726	0.001257997491221726
920	 LLH-3	0.0012553450705635395	0.0012553450705635395
921	 LLH-1	0.0012553450705635395	0.0012553450705635395
922	 LLH-0	0.001255954506096649	0.001255954506096649
923	 LLH-6	0.0012559115660693532	0.0012559115660693532
924	 LLH-2	0.0012660815858408958	0.0012559115660693532
925	 LLH-0	0.0012563793830986509	0.0012563793830986509
926	 LLH-1	0.0012563793830986509	0.0012563793830986509
927	 LLH-5	0.0012560903583327119	0.0012560903583327119
928	 LLH-1	0.0012560903583327119	0.0012560903583327119
929	 LLH-5	0.0012564509226555144	0.0012564509226555144
930	 LLH-1	0.0012564509226555144	0.0012564509226555144
931	 LLH-1	0.0012563337134210136	0.0012563337134210136
932	 LLH-3	0.0012475756398906508	0.0012475756398906508
933	 LLH-6	0.001247858031663962	0.001247858031663962
934	 LLH-0	0.0012482757753660215	0.0012482757753660215
935	 LLH-2	0.0012525580482952658	0.0012525580482952658
936	 LLH-1	0.0012525580482952658	0.0012525580482952658
937	 LLH-2	0.0012571948786443885	0.0012571948786443885
938	 LLH-1	0.0012571948786443885	0.0012571948786443885
939	 LLH-4	0.001256515235293266	0.001256515235293266
942	 LLH-4	0.0012559143339840307	0.0012559143339840307
946	 LLH-2	0.001264944641704244	0.001264944641704244
947	 LLH-6	0.0012655579570939228	0.0012655579570939228
948	 LLH-3	0.001328546285132256	0.0012655579570939228
949	 LLH-2	0.0012785851234552133	0.0012655579570939228
950	 LLH-1	0.0012655579570939228	0.0012655579570939228
951	 LLH-1	0.0012655579570939228	0.0012655579570939228
952	 LLH-1	0.0012658941270115133	0.0012658941270115133
953	 LLH-2	0.0012649415467061987	0.0012649415467061987
954	 LLH-2	0.0012754228396939724	0.0012649415467061987
955	 LLH-4	0.001263821173451162	0.001263821173451162
957	 LLH-1	0.001263821173451162	0.001263821173451162
958	 LLH-0	0.0012648204814121277	0.0012648204814121277
959	 LLH-0	0.0012654999457880883	0.0012648204814121277
960	 LLH-1	0.0012654108925100557	0.0012654108925100557
961	 LLH-4	0.0012645670402984426	0.0012645670402984426
963	 LLH-4	0.0012635256242075773	0.0012635256242075773
966	 LLH-5	0.0012635471412524538	0.0012635471412524538
967	 LLH-6	0.001262979459219515	0.001262979459219515
968	 LLH-2	0.0012730006616917123	0.001262979459219515
969	 LLH-4	0.0012621034050456276	0.0012621034050456276
971	 LLH-2	0.0012813825332341619	0.0012621034050456276
972	 LLH-6	0.0012630881921747682	0.0012630881921747682
973	 LLH-2	0.0012760909723655862	0.0012760909723655862
974	 LLH-4	0.0012760909723655862	0.0012760909723655862
979	 LLH-1	0.0012760909723655862	0.0012760909723655862
980	 LLH-1	0.0012760909723655862	0.0012760909723655862
981	 LLH-5	0.0012767294966346539	0.0012767294966346539
982	 LLH-2	0.0012661701238540683	0.0012661701238540683
983	 LLH-3	0.0012655509413193931	0.0012655509413193931
984	 LLH-6	0.0012650738333677071	0.0012650738333677071
985	 LLH-6	0.0012635127832598134	0.0012635127832598134
986	 LLH-5	0.0012645663409055524	0.0012645663409055524
987	 LLH-5	0.0012648155866974182	0.0012648155866974182
988	 LLH-0	0.0012641606874679964	0.0012641606874679964
989	 LLH-5	0.0012637478777309846	0.0012637478777309846
990	 LLH-1	0.0012637478777309846	0.0012637478777309846
991	 LLH-3	0.0012942503634646974	0.0012637478777309846
992	 LLH-5	0.0012632409585407707	0.0012632409585407707
993	 LLH-0	0.0012638000072248254	0.0012632409585407707
994	 LLH-5	0.0012631229386463564	0.0012631229386463564
995	 LLH-4	0.001262579357329241	0.001262579357329241
998	 LLH-0	0.001261710514547525	0.001261710514547525
999	 LLH-3	0.001288155835686824	0.001261710514547525
1000	 LLH-2	0.0012655308200433717	0.0012655308200433717
1001	 LLH-5	0.0012664924887063713	0.0012664924887063713
1002	 LLH-5	0.0012660418246194618	0.0012660418246194618
1003	 LLH-6	0.0012662250961521084	0.0012662250961521084
1004	 LLH-1	0.0012662250961521084	0.0012662250961521084
1005	 LLH-0	0.0012670621387388895	0.0012670621387388895
1006	 LLH-0	0.0012678985172848499	0.0012678985172848499
1007	 LLH-4	0.0012669526713899564	0.0012669526713899564
1010	 LLH-5	0.0012668135029100843	0.0012668135029100843
1011	 LLH-6	0.0012672602873500156	0.0012672602873500156
1012	 LLH-5	0.0012672715230773125	0.0012672715230773125
1013	 LLH-3	0.0013259254572633688	0.0012672715230773125
1014	 LLH-3	0.0012586843653763712	0.0012586843653763712
1015	 LLH-5	0.0012585501292456955	0.0012585501292456955
1016	 LLH-6	0.0012578412314157006	0.0012578412314157006
1017	 LLH-0	0.0012587718093876811	0.0012587718093876811
1018	 LLH-2	0.0012659638239402732	0.0012587718093876811
1019	 LLH-4	0.001258071580592214	0.001258071580592214
1024	 LLH-3	0.0013015948128743372	0.001258071580592214
1025	 LLH-6	0.0012575381935606414	0.0012575381935606414
1026	 LLH-1	0.0012575381935606414	0.0012575381935606414
1027	 LLH-3	0.0012491759596021353	0.0012491759596021353
1028	 LLH-3	0.0012450452092958838	0.0012450452092958838
1029	 LLH-4	0.0012443268811455207	0.0012443268811455207
1032	 LLH-3	0.0012441523389645963	0.0012441523389645963
1033	 LLH-2	0.0012534162057574025	0.0012441523389645963
1034	 LLH-4	0.0012441523389645963	0.0012441523389645963
1039	 LLH-0	0.0012448513058580628	0.0012441523389645963
1040	 LLH-3	0.0012542706730013784	0.0012542706730013784
1041	 LLH-0	0.001254988919395857	0.001254988919395857
1042	 LLH-4	0.001254988919395857	0.001254988919395857
1047	 LLH-6	0.0012549432009610283	0.0012549432009610283
1048	 LLH-0	0.001255344847633607	0.001255344847633607
1049	 LLH-4	0.001255344847633607	0.001255344847633607
1054	 LLH-0	0.0012558286715383521	0.0012558286715383521
1055	 LLH-6	0.0012558692848366288	0.0012558692848366288
1056	 LLH-0	0.0012418205872468738	0.0012418205872468738
1057	 LLH-1	0.0012418205872468738	0.0012418205872468738
1058	 LLH-0	0.0012421791670106153	0.0012421791670106153
1059	 LLH-2	0.0012555290074502913	0.0012421791670106153
1060	 LLH-6	0.0012417998929652508	0.0012417998929652508
1061	 LLH-6	0.0012415663923305619	0.0012415663923305619
1062	 LLH-3	0.0012498454460167713	0.0012498454460167713
1063	 LLH-5	0.0012498663315839032	0.0012498663315839032
1064	 LLH-3	0.0012574127512220985	0.0012498663315839032
1065	 LLH-2	0.001246421667270357	0.001246421667270357
1066	 LLH-0	0.0012459742430223132	0.0012459742430223132
1067	 LLH-2	0.0012571704395474305	0.0012459742430223132
1068	 LLH-1	0.0012459742430223132	0.0012459742430223132
1069	 LLH-4	0.0012459742430223132	0.0012459742430223132
1074	 LLH-6	0.0012454330467082644	0.0012454330467082644
1075	 LLH-5	0.0012453328555925925	0.0012453328555925925
1076	 LLH-5	0.0012452982511568786	0.0012452982511568786
1077	 LLH-0	0.0012457614926084009	0.0012457614926084009
1078	 LLH-2	0.0012532842966952037	0.0012457614926084009
1079	 LLH-3	0.0012507438495265749	0.0012507438495265749
1080	 LLH-1	0.0012507438495265749	0.0012507438495265749
1081	 LLH-6	0.001251050756365242	0.001251050756365242
1082	 LLH-4	0.001250582129905951	0.001250582129905951
1085	 LLH-2	0.0012491824240466595	0.0012491824240466595
1086	 LLH-6	0.0012499739399760826	0.0012499739399760826
1087	 LLH-5	0.0012492656376504327	0.0012492656376504327
1088	 LLH-3	0.001276898958587202	0.0012492656376504327
1089	 LLH-5	0.0012490940772145894	0.0012490940772145894
1090	 LLH-0	0.001248549502899637	0.001248549502899637
1091	 LLH-4	0.001248006735940059	0.001248006735940059
1096	 LLH-2	0.0012511189742079412	0.001248006735940059
1097	 LLH-4	0.001248006735940059	0.001248006735940059
1102	 LLH-0	0.0012485175432038584	0.0012485175432038584
1103	 LLH-5	0.0012479982581077153	0.0012479982581077153
1104	 LLH-5	0.0012481210875647953	0.0012481210875647953
1105	 LLH-1	0.0012481210875647953	0.0012481210875647953
1106	 LLH-1	0.0012482406537250327	0.0012482406537250327
1107	 LLH-5	0.0012481292479644998	0.0012481292479644998
1108	 LLH-4	0.0012481292479644998	0.0012481292479644998
1113	 LLH-4	0.0012481292479644998	0.0012481292479644998
1118	 LLH-6	0.0012482154728700357	0.0012482154728700357
1119	 LLH-3	0.0012495942392673294	0.0012482154728700357
1120	 LLH-1	0.0012482154728700357	0.0012482154728700357
1121	 LLH-2	0.0012500034433246987	0.0012500034433246987
1122	 LLH-1	0.001250169441217604	0.001250169441217604
1123	 LLH-3	0.0013036163696235573	0.001250169441217604
1124	 LLH-5	0.0012500474131361685	0.0012500474131361685
1125	 LLH-6	0.0012487849756910553	0.0012487849756910553
1126	 LLH-0	0.001249608969382171	0.001249608969382171
1127	 LLH-3	0.0012562902427139349	0.001249608969382171
1128	 LLH-1	0.0012494831691034162	0.0012494831691034162
1129	 LLH-6	0.001249229549311837	0.001249229549311837
1130	 LLH-3	0.0012428669442539528	0.0012428669442539528
1131	 LLH-3	0.0012447258999848851	0.0012447258999848851
1132	 LLH-4	0.0012442391525958035	0.0012442391525958035
1135	 LLH-2	0.001257703487482956	0.0012442391525958035
1136	 LLH-1	0.0012442391525958035	0.0012442391525958035
1137	 LLH-5	0.001244342319435051	0.001244342319435051
1138	 LLH-6	0.0012454932475586356	0.0012454932475586356
1139	 LLH-2	0.0012593634239068253	0.0012454932475586356
1140	 LLH-4	0.0012454932475586356	0.0012454932475586356
1145	 LLH-1	0.0012454932475586356	0.0012454932475586356
1146	 LLH-4	0.0012447213818499883	0.0012447213818499883
1150	 LLH-1	0.0012447213818499883	0.0012447213818499883
1151	 LLH-6	0.0012446857447379013	0.0012446857447379013
1152	 LLH-0	0.0012451817581351674	0.0012451817581351674
1153	 LLH-0	0.0012457097274292171	0.0012457097274292171
1154	 LLH-4	0.0012457097274292171	0.0012457097274292171
1159	 LLH-1	0.0012457097274292171	0.0012457097274292171
1160	 LLH-2	0.0012563594087662954	0.0012457097274292171
1161	 LLH-6	0.0012461813008554736	0.0012461813008554736
1162	 LLH-2	0.0012518092228513426	0.0012518092228513426
1163	 LLH-3	0.001293581556819411	0.0012518092228513426
1164	 LLH-3	0.001278970058193458	0.0012518092228513426
1165	 LLH-5	0.0012521764288651591	0.0012521764288651591
1166	 LLH-1	0.0012521764288651591	0.0012521764288651591
1167	 LLH-6	0.0012516929016175527	0.0012516929016175527
1168	 LLH-1	0.0012516929016175527	0.0012516929016175527
1169	 LLH-6	0.0012512057505188426	0.0012512057505188426
1170	 LLH-0	0.0012506632963767959	0.0012506632963767959
1171	 LLH-4	0.0012506632963767959	0.0012506632963767959
1176	 LLH-0	0.0012513408966073195	0.0012513408966073195
1177	 LLH-0	0.0012519731544312805	0.0012519731544312805
1178	 LLH-3	0.0012798651713321846	0.0012519731544312805
1179	 LLH-4	0.0012514263454250691	0.0012514263454250691
1184	 LLH-1	0.0012514263454250691	0.0012514263454250691
1185	 LLH-6	0.001251448580760011	0.001251448580760011
1186	 LLH-3	0.001284042101609673	0.001251448580760011
1187	 LLH-0	0.0012522249305084606	0.0012522249305084606
1188	 LLH-3	0.0012491578326192588	0.0012491578326192588
1189	 LLH-0	0.0012496372391443528	0.0012491578326192588
1190	 LLH-4	0.0012486116481994736	0.0012486116481994736
1195	 LLH-1	0.0012486116481994736	0.0012486116481994736
1196	 LLH-2	0.0012566101136496056	0.0012486116481994736
1197	 LLH-3	0.0012482432821925137	0.0012482432821925137
1198	 LLH-0	0.0012489378926333397	0.0012489378926333397
1199	 LLH-1	0.001249019086400154	0.001249019086400154
1200	 LLH-4	0.001248358964719803	0.001248358964719803
1202	 LLH-2	0.0012552616740621626	0.001248358964719803
1203	 LLH-6	0.001248116047990929	0.001248116047990929
1204	 LLH-2	0.001253094805393886	0.001248116047990929
1205	 LLH-4	0.001248116047990929	0.001248116047990929
1210	 LLH-6	0.0012476062611556484	0.0012476062611556484
1211	 LLH-5	0.0012473962850950006	0.0012473962850950006
1212	 LLH-6	0.0012477422412568479	0.0012477422412568479
1213	 LLH-6	0.0012474910740476546	0.0012474910740476546
1214	 LLH-5	0.0012474910740476546	0.0012474910740476546
1215	 LLH-2	0.0012582626115063972	0.0012474910740476546
1216	 LLH-6	0.0012471212135388987	0.0012471212135388987
1217	 LLH-2	0.0012484485947415165	0.0012484485947415165
1218	 LLH-1	0.0012484485947415165	0.0012484485947415165
1219	 LLH-2	0.0012611925319692702	0.0012484485947415165
1220	 LLH-2	0.0012580702629441517	0.0012484485947415165
1221	 LLH-6	0.001246554650403521	0.001246554650403521
1222	 LLH-4	0.001246554650403521	0.001246554650403521
1227	 LLH-5	0.0012469103286581874	0.001246554650403521
1228	 LLH-5	0.0012474302233577142	0.0012474302233577142
1229	 LLH-0	0.0012478894379261772	0.0012478894379261772
1230	 LLH-5	0.0012481860817047017	0.0012481860817047017
1231	 LLH-2	0.0012568821411322979	0.0012481860817047017
1232	 LLH-4	0.0012476390535030536	0.0012476390535030536
1236	 LLH-3	0.0012922188801665953	0.0012476390535030536
1237	 LLH-6	0.001247358567612717	0.001247358567612717
1238	 LLH-6	0.0012479004617311736	0.001247358567612717
1239	 LLH-2	0.0012600900939503108	0.0012600900939503108
1240	 LLH-5	0.0012612963409150066	0.0012600900939503108
1241	 LLH-5	0.0012607425596156193	0.0012600900939503108
1242	 LLH-5	0.0012592826351920654	0.0012592826351920654
1243	 LLH-4	0.0012592826351920654	0.0012592826351920654
1248	 LLH-4	0.0012582374278363308	0.0012582374278363308
1253	 LLH-2	0.0012654502460774078	0.0012582374278363308
1254	 LLH-0	0.0012593190381547355	0.0012593190381547355
1255	 LLH-3	0.0012422452074836421	0.0012422452074836421
1256	 LLH-4	0.0012422452074836421	0.0012422452074836421
1261	 LLH-3	0.0012902671428634542	0.0012422452074836421
1262	 LLH-2	0.001254849204758163	0.0012422452074836421
1263	 LLH-0	0.0012576953900173826	0.0012422452074836421
1264	 LLH-0	0.0012427857217863565	0.0012427857217863565
1265	 LLH-4	0.001242297858260089	0.001242297858260089
1268	 LLH-3	0.0012828745766934233	0.001242297858260089
1269	 LLH-3	0.0012537595486078407	0.001242297858260089
1270	 LLH-0	0.0012430989380915935	0.0012430989380915935
1271	 LLH-6	0.0012436281081998936	0.0012436281081998936
1272	 LLH-6	0.0012430196911375618	0.0012430196911375618
1273	 LLH-1	0.0012430196911375618	0.0012430196911375618
1274	 LLH-6	0.0012439594875816471	0.0012439594875816471
1275	 LLH-6	0.0012441956825839	0.0012441956825839
1276	 LLH-3	0.001290106740117006	0.0012441956825839
1277	 LLH-2	0.0012517867732592296	0.0012441956825839
1278	 LLH-1	0.0012441956825839	0.0012441956825839
1279	 LLH-4	0.0012437745090845955	0.0012437745090845955
1282	 LLH-5	0.0012439576477366815	0.0012439576477366815
1283	 LLH-6	0.0012436354107470031	0.0012436354107470031
1284	 LLH-5	0.00124370534495811	0.00124370534495811
1285	 LLH-1	0.00124370534495811	0.00124370534495811
1286	 LLH-2	0.001250108562195925	0.00124370534495811
1287	 LLH-2	0.0012543603686240292	0.00124370534495811
1288	 LLH-6	0.0012432174657916978	0.0012432174657916978
1289	 LLH-1	0.0012432174657916978	0.0012432174657916978
1290	 LLH-0	0.0012583481785303683	0.0012432174657916978
1291	 LLH-5	0.0012433180637381647	0.0012433180637381647
1292	 LLH-3	0.001279669351144669	0.0012433180637381647
1293	 LLH-5	0.0012435330399291908	0.0012435330399291908
1294	 LLH-3	0.0012747970301006761	0.0012435330399291908
1295	 LLH-5	0.0012438193160317496	0.0012438193160317496
1296	 LLH-6	0.001243000823549378	0.001243000823549378
1297	 LLH-6	0.0012442344235508841	0.001243000823549378
1298	 LLH-0	0.001243445538261323	0.001243445538261323
1299	 LLH-1	0.001243445538261323	0.001243445538261323
1300	 LLH-1	0.001243445538261323	0.001243445538261323
1301	 LLH-6	0.0012443310574073484	0.001243445538261323
1302	 LLH-5	0.0012432206755582432	0.0012432206755582432
1303	 LLH-4	0.001242702585051446	0.001242702585051446
1305	 LLH-1	0.001242702585051446	0.001242702585051446
1306	 LLH-4	0.001242702585051446	0.001242702585051446
1311	 LLH-5	0.0012423885508884341	0.0012423885508884341
1312	 LLH-6	0.0012431219032794374	0.0012423885508884341
1313	 LLH-5	0.0012426324581759753	0.0012426324581759753
1314	 LLH-0	0.001243309047118624	0.001243309047118624
1315	 LLH-0	0.0012427474746056176	0.0012427474746056176
1316	 LLH-5	0.0012431218311484227	0.0012431218311484227
1317	 LLH-3	0.0012428497719671604	0.0012428497719671604
1318	 LLH-5	0.001242938237475983	0.001242938237475983
1319	 LLH-6	0.0012422955676133897	0.0012422955676133897
1320	 LLH-3	0.0012730452004790804	0.0012422955676133897
1321	 LLH-4	0.0012422955676133897	0.0012422955676133897
1326	 LLH-2	0.0012485298652119693	0.0012422955676133897
1327	 LLH-3	0.0012808442744701339	0.0012422955676133897
1328	 LLH-5	0.0012423200802830123	0.0012423200802830123
1329	 LLH-6	0.0012427940726272018	0.0012427940726272018
1330	 LLH-0	0.001243179244888787	0.001243179244888787
1331	 LLH-3	0.0012779309519641365	0.001243179244888787
1332	 LLH-1	0.001243179244888787	0.001243179244888787
1333	 LLH-1	0.001243179244888787	0.001243179244888787
1334	 LLH-4	0.001243179244888787	0.001243179244888787
1339	 LLH-5	0.001243656903086079	0.001243656903086079
1340	 LLH-5	0.0012442850766189366	0.001243656903086079
1341	 LLH-6	0.0012442775848354255	0.001243656903086079
1342	 LLH-6	0.0012440205222381169	0.001243656903086079
1343	 LLH-4	0.0012432701255698031	0.0012432701255698031
1346	 LLH-3	0.0012763963888794514	0.0012432701255698031
1347	 LLH-2	0.0012525576328258057	0.0012432701255698031
1348	 LLH-4	0.001242832533321986	0.001242832533321986
1351	 LLH-4	0.0012424222134084935	0.0012424222134084935
1353	 LLH-5	0.0012426647475383443	0.0012426647475383443
1354	 LLH-2	0.0012536462628572362	0.0012426647475383443
1355	 LLH-6	0.00124308000961707	0.0012426647475383443
1356	 LLH-4	0.0012426647475383443	0.0012426647475383443
1361	 LLH-6	0.001243065955788355	0.0012426647475383443
1362	 LLH-4	0.0012426647475383443	0.0012426647475383443
1367	 LLH-2	0.0012505129824974019	0.0012426647475383443
1368	 LLH-6	0.0012431519358194504	0.0012426647475383443
1369	 LLH-6	0.001242258736774697	0.001242258736774697
1370	 LLH-5	0.0012430170813635272	0.001242258736774697
1371	 LLH-6	0.001242578771824957	0.001242578771824957
1372	 LLH-6	0.0012422913800806865	0.0012422913800806865
1373	 LLH-3	0.0012717210028770117	0.0012422913800806865
1374	 LLH-2	0.0012518860444385895	0.0012422913800806865
1375	 LLH-6	0.001241828994827761	0.001241828994827761
1376	 LLH-0	0.0012423840587401994	0.0012423840587401994
1377	 LLH-3	0.001277850402245918	0.0012423840587401994
1378	 LLH-6	0.0012431097759339365	0.0012431097759339365
1379	 LLH-3	0.0012447828952398764	0.0012431097759339365
1380	 LLH-5	0.0012447077642179375	0.0012431097759339365
1381	 LLH-3	0.0012490649106220346	0.0012431097759339365
1382	 LLH-3	0.0012472811143054113	0.0012431097759339365
1383	 LLH-6	0.0012423227140640764	0.0012423227140640764
1384	 LLH-2	0.0012446728759931463	0.0012423227140640764
1385	 LLH-1	0.0012423227140640764	0.0012423227140640764
1386	 LLH-4	0.0012423227140640764	0.0012423227140640764
1391	 LLH-2	0.0012463348257966537	0.0012423227140640764
1392	 LLH-4	0.0012423227140640764	0.0012423227140640764
1397	 LLH-0	0.0012426994606076767	0.0012426994606076767
1398	 LLH-0	0.0012431903268980522	0.0012431903268980522
1399	 LLH-3	0.0012480432174208343	0.0012431903268980522
1400	 LLH-1	0.001243181072759822	0.001243181072759822
1401	 LLH-2	0.0012527185522428917	0.001243181072759822
1402	 LLH-3	0.001277312280117889	0.001243181072759822
1403	 LLH-1	0.001243181072759822	0.001243181072759822
1404	 LLH-4	0.001243181072759822	0.001243181072759822
1409	 LLH-5	0.00124317985382119	0.00124317985382119
1410	 LLH-2	0.001245487613103803	0.00124317985382119
1411	 LLH-3	0.0012673322393010377	0.00124317985382119
1412	 LLH-0	0.0012439106264144548	0.0012439106264144548
1413	 LLH-1	0.0012439106264144548	0.0012439106264144548
1414	 LLH-6	0.0012450648861349596	0.0012439106264144548
1415	 LLH-1	0.0012441504197798895	0.0012441504197798895
1416	 LLH-3	0.0012809324604535711	0.0012441504197798895
1417	 LLH-1	0.0012441504197798895	0.0012441504197798895
1418	 LLH-0	0.001244623773455899	0.0012441504197798895
1419	 LLH-3	0.0012718635153610672	0.0012441504197798895
1420	 LLH-0	0.0012434767911062487	0.0012434767911062487
1421	 LLH-0	0.0012430858118201065	0.0012430858118201065
1422	 LLH-5	0.0012429984437462083	0.0012429984437462083
1423	 LLH-1	0.0012429984437462083	0.0012429984437462083
1424	 LLH-2	0.0012518402340617944	0.0012429984437462083
1425	 LLH-1	0.0012429984437462083	0.0012429984437462083
1426	 LLH-6	0.0012425335298174947	0.0012425335298174947
1427	 LLH-6	0.0012425500945432984	0.0012425500945432984
1428	 LLH-0	0.001243015686519341	0.001243015686519341
1429	 LLH-4	0.0012425490461743813	0.0012425490461743813
1432	 LLH-0	0.0012432870356004623	0.0012425490461743813
1433	 LLH-4	0.0012425490461743813	0.0012425490461743813
1438	 LLH-5	0.0012424909597311819	0.0012424909597311819
1439	 LLH-1	0.0012424909597311819	0.0012424909597311819
1440	 LLH-1	0.0012424909597311819	0.0012424909597311819
1441	 LLH-1	0.0012424909597311819	0.0012424909597311819
1442	 LLH-3	0.0012465406932978288	0.0012424909597311819
1443	 LLH-5	0.0012423512163797848	0.0012423512163797848
1444	 LLH-4	0.0012423512163797848	0.0012423512163797848
1449	 LLH-4	0.0012423512163797848	0.0012423512163797848
1454	 LLH-5	0.001242427265132027	0.001242427265132027
1455	 LLH-6	0.0012430482896223362	0.001242427265132027
1456	 LLH-5	0.0012428825405329984	0.001242427265132027
1457	 LLH-3	0.0012874345486085681	0.001242427265132027
1458	 LLH-0	0.001243144402397272	0.001242427265132027
1459	 LLH-0	0.0012429264567820064	0.001242427265132027
1460	 LLH-5	0.0012427764076559245	0.0012427764076559245
1461	 LLH-2	0.0012480894009452206	0.0012427764076559245
1462	 LLH-3	0.0012470610672102604	0.0012427764076559245
1463	 LLH-6	0.0012430178489678872	0.0012427764076559245
1464	 LLH-6	0.0012427190057408327	0.0012427190057408327
1465	 LLH-3	0.0012508413229087795	0.0012427190057408327
1466	 LLH-0	0.0012432394280795143	0.0012432394280795143
1467	 LLH-4	0.0012432394280795143	0.0012432394280795143
1472	 LLH-3	0.0012512091794816254	0.0012432394280795143
1473	 LLH-6	0.0012438151948174529	0.0012432394280795143
1474	 LLH-4	0.0012428473672427584	0.0012428473672427584
1479	 LLH-5	0.0012435102601425236	0.0012428473672427584
1480	 LLH-6	0.001242796342981636	0.001242796342981636
1481	 LLH-6	0.0012437340491295024	0.001242796342981636
1482	 LLH-1	0.001242796342981636	0.001242796342981636
1483	 LLH-6	0.001243669080955504	0.001242796342981636
1484	 LLH-5	0.0012428106217442084	0.0012428106217442084
1485	 LLH-3	0.0012629949855793633	0.0012428106217442084
1486	 LLH-6	0.0012435028326244202	0.0012435028326244202
1487	 LLH-3	0.001285458839388632	0.0012435028326244202
1488	 LLH-6	0.0012441938152613374	0.0012435028326244202
1489	 LLH-4	0.0012435028326244202	0.0012435028326244202
1494	 LLH-4	0.001242727088839973	0.001242727088839973
1497	 LLH-3	0.0012801771854763781	0.001242727088839973
1498	 LLH-6	0.0012426653005515394	0.0012426653005515394
1499	 LLH-1	0.0012426653005515394	0.0012426653005515394
1500	 LLH-4	0.0012426653005515394	0.0012426653005515394
1505	 LLH-3	0.0012901888914526424	0.0012426653005515394
1506	 LLH-3	0.0012509213020243139	0.0012426653005515394
1507	 LLH-1	0.0012426653005515394	0.0012426653005515394
1508	 LLH-3	0.0012693174180793477	0.0012426653005515394
1509	 LLH-3	0.0012714071946417957	0.0012426653005515394
1510	 LLH-2	0.0012566205247378896	0.0012426653005515394
1511	 LLH-0	0.0012431947939808847	0.0012426653005515394
1512	 LLH-4	0.0012426653005515394	0.0012426653005515394
1517	 LLH-3	0.0012774109161123467	0.0012426653005515394
1518	 LLH-3	0.0012826117218649959	0.0012426653005515394
1519	 LLH-3	0.0012671470602815932	0.0012426653005515394
1520	 LLH-4	0.0012426653005515394	0.0012426653005515394
1525	 LLH-3	0.0012460283161005662	0.0012426653005515394
1526	 LLH-1	0.0012426653005515394	0.0012426653005515394
1527	 LLH-4	0.0012422913668500345	0.0012422913668500345
1531	 LLH-4	0.0012422913668500345	0.0012422913668500345
1536	 LLH-0	0.0012430308018651617	0.0012430308018651617
1537	 LLH-0	0.0012435618928243377	0.0012430308018651617
1538	 LLH-1	0.0012430857157696696	0.0012430857157696696
1539	 LLH-0	0.0012435346391758799	0.0012430857157696696
1540	 LLH-6	0.0012429639776246092	0.0012429639776246092
1541	 LLH-4	0.0012429639776246092	0.0012429639776246092
1546	 LLH-5	0.0012430034692493274	0.0012430034692493274
1547	 LLH-6	0.0012433709696687723	0.0012430034692493274
1548	 LLH-6	0.001242938061803776	0.001242938061803776
1549	 LLH-5	0.0012428434270344993	0.0012428434270344993
1550	 LLH-2	0.0012530781131075673	0.0012428434270344993
1551	 LLH-3	0.0012492016160975238	0.0012428434270344993
1552	 LLH-4	0.0012422845093995139	0.0012422845093995139
1555	 LLH-2	0.0012492234465027138	0.0012422845093995139
1556	 LLH-5	0.0012423783631761622	0.0012423783631761622
1557	 LLH-1	0.0012423783631761622	0.0012423783631761622
1558	 LLH-5	0.0012419587372049193	0.0012419587372049193
1559	 LLH-6	0.0012415372899215312	0.0012415372899215312
1560	 LLH-0	0.0012422008479659329	0.0012415372899215312
1561	 LLH-6	0.001241414098670214	0.001241414098670214
1562	 LLH-4	0.001241414098670214	0.001241414098670214
1567	 LLH-6	0.0012412305669314522	0.0012412305669314522
1568	 LLH-6	0.0012411961739139208	0.0012411961739139208
1569	 LLH-4	0.0012411961739139208	0.0012411961739139208
1574	 LLH-4	0.0012411961739139208	0.0012411961739139208
1579	 LLH-5	0.001241726235507624	0.0012411961739139208
1580	 LLH-4	0.0012411961739139208	0.0012411961739139208
1585	 LLH-3	0.0012762579894444507	0.0012411961739139208
1586	 LLH-3	0.0012483217767786524	0.0012411961739139208
1587	 LLH-3	0.0012471062776134262	0.0012411961739139208
1588	 LLH-6	0.001241404903342694	0.001241404903342694
1589	 LLH-5	0.001241183924488266	0.001241183924488266
1590	 LLH-4	0.001241183924488266	0.001241183924488266
1595	 LLH-0	0.0012558316731273976	0.001241183924488266
1596	 LLH-5	0.0012418383018830497	0.001241183924488266
1597	 LLH-0	0.0012416567600989363	0.001241183924488266
1598	 LLH-6	0.001241388058479065	0.001241183924488266
1599	 LLH-6	0.001240954756698429	0.001240954756698429
1600	 LLH-6	0.0012411630112287998	0.0012411630112287998
1601	 LLH-6	0.001240685410719231	0.001240685410719231
1602	 LLH-3	0.001281109116461736	0.001240685410719231
1603	 LLH-6	0.0012412457059417506	0.001240685410719231
1604	 LLH-0	0.0012413878640715277	0.001240685410719231
1605	 LLH-4	0.001240685410719231	0.001240685410719231
1610	 LLH-2	0.0012534294955221898	0.001240685410719231
1611	 LLH-1	0.001241220306628488	0.001240685410719231
1612	 LLH-1	0.001240685410719231	0.001240685410719231
1613	 LLH-4	0.001240685410719231	0.001240685410719231
1618	 LLH-4	0.001240685410719231	0.001240685410719231
1623	 LLH-3	0.0012463263596207996	0.001240685410719231
1624	 LLH-0	0.0012553362392138938	0.001240685410719231
1625	 LLH-0	0.0012413344935693611	0.001240685410719231
1626	 LLH-5	0.001241171517388125	0.001240685410719231
1627	 LLH-3	0.001244564964720269	0.001240685410719231
1628	 LLH-1	0.0012406407925575104	0.0012406407925575104
1629	 LLH-0	0.0012410372207174744	0.0012406407925575104
1630	 LLH-6	0.0012420176870334679	0.0012406407925575104
1631	 LLH-6	0.0012420367693179123	0.0012406407925575104
1632	 LLH-3	0.0012772939819384597	0.0012406407925575104
1633	 LLH-3	0.0012457538715945115	0.0012406407925575104
1634	 LLH-0	0.0012410294585839948	0.0012406407925575104
1635	 LLH-1	0.0012406407925575104	0.0012406407925575104
1636	 LLH-6	0.0012409539376119453	0.0012409539376119453
1637	 LLH-0	0.0012416974049226264	0.0012409539376119453
1638	 LLH-3	0.0012440675253592758	0.0012409539376119453
1639	 LLH-0	0.0012415051107345675	0.0012409539376119453
1640	 LLH-3	0.0012805043136307503	0.0012409539376119453
1641	 LLH-1	0.0012409539376119453	0.0012409539376119453
1642	 LLH-6	0.0012413583162747125	0.0012409539376119453
1643	 LLH-5	0.0012407846752116136	0.0012407846752116136
1644	 LLH-1	0.0012407846752116136	0.0012407846752116136
1645	 LLH-0	0.0012412006988319606	0.0012407846752116136
1646	 LLH-6	0.0012411433087497915	0.0012411433087497915
1647	 LLH-6	0.0012410496296945885	0.0012410496296945885
1648	 LLH-2	0.0012528677559143367	0.0012410496296945885
1649	 LLH-6	0.0012410151693712978	0.0012410151693712978
1650	 LLH-1	0.0012410151693712978	0.0012410151693712978
1651	 LLH-3	0.001246285350341322	0.0012410151693712978
1652	 LLH-6	0.0012414865001997353	0.0012410151693712978
1653	 LLH-5	0.001240311230061262	0.001240311230061262
1654	 LLH-3	0.001264228861940781	0.001240311230061262
1655	 LLH-5	0.0012404410278574578	0.0012404410278574578
1656	 LLH-5	0.0012405995315085154	0.0012404410278574578
1657	 LLH-1	0.0012404410278574578	0.0012404410278574578
1658	 LLH-6	0.0012411269955671105	0.0012404410278574578
1659	 LLH-4	0.0012404410278574578	0.0012404410278574578
1664	 LLH-2	0.0012443770145407346	0.0012404410278574578
1665	 LLH-2	0.0012613019815809598	0.0012404410278574578
1666	 LLH-4	0.0012404410278574578	0.0012404410278574578
1671	 LLH-4	0.0012404410278574578	0.0012404410278574578
1676	 LLH-4	0.0012404410278574578	0.0012404410278574578
1681	 LLH-1	0.0012404410278574578	0.0012404410278574578
1682	 LLH-2	0.001254976832289242	0.0012404410278574578
1683	 LLH-2	0.0012592188279757911	0.0012404410278574578
1684	 LLH-5	0.001240497643755494	0.001240497643755494
1685	 LLH-1	0.001240497643755494	0.001240497643755494
1686	 LLH-0	0.0012413081473400668	0.001240497643755494
1687	 LLH-3	0.001263662632388204	0.001240497643755494
1688	 LLH-5	0.0012406972277890999	0.0012406972277890999
1689	 LLH-0	0.001241221380605051	0.0012406972277890999
1690	 LLH-1	0.0012406972277890999	0.0012406972277890999
1691	 LLH-0	0.0012553121284717634	0.0012406972277890999
1692	 LLH-3	0.0012461423682587553	0.0012406972277890999
1693	 LLH-2	0.0012505643091114305	0.0012406972277890999
1694	 LLH-1	0.0012406972277890999	0.0012406972277890999
1695	 LLH-0	0.0012412136221310339	0.0012406972277890999
1696	 LLH-4	0.0012406972277890999	0.0012406972277890999
1701	 LLH-5	0.0012417265370434042	0.0012406972277890999
1702	 LLH-3	0.0012777824780001073	0.0012406972277890999
1703	 LLH-3	0.0012659838490612107	0.0012406972277890999
1704	 LLH-0	0.0012414220455031634	0.0012414220455031634
1705	 LLH-3	0.0012485129405888206	0.0012414220455031634
1706	 LLH-4	0.0012414220455031634	0.0012414220455031634
1711	 LLH-1	0.0012414220455031634	0.0012414220455031634
1712	 LLH-4	0.0012414220455031634	0.0012414220455031634
1717	 LLH-6	0.0012419126959874115	0.0012419126959874115
1718	 LLH-2	0.0012470446302761825	0.0012419126959874115
1719	 LLH-5	0.0012419325968711019	0.0012419325968711019
1720	 LLH-0	0.0012426378609589543	0.0012419325968711019
1721	 LLH-5	0.0012418767661742584	0.0012418767661742584
1722	 LLH-0	0.0012423439096211771	0.0012418767661742584
1723	 LLH-2	0.0012556577978469464	0.0012418767661742584
1724	 LLH-4	0.0012418767661742584	0.0012418767661742584
1729	 LLH-3	0.0012452796090353171	0.0012418767661742584
1730	 LLH-1	0.0012419950348474512	0.0012418767661742584
1731	 LLH-5	0.001241712768884429	0.001241712768884429
1732	 LLH-6	0.0012414992006505323	0.0012414992006505323
1733	 LLH-2	0.0012518072023956677	0.0012414992006505323
1734	 LLH-6	0.0012417243945642299	0.0012414992006505323
1735	 LLH-1	0.0012414992006505323	0.0012414992006505323
1736	 LLH-1	0.0012414992006505323	0.0012414992006505323
1737	 LLH-5	0.0012413639743521839	0.0012413639743521839
1738	 LLH-4	0.0012413639743521839	0.0012413639743521839
1743	 LLH-6	0.0012416519652356079	0.0012413639743521839
1744	 LLH-6	0.0012429475560669636	0.0012413639743521839
1745	 LLH-0	0.0012420565231306246	0.0012413639743521839
1746	 LLH-4	0.001240827552152297	0.001240827552152297
1750	 LLH-6	0.0012412269258076083	0.0012412269258076083
1751	 LLH-6	0.0012414720840512234	0.0012412269258076083
1752	 LLH-2	0.001254668307426017	0.0012412269258076083
1753	 LLH-3	0.0012740068283318094	0.0012412269258076083
1754	 LLH-3	0.0012491388188327524	0.0012412269258076083
1755	 LLH-5	0.0012412864763347716	0.0012412864763347716
1756	 LLH-1	0.0012412864763347716	0.0012412864763347716
1757	 LLH-4	0.0012412864763347716	0.0012412864763347716
1762	 LLH-4	0.0012412864763347716	0.0012412864763347716
1767	 LLH-6	0.0012419951025905783	0.0012412864763347716
1768	 LLH-3	0.0012467974392572209	0.0012412864763347716
1769	 LLH-3	0.001271688009315071	0.0012412864763347716
1770	 LLH-3	0.0012470463260546003	0.0012412864763347716
1771	 LLH-3	0.001269392013527082	0.0012412864763347716
1772	 LLH-0	0.0012419378473254145	0.0012412864763347716
1773	 LLH-0	0.0012416822081321931	0.0012416822081321931
1774	 LLH-2	0.0012503474630343784	0.0012416822081321931
1775	 LLH-4	0.0012416822081321931	0.0012416822081321931
1780	 LLH-4	0.0012412709172592538	0.0012412709172592538
1784	 LLH-5	0.0012413670982899551	0.0012413670982899551
1785	 LLH-6	0.0012419512529038771	0.0012413670982899551
1786	 LLH-4	0.0012413670982899551	0.0012413670982899551
1791	 LLH-3	0.0012872995232546054	0.0012413670982899551
1792	 LLH-5	0.0012414543640209123	0.0012413670982899551
1793	 LLH-4	0.0012413670982899551	0.0012413670982899551
1798	 LLH-3	0.0012473444787355391	0.0012413670982899551
1799	 LLH-6	0.0012417917961347219	0.0012413670982899551
1800	 LLH-2	0.0012572137989642874	0.0012413670982899551
1801	 LLH-5	0.0012410700205885438	0.0012410700205885438
1802	 LLH-5	0.0012412310164153437	0.0012410700205885438
1803	 LLH-4	0.0012410700205885438	0.0012410700205885438
1808	 LLH-5	0.0012406861245475508	0.0012406861245475508
1809	 LLH-2	0.0012589194992725092	0.0012406861245475508
1810	 LLH-0	0.0012551619690562136	0.0012406861245475508
1811	 LLH-2	0.0012445411571507913	0.0012406861245475508
1812	 LLH-2	0.0012520203868862936	0.0012406861245475508
1813	 LLH-5	0.0012405082127293872	0.0012405082127293872
1814	 LLH-0	0.0012410545780302523	0.0012405082127293872
1815	 LLH-0	0.0012410904797883087	0.0012405082127293872
1816	 LLH-4	0.0012405082127293872	0.0012405082127293872
1821	 LLH-0	0.0012549483240709002	0.0012405082127293872
1822	 LLH-6	0.0012406538792184333	0.0012405082127293872
1823	 LLH-6	0.0012411942384693035	0.0012405082127293872
1824	 LLH-4	0.0012405082127293872	0.0012405082127293872
1829	 LLH-1	0.0012407852584634712	0.0012405082127293872
1830	 LLH-5	0.001241227661813739	0.0012405082127293872
1831	 LLH-3	0.001276469993648895	0.0012405082127293872
1832	 LLH-0	0.0012548152065835734	0.0012405082127293872
1833	 LLH-1	0.0012405082127293872	0.0012405082127293872
1834	 LLH-0	0.001240953024714762	0.0012405082127293872
1835	 LLH-5	0.0012400720697920515	0.0012400720697920515
1836	 LLH-1	0.0012400720697920515	0.0012400720697920515
1837	 LLH-0	0.0012404667435858914	0.0012400720697920515
1838	 LLH-2	0.0012501812838864685	0.0012400720697920515
1839	 LLH-1	0.0012400720697920515	0.0012400720697920515
1840	 LLH-2	0.0012526525637606156	0.0012400720697920515
1841	 LLH-6	0.0012416716586501869	0.0012400720697920515
1842	 LLH-1	0.0012399269262756104	0.0012399269262756104
1843	 LLH-1	0.0012399269262756104	0.0012399269262756104
1844	 LLH-5	0.0012399306209634074	0.0012399306209634074
1845	 LLH-3	0.0012453498251588388	0.0012399306209634074
1846	 LLH-4	0.0012399306209634074	0.0012399306209634074
1851	 LLH-5	0.0012399541760862482	0.0012399541760862482
1852	 LLH-0	0.001240601995912132	0.0012399541760862482
1853	 LLH-3	0.0012785600566449517	0.0012399541760862482
1854	 LLH-5	0.0012406507068381215	0.0012399541760862482
1855	 LLH-1	0.0012399714272807174	0.0012399714272807174
1856	 LLH-5	0.0012400247564373868	0.0012400247564373868
1857	 LLH-0	0.0012409177110319517	0.0012400247564373868
1858	 LLH-6	0.0012414420755753582	0.0012400247564373868
1859	 LLH-5	0.0012402359615991722	0.0012400247564373868
1860	 LLH-1	0.0012401591400748612	0.0012400247564373868
1861	 LLH-1	0.0012400667027629266	0.0012400247564373868
1862	 LLH-1	0.0012400247564373868	0.0012400247564373868
1863	 LLH-6	0.0012406030060808202	0.0012400247564373868
1864	 LLH-4	0.0012400247564373868	0.0012400247564373868
1869	 LLH-3	0.0012471308945014314	0.0012400247564373868
1870	 LLH-5	0.0012406200510136375	0.0012400247564373868
1871	 LLH-0	0.001240487971164122	0.0012400247564373868
1872	 LLH-6	0.0012400631273550942	0.0012400247564373868
1873	 LLH-3	0.0012452758909860784	0.0012400247564373868
1874	 LLH-6	0.0012399529096847265	0.0012399529096847265
1875	 LLH-2	0.001250730509750978	0.0012399529096847265
1876	 LLH-5	0.0012407494145007618	0.0012399529096847265
1877	 LLH-2	0.0012557895528168452	0.0012399529096847265
1878	 LLH-1	0.0012399529096847265	0.0012399529096847265
1879	 LLH-6	0.0012411235358285376	0.0012399529096847265
1880	 LLH-0	0.0012407133543593978	0.0012399529096847265
1881	 LLH-5	0.0012399529096847265	0.0012399529096847265
1882	 LLH-0	0.0012403560229822925	0.0012399529096847265
1883	 LLH-0	0.0012404296536891674	0.0012399529096847265
1884	 LLH-1	0.0012399529096847265	0.0012399529096847265
1885	 LLH-0	0.0012405092745141693	0.0012399529096847265
1886	 LLH-0	0.0012407203932403637	0.0012399529096847265
1887	 LLH-6	0.0012406166610322551	0.0012399529096847265
1888	 LLH-2	0.0012437774470478574	0.0012399529096847265
1889	 LLH-6	0.001241175330363237	0.0012399529096847265
1890	 LLH-5	0.0012401786826601508	0.0012399529096847265
1891	 LLH-4	0.0012399529096847265	0.0012399529096847265
1896	 LLH-0	0.0012546483067649259	0.0012399529096847265
1897	 LLH-3	0.0012504724097958952	0.0012399529096847265
1898	 LLH-3	0.0012444161886127397	0.0012399529096847265
1899	 LLH-1	0.001240230352052829	0.0012399529096847265
1900	 LLH-4	0.0012399529096847265	0.0012399529096847265
1905	 LLH-4	0.0012399529096847265	0.0012399529096847265
1910	 LLH-3	0.0012776199035649028	0.0012399529096847265
1911	 LLH-0	0.0012404814860746708	0.0012399529096847265
1912	 LLH-6	0.0012409720122948606	0.0012399529096847265
1913	 LLH-3	0.001244975754262985	0.0012399529096847265
1914	 LLH-1	0.0012399271854306002	0.0012399271854306002
1915	 LLH-6	0.0012408475478301955	0.0012399271854306002
1916	 LLH-1	0.0012399271854306002	0.0012399271854306002
1917	 LLH-3	0.0012711860539764309	0.0012399271854306002
1918	 LLH-6	0.0012403513177044795	0.0012399271854306002
1919	 LLH-2	0.0012445341996252552	0.0012399271854306002
1920	 LLH-1	0.0012399271854306002	0.0012399271854306002
1921	 LLH-3	0.0012465281534496642	0.0012399271854306002
1922	 LLH-0	0.0012403376846041347	0.0012399271854306002
1923	 LLH-3	0.0012456966991561131	0.0012399271854306002
1924	 LLH-1	0.0012399271854306002	0.0012399271854306002
1925	 LLH-6	0.0012411158382037693	0.0012399271854306002
1926	 LLH-1	0.0012400241849229415	0.0012399271854306002
1927	 LLH-6	0.0012411846692496787	0.0012399271854306002
1928	 LLH-5	0.0012407201543231101	0.0012399271854306002
1929	 LLH-0	0.0012406061197893332	0.0012399271854306002
1930	 LLH-1	0.0012399271854306002	0.0012399271854306002
1931	 LLH-2	0.0012493090062584734	0.0012399271854306002
1932	 LLH-5	0.0012400488910790657	0.0012399271854306002
1933	 LLH-3	0.0012454977008385095	0.0012399271854306002
1934	 LLH-3	0.0012887952329855659	0.0012399271854306002
1935	 LLH-1	0.0012399271854306002	0.0012399271854306002
1936	 LLH-5	0.0012400494995456	0.0012399271854306002
1937	 LLH-4	0.0012399271854306002	0.0012399271854306002
1942	 LLH-2	0.0012525838610727802	0.0012399271854306002
1943	 LLH-2	0.0012503294192031645	0.0012399271854306002
1944	 LLH-6	0.0012391342324849558	0.0012391342324849558
1945	 LLH-0	0.00123968142050905	0.0012391342324849558
1946	 LLH-4	0.0012391342324849558	0.0012391342324849558
1951	 LLH-0	0.0012396066571073335	0.0012391342324849558
1952	 LLH-3	0.0012607694457365459	0.0012391342324849558
1953	 LLH-0	0.0012395224032848717	0.0012391342324849558
1954	 LLH-1	0.0012391342324849558	0.0012391342324849558
1955	 LLH-2	0.0012541564109446836	0.0012391342324849558
1956	 LLH-4	0.0012391342324849558	0.0012391342324849558
1961	 LLH-4	0.0012391342324849558	0.0012391342324849558
1966	 LLH-1	0.0012391342324849558	0.0012391342324849558
1967	 LLH-3	0.001259474052768049	0.0012391342324849558
1968	 LLH-3	0.0012733784209949409	0.0012391342324849558
1969	 LLH-2	0.0012433146252037626	0.0012391342324849558
1970	 LLH-4	0.0012391342324849558	0.0012391342324849558
1975	 LLH-5	0.001239248767052949	0.001239248767052949
1976	 LLH-3	0.001243678833746147	0.001239248767052949
1977	 LLH-6	0.0012410105312733802	0.001239248767052949
1978	 LLH-1	0.001239248767052949	0.001239248767052949
1979	 LLH-3	0.0012696556074739773	0.001239248767052949
1980	 LLH-0	0.0012399103064460305	0.001239248767052949
1981	 LLH-6	0.0012400949738629744	0.001239248767052949
1982	 LLH-4	0.001239248767052949	0.001239248767052949
1987	 LLH-1	0.0012394002118331984	0.001239248767052949
1988	 LLH-0	0.001253982609858551	0.001239248767052949
1989	 LLH-2	0.001254707587682199	0.001239248767052949
1990	 LLH-2	0.0012466781240210046	0.001239248767052949
1991	 LLH-0	0.0012396521084995734	0.001239248767052949
1992	 LLH-6	0.00123941377046431	0.001239248767052949
1993	 LLH-2	0.0012569844238435098	0.001239248767052949
1994	 LLH-5	0.0012391094012954363	0.0012391094012954363
1995	 LLH-0	0.0012395724773765179	0.0012391094012954363
1996	 LLH-5	0.0012392867759399183	0.0012391094012954363
1997	 LLH-0	0.0012395481937715533	0.0012391094012954363
1998	 LLH-0	0.0012396301565068056	0.0012391094012954363
1999	 LLH-4	0.0012391094012954363	0.0012391094012954363
GRID-Start
0.0	0.0
0.0	308.0385
0.0	616.077
0.0	924.1155
0.0	1232.154
0.0	1540.1925
0.0	1848.2310000000002
0.0	2156.2695000000003
0.0	2464.3080000000004
0.0	2772.3465000000006
0.0	3080.3850000000007
0.0	3388.423500000001
0.0	3696.462000000001
0.0	4004.500500000001
0.0	4312.539000000001
0.0	4620.5775
0.0	4928.616
0.0	5236.6545
0.0	5544.692999999999
0.0	5852.731499999999
0.0	6160.769999999999
0.0	6468.808499999998
308.0385	0.0
308.0385	308.0385
308.0385	616.077
308.0385	924.1155
308.0385	1232.154
308.0385	1540.1925
308.0385	1848.2310000000002
308.0385	2156.2695000000003
308.0385	2464.3080000000004
308.0385	2772.3465000000006
308.0385	3080.3850000000007
308.0385	3388.423500000001
308.0385	3696.462000000001
308.0385	4004.500500000001
308.0385	4312.539000000001
308.0385	4620.5775
308.0385	4928.616
308.0385	5236.6545
308.0385	5544.692999999999
308.0385	5852.731499999999
308.0385	6160.769999999999
308.0385	6468.808499999998
616.077	0.0
616.077	308.0385
616.077	616.077
616.077	924.1155
616.077	1232.154
616.077	1540.1925
616.077	1848.2310000000002
616.077	2156.2695000000003
616.077	2464.3080000000004
616.077	2772.3465000000006
616.077	3080.3850000000007
616.077	3388.423500000001
616.077	3696.462000000001
616.077	4004.500500000001
616.077	4312.539000000001
616.077	4620.5775
616.077	4928.616
616.077	5236.6545
616.077	5544.692999999999
616.077	5852.731499999999
616.077	6160.769999999999
616.077	6468.808499999998
924.1155	0.0
924.1155	308.0385
924.1155	616.077
924.1155	924.1155
924.1155	1232.154
924.1155	1540.1925
924.1155	1848.2310000000002
924.1155	2156.2695000000003
924.1155	2464.3080000000004
924.1155	2772.3465000000006
924.1155	3080.3850000000007
924.1155	3388.423500000001
924.1155	3696.462000000001
924.1155	4004.500500000001
924.1155	4312.539000000001
924.1155	4620.5775
924.1155	4928.616
924.1155	5236.6545
924.1155	5544.692999999999
924.1155	5852.731499999999
924.1155	6160.769999999999
924.1155	6468.808499999998
1232.154	0.0
1232.154	308.0385
1232.154	616.077
1232.154	924.1155
1232.154	1232.154
1232.154	1540.1925
1232.154	1848.2310000000002
1232.154	2156.2695000000003
1232.154	2464.3080000000004
1232.154	2772.3465000000006
1232.154	3080.3850000000007
1232.154	4620.5775
1232.154	4928.616
1232.154	5236.6545
1232.154	5544.692999999999
1232.154	5852.731499999999
1232.154	6160.769999999999
1232.154	6468.808499999998
1540.1925	0.0
1540.1925	308.0385
1540.1925	616.077
1540.1925	924.1155
1540.1925	1232.154
1540.1925	1540.1925
1540.1925	1848.2310000000002
1540.1925	2156.2695000000003
1540.1925	2464.3080000000004
1540.1925	2772.3465000000006
1540.1925	3080.3850000000007
1540.1925	4620.5775
1540.1925	4928.616
1540.1925	5236.6545
1540.1925	5544.692999999999
1540.1925	5852.731499999999
1540.1925	6160.769999999999
1540.1925	6468.808499999998
1848.2310000000002	0.0
1848.2310000000002	308.0385
1848.2310000000002	616.077
1848.2310000000002	924.1155
1848.2310000000002	1232.154
1848.2310000000002	1540.1925
1848.2310000000002	1848.2310000000002
1848.2310000000002	2156.2695000000003
1848.2310000000002	2464.3080000000004
1848.2310000000002	2772.3465000000006
1848.2310000000002	3080.3850000000007
1848.2310000000002	4620.5775
1848.2310000000002	4928.616
1848.2310000000002	5236.6545
1848.2310000000002	5544.692999999999
1848.2310000000002	5852.731499999999
1848.2310000000002	6160.769999999999
1848.2310000000002	6468.808499999998
2156.2695000000003	0.0
2156.2695000000003	308.0385
2156.2695000000003	616.077
2156.2695000000003	924.1155
2156.2695000000003	1232.154
2156.2695000000003	1540.1925
2156.2695000000003	1848.2310000000002
2156.2695000000003	2156.2695000000003
2156.2695000000003	2464.3080000000004
2156.2695000000003	2772.3465000000006
2156.2695000000003	3080.3850000000007
2156.2695000000003	4620.5775
2156.2695000000003	4928.616
2156.2695000000003	5236.6545
2156.2695000000003	5544.692999999999
2156.2695000000003	5852.731499999999
2156.2695000000003	6160.769999999999
2156.2695000000003	6468.808499999998
2464.3080000000004	0.0
2464.3080000000004	2464.3080000000004
2464.3080000000004	2772.3465000000006
2464.3080000000004	3080.3850000000007
2464.3080000000004	3388.423500000001
2464.3080000000004	3696.462000000001
2464.3080000000004	4004.500500000001
2464.3080000000004	4312.539000000001
2464.3080000000004	4620.5775
2464.3080000000004	4928.616
2464.3080000000004	5236.6545
2464.3080000000004	5544.692999999999
2464.3080000000004	5852.731499999999
2464.3080000000004	6160.769999999999
2464.3080000000004	6468.808499999998
2772.3465000000006	0.0
2772.3465000000006	2464.3080000000004
2772.3465000000006	2772.3465000000006
2772.3465000000006	3080.3850000000007
2772.3465000000006	3388.423500000001
2772.3465000000006	3696.462000000001
2772.3465000000006	4004.500500000001
2772.3465000000006	4312.539000000001
2772.3465000000006	4620.5775
2772.3465000000006	4928.616
2772.3465000000006	5236.6545
2772.3465000000006	5544.692999999999
2772.3465000000006	5852.731499999999
2772.3465000000006	6160.769999999999
2772.3465000000006	6468.808499999998
3080.3850000000007	0.0
3080.3850000000007	2464.3080000000004
3080.3850000000007	2772.3465000000006
3080.3850000000007	3080.3850000000007
3080.3850000000007	3388.423500000001
3080.3850000000007	3696.462000000001
3080.3850000000007	4004.500500000001
3080.3850000000007	4312.539000000001
3080.3850000000007	4620.5775
3080.3850000000007	4928.616
3080.3850000000007	5236.6545
3080.3850000000007	5544.692999999999
3080.3850000000007	5852.731499999999
3080.3850000000007	6160.769999999999
3080.3850000000007	6468.808499999998
3388.423500000001	0.0
3388.423500000001	2464.3080000000004
3388.423500000001	2772.3465000000006
3388.423500000001	3080.3850000000007
3388.423500000001	3388.423500000001
3388.423500000001	3696.462000000001
3388.423500000001	4004.500500000001
3388.423500000001	4312.539000000001
3388.423500000001	4620.5775
3388.423500000001	4928.616
3388.423500000001	5236.6545
3388.423500000001	5544.692999999999
3388.423500000001	5852.731499999999
3388.423500000001	6160.769999999999
3388.423500000001	6468.808499999998
3696.462000000001	0.0
3696.462000000001	308.0385
3696.462000000001	616.077
3696.462000000001	924.1155
3696.462000000001	1232.154
3696.462000000001	1540.1925
3696.462000000001	1848.2310000000002
3696.462000000001	2156.2695000000003
3696.462000000001	3388.423500000001
3696.462000000001	3696.462000000001
3696.462000000001	4004.500500000001
3696.462000000001	4312.539000000001
3696.462000000001	4620.5775
3696.462000000001	4928.616
3696.462000000001	5236.6545
3696.462000000001	5544.692999999999
3696.462000000001	5852.731499999999
3696.462000000001	6160.769999999999
3696.462000000001	6468.808499999998
4004.500500000001	0.0
4004.500500000001	308.0385
4004.500500000001	616.077
4004.500500000001	924.1155
4004.500500000001	1232.154
4004.500500000001	1540.1925
4004.500500000001	1848.2310000000002
4004.500500000001	2156.2695000000003
4004.500500000001	3388.423500000001
4004.500500000001	3696.462000000001
4004.500500000001	4004.500500000001
4004.500500000001	4312.539000000001
4004.500500000001	4620.5775
4004.500500000001	4928.616
4004.500500000001	5236.6545
4004.500500000001	5544.692999999999
4004.500500000001	5852.731499999999
4004.500500000001	6160.769999999999
4004.500500000001	6468.808499999998
4312.539000000001	0.0
4312.539000000001	308.0385
4312.539000000001	616.077
4312.539000000001	924.1155
4312.539000000001	1232.154
4312.539000000001	1540.1925
4312.539000000001	1848.2310000000002
4312.539000000001	2156.2695000000003
4312.539000000001	3388.423500000001
4312.539000000001	3696.462000000001
4312.539000000001	4004.500500000001
4312.539000000001	4312.539000000001
4312.539000000001	4620.5775
4312.539000000001	4928.616
4312.539000000001	5236.6545
4312.539000000001	5544.692999999999
4312.539000000001	5852.731499999999
4312.539000000001	6160.769999999999
4312.539000000001	6468.808499999998
4620.5775	0.0
4620.5775	308.0385
4620.5775	616.077
4620.5775	924.1155
4620.5775	1232.154
4620.5775	1540.1925
4620.5775	1848.2310000000002
4620.5775	2156.2695000000003
4620.5775	2464.3080000000004
4620.5775	2772.3465000000006
4620.5775	3080.3850000000007
4620.5775	3388.423500000001
4620.5775	3696.462000000001
4620.5775	4004.500500000001
4620.5775	4312.539000000001
4620.5775	4620.5775
4620.5775	4928.616
4620.5775	5236.6545
4620.5775	5544.692999999999
4620.5775	5852.731499999999
4620.5775	6160.769999999999
4620.5775	6468.808499999998
4928.616	0.0
4928.616	308.0385
4928.616	616.077
4928.616	924.1155
4928.616	1232.154
4928.616	1540.1925
4928.616	1848.2310000000002
4928.616	2156.2695000000003
4928.616	2464.3080000000004
4928.616	2772.3465000000006
4928.616	3080.3850000000007
4928.616	3388.423500000001
4928.616	3696.462000000001
4928.616	4004.500500000001
4928.616	4312.539000000001
4928.616	4620.5775
4928.616	4928.616
4928.616	5236.6545
4928.616	5544.692999999999
4928.616	5852.731499999999
4928.616	6160.769999999999
4928.616	6468.808499999998
5236.6545	0.0
5236.6545	308.0385
5236.6545	616.077
5236.6545	924.1155
5236.6545	1232.154
5236.6545	1540.1925
5236.6545	1848.2310000000002
5236.6545	2156.2695000000003
5236.6545	2464.3080000000004
5236.6545	2772.3465000000006
5236.6545	3080.3850000000007
5236.6545	3388.423500000001
5236.6545	3696.462000000001
5236.6545	4004.500500000001
5236.6545	4312.539000000001
5236.6545	4620.5775
5236.6545	4928.616
5236.6545	5236.6545
5236.6545	5544.692999999999
5236.6545	5852.731499999999
5236.6545	6160.769999999999
5236.6545	6468.808499999998
5544.692999999999	0.0
5544.692999999999	308.0385
5544.692999999999	616.077
5544.692999999999	924.1155
5544.692999999999	1232.154
5544.692999999999	1540.1925
5544.692999999999	1848.2310000000002
5544.692999999999	2156.2695000000003
5544.692999999999	2464.3080000000004
5544.692999999999	2772.3465000000006
5544.692999999999	3080.3850000000007
5544.692999999999	3388.423500000001
5544.692999999999	3696.462000000001
5544.692999999999	4004.500500000001
5544.692999999999	4312.539000000001
5544.692999999999	4620.5775
5544.692999999999	4928.616
5544.692999999999	5236.6545
5544.692999999999	5544.692999999999
5544.692999999999	5852.731499999999
5544.692999999999	6160.769999999999
5544.692999999999	6468.808499999998
5852.731499999999	0.0
5852.731499999999	308.0385
5852.731499999999	616.077
5852.731499999999	924.1155
5852.731499999999	1232.154
5852.731499999999	1540.1925
5852.731499999999	1848.2310000000002
5852.731499999999	2156.2695000000003
5852.731499999999	2464.3080000000004
5852.731499999999	2772.3465000000006
5852.731499999999	3080.3850000000007
5852.731499999999	3388.423500000001
5852.731499999999	3696.462000000001
5852.731499999999	4004.500500000001
5852.731499999999	4312.539000000001
5852.731499999999	4620.5775
5852.731499999999	4928.616
5852.731499999999	5236.6545
5852.731499999999	5544.692999999999
5852.731499999999	5852.731499999999
5852.731499999999	6160.769999999999
5852.731499999999	6468.808499999998
6160.769999999999	0.0
6160.769999999999	308.0385
6160.769999999999	616.077
6160.769999999999	924.1155
6160.769999999999	1232.154
6160.769999999999	1540.1925
6160.769999999999	1848.2310000000002
6160.769999999999	2156.2695000000003
6160.769999999999	2464.3080000000004
6160.769999999999	2772.3465000000006
6160.769999999999	3080.3850000000007
6160.769999999999	3388.423500000001
6160.769999999999	3696.462000000001
6160.769999999999	4004.500500000001
6160.769999999999	4312.539000000001
6160.769999999999	4620.5775
6160.769999999999	4928.616
6160.769999999999	5236.6545
6160.769999999999	5544.692999999999
6160.769999999999	5852.731499999999
6160.769999999999	6160.769999999999
6160.769999999999	6468.808499999998
6468.808499999998	0.0
6468.808499999998	308.0385
6468.808499999998	616.077
6468.808499999998	924.1155
6468.808499999998	1232.154
6468.808499999998	1540.1925
6468.808499999998	1848.2310000000002
6468.808499999998	2156.2695000000003
6468.808499999998	2464.3080000000004
6468.808499999998	2772.3465000000006
6468.808499999998	3080.3850000000007
6468.808499999998	3388.423500000001
6468.808499999998	3696.462000000001
6468.808499999998	4004.500500000001
6468.808499999998	4312.539000000001
6468.808499999998	4620.5775
6468.808499999998	4928.616
6468.808499999998	5236.6545
6468.808499999998	5544.692999999999
6468.808499999998	5852.731499999999
6468.808499999998	6160.769999999999
6468.808499999998	6468.808499999998
6776.846999999998	0.0
6776.846999999998	308.0385
6776.846999999998	616.077
6776.846999999998	924.1155
6776.846999999998	1232.154
6776.846999999998	1540.1925
6776.846999999998	1848.2310000000002
6776.846999999998	2156.2695000000003
6776.846999999998	2464.3080000000004
6776.846999999998	2772.3465000000006
6776.846999999998	3080.3850000000007
6776.846999999998	3388.423500000001
6776.846999999998	3696.462000000001
6776.846999999998	4004.500500000001
6776.846999999998	4312.539000000001
6776.846999999998	4620.5775
6776.846999999998	4928.616
6776.846999999998	5236.6545
6776.846999999998	5544.692999999999
6776.846999999998	5852.731499999999
6776.846999999998	6160.769999999999
6776.846999999998	6468.808499999998
7084.885499999998	0.0
7084.885499999998	308.0385
7084.885499999998	616.077
7084.885499999998	924.1155
7084.885499999998	1232.154
7084.885499999998	1540.1925
7084.885499999998	1848.2310000000002
7084.885499999998	2156.2695000000003
7084.885499999998	2464.3080000000004
7084.885499999998	2772.3465000000006
7084.885499999998	3080.3850000000007
7084.885499999998	3388.423500000001
7084.885499999998	3696.462000000001
7084.885499999998	4004.500500000001
7084.885499999998	4312.539000000001
7084.885499999998	4620.5775
7084.885499999998	4928.616
7084.885499999998	5236.6545
7084.885499999998	5544.692999999999
7084.885499999998	5852.731499999999
7084.885499999998	6160.769999999999
7084.885499999998	6468.808499999998
7392.923999999997	0.0
7392.923999999997	308.0385
7392.923999999997	616.077
7392.923999999997	924.1155
7392.923999999997	1232.154
7392.923999999997	1540.1925
7392.923999999997	1848.2310000000002
7392.923999999997	2156.2695000000003
7392.923999999997	2464.3080000000004
7392.923999999997	2772.3465000000006
7392.923999999997	3080.3850000000007
7392.923999999997	3388.423500000001
7392.923999999997	3696.462000000001
7392.923999999997	4004.500500000001
7392.923999999997	4312.539000000001
7392.923999999997	4620.5775
7392.923999999997	4928.616
7392.923999999997	5236.6545
7392.923999999997	5544.692999999999
7392.923999999997	5852.731499999999
7392.923999999997	6160.769999999999
7392.923999999997	6468.808499999998
7700.962499999997	0.0
7700.962499999997	308.0385
7700.962499999997	616.077
7700.962499999997	924.1155
7700.962499999997	1232.154
7700.962499999997	1540.1925
7700.962499999997	1848.2310000000002
7700.962499999997	2156.2695000000003
7700.962499999997	2464.3080000000004
7700.962499999997	2772.3465000000006
7700.962499999997	3080.3850000000007
7700.962499999997	3388.423500000001
7700.962499999997	3696.462000000001
7700.962499999997	4004.500500000001
7700.962499999997	4312.539000000001
7700.962499999997	4620.5775
7700.962499999997	4928.616
7700.962499999997	5236.6545
7700.962499999997	5544.692999999999
7700.962499999997	5852.731499999999
7700.962499999997	6160.769999999999
7700.962499999997	6468.808499999998
8009.000999999997	0.0
8009.000999999997	308.0385
8009.000999999997	616.077
8009.000999999997	924.1155
8009.000999999997	1232.154
8009.000999999997	1540.1925
8009.000999999997	1848.2310000000002
8009.000999999997	2156.2695000000003
8009.000999999997	2464.3080000000004
8009.000999999997	2772.3465000000006
8009.000999999997	3080.3850000000007
8009.000999999997	3388.423500000001
8009.000999999997	3696.462000000001
8009.000999999997	4004.500500000001
8009.000999999997	4312.539000000001
8009.000999999997	4620.5775
8009.000999999997	4928.616
8009.000999999997	5236.6545
8009.000999999997	5544.692999999999
8009.000999999997	5852.731499999999
8009.000999999997	6160.769999999999
8009.000999999997	6468.808499999998
8317.039499999997	0.0
8317.039499999997	308.0385
8317.039499999997	616.077
8317.039499999997	924.1155
8317.039499999997	1232.154
8317.039499999997	1540.1925
8317.039499999997	1848.2310000000002
8317.039499999997	2156.2695000000003
8317.039499999997	2464.3080000000004
8317.039499999997	2772.3465000000006
8317.039499999997	3080.3850000000007
8317.039499999997	3388.423500000001
8317.039499999997	3696.462000000001
8317.039499999997	4004.500500000001
8317.039499999997	4312.539000000001
8317.039499999997	4620.5775
8317.039499999997	4928.616
8317.039499999997	5236.6545
8317.039499999997	5544.692999999999
8317.039499999997	5852.731499999999
8317.039499999997	6160.769999999999
8317.039499999997	6468.808499999998
8625.077999999998	0.0
8625.077999999998	308.0385
8625.077999999998	616.077
8625.077999999998	924.1155
8625.077999999998	1232.154
8625.077999999998	1540.1925
8625.077999999998	1848.2310000000002
8625.077999999998	2156.2695000000003
8625.077999999998	2464.3080000000004
8625.077999999998	2772.3465000000006
8625.077999999998	3080.3850000000007
8625.077999999998	3388.423500000001
8625.077999999998	3696.462000000001
8625.077999999998	4004.500500000001
8625.077999999998	4312.539000000001
8625.077999999998	4620.5775
8625.077999999998	4928.616
8625.077999999998	5236.6545
8625.077999999998	5544.692999999999
8625.077999999998	5852.731499999999
8625.077999999998	6160.769999999999
8625.077999999998	6468.808499999998
8933.116499999998	0.0
8933.116499999998	308.0385
8933.116499999998	616.077
8933.116499999998	924.1155
8933.116499999998	1232.154
8933.116499999998	1540.1925
8933.116499999998	1848.2310000000002
8933.116499999998	2156.2695000000003
8933.116499999998	2464.3080000000004
8933.116499999998	2772.3465000000006
8933.116499999998	3080.3850000000007
8933.116499999998	3388.423500000001
8933.116499999998	3696.462000000001
8933.116499999998	4004.500500000001
8933.116499999998	4312.539000000001
8933.116499999998	4620.5775
8933.116499999998	4928.616
8933.116499999998	5236.6545
8933.116499999998	5544.692999999999
8933.116499999998	5852.731499999999
8933.116499999998	6160.769999999999
8933.116499999998	6468.808499999998
GRID-End
num_of_evaluations 2000
best obj 0.0012391094012954363
LLH0	55
LLH1	29
LLH2	49
LLH3	48
LLH4	102
LLH5	75
LLH6	95