Initial objective 0.0013229580174094206	 Seed value 343180675
1	 LLH-2	0.0013387401907098107	0.0013387401907098107
2	 LLH-6	0.00133895871262789	0.00133895871262789
3	 LLH-1	0.00133895871262789	0.00133895871262789
4	 LLH-3	0.0012629146986801447	0.0012629146986801447
5	 LLH-0	0.001263761690402269	0.001263761690402269
6	 LLH-0	0.0012646399876920802	0.0012646399876920802
7	 LLH-0	0.00126556144395948	0.00126556144395948
8	 LLH-6	0.0012652334671820822	0.0012652334671820822
9	 LLH-4	0.0012652334671820822	0.0012652334671820822
14	 LLH-1	0.0012652334671820822	0.0012652334671820822
15	 LLH-2	0.0012871542449464516	0.0012871542449464516
16	 LLH-4	0.001285922999125237	0.001285922999125237
19	 LLH-3	0.0012566243804844998	0.0012566243804844998
20	 LLH-5	0.0012565328299835028	0.0012565328299835028
21	 LLH-5	0.001257399500934533	0.001257399500934533
22	 LLH-6	0.0012568845361269965	0.0012568845361269965
23	 LLH-1	0.0012568845361269965	0.0012568845361269965
24	 LLH-5	0.001256749167189429	0.001256749167189429
25	 LLH-6	0.001255133582792377	0.001255133582792377
26	 LLH-2	0.0012583133398629148	0.0012583133398629148
27	 LLH-5	0.00125815283980964	0.00125815283980964
28	 LLH-6	0.0012605736564788202	0.0012605736564788202
29	 LLH-1	0.001260581339269348	0.001260581339269348
30	 LLH-3	0.0013336314931060307	0.0013336314931060307
31	 LLH-2	0.001325203816922721	0.001325203816922721
32	 LLH-4	0.0013237208937878842	0.0013237208937878842
34	 LLH-5	0.0013244089881773874	0.0013244089881773874
35	 LLH-6	0.0013227171216804122	0.0013227171216804122
36	 LLH-2	0.0013240063328782213	0.0013240063328782213
37	 LLH-4	0.0013228526336570088	0.0013228526336570088
40	 LLH-3	0.0012773222946862528	0.0012773222946862528
41	 LLH-0	0.0012785358686875903	0.0012785358686875903
42	 LLH-2	0.0012764898811118168	0.0012764898811118168
43	 LLH-2	0.0012745008909629157	0.0012745008909629157
44	 LLH-6	0.0012748049802805052	0.0012748049802805052
45	 LLH-0	0.0012951839731333828	0.0012951839731333828
46	 LLH-1	0.001295138891742382	0.001295138891742382
47	 LLH-3	0.0013747906744872858	0.001295138891742382
48	 LLH-2	0.001281845838471888	0.001281845838471888
49	 LLH-1	0.0012817300875817075	0.0012817300875817075
50	 LLH-0	0.001282750969574805	0.001282750969574805
51	 LLH-0	0.001281434041362498	0.001281434041362498
52	 LLH-2	0.0012920039355508374	0.0012920039355508374
53	 LLH-6	0.0012911961545612734	0.0012911961545612734
54	 LLH-4	0.0012898528782703006	0.0012898528782703006
56	 LLH-2	0.0013057469667446682	0.0013057469667446682
57	 LLH-6	0.0013061783430229575	0.0013061783430229575
58	 LLH-3	0.00126875045765149	0.00126875045765149
59	 LLH-6	0.0012685137305749096	0.0012685137305749096
60	 LLH-5	0.0012673211706863065	0.0012673211706863065
61	 LLH-3	0.0012464596324557927	0.0012464596324557927
62	 LLH-6	0.0012462997853809835	0.0012462997853809835
63	 LLH-3	0.0012532095440134557	0.0012532095440134557
64	 LLH-0	0.0012538798295274824	0.0012538798295274824
65	 LLH-3	0.0012791896301310997	0.0012791896301310997
66	 LLH-5	0.0012791999744918793	0.0012791999744918793
67	 LLH-6	0.0012807581030810974	0.0012807581030810974
68	 LLH-6	0.0012821752141696564	0.0012821752141696564
69	 LLH-0	0.0012837374166411262	0.0012837374166411262
70	 LLH-4	0.0012826760891709254	0.0012826760891709254
73	 LLH-5	0.0012818368325737128	0.0012818368325737128
74	 LLH-6	0.0012829049518416468	0.0012829049518416468
75	 LLH-2	0.0012872461071839147	0.0012872461071839147
76	 LLH-4	0.0012860069839954811	0.0012860069839954811
78	 LLH-0	0.0012846336628646914	0.0012846336628646914
79	 LLH-2	0.0012807585243659611	0.0012807585243659611
80	 LLH-4	0.0012797509197864938	0.0012797509197864938
84	 LLH-6	0.0012794764649434185	0.0012794764649434185
85	 LLH-4	0.0012782036426955028	0.0012782036426955028
87	 LLH-4	0.001277203632049498	0.001277203632049498
89	 LLH-6	0.00127623233142026	0.00127623233142026
90	 LLH-6	0.0012763633339146787	0.0012763633339146787
91	 LLH-4	0.001275286354642053	0.001275286354642053
95	 LLH-6	0.0012747818484481336	0.0012747818484481336
96	 LLH-4	0.0012734500172267528	0.0012734500172267528
100	 LLH-3	0.0013939180338137667	0.0013939180338137667
101	 LLH-5	0.0013924549176280523	0.0013924549176280523
102	 LLH-6	0.0013922808827347556	0.0013922808827347556
103	 LLH-0	0.0013898855307563265	0.0013898855307563265
104	 LLH-2	0.00135341966847739	0.00135341966847739
105	 LLH-4	0.0013513371083179399	0.0013513371083179399
107	 LLH-5	0.001351169109226703	0.001351169109226703
108	 LLH-0	0.0013533304276068347	0.0013533304276068347
109	 LLH-3	0.0012870705226564613	0.0012870705226564613
110	 LLH-5	0.0012875694294579689	0.0012875694294579689
111	 LLH-1	0.0012875694294579689	0.0012875694294579689
112	 LLH-1	0.0012876585328960354	0.0012876585328960354
113	 LLH-1	0.0012876585328960354	0.0012876585328960354
114	 LLH-0	0.0012886519936108733	0.0012886519936108733
115	 LLH-0	0.0012872824601653347	0.0012872824601653347
116	 LLH-0	0.0012881621475043172	0.0012881621475043172
117	 LLH-0	0.0012894478254328783	0.0012894478254328783
118	 LLH-0	0.0012905798127816391	0.0012905798127816391
119	 LLH-2	0.0012884681503282042	0.0012884681503282042
120	 LLH-5	0.0012905271194973069	0.0012905271194973069
121	 LLH-1	0.0012907005893991249	0.0012907005893991249
122	 LLH-6	0.001289293043391273	0.001289293043391273
123	 LLH-4	0.001289293043391273	0.001289293043391273
128	 LLH-3	0.0013732044620699854	0.0013732044620699854
129	 LLH-5	0.0013734906259028578	0.0013734906259028578
130	 LLH-5	0.0013734955780095085	0.0013734955780095085
131	 LLH-0	0.0013712165411433486	0.0013712165411433486
132	 LLH-5	0.0013707069715994556	0.0013707069715994556
133	 LLH-4	0.0013682771342357074	0.0013682771342357074
135	 LLH-2	0.0013730036377112558	0.0013730036377112558
136	 LLH-0	0.0013709373637648542	0.0013709373637648542
137	 LLH-4	0.0013686317009373849	0.0013686317009373849
139	 LLH-5	0.0013675125910481696	0.0013675125910481696
140	 LLH-3	0.001502418661822472	0.0013675125910481696
141	 LLH-5	0.0013659508010960598	0.0013659508010960598
142	 LLH-1	0.0013657668597482238	0.0013657668597482238
143	 LLH-0	0.0013636646997679785	0.0013636646997679785
144	 LLH-5	0.0013638033136916647	0.0013638033136916647
145	 LLH-3	0.001279671833192404	0.001279671833192404
146	 LLH-1	0.001279671833192404	0.001279671833192404
147	 LLH-3	0.0013776058498633586	0.001279671833192404
148	 LLH-1	0.001279671833192404	0.001279671833192404
149	 LLH-5	0.0012792479393447282	0.0012792479393447282
150	 LLH-6	0.0012800561009065872	0.0012800561009065872
151	 LLH-2	0.0012847129019016362	0.0012847129019016362
152	 LLH-6	0.0012846220630715302	0.0012846220630715302
153	 LLH-1	0.0012846220630715302	0.0012846220630715302
154	 LLH-6	0.0012850429032489504	0.0012850429032489504
155	 LLH-1	0.0012850429032489504	0.0012850429032489504
156	 LLH-0	0.0012859781639785238	0.0012859781639785238
157	 LLH-5	0.0012866812370068738	0.0012866812370068738
158	 LLH-4	0.001285330930202105	0.001285330930202105
160	 LLH-3	0.0012661054452765192	0.0012661054452765192
161	 LLH-1	0.0012660290156274762	0.0012660290156274762
162	 LLH-0	0.0012650630213095805	0.0012650630213095805
163	 LLH-4	0.0012650630213095805	0.0012650630213095805
168	 LLH-3	0.0013169407480583767	0.0013169407480583767
169	 LLH-3	0.0014471705315012298	0.0014471705315012298
170	 LLH-4	0.0014438671512788741	0.0014438671512788741
173	 LLH-5	0.0014430026866323708	0.0014430026866323708
174	 LLH-4	0.0014397731983397805	0.0014397731983397805
177	 LLH-5	0.0014380902631986763	0.0014380902631986763
178	 LLH-2	0.001409488586010765	0.001409488586010765
179	 LLH-2	0.0013673222526342519	0.0013673222526342519
180	 LLH-5	0.0013675500722543769	0.0013675500722543769
181	 LLH-1	0.001367656178500209	0.001367656178500209
182	 LLH-4	0.001365449650110076	0.001365449650110076
184	 LLH-1	0.0013656537256224956	0.0013656537256224956
185	 LLH-1	0.0013653794177318713	0.0013653794177318713
186	 LLH-4	0.0013631063253777861	0.0013631063253777861
189	 LLH-1	0.0013631063253777861	0.0013631063253777861
190	 LLH-2	0.001383704692648137	0.001383704692648137
191	 LLH-2	0.0013681121364599355	0.0013681121364599355
192	 LLH-1	0.0013681121364599355	0.0013681121364599355
193	 LLH-2	0.0013296415913725576	0.0013296415913725576
194	 LLH-4	0.0013296415913725576	0.0013296415913725576
199	 LLH-6	0.0013289843297115372	0.0013289843297115372
200	 LLH-2	0.0013224244178062082	0.0013224244178062082
201	 LLH-1	0.0013224244178062082	0.0013224244178062082
202	 LLH-3	0.0012702599818866758	0.0012702599818866758
203	 LLH-0	0.001268908660274569	0.001268908660274569
204	 LLH-3	0.0012547438704999761	0.0012547438704999761
205	 LLH-6	0.0012541141077971475	0.0012541141077971475
206	 LLH-3	0.0012484781350555634	0.0012484781350555634
207	 LLH-1	0.0012484781350555634	0.0012484781350555634
208	 LLH-2	0.0012596694677802505	0.0012596694677802505
209	 LLH-4	0.0012596694677802505	0.0012596694677802505
214	 LLH-5	0.0012603670935398801	0.0012603670935398801
215	 LLH-6	0.0012609678360669884	0.0012609678360669884
216	 LLH-4	0.0012602196828750264	0.0012602196828750264
218	 LLH-0	0.0012608899119379356	0.0012608899119379356
219	 LLH-2	0.001262791551539133	0.001262791551539133
220	 LLH-5	0.0012628639621257405	0.0012628639621257405
221	 LLH-4	0.0012621957569962866	0.0012621957569962866
223	 LLH-1	0.0012621957569962866	0.0012621957569962866
224	 LLH-2	0.0012609004609739308	0.0012609004609739308
225	 LLH-0	0.0012601785374143893	0.0012601785374143893
226	 LLH-4	0.0012591476232670664	0.0012591476232670664
229	 LLH-3	0.0013096016003248567	0.0012591476232670664
230	 LLH-0	0.0012598986357005271	0.0012598986357005271
231	 LLH-2	0.0012781806458478486	0.0012781806458478486
232	 LLH-4	0.001277091793508244	0.001277091793508244
235	 LLH-3	0.001260996098199138	0.001260996098199138
236	 LLH-4	0.0012603433367116199	0.0012603433367116199
239	 LLH-3	0.00125251382323751	0.00125251382323751
240	 LLH-1	0.00125251382323751	0.00125251382323751
241	 LLH-4	0.0012520419143631622	0.0012520419143631622
244	 LLH-3	0.0012472995584685731	0.0012472995584685731
245	 LLH-0	0.0012477451212578692	0.0012477451212578692
246	 LLH-5	0.0012478775017766622	0.0012478775017766622
247	 LLH-1	0.001247794035688541	0.001247794035688541
248	 LLH-6	0.00124677831178627	0.00124677831178627
249	 LLH-3	0.001277831797918444	0.001277831797918444
250	 LLH-5	0.0012772272562114645	0.0012772272562114645
251	 LLH-4	0.0012772272562114645	0.0012772272562114645
256	 LLH-1	0.0012772272562114645	0.0012772272562114645
257	 LLH-2	0.001279111010474154	0.001279111010474154
258	 LLH-5	0.001278482931209099	0.001278482931209099
259	 LLH-1	0.001278482931209099	0.001278482931209099
260	 LLH-3	0.0013385987939216908	0.0013385987939216908
261	 LLH-3	0.0014952936361018428	0.0014952936361018428
262	 LLH-5	0.0014954795853084667	0.0014954795853084667
263	 LLH-2	0.0014353141236213896	0.0014353141236213896
264	 LLH-3	0.0016149016560457223	0.0016149016560457223
265	 LLH-4	0.001609056316688637	0.001609056316688637
267	 LLH-2	0.0015058794949641676	0.0015058794949641676
268	 LLH-4	0.0015017752518739385	0.0015017752518739385
271	 LLH-4	0.0014975617619989872	0.0014975617619989872
273	 LLH-1	0.0014975945679644173	0.0014975945679644173
274	 LLH-1	0.0014975945679644173	0.0014975945679644173
275	 LLH-5	0.0014955841210344402	0.0014955841210344402
276	 LLH-6	0.0014947761455796822	0.0014947761455796822
277	 LLH-3	0.001324340950923087	0.001324340950923087
278	 LLH-4	0.0013228066565291491	0.0013228066565291491
281	 LLH-4	0.001321119694196352	0.001321119694196352
284	 LLH-2	0.001314836698878212	0.001314836698878212
285	 LLH-4	0.00131361614048091	0.00131361614048091
288	 LLH-0	0.0013120625951533829	0.0013120625951533829
289	 LLH-2	0.00131781830359991	0.00131781830359991
290	 LLH-5	0.0013167338310792896	0.0013167338310792896
291	 LLH-2	0.0013148057966079465	0.0013148057966079465
292	 LLH-0	0.001316043551630611	0.001316043551630611
293	 LLH-4	0.0013147350681776407	0.0013147350681776407
295	 LLH-3	0.0014388338454750648	0.0013147350681776407
296	 LLH-2	0.0013211092272668386	0.0013211092272668386
297	 LLH-5	0.0013212063949495103	0.0013212063949495103
298	 LLH-1	0.0013209707040013874	0.0013209707040013874
299	 LLH-3	0.0012764597839256303	0.0012764597839256303
300	 LLH-5	0.001276159970386848	0.001276159970386848
301	 LLH-6	0.0012772167397162117	0.0012772167397162117
302	 LLH-0	0.0012780793685860164	0.0012780793685860164
303	 LLH-0	0.0012794120783660005	0.0012794120783660005
304	 LLH-5	0.0012797244819109505	0.0012797244819109505
305	 LLH-0	0.0012805834679424813	0.0012805834679424813
306	 LLH-0	0.0012814115358490948	0.0012814115358490948
307	 LLH-5	0.0012816238641969225	0.0012816238641969225
308	 LLH-2	0.0012802750238771962	0.0012802750238771962
309	 LLH-5	0.0012805567815976134	0.0012805567815976134
310	 LLH-6	0.0012810113634700764	0.0012810113634700764
311	 LLH-3	0.0013730739573190507	0.0012810113634700764
312	 LLH-4	0.0012800769154754882	0.0012800769154754882
314	 LLH-5	0.0012784238272387635	0.0012784238272387635
315	 LLH-1	0.0012783964752316399	0.0012783964752316399
316	 LLH-5	0.0012785216727818154	0.0012785216727818154
317	 LLH-4	0.0012775184297719282	0.0012775184297719282
319	 LLH-1	0.0012778456940013604	0.0012778456940013604
320	 LLH-3	0.0012556657267893576	0.0012556657267893576
321	 LLH-5	0.0012557418443906463	0.0012557418443906463
322	 LLH-5	0.0012561442369327385	0.0012561442369327385
323	 LLH-5	0.0012555992099433416	0.0012555992099433416
324	 LLH-0	0.0012562332407625955	0.0012562332407625955
325	 LLH-5	0.0012563524324760383	0.0012563524324760383
326	 LLH-3	0.001258651155735198	0.001258651155735198
327	 LLH-1	0.0012580807930635922	0.0012580807930635922
328	 LLH-6	0.00125931976001247	0.00125931976001247
329	 LLH-2	0.0012567753897542047	0.0012567753897542047
330	 LLH-6	0.0012562018931682396	0.0012562018931682396
331	 LLH-2	0.001274191085641591	0.001274191085641591
332	 LLH-1	0.0012743102419890116	0.0012743102419890116
333	 LLH-0	0.0012563242759364422	0.0012563242759364422
334	 LLH-2	0.0012753333902873567	0.0012753333902873567
335	 LLH-1	0.0012753333902873567	0.0012753333902873567
336	 LLH-5	0.001274433808071495	0.001274433808071495
337	 LLH-5	0.00127316924967314	0.00127316924967314
338	 LLH-3	0.0013465070439454521	0.00127316924967314
339	 LLH-4	0.0012716619913284918	0.0012716619913284918
342	 LLH-6	0.0012702514233802848	0.0012702514233802848
343	 LLH-1	0.0012702514233802848	0.0012702514233802848
344	 LLH-4	0.0012694767517108891	0.0012694767517108891
346	 LLH-2	0.0012669906719515404	0.0012669906719515404
347	 LLH-6	0.0012660186313012004	0.0012660186313012004
348	 LLH-5	0.0012663183408837275	0.0012663183408837275
349	 LLH-3	0.0012654068576721947	0.0012654068576721947
350	 LLH-0	0.0012484395882995062	0.0012484395882995062
351	 LLH-3	0.0012566736424638987	0.0012566736424638987
352	 LLH-3	0.0012868111433514235	0.0012868111433514235
353	 LLH-4	0.001285831814690272	0.001285831814690272
355	 LLH-5	0.0012855050454955398	0.0012855050454955398
356	 LLH-6	0.00128579676745973	0.00128579676745973
357	 LLH-5	0.0012858168577103615	0.0012858168577103615
358	 LLH-6	0.0012863519329412902	0.0012863519329412902
359	 LLH-3	0.0012734314166374804	0.0012734314166374804
360	 LLH-5	0.0012732723137798344	0.0012732723137798344
361	 LLH-0	0.0012554517494259023	0.0012554517494259023
362	 LLH-3	0.0013159227492413098	0.0013159227492413098
363	 LLH-0	0.001317372187142031	0.001317372187142031
364	 LLH-4	0.0013156012502660544	0.0013156012502660544
368	 LLH-6	0.0013137037718632752	0.0013137037718632752
369	 LLH-1	0.0013134395918566288	0.0013134395918566288
370	 LLH-5	0.0013141517203005173	0.0013141517203005173
371	 LLH-1	0.0013137554307937754	0.0013137554307937754
372	 LLH-0	0.0013122340914195445	0.0013122340914195445
373	 LLH-6	0.0013129959409363466	0.0013129959409363466
374	 LLH-1	0.0013129656258257828	0.0013129656258257828
375	 LLH-2	0.0013122290727784279	0.0013122290727784279
376	 LLH-4	0.0013106875514595558	0.0013106875514595558
378	 LLH-0	0.001312259362168627	0.001312259362168627
379	 LLH-5	0.0013118875454717334	0.0013118875454717334
380	 LLH-4	0.0013103779320874109	0.0013103779320874109
383	 LLH-0	0.0013117065822846957	0.0013117065822846957
384	 LLH-0	0.0013101837011352425	0.0013101837011352425
385	 LLH-2	0.0013178252760874462	0.0013178252760874462
386	 LLH-0	0.0013195326546574834	0.0013195326546574834
387	 LLH-3	0.001415829378293241	0.001415829378293241
388	 LLH-3	0.0015665505275620417	0.0015665505275620417
389	 LLH-5	0.0015653121502855814	0.0015653121502855814
390	 LLH-0	0.0015710449685752204	0.0015710449685752204
391	 LLH-6	0.0015736818051408125	0.0015736818051408125
392	 LLH-6	0.0015742115684921464	0.0015742115684921464
393	 LLH-6	0.001573825111400882	0.001573825111400882
394	 LLH-5	0.0015731136595938658	0.0015731136595938658
395	 LLH-0	0.00156710173036578	0.00156710173036578
396	 LLH-3	0.0019034299451530265	0.00156710173036578
397	 LLH-5	0.0015667038742389538	0.0015667038742389538
398	 LLH-6	0.001565293742788089	0.001565293742788089
399	 LLH-4	0.001565293742788089	0.001565293742788089
404	 LLH-5	0.0015637179073373462	0.0015637179073373462
405	 LLH-6	0.0015642534308724877	0.0015642534308724877
406	 LLH-0	0.0016065159457029955	0.0015642534308724877
407	 LLH-5	0.0015658338980596414	0.0015658338980596414
408	 LLH-1	0.0015660227931588921	0.0015660227931588921
409	 LLH-4	0.0015660227931588921	0.0015660227931588921
414	 LLH-6	0.0015687695224648544	0.0015687695224648544
415	 LLH-6	0.001571210454940664	0.001571210454940664
416	 LLH-2	0.0014486501601362316	0.0014486501601362316
417	 LLH-2	0.0014104362425436654	0.0014104362425436654
418	 LLH-4	0.0014076942292024894	0.0014076942292024894
420	 LLH-0	0.0014108722192170222	0.0014108722192170222
421	 LLH-5	0.0014117201113402799	0.0014117201113402799
422	 LLH-1	0.0014114052988916746	0.0014114052988916746
423	 LLH-6	0.0014106416108069682	0.0014106416108069682
424	 LLH-0	0.0014079131588454294	0.0014079131588454294
425	 LLH-0	0.0014108531488435565	0.0014108531488435565
426	 LLH-3	0.0013043804396733621	0.0013043804396733621
427	 LLH-3	0.0013722585136936795	0.0013722585136936795
428	 LLH-1	0.0013720706529969403	0.0013720706529969403
429	 LLH-5	0.0013719214227005435	0.0013719214227005435
430	 LLH-4	0.0013698251795883293	0.0013698251795883293
432	 LLH-6	0.0013710571910259266	0.0013710571910259266
433	 LLH-4	0.0013684832078389524	0.0013684832078389524
435	 LLH-2	0.0013732471804050713	0.0013732471804050713
436	 LLH-0	0.0013754585204926732	0.0013754585204926732
437	 LLH-5	0.0013758944193155832	0.0013758944193155832
438	 LLH-3	0.00128857514404729	0.00128857514404729
439	 LLH-0	0.0012874457032904432	0.0012874457032904432
440	 LLH-5	0.0012875208492148967	0.0012875208492148967
441	 LLH-1	0.0012875208492148967	0.0012875208492148967
442	 LLH-1	0.0012875208492148967	0.0012875208492148967
443	 LLH-3	0.0013616718146726345	0.0013616718146726345
444	 LLH-5	0.0013608623476693076	0.0013608623476693076
445	 LLH-6	0.0013604142603239385	0.0013604142603239385
446	 LLH-6	0.0013592228894483166	0.0013592228894483166
447	 LLH-0	0.0013613064904117317	0.0013613064904117317
448	 LLH-3	0.0012811645598360352	0.0012811645598360352
449	 LLH-0	0.0012802241186146922	0.0012802241186146922
450	 LLH-5	0.001280758088979833	0.001280758088979833
451	 LLH-1	0.001280758088979833	0.001280758088979833
452	 LLH-5	0.0012808285127363876	0.0012808285127363876
453	 LLH-2	0.0012961836952643908	0.0012961836952643908
454	 LLH-2	0.0013005764131547005	0.0013005764131547005
455	 LLH-4	0.0012990965908093956	0.0012990965908093956
460	 LLH-0	0.0012976621961495176	0.0012976621961495176
461	 LLH-3	0.0013713798475012491	0.0012976621961495176
462	 LLH-4	0.0012957677658218792	0.0012957677658218792
464	 LLH-2	0.0013272533511999546	0.0013272533511999546
465	 LLH-1	0.0013272533511999546	0.0013272533511999546
466	 LLH-4	0.0013255449009311315	0.0013255449009311315
469	 LLH-2	0.001316104549414178	0.001316104549414178
470	 LLH-0	0.0013144964218846167	0.0013144964218846167
471	 LLH-4	0.001312774088590943	0.001312774088590943
473	 LLH-6	0.001313550022400847	0.001313550022400847
474	 LLH-5	0.0013127546371540849	0.0013127546371540849
475	 LLH-0	0.0013146647640599896	0.0013146647640599896
476	 LLH-3	0.0012767241440440884	0.0012767241440440884
477	 LLH-3	0.0012591445633174606	0.0012591445633174606
478	 LLH-1	0.0012585687406390423	0.0012585687406390423
479	 LLH-1	0.0012585687406390423	0.0012585687406390423
480	 LLH-2	0.0012605818700291201	0.0012605818700291201
481	 LLH-3	0.0012656443957923538	0.0012656443957923538
482	 LLH-4	0.0012645540715513935	0.0012645540715513935
486	 LLH-4	0.0012645540715513935	0.0012645540715513935
491	 LLH-4	0.0012637552740885855	0.0012637552740885855
494	 LLH-6	0.0012632633649499075	0.0012632633649499075
495	 LLH-6	0.0012628711732216868	0.0012628711732216868
496	 LLH-0	0.001262278440559223	0.001262278440559223
497	 LLH-6	0.0012628781593360227	0.0012628781593360227
498	 LLH-0	0.0012623154478441404	0.0012623154478441404
499	 LLH-4	0.0012623154478441404	0.0012623154478441404
504	 LLH-1	0.0012623154478441404	0.0012623154478441404
505	 LLH-1	0.0012621775348428453	0.0012621775348428453
506	 LLH-5	0.0012613774168616517	0.0012613774168616517
507	 LLH-5	0.0012616564506635908	0.0012616564506635908
508	 LLH-2	0.0012651479161662012	0.0012651479161662012
509	 LLH-1	0.0012651479161662012	0.0012651479161662012
510	 LLH-1	0.0012651479161662012	0.0012651479161662012
511	 LLH-6	0.001264325723843357	0.001264325723843357
512	 LLH-6	0.0012645924154664275	0.0012645924154664275
513	 LLH-1	0.0012646154965641648	0.0012646154965641648
514	 LLH-5	0.001264391508464811	0.001264391508464811
515	 LLH-5	0.0012643353926319516	0.0012643353926319516
516	 LLH-4	0.001263535456180418	0.001263535456180418
518	 LLH-3	0.0013008887579141416	0.0013008887579141416
519	 LLH-2	0.0013184175660977749	0.0013184175660977749
520	 LLH-0	0.0013199546877041544	0.0013199546877041544
521	 LLH-2	0.0013225735381438468	0.0013225735381438468
522	 LLH-5	0.0013227991583284072	0.0013227991583284072
523	 LLH-3	0.001265618818460681	0.001265618818460681
524	 LLH-6	0.001266044234726085	0.001266044234726085
525	 LLH-1	0.001266044234726085	0.001266044234726085
526	 LLH-2	0.0012846695342122055	0.001266044234726085
527	 LLH-1	0.001266044234726085	0.001266044234726085
528	 LLH-2	0.0012831017527595104	0.0012831017527595104
529	 LLH-3	0.0012519742396460262	0.0012519742396460262
530	 LLH-6	0.0012527454066328927	0.0012527454066328927
531	 LLH-1	0.0012530701112057237	0.0012530701112057237
532	 LLH-4	0.0012524194696002812	0.0012524194696002812
536	 LLH-6	0.0012520846044857673	0.0012520846044857673
537	 LLH-5	0.0012511308866020397	0.0012511308866020397
538	 LLH-3	0.0012537911046647345	0.0012537911046647345
539	 LLH-4	0.0012537911046647345	0.0012537911046647345
544	 LLH-1	0.0012541064209339744	0.0012541064209339744
545	 LLH-0	0.0012549317464467832	0.0012549317464467832
546	 LLH-1	0.0012549317464467832	0.0012549317464467832
547	 LLH-2	0.0012502699390898346	0.0012502699390898346
548	 LLH-3	0.0012495639761284367	0.0012495639761284367
549	 LLH-4	0.0012495639761284367	0.0012495639761284367
554	 LLH-0	0.0012502699389657158	0.0012502699389657158
555	 LLH-5	0.0012508813976276848	0.0012508813976276848
556	 LLH-2	0.0012624272488173944	0.0012508813976276848
557	 LLH-6	0.00125091238263112	0.00125091238263112
558	 LLH-0	0.0012513835586336526	0.0012513835586336526
559	 LLH-4	0.00125091238263112	0.00125091238263112
564	 LLH-6	0.0012501329712615022	0.0012501329712615022
565	 LLH-3	0.0013051438177602223	0.0013051438177602223
566	 LLH-5	0.001304738543243097	0.001304738543243097
567	 LLH-4	0.001304738543243097	0.001304738543243097
572	 LLH-2	0.001288321229027584	0.001288321229027584
573	 LLH-2	0.0013070538034150815	0.0013070538034150815
574	 LLH-5	0.0013074734756003072	0.0013074734756003072
575	 LLH-2	0.0013039766111982878	0.0013039766111982878
576	 LLH-4	0.0013025444529766253	0.0013025444529766253
581	 LLH-1	0.0013025152470248582	0.0013025152470248582
582	 LLH-3	0.0014381738927629914	0.0013025152470248582
583	 LLH-5	0.0013028533609120347	0.0013028533609120347
584	 LLH-4	0.001301460340191147	0.001301460340191147
586	 LLH-1	0.001301460340191147	0.001301460340191147
587	 LLH-1	0.0013010832139169655	0.0013010832139169655
588	 LLH-4	0.0013010832139169655	0.0013010832139169655
593	 LLH-4	0.0012993459855069217	0.0012993459855069217
595	 LLH-2	0.0013100171063311148	0.0012993459855069217
596	 LLH-6	0.0012995102212644723	0.0012995102212644723
597	 LLH-4	0.0012982073127352186	0.0012982073127352186
599	 LLH-0	0.001297001940607432	0.001297001940607432
600	 LLH-6	0.0012972453800725908	0.0012972453800725908
601	 LLH-4	0.0012958709871643127	0.0012958709871643127
603	 LLH-1	0.0012958709871643127	0.0012958709871643127
604	 LLH-2	0.0013199237900207313	0.0012958709871643127
605	 LLH-5	0.001297203443962615	0.001297203443962615
606	 LLH-1	0.001297203443962615	0.001297203443962615
607	 LLH-5	0.0012966296392304079	0.0012966296392304079
608	 LLH-3	0.001405200130605522	0.0012966296392304079
609	 LLH-2	0.0012990492318232338	0.0012990492318232338
610	 LLH-3	0.0014146959628075404	0.0012990492318232338
611	 LLH-1	0.0012984788940673252	0.0012984788940673252
612	 LLH-2	0.0013139450972676472	0.0012984788940673252
613	 LLH-6	0.0012980938685333294	0.0012980938685333294
614	 LLH-5	0.0012983549011585853	0.0012983549011585853
615	 LLH-1	0.0012983549011585853	0.0012983549011585853
616	 LLH-4	0.001297077900489895	0.001297077900489895
618	 LLH-4	0.0012955359339684224	0.0012955359339684224
620	 LLH-0	0.0012966607428321467	0.0012966607428321467
621	 LLH-1	0.0012966607428321467	0.0012966607428321467
622	 LLH-5	0.0012962589871657628	0.0012962589871657628
623	 LLH-0	0.0012978656357205919	0.0012978656357205919
624	 LLH-4	0.0012966737609579823	0.0012966737609579823
627	 LLH-4	0.0012952301323392362	0.0012952301323392362
631	 LLH-1	0.0012955593971625526	0.0012955593971625526
632	 LLH-3	0.0012553450392975606	0.0012553450392975606
633	 LLH-1	0.0012553450392975606	0.0012553450392975606
634	 LLH-3	0.0012563840716672543	0.0012563840716672543
635	 LLH-2	0.0012491364097834308	0.0012491364097834308
636	 LLH-3	0.0012504030598177295	0.0012504030598177295
637	 LLH-5	0.0012506910784982656	0.0012506910784982656
638	 LLH-5	0.0012502346887918279	0.0012502346887918279
639	 LLH-3	0.0012911634139151655	0.0012502346887918279
640	 LLH-1	0.0012502346887918279	0.0012502346887918279
641	 LLH-5	0.0012503193868058256	0.0012503193868058256
642	 LLH-0	0.0012510892919972078	0.0012510892919972078
643	 LLH-4	0.0012502338963314558	0.0012502338963314558
646	 LLH-2	0.0012679266342124369	0.0012679266342124369
647	 LLH-4	0.0012673568102740491	0.0012673568102740491
651	 LLH-2	0.001274130221684161	0.001274130221684161
652	 LLH-3	0.0012644489983438616	0.0012644489983438616
653	 LLH-3	0.0012892738060956582	0.0012644489983438616
654	 LLH-3	0.001255028336618607	0.001255028336618607
655	 LLH-2	0.0012637283042032169	0.0012637283042032169
656	 LLH-5	0.0012641202088041054	0.0012641202088041054
657	 LLH-6	0.0012627781525002505	0.0012627781525002505
658	 LLH-4	0.0012627781525002505	0.0012627781525002505
663	 LLH-3	0.0012572436078734893	0.0012572436078734893
664	 LLH-0	0.0012579581033156225	0.0012579581033156225
665	 LLH-1	0.0012579581033156225	0.0012579581033156225
666	 LLH-4	0.0012575067130530364	0.0012575067130530364
668	 LLH-4	0.0012566248819325717	0.0012566248819325717
670	 LLH-1	0.0012565773644312441	0.0012565773644312441
671	 LLH-3	0.0012695585151121485	0.0012695585151121485
672	 LLH-1	0.0012695585151121485	0.0012695585151121485
673	 LLH-6	0.0012696840878332028	0.0012696840878332028
674	 LLH-1	0.0012692832380673186	0.0012692832380673186
675	 LLH-4	0.0012692832380673186	0.0012692832380673186
680	 LLH-4	0.0012682311789425195	0.0012682311789425195
685	 LLH-2	0.0012824884425778156	0.0012682311789425195
686	 LLH-2	0.0012787181285537747	0.0012787181285537747
687	 LLH-1	0.0012787181285537747	0.0012787181285537747
688	 LLH-2	0.0012902921672174727	0.0012902921672174727
689	 LLH-1	0.0012903880754665128	0.0012903880754665128
690	 LLH-1	0.0012903880754665128	0.0012903880754665128
691	 LLH-1	0.0012903880754665128	0.0012903880754665128
692	 LLH-6	0.0012907541424352431	0.0012907541424352431
693	 LLH-5	0.0012904468591339673	0.0012904468591339673
694	 LLH-1	0.0012904468591339673	0.0012904468591339673
695	 LLH-0	0.0012914655044943917	0.0012914655044943917
696	 LLH-2	0.0012802675754290955	0.0012802675754290955
697	 LLH-1	0.0012802675754290955	0.0012802675754290955
698	 LLH-1	0.001280827300356348	0.001280827300356348
699	 LLH-5	0.0012805725306599429	0.0012805725306599429
700	 LLH-2	0.0012939960323925526	0.0012939960323925526
701	 LLH-3	0.0013723993348058606	0.0012939960323925526
702	 LLH-3	0.0012685641727340812	0.0012685641727340812
703	 LLH-1	0.0012685641727340812	0.0012685641727340812
704	 LLH-3	0.0012460553068586438	0.0012460553068586438
705	 LLH-4	0.0012460553068586438	0.0012460553068586438
710	 LLH-3	0.001255693980929304	0.001255693980929304
711	 LLH-3	0.0012788117283211204	0.0012788117283211204
712	 LLH-2	0.0012760771644317573	0.0012760771644317573
713	 LLH-6	0.00127586434615118	0.00127586434615118
714	 LLH-0	0.0012770019448395161	0.0012770019448395161
715	 LLH-5	0.0012762564301348836	0.0012762564301348836
716	 LLH-4	0.0012746259568074492	0.0012746259568074492
718	 LLH-3	0.0012657239089235845	0.0012657239089235845
719	 LLH-6	0.0012655737307640182	0.0012655737307640182
720	 LLH-0	0.0012664730100275178	0.0012664730100275178
721	 LLH-5	0.001266759091407823	0.001266759091407823
722	 LLH-1	0.001266759091407823	0.001266759091407823
723	 LLH-4	0.0012660651511366009	0.0012660651511366009
726	 LLH-4	0.0012653666691112586	0.0012653666691112586
730	 LLH-0	0.0012646204195225167	0.0012646204195225167
731	 LLH-6	0.0012652430031060817	0.0012652430031060817
732	 LLH-6	0.0012655623227025472	0.0012655623227025472
733	 LLH-5	0.0012674945974498432	0.0012674945974498432
734	 LLH-1	0.0012674945974498432	0.0012674945974498432
735	 LLH-5	0.0012670964868156326	0.0012670964868156326
736	 LLH-3	0.0012625335335140588	0.0012625335335140588
737	 LLH-0	0.0012634082861325095	0.0012634082861325095
738	 LLH-6	0.0012639879602258804	0.0012639879602258804
739	 LLH-5	0.0012643774069224746	0.0012643774069224746
740	 LLH-3	0.0012902430604961003	0.0012902430604961003
741	 LLH-5	0.0012906358774287694	0.0012906358774287694
742	 LLH-2	0.0012903927303970983	0.0012903927303970983
743	 LLH-3	0.0012714092665775806	0.0012714092665775806
744	 LLH-3	0.001334084185289198	0.0012714092665775806
745	 LLH-0	0.0012722434518884689	0.0012722434518884689
746	 LLH-2	0.0012719544762795402	0.0012719544762795402
747	 LLH-2	0.0012896841002561091	0.0012719544762795402
748	 LLH-5	0.0012741790100952595	0.0012741790100952595
749	 LLH-4	0.0012741790100952595	0.0012741790100952595
754	 LLH-3	0.0013653834509899324	0.0012741790100952595
755	 LLH-0	0.0012753104387966752	0.0012753104387966752
756	 LLH-0	0.0012765054887710636	0.0012765054887710636
757	 LLH-1	0.0012765054887710636	0.0012765054887710636
758	 LLH-6	0.0012771417966503866	0.0012771417966503866
759	 LLH-6	0.001277688266110449	0.001277688266110449
760	 LLH-5	0.0012776893121098152	0.0012776893121098152
761	 LLH-2	0.001281789866351519	0.001281789866351519
762	 LLH-1	0.001281789866351519	0.001281789866351519
763	 LLH-4	0.001281789866351519	0.001281789866351519
768	 LLH-1	0.001281602763567855	0.001281602763567855
769	 LLH-2	0.001283506161657547	0.001281602763567855
770	 LLH-5	0.0012806104906187953	0.0012806104906187953
771	 LLH-6	0.0012817878998105173	0.0012817878998105173
772	 LLH-2	0.0012913944883189248	0.0012817878998105173
773	 LLH-4	0.0012817878998105173	0.0012817878998105173
778	 LLH-5	0.0012813579697143842	0.0012813579697143842
779	 LLH-1	0.0012809887525110138	0.0012809887525110138
780	 LLH-6	0.0012800665346168532	0.0012800665346168532
781	 LLH-6	0.0012811930423295898	0.0012811930423295898
782	 LLH-0	0.0012820527479272632	0.0012820527479272632
783	 LLH-1	0.0012820527479272632	0.0012820527479272632
784	 LLH-2	0.001292953948815311	0.0012820527479272632
785	 LLH-3	0.0012514418356369661	0.0012514418356369661
786	 LLH-2	0.0012677978901674968	0.0012677978901674968
787	 LLH-5	0.0012680928181196252	0.0012680928181196252
788	 LLH-5	0.0012680471145873997	0.0012680471145873997
789	 LLH-3	0.0013359472630485427	0.0012680471145873997
790	 LLH-1	0.0012680471145873997	0.0012680471145873997
791	 LLH-2	0.00126835730662661	0.00126835730662661
792	 LLH-3	0.0013123182867368962	0.00126835730662661
793	 LLH-3	0.0012488219173787437	0.0012488219173787437
794	 LLH-1	0.001248959046016757	0.001248959046016757
795	 LLH-0	0.001249625654308121	0.001249625654308121
796	 LLH-6	0.0012499308238853538	0.0012499308238853538
797	 LLH-5	0.0012495083233004778	0.0012495083233004778
798	 LLH-1	0.0012499596453896585	0.0012499596453896585
799	 LLH-5	0.0012498289566951139	0.0012498289566951139
800	 LLH-0	0.0012504027676476445	0.0012504027676476445
801	 LLH-5	0.00125013542165012	0.00125013542165012
802	 LLH-3	0.001257548738624676	0.001257548738624676
803	 LLH-6	0.0012575062950320522	0.0012575062950320522
804	 LLH-2	0.0012545801080667404	0.0012545801080667404
805	 LLH-5	0.0012529356284193057	0.0012529356284193057
806	 LLH-3	0.001303821882966488	0.0012529356284193057
807	 LLH-5	0.0012531797595013014	0.0012531797595013014
808	 LLH-1	0.0012531842133205724	0.0012531842133205724
809	 LLH-5	0.0012528689921296266	0.0012528689921296266
810	 LLH-1	0.0012528689921296266	0.0012528689921296266
811	 LLH-3	0.0013089082075477244	0.0012528689921296266
812	 LLH-4	0.0012523727028210035	0.0012523727028210035
815	 LLH-6	0.001252685125920285	0.001252685125920285
816	 LLH-6	0.0012526424631866431	0.0012526424631866431
817	 LLH-6	0.001252270985950816	0.001252270985950816
818	 LLH-2	0.001263324804141929	0.001252270985950816
819	 LLH-6	0.0012523634365486517	0.0012523634365486517
820	 LLH-4	0.0012523634365486517	0.0012523634365486517
825	 LLH-6	0.0012533601382595477	0.0012533601382595477
826	 LLH-2	0.0012632423673982075	0.0012533601382595477
827	 LLH-1	0.0012531348773473666	0.0012531348773473666
828	 LLH-1	0.0012531348773473666	0.0012531348773473666
829	 LLH-5	0.0012550326660941487	0.0012550326660941487
830	 LLH-4	0.0012550326660941487	0.0012550326660941487
835	 LLH-6	0.0012544740135010486	0.0012544740135010486
836	 LLH-3	0.0012914784718423473	0.0012544740135010486
837	 LLH-4	0.0012535346985448961	0.0012535346985448961
840	 LLH-2	0.0012658977656748063	0.0012658977656748063
841	 LLH-0	0.0012665523295996865	0.0012665523295996865
842	 LLH-3	0.0012510677460910787	0.0012510677460910787
843	 LLH-1	0.0012513569688143084	0.0012513569688143084
844	 LLH-5	0.001251589297594798	0.001251589297594798
845	 LLH-1	0.001251589297594798	0.001251589297594798
846	 LLH-3	0.0012940456046608413	0.001251589297594798
847	 LLH-4	0.001251589297594798	0.001251589297594798
852	 LLH-1	0.001251589297594798	0.001251589297594798
853	 LLH-0	0.0012521885779961796	0.0012521885779961796
854	 LLH-6	0.0012533854299915316	0.0012533854299915316
855	 LLH-4	0.0012533854299915316	0.0012533854299915316
860	 LLH-3	0.001302495993650944	0.0012533854299915316
861	 LLH-4	0.00125273740045291	0.00125273740045291
864	 LLH-1	0.00125273740045291	0.00125273740045291
865	 LLH-5	0.0012525794904606191	0.0012525794904606191
866	 LLH-6	0.0012516065011548851	0.0012516065011548851
867	 LLH-2	0.0012718304082718962	0.0012516065011548851
868	 LLH-0	0.001250977727648212	0.001250977727648212
869	 LLH-6	0.0012504942904359097	0.0012504942904359097
870	 LLH-6	0.0012513367785858482	0.0012513367785858482
871	 LLH-2	0.001260161157797375	0.001260161157797375
872	 LLH-3	0.001302288572020154	0.001260161157797375
873	 LLH-2	0.0012692153919778612	0.001260161157797375
874	 LLH-3	0.0012590412638837749	0.0012590412638837749
875	 LLH-3	0.0012569524018357814	0.0012569524018357814
876	 LLH-2	0.0012553457997650978	0.0012553457997650978
877	 LLH-4	0.0012544564688491003	0.0012544564688491003
880	 LLH-6	0.0012550561272247917	0.0012550561272247917
881	 LLH-1	0.0012550561272247917	0.0012550561272247917
882	 LLH-0	0.0012556709480907727	0.0012556709480907727
883	 LLH-2	0.0012601232122867222	0.0012601232122867222
884	 LLH-5	0.0012606034338413844	0.0012606034338413844
885	 LLH-4	0.0012606034338413844	0.0012606034338413844
890	 LLH-5	0.0012619065973305168	0.0012619065973305168
891	 LLH-4	0.0012619065973305168	0.0012619065973305168
896	 LLH-3	0.0013145512981142249	0.0013145512981142249
897	 LLH-4	0.0013131439671785245	0.0013131439671785245
899	 LLH-5	0.001312005217009842	0.001312005217009842
900	 LLH-1	0.001312005217009842	0.001312005217009842
901	 LLH-3	0.001414010476717128	0.001312005217009842
902	 LLH-6	0.0013111470786138161	0.0013111470786138161
903	 LLH-4	0.0013096996807866873	0.0013096996807866873
907	 LLH-5	0.0013109156157551508	0.0013109156157551508
908	 LLH-2	0.0013090130467524838	0.0013090130467524838
909	 LLH-0	0.0013075939215572718	0.0013075939215572718
910	 LLH-4	0.0013057375616977282	0.0013057375616977282
913	 LLH-0	0.0013042721563725989	0.0013042721563725989
914	 LLH-0	0.001305544694472409	0.001305544694472409
915	 LLH-0	0.001304243868116442	0.001304243868116442
916	 LLH-4	0.0013030769337045106	0.0013030769337045106
918	 LLH-3	0.0012720694414534008	0.0012720694414534008
919	 LLH-4	0.0012710195124043758	0.0012710195124043758
922	 LLH-6	0.001272433328750197	0.001272433328750197
923	 LLH-3	0.0013579188254243088	0.001272433328750197
924	 LLH-2	0.001272194387756971	0.001272194387756971
925	 LLH-4	0.0012708545799800274	0.0012708545799800274
928	 LLH-1	0.0012712960432570489	0.0012712960432570489
929	 LLH-2	0.0012726323367758324	0.0012726323367758324
930	 LLH-2	0.0012906416086745092	0.0012726323367758324
931	 LLH-5	0.0012721668917375906	0.0012721668917375906
932	 LLH-1	0.0012721668917375906	0.0012721668917375906
933	 LLH-5	0.0012716994153888442	0.0012716994153888442
934	 LLH-4	0.0012707638755388717	0.0012707638755388717
937	 LLH-3	0.0013313595802608227	0.0012707638755388717
938	 LLH-6	0.0012719852785885212	0.0012719852785885212
939	 LLH-6	0.0012706165010596532	0.0012706165010596532
940	 LLH-3	0.001338836220874065	0.0012706165010596532
941	 LLH-2	0.0012738273426308486	0.0012738273426308486
942	 LLH-4	0.0012727099548483988	0.0012727099548483988
945	 LLH-2	0.0012773723362909787	0.0012773723362909787
946	 LLH-5	0.0012768860468860962	0.0012768860468860962
947	 LLH-2	0.0012748103482406023	0.0012748103482406023
948	 LLH-1	0.001274758269266252	0.001274758269266252
949	 LLH-0	0.0012736973667591082	0.0012736973667591082
950	 LLH-2	0.0012900355433081237	0.0012900355433081237
951	 LLH-6	0.0012908690778686783	0.0012908690778686783
952	 LLH-1	0.0012908428856245595	0.0012908428856245595
953	 LLH-5	0.0012909387790092921	0.0012909387790092921
954	 LLH-6	0.0012897745144674303	0.0012897745144674303
955	 LLH-2	0.0013050208088287178	0.0012897745144674303
956	 LLH-3	0.0013768997169559924	0.0012897745144674303
957	 LLH-2	0.0012960907555005343	0.0012897745144674303
958	 LLH-6	0.001288762230616451	0.001288762230616451
959	 LLH-1	0.001288762230616451	0.001288762230616451
960	 LLH-2	0.001307213852289486	0.001288762230616451
961	 LLH-0	0.0012873226593402313	0.0012873226593402313
962	 LLH-2	0.0012836457626863027	0.0012836457626863027
963	 LLH-3	0.0012726627889488949	0.0012726627889488949
964	 LLH-6	0.0012721613015151717	0.0012721613015151717
965	 LLH-2	0.001266937294959132	0.001266937294959132
966	 LLH-6	0.00126690420985601	0.00126690420985601
967	 LLH-2	0.001277502936449364	0.00126690420985601
968	 LLH-5	0.0012666618273143298	0.0012666618273143298
969	 LLH-5	0.0012663781735804023	0.0012663781735804023
970	 LLH-4	0.0012663781735804023	0.0012663781735804023
975	 LLH-1	0.001266262036738598	0.001266262036738598
976	 LLH-5	0.0012668020062881493	0.0012668020062881493
977	 LLH-0	0.001267477882526537	0.001267477882526537
978	 LLH-6	0.0012680299540018436	0.0012680299540018436
979	 LLH-4	0.0012669992591983726	0.0012669992591983726
981	 LLH-1	0.001266435486477731	0.001266435486477731
982	 LLH-2	0.0012655763416528024	0.0012655763416528024
983	 LLH-5	0.0012653938762584855	0.0012653938762584855
984	 LLH-0	0.0012644812136538668	0.0012644812136538668
985	 LLH-4	0.0012635662866716233	0.0012635662866716233
988	 LLH-5	0.0012645645907040756	0.0012645645907040756
989	 LLH-0	0.0012653296498932787	0.0012653296498932787
990	 LLH-3	0.0013281586135578936	0.0012653296498932787
991	 LLH-2	0.0012873870105600102	0.0012653296498932787
992	 LLH-6	0.0012657403203862674	0.0012657403203862674
993	 LLH-0	0.001264661044212707	0.001264661044212707
994	 LLH-1	0.001264661044212707	0.001264661044212707
995	 LLH-4	0.001264661044212707	0.001264661044212707
1000	 LLH-0	0.001283882407923257	0.001264661044212707
1001	 LLH-4	0.001264661044212707	0.001264661044212707
1006	 LLH-0	0.0012656000248834713	0.0012656000248834713
1007	 LLH-5	0.0012654426524676854	0.0012654426524676854
1008	 LLH-4	0.0012647130477718023	0.0012647130477718023
1010	 LLH-0	0.0012656868066571456	0.0012656868066571456
1011	 LLH-6	0.0012658210953424421	0.0012658210953424421
1012	 LLH-2	0.0012897428209294524	0.0012658210953424421
1013	 LLH-0	0.0012667543099158791	0.0012667543099158791
1014	 LLH-0	0.0012675832173630816	0.0012675832173630816
1015	 LLH-5	0.0012670209393136106	0.0012670209393136106
1016	 LLH-2	0.0012804553470456268	0.0012670209393136106
1017	 LLH-0	0.0012660285206351255	0.0012660285206351255
1018	 LLH-0	0.0012648193186290317	0.0012648193186290317
1019	 LLH-6	0.0012632028555523789	0.0012632028555523789
1020	 LLH-6	0.001264522518483419	0.001264522518483419
1021	 LLH-0	0.0012638325871167238	0.0012638325871167238
1022	 LLH-0	0.0012648820356032724	0.0012648820356032724
1023	 LLH-6	0.0012652602695366123	0.0012652602695366123
1024	 LLH-5	0.0012645636419799215	0.0012645636419799215
1025	 LLH-6	0.001265430866102825	0.001265430866102825
1026	 LLH-5	0.0012645548875418002	0.0012645548875418002
1027	 LLH-6	0.0012646002733704893	0.0012646002733704893
1028	 LLH-0	0.0012657631094199029	0.0012657631094199029
1029	 LLH-0	0.0012646523746833278	0.0012646523746833278
1030	 LLH-2	0.001292525795515015	0.0012646523746833278
1031	 LLH-2	0.0012729797218725568	0.0012646523746833278
1032	 LLH-1	0.0012646523746833278	0.0012646523746833278
1033	 LLH-4	0.0012635826378615772	0.0012635826378615772
1035	 LLH-0	0.00126459011754525	0.00126459011754525
1036	 LLH-4	0.0012635557945498528	0.0012635557945498528
1040	 LLH-3	0.0012665345366480692	0.0012635557945498528
1041	 LLH-6	0.0012668558361656128	0.0012635557945498528
1042	 LLH-3	0.0013343797660191948	0.0012635557945498528
1043	 LLH-2	0.0012855829453997836	0.0012635557945498528
1044	 LLH-3	0.0013343646059493966	0.0012635557945498528
1045	 LLH-4	0.0012635557945498528	0.0012635557945498528
1050	 LLH-4	0.0012635557945498528	0.0012635557945498528
1055	 LLH-1	0.0012635729930957666	0.0012635729930957666
1056	 LLH-1	0.0012635729930957666	0.0012635729930957666
1057	 LLH-0	0.001282880240694968	0.0012635729930957666
1058	 LLH-6	0.001264613170309015	0.001264613170309015
1059	 LLH-0	0.0012654756077397913	0.0012654756077397913
1060	 LLH-4	0.001264436581387456	0.001264436581387456
1063	 LLH-4	0.001264436581387456	0.001264436581387456
1068	 LLH-2	0.001282557382666161	0.001264436581387456
1069	 LLH-1	0.0012646477700189365	0.0012646477700189365
1070	 LLH-5	0.0012656298381245573	0.0012656298381245573
1071	 LLH-5	0.0012660880892186445	0.0012660880892186445
1072	 LLH-0	0.0012852126257466001	0.0012660880892186445
1073	 LLH-5	0.001265975666064772	0.001265975666064772
1074	 LLH-2	0.0012725651605308588	0.001265975666064772
1075	 LLH-5	0.0012649868402903218	0.0012649868402903218
1076	 LLH-1	0.0012648459300614897	0.0012648459300614897
1077	 LLH-0	0.0012839491555049125	0.0012648459300614897
1078	 LLH-3	0.0013342605035316884	0.0012648459300614897
1079	 LLH-5	0.0012646680616105316	0.0012646680616105316
1080	 LLH-0	0.0012838565133537275	0.0012646680616105316
1081	 LLH-5	0.0012645286974463485	0.0012645286974463485
1082	 LLH-0	0.0012657163244043246	0.0012657163244043246
1083	 LLH-4	0.001264745825583858	0.001264745825583858
1086	 LLH-1	0.001264745825583858	0.001264745825583858
1087	 LLH-0	0.0012836965379739945	0.001264745825583858
1088	 LLH-1	0.0012644812709894347	0.0012644812709894347
1089	 LLH-3	0.0012657020650682404	0.0012644812709894347
1090	 LLH-5	0.001263949264750348	0.001263949264750348
1091	 LLH-4	0.001263949264750348	0.001263949264750348
1096	 LLH-5	0.0012644532367675394	0.0012644532367675394
1097	 LLH-2	0.0012780189348566618	0.0012644532367675394
1098	 LLH-3	0.0013641258761059173	0.0012644532367675394
1099	 LLH-1	0.001264446142102814	0.001264446142102814
1100	 LLH-3	0.001264150192177891	0.001264150192177891
1101	 LLH-6	0.0012660827868044603	0.0012660827868044603
1102	 LLH-3	0.0013044823319400907	0.0012660827868044603
1103	 LLH-4	0.0012651548548231672	0.0012651548548231672
1106	 LLH-6	0.0012658464976258057	0.0012658464976258057
1107	 LLH-3	0.0013090238310376674	0.0012658464976258057
1108	 LLH-1	0.0012658464976258057	0.0012658464976258057
1109	 LLH-4	0.0012658464976258057	0.0012658464976258057
1114	 LLH-3	0.0012519031696744062	0.0012519031696744062
1115	 LLH-4	0.0012507186741558378	0.0012507186741558378
1117	 LLH-6	0.0012489049636893437	0.0012489049636893437
1118	 LLH-0	0.0012494707349020924	0.0012494707349020924
1119	 LLH-6	0.0012488888871634192	0.0012488888871634192
1120	 LLH-2	0.001263328704827288	0.0012488888871634192
1121	 LLH-5	0.0012486782554001635	0.0012486782554001635
1122	 LLH-1	0.0012486782554001635	0.0012486782554001635
1123	 LLH-0	0.0012492671755385653	0.0012492671755385653
1124	 LLH-0	0.0012497966785051252	0.0012497966785051252
1125	 LLH-6	0.0012501085330015945	0.0012501085330015945
1126	 LLH-4	0.0012501085330015945	0.0012501085330015945
1131	 LLH-5	0.001251462333939777	0.001251462333939777
1132	 LLH-6	0.001251497162675003	0.001251497162675003
1133	 LLH-2	0.0012554213808130114	0.001251497162675003
1134	 LLH-0	0.001252039970984538	0.001252039970984538
1135	 LLH-4	0.001252039970984538	0.001252039970984538
1140	 LLH-1	0.001252039970984538	0.001252039970984538
1141	 LLH-0	0.0012525211112771938	0.0012525211112771938
1142	 LLH-1	0.0012528860085632395	0.0012528860085632395
1143	 LLH-5	0.0012514489624985252	0.0012514489624985252
1144	 LLH-4	0.0012508467858422172	0.0012508467858422172
1146	 LLH-2	0.0012651522821845503	0.0012508467858422172
1147	 LLH-5	0.0012505664864908902	0.0012505664864908902
1148	 LLH-4	0.0012500018221680998	0.0012500018221680998
1152	 LLH-4	0.001249187478398686	0.001249187478398686
1154	 LLH-4	0.0012484980219363516	0.0012484980219363516
1156	 LLH-3	0.0012822900911351781	0.0012484980219363516
1157	 LLH-5	0.0012485079513090392	0.0012485079513090392
1158	 LLH-0	0.001249175282393987	0.001249175282393987
1159	 LLH-4	0.0012487296676781277	0.0012487296676781277
1163	 LLH-0	0.001249610614091711	0.0012487296676781277
1164	 LLH-4	0.0012487296676781277	0.0012487296676781277
1169	 LLH-0	0.0012496493904324598	0.0012487296676781277
1170	 LLH-1	0.0012487296676781277	0.0012487296676781277
1171	 LLH-5	0.001248813195375728	0.001248813195375728
1172	 LLH-2	0.0012586902987277058	0.001248813195375728
1173	 LLH-0	0.0012493035748411794	0.0012493035748411794
1174	 LLH-3	0.0012897738012881289	0.0012493035748411794
1175	 LLH-6	0.001249066362356528	0.001249066362356528
1176	 LLH-2	0.0012655695492761081	0.001249066362356528
1177	 LLH-5	0.001249087871762537	0.001249087871762537
1178	 LLH-0	0.0012496276439562218	0.0012496276439562218
1179	 LLH-5	0.0012489681010200999	0.0012489681010200999
1180	 LLH-1	0.001249020719948057	0.001249020719948057
1181	 LLH-6	0.001249731578328931	0.001249731578328931
1182	 LLH-5	0.0012500265288257436	0.0012500265288257436
1183	 LLH-3	0.001257506474959367	0.0012500265288257436
1184	 LLH-6	0.0012502047460088276	0.0012502047460088276
1185	 LLH-4	0.0012502047460088276	0.0012502047460088276
1190	 LLH-0	0.001251000272053484	0.0012502047460088276
1191	 LLH-1	0.0012502047460088276	0.0012502047460088276
1192	 LLH-2	0.001259316805652725	0.0012502047460088276
1193	 LLH-4	0.0012490926418885534	0.0012490926418885534
1198	 LLH-1	0.0012490926418885534	0.0012490926418885534
1199	 LLH-5	0.0012489562078555922	0.0012489562078555922
1200	 LLH-1	0.0012489562078555922	0.0012489562078555922
1201	 LLH-5	0.0012488263058404749	0.0012488263058404749
1202	 LLH-4	0.0012488263058404749	0.0012488263058404749
1207	 LLH-2	0.001258499051206729	0.0012488263058404749
1208	 LLH-4	0.0012482057863357902	0.0012482057863357902
1211	 LLH-5	0.001249043400145418	0.0012482057863357902
1212	 LLH-4	0.0012476119372775577	0.0012476119372775577
1216	 LLH-3	0.0012438090882238237	0.0012438090882238237
1217	 LLH-3	0.0012481835937027809	0.0012438090882238237
1218	 LLH-2	0.0012567749888529147	0.0012438090882238237
1219	 LLH-1	0.0012438090882238237	0.0012438090882238237
1220	 LLH-2	0.0012530105290701112	0.0012530105290701112
1221	 LLH-1	0.0012530105290701112	0.0012530105290701112
1222	 LLH-0	0.0012540206067566321	0.0012540206067566321
1223	 LLH-1	0.0012540206067566321	0.0012540206067566321
1224	 LLH-4	0.0012534354378120182	0.0012534354378120182
1229	 LLH-1	0.0012534354378120182	0.0012534354378120182
1230	 LLH-3	0.0012491474107095303	0.0012491474107095303
1231	 LLH-5	0.0012490634474981155	0.0012490634474981155
1232	 LLH-0	0.00124856799939693	0.00124856799939693
1233	 LLH-1	0.00124856799939693	0.00124856799939693
1234	 LLH-0	0.0012491462871455532	0.0012491462871455532
1235	 LLH-4	0.0012485199780784986	0.0012485199780784986
1240	 LLH-5	0.0012480025530067181	0.0012480025530067181
1241	 LLH-0	0.0012484293754638387	0.0012484293754638387
1242	 LLH-6	0.0012479534061117983	0.0012479534061117983
1243	 LLH-0	0.0012484462530823737	0.0012484462530823737
1244	 LLH-3	0.0012535066968737017	0.0012484462530823737
1245	 LLH-1	0.0012484462530823737	0.0012484462530823737
1246	 LLH-4	0.00124787982702111	0.00124787982702111
1251	 LLH-3	0.001253159338358993	0.00124787982702111
1252	 LLH-5	0.0012482640921945003	0.0012482640921945003
1253	 LLH-1	0.0012482640921945003	0.0012482640921945003
1254	 LLH-0	0.0012490284360727648	0.0012482640921945003
1255	 LLH-0	0.0012487382690956215	0.0012487382690956215
1256	 LLH-0	0.001249194621447138	0.001249194621447138
1257	 LLH-3	0.0012514523158234454	0.001249194621447138
1258	 LLH-2	0.0012614829005492259	0.001249194621447138
1259	 LLH-3	0.0012842835561633222	0.001249194621447138
1260	 LLH-6	0.0012497677273297964	0.0012497677273297964
1261	 LLH-0	0.0012503704147635616	0.0012503704147635616
1262	 LLH-4	0.0012503704147635616	0.0012503704147635616
1267	 LLH-1	0.001250193154734534	0.001250193154734534
1268	 LLH-4	0.0012492471779143495	0.0012492471779143495
1272	 LLH-1	0.0012492471779143495	0.0012492471779143495
1273	 LLH-0	0.0012496638257642743	0.0012496638257642743
1274	 LLH-6	0.0012500522387475274	0.0012500522387475274
1275	 LLH-6	0.001249449557935058	0.001249449557935058
1276	 LLH-3	0.0012843291868928739	0.001249449557935058
1277	 LLH-6	0.0012492369132207893	0.0012492369132207893
1278	 LLH-6	0.0012497683046753254	0.0012497683046753254
1279	 LLH-2	0.0012516357609148887	0.0012516357609148887
1280	 LLH-0	0.0012523916804418876	0.0012523916804418876
1281	 LLH-2	0.0012551611024138464	0.0012523916804418876
1282	 LLH-5	0.0012519270146566612	0.0012519270146566612
1283	 LLH-2	0.0012656175918447665	0.0012519270146566612
1284	 LLH-4	0.0012509438262166773	0.0012509438262166773
1288	 LLH-4	0.0012509438262166773	0.0012509438262166773
1293	 LLH-5	0.0012515652105659118	0.0012509438262166773
1294	 LLH-2	0.0012637843547833412	0.0012509438262166773
1295	 LLH-2	0.0012656313836275283	0.0012509438262166773
1296	 LLH-3	0.0012436250233690744	0.0012436250233690744
1297	 LLH-2	0.0012508269550464185	0.0012436250233690744
1298	 LLH-5	0.0012442934131676373	0.0012442934131676373
1299	 LLH-0	0.001244752398938555	0.001244752398938555
1300	 LLH-4	0.0012439910132422366	0.0012439910132422366
1305	 LLH-5	0.0012441269081805342	0.0012441269081805342
1306	 LLH-6	0.0012442214694952719	0.0012442214694952719
1307	 LLH-0	0.001244774864673066	0.001244774864673066
1308	 LLH-0	0.001245244556410989	0.001244774864673066
1309	 LLH-3	0.0012440564020077941	0.0012440564020077941
1310	 LLH-1	0.0012440564020077941	0.0012440564020077941
1311	 LLH-5	0.001244039047855112	0.001244039047855112
1312	 LLH-2	0.0012585427204352669	0.001244039047855112
1313	 LLH-0	0.0012444583020557404	0.0012444583020557404
1314	 LLH-4	0.0012444583020557404	0.0012444583020557404
1319	 LLH-2	0.0012552791727951764	0.0012444583020557404
1320	 LLH-6	0.001244367248603144	0.001244367248603144
1321	 LLH-1	0.001244367248603144	0.001244367248603144
1322	 LLH-4	0.0012436852271462014	0.0012436852271462014
1324	 LLH-2	0.0012477847869525151	0.0012436852271462014
1325	 LLH-2	0.0012543973206625082	0.0012436852271462014
1326	 LLH-2	0.0012517086952861726	0.0012436852271462014
1327	 LLH-2	0.0012504067771635864	0.0012436852271462014
1328	 LLH-0	0.0012441538136167233	0.0012441538136167233
1329	 LLH-5	0.0012443193931385643	0.0012443193931385643
1330	 LLH-2	0.001251753891927978	0.0012443193931385643
1331	 LLH-2	0.0012558563049301936	0.0012443193931385643
1332	 LLH-1	0.0012443193931385643	0.0012443193931385643
1333	 LLH-2	0.0012448055393622839	0.0012448055393622839
1334	 LLH-1	0.0012448055393622839	0.0012448055393622839
1335	 LLH-4	0.0012448055393622839	0.0012448055393622839
1340	 LLH-1	0.0012448055393622839	0.0012448055393622839
1341	 LLH-3	0.001245712254138529	0.001245712254138529
1342	 LLH-3	0.001270974346127504	0.001245712254138529
1343	 LLH-2	0.0012554902224907929	0.001245712254138529
1344	 LLH-1	0.001245712254138529	0.001245712254138529
1345	 LLH-4	0.0012451670936529503	0.0012451670936529503
1349	 LLH-0	0.0012457161903598798	0.0012457161903598798
1350	 LLH-6	0.0012453492229567633	0.0012453492229567633
1351	 LLH-4	0.0012447761115124223	0.0012447761115124223
1356	 LLH-3	0.0012847585864929362	0.0012447761115124223
1357	 LLH-6	0.001244622068779587	0.001244622068779587
1358	 LLH-2	0.0012510954471379363	0.001244622068779587
1359	 LLH-4	0.001244622068779587	0.001244622068779587
1364	 LLH-5	0.0012449381902698425	0.001244622068779587
1365	 LLH-1	0.001244622068779587	0.001244622068779587
1366	 LLH-3	0.0012463036952961707	0.001244622068779587
1367	 LLH-0	0.0012451553292637462	0.001244622068779587
1368	 LLH-1	0.001244622068779587	0.001244622068779587
1369	 LLH-1	0.001244622068779587	0.001244622068779587
1370	 LLH-5	0.0012446513278742957	0.0012446513278742957
1371	 LLH-4	0.0012446513278742957	0.0012446513278742957
1376	 LLH-2	0.001255939786333287	0.0012446513278742957
1377	 LLH-2	0.0012505374094870197	0.0012446513278742957
1378	 LLH-6	0.0012451941641031736	0.0012446513278742957
1379	 LLH-6	0.0012441839597608917	0.0012441839597608917
1380	 LLH-5	0.0012443965019138506	0.0012441839597608917
1381	 LLH-5	0.0012450045587458912	0.0012441839597608917
1382	 LLH-0	0.0012448306909674115	0.0012441839597608917
1383	 LLH-6	0.0012447628224280644	0.0012441839597608917
1384	 LLH-3	0.001293643164628234	0.0012441839597608917
1385	 LLH-1	0.0012441839597608917	0.0012441839597608917
1386	 LLH-5	0.0012441838994635443	0.0012441838994635443
1387	 LLH-2	0.0012487453901508924	0.0012441838994635443
1388	 LLH-5	0.0012446779081775553	0.0012441838994635443
1389	 LLH-6	0.0012461074594085888	0.0012441838994635443
1390	 LLH-0	0.0012449255583826739	0.0012449255583826739
1391	 LLH-6	0.0012462312613131532	0.0012449255583826739
1392	 LLH-4	0.0012444900328251738	0.0012444900328251738
1395	 LLH-4	0.0012444900328251738	0.0012444900328251738
1400	 LLH-2	0.0012574895162524406	0.0012444900328251738
1401	 LLH-6	0.0012453111865711277	0.0012453111865711277
1402	 LLH-1	0.0012453111865711277	0.0012453111865711277
1403	 LLH-5	0.0012452000705678512	0.0012452000705678512
1404	 LLH-0	0.0012456816394948282	0.0012456816394948282
1405	 LLH-6	0.0012466250014226195	0.0012466250014226195
1406	 LLH-4	0.0012466250014226195	0.0012466250014226195
1411	 LLH-4	0.0012461506048651494	0.0012461506048651494
1413	 LLH-4	0.0012461506048651494	0.0012461506048651494
1418	 LLH-3	0.001289547627364396	0.0012461506048651494
1419	 LLH-6	0.0012467511216285678	0.0012461506048651494
1420	 LLH-0	0.0012466926254940172	0.0012466926254940172
1421	 LLH-0	0.0012462504573882397	0.0012462504573882397
1422	 LLH-5	0.0012466500328361559	0.0012466500328361559
1423	 LLH-1	0.0012466500328361559	0.0012466500328361559
1424	 LLH-2	0.0012499623184203637	0.0012466500328361559
1425	 LLH-3	0.0012514740670099868	0.0012466500328361559
1426	 LLH-5	0.0012463983491738963	0.0012463983491738963
1427	 LLH-1	0.0012463983491738963	0.0012463983491738963
1428	 LLH-2	0.001244421772483426	0.001244421772483426
1429	 LLH-6	0.001244545723454344	0.001244545723454344
1430	 LLH-4	0.001244545723454344	0.001244545723454344
1435	 LLH-4	0.0012440690012465497	0.0012440690012465497
1437	 LLH-4	0.001243519595905513	0.001243519595905513
1440	 LLH-5	0.001243269901124327	0.001243269901124327
1441	 LLH-5	0.0012431648085937414	0.0012431648085937414
1442	 LLH-1	0.0012431648085937414	0.0012431648085937414
1443	 LLH-5	0.0012431648085937414	0.0012431648085937414
1444	 LLH-1	0.0012433496521525372	0.0012433496521525372
1445	 LLH-1	0.0012433496521525372	0.0012433496521525372
1446	 LLH-2	0.0012504234404913579	0.0012433496521525372
1447	 LLH-0	0.0012437820733521405	0.0012437820733521405
1448	 LLH-0	0.0012442926738623083	0.0012442926738623083
1449	 LLH-6	0.0012447121731833368	0.0012447121731833368
1450	 LLH-2	0.0012462104812775135	0.0012447121731833368
1451	 LLH-0	0.0012453041948949648	0.0012447121731833368
1452	 LLH-2	0.0012534453187310387	0.0012447121731833368
1453	 LLH-3	0.0012557409449398661	0.0012447121731833368
1454	 LLH-5	0.0012448546908087718	0.0012448546908087718
1455	 LLH-3	0.0012851776822335405	0.0012448546908087718
1456	 LLH-1	0.0012448865899622023	0.0012448865899622023
1457	 LLH-6	0.0012449143563336938	0.0012449143563336938
1458	 LLH-4	0.001244354665825428	0.001244354665825428
1461	 LLH-0	0.00124482080997564	0.001244354665825428
1462	 LLH-6	0.0012445477570818667	0.0012445477570818667
1463	 LLH-6	0.0012448597317591913	0.0012448597317591913
1464	 LLH-6	0.0012448695207591875	0.0012448695207591875
1465	 LLH-4	0.0012442790372879607	0.0012442790372879607
1467	 LLH-1	0.0012438587174079655	0.0012438587174079655
1468	 LLH-5	0.0012447841782441248	0.0012447841782441248
1469	 LLH-2	0.001265282665313052	0.0012447841782441248
1470	 LLH-0	0.0012456538882862675	0.0012447841782441248
1471	 LLH-0	0.0012452660685907952	0.0012452660685907952
1472	 LLH-3	0.0012726202141265567	0.0012452660685907952
1473	 LLH-0	0.001245868132004203	0.0012452660685907952
1474	 LLH-0	0.0012461485820036379	0.0012452660685907952
1475	 LLH-0	0.0012446321490139926	0.0012446321490139926
1476	 LLH-2	0.0012508130752357308	0.0012446321490139926
1477	 LLH-2	0.001248703915241456	0.0012446321490139926
1478	 LLH-3	0.001256605748722079	0.0012446321490139926
1479	 LLH-3	0.0012477138155806602	0.0012446321490139926
1480	 LLH-3	0.0012917757744916423	0.0012446321490139926
1481	 LLH-3	0.001292109666299688	0.0012446321490139926
1482	 LLH-1	0.0012446321490139926	0.0012446321490139926
1483	 LLH-4	0.0012440540642483908	0.0012440540642483908
1487	 LLH-2	0.0012538591336201002	0.0012440540642483908
1488	 LLH-5	0.0012438541217897477	0.0012438541217897477
1489	 LLH-5	0.00124393150630765	0.00124393150630765
1490	 LLH-3	0.0012900204790244356	0.00124393150630765
1491	 LLH-0	0.0012445654566457785	0.00124393150630765
1492	 LLH-4	0.00124393150630765	0.00124393150630765
1497	 LLH-1	0.00124393150630765	0.00124393150630765
1498	 LLH-1	0.00124393150630765	0.00124393150630765
1499	 LLH-5	0.0012431644114420772	0.0012431644114420772
1500	 LLH-3	0.0012775300398063267	0.0012431644114420772
1501	 LLH-1	0.0012432183803425714	0.0012432183803425714
1502	 LLH-3	0.0012551658983007419	0.0012432183803425714
1503	 LLH-5	0.0012432074097860196	0.0012432074097860196
1504	 LLH-5	0.0012429690276837073	0.0012429690276837073
1505	 LLH-2	0.0012546524763808126	0.0012429690276837073
1506	 LLH-4	0.0012424821548994301	0.0012424821548994301
1509	 LLH-0	0.0012431824701310181	0.0012424821548994301
1510	 LLH-3	0.001298965806810511	0.0012424821548994301
1511	 LLH-1	0.0012424821548994301	0.0012424821548994301
1512	 LLH-6	0.0012428644768276763	0.0012428644768276763
1513	 LLH-5	0.0012436832415235683	0.0012428644768276763
1514	 LLH-0	0.001258274605245112	0.0012428644768276763
1515	 LLH-2	0.0012461277305416184	0.0012428644768276763
1516	 LLH-4	0.0012428644768276763	0.0012428644768276763
1521	 LLH-5	0.0012431088857449279	0.0012431088857449279
1522	 LLH-1	0.0012433859963522189	0.0012431088857449279
1523	 LLH-0	0.001243594672532571	0.0012431088857449279
1524	 LLH-2	0.0012537973216585376	0.0012431088857449279
1525	 LLH-2	0.0012662290647909023	0.0012431088857449279
1526	 LLH-0	0.0012437401997737248	0.0012431088857449279
1527	 LLH-6	0.0012426257614818628	0.0012426257614818628
1528	 LLH-3	0.0012449420834892324	0.0012426257614818628
1529	 LLH-5	0.001242359605214098	0.001242359605214098
1530	 LLH-1	0.001242359605214098	0.001242359605214098
1531	 LLH-3	0.0012564154984701322	0.001242359605214098
1532	 LLH-4	0.001242359605214098	0.001242359605214098
1537	 LLH-5	0.0012427205964137239	0.001242359605214098
1538	 LLH-1	0.001242359605214098	0.001242359605214098
1539	 LLH-1	0.001242359605214098	0.001242359605214098
1540	 LLH-2	0.0012478017218329942	0.001242359605214098
1541	 LLH-1	0.001241908143651062	0.001241908143651062
1542	 LLH-3	0.0012901570540956612	0.001241908143651062
1543	 LLH-6	0.0012405580197080949	0.0012405580197080949
1544	 LLH-0	0.0012558920962892177	0.0012405580197080949
1545	 LLH-4	0.0012405580197080949	0.0012405580197080949
1550	 LLH-1	0.0012406095774610854	0.0012406095774610854
1551	 LLH-4	0.0012406095774610854	0.0012406095774610854
1556	 LLH-4	0.0012406095774610854	0.0012406095774610854
1561	 LLH-4	0.0012406095774610854	0.0012406095774610854
1566	 LLH-6	0.001240553240648919	0.001240553240648919
1567	 LLH-3	0.0012438349582317562	0.001240553240648919
1568	 LLH-0	0.0012410902577432335	0.001240553240648919
1569	 LLH-3	0.0012713739139822429	0.001240553240648919
1570	 LLH-3	0.0012859768529177656	0.001240553240648919
1571	 LLH-6	0.0012415844190627493	0.001240553240648919
1572	 LLH-3	0.0012534021683591303	0.001240553240648919
1573	 LLH-0	0.0012410685685482147	0.0012410685685482147
1574	 LLH-2	0.0012494626451761614	0.0012410685685482147
1575	 LLH-5	0.001241427475164394	0.0012410685685482147
1576	 LLH-1	0.0012410685685482147	0.0012410685685482147
1577	 LLH-2	0.0012458313475940794	0.0012410685685482147
1578	 LLH-2	0.0012475909811330487	0.0012410685685482147
1579	 LLH-1	0.0012410685685482147	0.0012410685685482147
1580	 LLH-1	0.0012410685685482147	0.0012410685685482147
1581	 LLH-3	0.0012427979971791339	0.0012410685685482147
1582	 LLH-3	0.0012883501864105408	0.0012410685685482147
1583	 LLH-0	0.0012415722461112965	0.0012410685685482147
1584	 LLH-6	0.0012415051464435924	0.0012410685685482147
1585	 LLH-4	0.0012402812438851638	0.0012402812438851638
1588	 LLH-2	0.0012554729713666166	0.0012402812438851638
1589	 LLH-5	0.00123968457735823	0.00123968457735823
1590	 LLH-3	0.001287602116002126	0.00123968457735823
1591	 LLH-0	0.0012405490651922015	0.00123968457735823
1592	 LLH-6	0.0012401712833863521	0.0012401712833863521
1593	 LLH-5	0.0012411854243171722	0.0012401712833863521
1594	 LLH-3	0.0012805653964345748	0.0012401712833863521
1595	 LLH-4	0.0012401712833863521	0.0012401712833863521
1600	 LLH-3	0.0012897269389597606	0.0012401712833863521
1601	 LLH-4	0.0012401712833863521	0.0012401712833863521
1606	 LLH-0	0.0012407185556305626	0.0012407185556305626
1607	 LLH-2	0.0012547478549136957	0.0012407185556305626
1608	 LLH-5	0.001241103105390802	0.0012407185556305626
1609	 LLH-3	0.0012951679596692185	0.0012407185556305626
1610	 LLH-1	0.00124074814413795	0.00124074814413795
1611	 LLH-2	0.0012538949144531087	0.00124074814413795
1612	 LLH-5	0.0012407072761692675	0.0012407072761692675
1613	 LLH-0	0.0012412479527596203	0.0012407072761692675
1614	 LLH-1	0.0012407072761692675	0.0012407072761692675
1615	 LLH-0	0.0012412241015004285	0.0012407072761692675
1616	 LLH-6	0.0012417386740293703	0.0012407072761692675
1617	 LLH-4	0.0012402450668625813	0.0012402450668625813
1622	 LLH-0	0.0012407602118370625	0.0012407602118370625
1623	 LLH-4	0.0012407602118370625	0.0012407602118370625
1628	 LLH-1	0.0012411053081280655	0.0012407602118370625
1629	 LLH-2	0.001258695577950247	0.0012407602118370625
1630	 LLH-2	0.001253125450553557	0.0012407602118370625
1631	 LLH-5	0.00124087385461886	0.00124087385461886
1632	 LLH-1	0.00124087385461886	0.00124087385461886
1633	 LLH-4	0.00124087385461886	0.00124087385461886
1638	 LLH-0	0.001241418947121413	0.001241418947121413
1639	 LLH-4	0.0012409950456729393	0.0012409950456729393
1643	 LLH-6	0.0012420578554699093	0.0012409950456729393
1644	 LLH-2	0.0012475429028224218	0.0012409950456729393
1645	 LLH-5	0.0012419339080133832	0.0012409950456729393
1646	 LLH-4	0.001240576219224046	0.001240576219224046
1648	 LLH-4	0.001240576219224046	0.001240576219224046
1653	 LLH-3	0.001241702099183855	0.001240576219224046
1654	 LLH-2	0.0012500301689204662	0.001240576219224046
1655	 LLH-6	0.0012425883633224758	0.001240576219224046
1656	 LLH-2	0.0012581438868219897	0.001240576219224046
1657	 LLH-1	0.0012405389189257088	0.0012405389189257088
1658	 LLH-3	0.0012846895075485393	0.0012405389189257088
1659	 LLH-6	0.0012413138213805222	0.0012405389189257088
1660	 LLH-1	0.0012405389189257088	0.0012405389189257088
1661	 LLH-0	0.0012410886692107268	0.0012405389189257088
1662	 LLH-6	0.0012404506747811992	0.0012404506747811992
1663	 LLH-6	0.0012409487377146417	0.0012404506747811992
1664	 LLH-4	0.0012404506747811992	0.0012404506747811992
1669	 LLH-6	0.001240844599991685	0.001240844599991685
1670	 LLH-5	0.0012410519334350052	0.001240844599991685
1671	 LLH-1	0.0012412153451146913	0.001240844599991685
1672	 LLH-0	0.001241358271469812	0.001240844599991685
1673	 LLH-1	0.001240844599991685	0.001240844599991685
1674	 LLH-6	0.0012399241544878946	0.0012399241544878946
1675	 LLH-0	0.0012407238278996846	0.0012399241544878946
1676	 LLH-4	0.0012399241544878946	0.0012399241544878946
1681	 LLH-2	0.0012537380629625222	0.0012399241544878946
1682	 LLH-6	0.0012406860530486106	0.0012406860530486106
1683	 LLH-0	0.0012412234899882243	0.0012406860530486106
1684	 LLH-3	0.0012420570451306741	0.0012406860530486106
1685	 LLH-5	0.0012410715063513348	0.0012410715063513348
1686	 LLH-2	0.0012517919237275514	0.0012410715063513348
1687	 LLH-1	0.0012411851521305192	0.0012411851521305192
1688	 LLH-1	0.0012415190872459873	0.0012411851521305192
1689	 LLH-4	0.0012411851521305192	0.0012411851521305192
1694	 LLH-4	0.0012411851521305192	0.0012411851521305192
1699	 LLH-0	0.001241747450850668	0.0012411851521305192
1700	 LLH-2	0.001247272069135621	0.0012411851521305192
1701	 LLH-3	0.0012729144329781678	0.0012411851521305192
1702	 LLH-1	0.0012411851521305192	0.0012411851521305192
1703	 LLH-6	0.0012422002646743024	0.0012411851521305192
1704	 LLH-5	0.001241738664384864	0.0012411851521305192
1705	 LLH-3	0.0012736956882417015	0.0012411851521305192
1706	 LLH-3	0.0012911733310367632	0.0012411851521305192
1707	 LLH-6	0.001241292910142729	0.0012411851521305192
1708	 LLH-2	0.0012509917211680419	0.0012411851521305192
1709	 LLH-5	0.0012414227124430356	0.0012411851521305192
1710	 LLH-5	0.0012420622941918945	0.0012411851521305192
1711	 LLH-3	0.0012419745691273985	0.0012411851521305192
1712	 LLH-6	0.0012408403222879077	0.0012408403222879077
1713	 LLH-0	0.0012413350829667508	0.0012408403222879077
1714	 LLH-1	0.0012408403222879077	0.0012408403222879077
1715	 LLH-2	0.0012494789939420134	0.0012408403222879077
1716	 LLH-4	0.0012408403222879077	0.0012408403222879077
1721	 LLH-6	0.0012410338120810223	0.0012410338120810223
1722	 LLH-4	0.0012410338120810223	0.0012410338120810223
1727	 LLH-2	0.001257034219865544	0.0012410338120810223
1728	 LLH-4	0.0012410338120810223	0.0012410338120810223
1733	 LLH-3	0.0012435246143792653	0.0012410338120810223
1734	 LLH-5	0.0012409398846067307	0.0012409398846067307
1735	 LLH-1	0.0012407487196547235	0.0012407487196547235
1736	 LLH-6	0.0012419637364854005	0.0012407487196547235
1737	 LLH-3	0.001281629224566776	0.0012407487196547235
1738	 LLH-0	0.0012412599736462962	0.0012407487196547235
1739	 LLH-6	0.0012414072410762023	0.0012407487196547235
1740	 LLH-5	0.001240721810081372	0.001240721810081372
1741	 LLH-2	0.001248953976039969	0.001240721810081372
1742	 LLH-0	0.001241338652984305	0.001240721810081372
1743	 LLH-2	0.0012570257658609525	0.001240721810081372
1744	 LLH-3	0.0012765389556278835	0.001240721810081372
1745	 LLH-4	0.001240721810081372	0.001240721810081372
1750	 LLH-5	0.0012412158741236577	0.001240721810081372
1751	 LLH-2	0.0012482428718013554	0.001240721810081372
1752	 LLH-5	0.0012412938820431103	0.001240721810081372
1753	 LLH-5	0.0012406434237117083	0.0012406434237117083
1754	 LLH-1	0.0012406434237117083	0.0012406434237117083
1755	 LLH-2	0.0012506673474187604	0.0012406434237117083
1756	 LLH-5	0.0012408739017410841	0.0012406434237117083
1757	 LLH-1	0.0012406434237117083	0.0012406434237117083
1758	 LLH-0	0.0012410582363454898	0.0012406434237117083
1759	 LLH-1	0.0012406434237117083	0.0012406434237117083
1760	 LLH-3	0.00128230954525982	0.0012406434237117083
1761	 LLH-5	0.001240743141755324	0.001240743141755324
1762	 LLH-5	0.00124068916276723	0.00124068916276723
1763	 LLH-5	0.001240063363847435	0.001240063363847435
1764	 LLH-6	0.0012409376468363196	0.001240063363847435
1765	 LLH-2	0.0012526720635294422	0.001240063363847435
1766	 LLH-5	0.001241296398448919	0.001240063363847435
1767	 LLH-3	0.0012904278178546861	0.001240063363847435
1768	 LLH-3	0.0012410057591149904	0.001240063363847435
1769	 LLH-2	0.001248594194837253	0.001240063363847435
1770	 LLH-2	0.0012514659817441558	0.001240063363847435
1771	 LLH-5	0.0012414476956461823	0.001240063363847435
1772	 LLH-1	0.001240063363847435	0.001240063363847435
1773	 LLH-2	0.0012572616068319566	0.001240063363847435
1774	 LLH-5	0.0012402705370735843	0.001240063363847435
1775	 LLH-5	0.0012405933794555975	0.001240063363847435
1776	 LLH-1	0.001240063363847435	0.001240063363847435
1777	 LLH-5	0.0012405652268897042	0.001240063363847435
1778	 LLH-2	0.0012524362172369138	0.001240063363847435
1779	 LLH-2	0.001255279162131912	0.001240063363847435
1780	 LLH-0	0.0012407876069903555	0.001240063363847435
1781	 LLH-6	0.001240659544758208	0.001240063363847435
1782	 LLH-2	0.001249003630412221	0.001240063363847435
1783	 LLH-4	0.001240063363847435	0.001240063363847435
1788	 LLH-2	0.0012633422070902156	0.001240063363847435
1789	 LLH-6	0.0012409518464598667	0.001240063363847435
1790	 LLH-2	0.001256163772762357	0.001240063363847435
1791	 LLH-2	0.001246606962297047	0.001240063363847435
1792	 LLH-1	0.001240063363847435	0.001240063363847435
1793	 LLH-4	0.001240063363847435	0.001240063363847435
1798	 LLH-3	0.0012717653450892	0.001240063363847435
1799	 LLH-2	0.0012549394000877924	0.001240063363847435
1800	 LLH-3	0.0012545456983550141	0.001240063363847435
1801	 LLH-4	0.001240063363847435	0.001240063363847435
1806	 LLH-2	0.001243930309802193	0.001240063363847435
1807	 LLH-5	0.0012408142713641807	0.001240063363847435
1808	 LLH-0	0.0012406142722892809	0.0012406142722892809
1809	 LLH-2	0.0012509929726973292	0.0012406142722892809
1810	 LLH-4	0.0012400839978703635	0.0012400839978703635
1815	 LLH-2	0.0012459331058066916	0.0012400839978703635
1816	 LLH-3	0.001299032765669859	0.0012400839978703635
1817	 LLH-4	0.0012400839978703635	0.0012400839978703635
1822	 LLH-1	0.001240303860929624	0.0012400839978703635
1823	 LLH-6	0.0012408814693498694	0.0012400839978703635
1824	 LLH-6	0.001241614014721225	0.0012400839978703635
1825	 LLH-6	0.0012407516823706786	0.0012400839978703635
1826	 LLH-4	0.0012400839978703635	0.0012400839978703635
1831	 LLH-2	0.001252866860517885	0.0012400839978703635
1832	 LLH-3	0.0012786636971257256	0.0012400839978703635
1833	 LLH-5	0.0012407473223375516	0.0012400839978703635
1834	 LLH-4	0.0012400839978703635	0.0012400839978703635
1839	 LLH-3	0.0012539706520490912	0.0012400839978703635
1840	 LLH-0	0.0012408442260467242	0.0012400839978703635
1841	 LLH-5	0.0012403537070459721	0.0012400839978703635
1842	 LLH-6	0.0012414538501459849	0.0012400839978703635
1843	 LLH-2	0.0012536648520869945	0.0012400839978703635
1844	 LLH-2	0.0012576125318310171	0.0012400839978703635
1845	 LLH-2	0.0012454289328633376	0.0012400839978703635
1846	 LLH-0	0.001240735494330318	0.001240735494330318
1847	 LLH-0	0.0012414580952732923	0.001240735494330318
1848	 LLH-6	0.0012417285282030125	0.001240735494330318
1849	 LLH-6	0.0012419758619314314	0.001240735494330318
1850	 LLH-1	0.0012407138247827645	0.0012407138247827645
1851	 LLH-0	0.0012413381584902039	0.0012407138247827645
1852	 LLH-5	0.0012409666579928397	0.0012407138247827645
1853	 LLH-0	0.0012412473985064646	0.0012407138247827645
1854	 LLH-5	0.0012407423385011186	0.0012407423385011186
1855	 LLH-2	0.0012491851272607023	0.0012407423385011186
1856	 LLH-4	0.0012402605926666909	0.0012402605926666909
1858	 LLH-1	0.0012402332712947602	0.0012402332712947602
1859	 LLH-1	0.0012402332712947602	0.0012402332712947602
1860	 LLH-0	0.0012407205906876167	0.0012402332712947602
1861	 LLH-5	0.0012404163316479895	0.0012402332712947602
1862	 LLH-5	0.0012404552825628877	0.0012402332712947602
1863	 LLH-2	0.0012516262497932141	0.0012402332712947602
1864	 LLH-6	0.001240541784232539	0.0012402332712947602
1865	 LLH-3	0.0012876312572853636	0.0012402332712947602
1866	 LLH-2	0.001245423907823805	0.0012402332712947602
1867	 LLH-2	0.0012485857214427068	0.0012402332712947602
1868	 LLH-5	0.0012408737434299753	0.0012402332712947602
1869	 LLH-6	0.0012408688613634723	0.0012402332712947602
1870	 LLH-6	0.0012415808097629476	0.0012402332712947602
1871	 LLH-5	0.0012403318297602563	0.0012402332712947602
1872	 LLH-5	0.0012406202103602767	0.0012402332712947602
1873	 LLH-3	0.0012542011099451404	0.0012402332712947602
1874	 LLH-3	0.0012687761946711578	0.0012402332712947602
1875	 LLH-5	0.0012401424089830543	0.0012401424089830543
1876	 LLH-0	0.0012407213958827712	0.0012401424089830543
1877	 LLH-3	0.0012916910733818238	0.0012401424089830543
1878	 LLH-0	0.0012409317689682769	0.0012401424089830543
1879	 LLH-1	0.0012400629594182474	0.0012400629594182474
1880	 LLH-3	0.0012549848884973085	0.0012400629594182474
1881	 LLH-0	0.0012405658835673277	0.0012400629594182474
1882	 LLH-5	0.001240315366892043	0.001240315366892043
1883	 LLH-3	0.001272532846033424	0.001240315366892043
1884	 LLH-4	0.001240315366892043	0.001240315366892043
1889	 LLH-4	0.001240315366892043	0.001240315366892043
1894	 LLH-4	0.001240315366892043	0.001240315366892043
1899	 LLH-5	0.0012408992245114276	0.001240315366892043
1900	 LLH-0	0.001240919094758292	0.001240315366892043
1901	 LLH-2	0.0012470156736663711	0.001240315366892043
1902	 LLH-3	0.0012903642362731167	0.001240315366892043
1903	 LLH-2	0.0012506296458654224	0.001240315366892043
1904	 LLH-2	0.0012550321084600431	0.001240315366892043
1905	 LLH-4	0.001240315366892043	0.001240315366892043
1910	 LLH-1	0.001240315366892043	0.001240315366892043
1911	 LLH-4	0.001240315366892043	0.001240315366892043
1916	 LLH-3	0.0012805444195347466	0.001240315366892043
1917	 LLH-4	0.001240315366892043	0.001240315366892043
1922	 LLH-3	0.0012764689719251315	0.001240315366892043
1923	 LLH-3	0.0012867499468478152	0.001240315366892043
1924	 LLH-6	0.0012404340557374946	0.0012404340557374946
1925	 LLH-5	0.001240468066413933	0.001240468066413933
1926	 LLH-6	0.0012402048784900188	0.0012402048784900188
1927	 LLH-3	0.001282869645726362	0.0012402048784900188
1928	 LLH-6	0.0012401323094864461	0.0012401323094864461
1929	 LLH-0	0.001255439654612309	0.0012401323094864461
1930	 LLH-0	0.0012407982599386533	0.0012401323094864461
1931	 LLH-3	0.001251176043821406	0.0012401323094864461
1932	 LLH-4	0.0012401323094864461	0.0012401323094864461
1937	 LLH-3	0.0012409681255422108	0.0012401323094864461
1938	 LLH-3	0.0012537081417765235	0.0012401323094864461
1939	 LLH-5	0.001240943091243153	0.0012401323094864461
1940	 LLH-1	0.0012401323094864461	0.0012401323094864461
1941	 LLH-1	0.0012403864882503755	0.0012401323094864461
1942	 LLH-1	0.0012401323094864461	0.0012401323094864461
1943	 LLH-2	0.0012509195654211837	0.0012401323094864461
1944	 LLH-4	0.0012401323094864461	0.0012401323094864461
1949	 LLH-3	0.0012765028025493717	0.0012401323094864461
1950	 LLH-4	0.0012401323094864461	0.0012401323094864461
1955	 LLH-6	0.0012401521607928662	0.0012401521607928662
1956	 LLH-5	0.0012395763207096052	0.0012395763207096052
1957	 LLH-2	0.0012576154574761135	0.0012395763207096052
1958	 LLH-2	0.0012504301003273838	0.0012395763207096052
1959	 LLH-2	0.0012542365086030678	0.0012395763207096052
1960	 LLH-5	0.0012391493416533637	0.0012391493416533637
1961	 LLH-0	0.0012396274787276958	0.0012391493416533637
1962	 LLH-2	0.0012595898542406296	0.0012391493416533637
1963	 LLH-4	0.0012391493416533637	0.0012391493416533637
1968	 LLH-6	0.001239211146855163	0.001239211146855163
1969	 LLH-3	0.0012765999297211434	0.001239211146855163
1970	 LLH-4	0.001239211146855163	0.001239211146855163
1975	 LLH-1	0.0012392178442370183	0.0012392178442370183
1976	 LLH-2	0.0012484584425021274	0.0012392178442370183
1977	 LLH-1	0.0012392178442370183	0.0012392178442370183
1978	 LLH-5	0.001239098598861983	0.001239098598861983
1979	 LLH-6	0.0012393499918968104	0.001239098598861983
1980	 LLH-0	0.0012396080432904146	0.001239098598861983
1981	 LLH-2	0.0012474833885753505	0.001239098598861983
1982	 LLH-0	0.0012541498443054632	0.001239098598861983
1983	 LLH-3	0.001280927533033291	0.001239098598861983
1984	 LLH-3	0.0012699942394412583	0.001239098598861983
1985	 LLH-2	0.0012550467889805704	0.001239098598861983
1986	 LLH-3	0.0012734557270594475	0.001239098598861983
1987	 LLH-3	0.001241295093813506	0.001239098598861983
1988	 LLH-5	0.0012395728512619181	0.001239098598861983
1989	 LLH-6	0.0012400922470005903	0.001239098598861983
1990	 LLH-1	0.001239098598861983	0.001239098598861983
1991	 LLH-3	0.001289050247349532	0.001239098598861983
1992	 LLH-5	0.0012391448719028652	0.001239098598861983
1993	 LLH-2	0.0012522303692256678	0.001239098598861983
1994	 LLH-1	0.001239098598861983	0.001239098598861983
1995	 LLH-3	0.0012518866140749122	0.001239098598861983
1996	 LLH-3	0.001252134916159734	0.001239098598861983
1997	 LLH-2	0.001252943940002739	0.001239098598861983
1998	 LLH-0	0.0012396001735282157	0.001239098598861983
1999	 LLH-3	0.0012447990392889816	0.001239098598861983
GRID-Start
0.0	0.0
0.0	308.0385
0.0	616.077
0.0	924.1155
0.0	1232.154
0.0	1540.1925
0.0	1848.2310000000002
0.0	2156.2695000000003
0.0	2464.3080000000004
0.0	2772.3465000000006
0.0	3080.3850000000007
0.0	3388.423500000001
0.0	3696.462000000001
0.0	4004.500500000001
0.0	4312.539000000001
0.0	4620.5775
0.0	4928.616
0.0	5236.6545
0.0	5544.692999999999
0.0	5852.731499999999
0.0	6160.769999999999
0.0	6468.808499999998
308.0385	0.0
308.0385	308.0385
308.0385	616.077
308.0385	924.1155
308.0385	1232.154
308.0385	1540.1925
308.0385	1848.2310000000002
308.0385	2156.2695000000003
308.0385	2464.3080000000004
308.0385	2772.3465000000006
308.0385	3080.3850000000007
308.0385	3388.423500000001
308.0385	3696.462000000001
308.0385	4004.500500000001
308.0385	4312.539000000001
308.0385	4620.5775
308.0385	4928.616
308.0385	5236.6545
308.0385	5544.692999999999
308.0385	5852.731499999999
308.0385	6160.769999999999
308.0385	6468.808499999998
616.077	0.0
616.077	308.0385
616.077	616.077
616.077	924.1155
616.077	1232.154
616.077	1540.1925
616.077	1848.2310000000002
616.077	2156.2695000000003
616.077	2464.3080000000004
616.077	2772.3465000000006
616.077	3080.3850000000007
616.077	3388.423500000001
616.077	3696.462000000001
616.077	4004.500500000001
616.077	4312.539000000001
616.077	4620.5775
616.077	4928.616
616.077	5236.6545
616.077	5544.692999999999
616.077	5852.731499999999
616.077	6160.769999999999
616.077	6468.808499999998
924.1155	0.0
924.1155	308.0385
924.1155	616.077
924.1155	924.1155
924.1155	1232.154
924.1155	1540.1925
924.1155	1848.2310000000002
924.1155	2156.2695000000003
924.1155	2464.3080000000004
924.1155	2772.3465000000006
924.1155	3080.3850000000007
924.1155	3388.423500000001
924.1155	3696.462000000001
924.1155	4004.500500000001
924.1155	4312.539000000001
924.1155	4620.5775
924.1155	4928.616
924.1155	5236.6545
924.1155	5544.692999999999
924.1155	5852.731499999999
924.1155	6160.769999999999
924.1155	6468.808499999998
1232.154	0.0
1232.154	308.0385
1232.154	616.077
1232.154	924.1155
1232.154	1232.154
1232.154	1540.1925
1232.154	1848.2310000000002
1232.154	2156.2695000000003
1232.154	2464.3080000000004
1232.154	2772.3465000000006
1232.154	3080.3850000000007
1232.154	4620.5775
1232.154	4928.616
1232.154	5236.6545
1232.154	5544.692999999999
1232.154	5852.731499999999
1232.154	6160.769999999999
1232.154	6468.808499999998
1540.1925	0.0
1540.1925	308.0385
1540.1925	616.077
1540.1925	924.1155
1540.1925	1232.154
1540.1925	1540.1925
1540.1925	1848.2310000000002
1540.1925	2156.2695000000003
1540.1925	2464.3080000000004
1540.1925	2772.3465000000006
1540.1925	3080.3850000000007
1540.1925	4620.5775
1540.1925	4928.616
1540.1925	5236.6545
1540.1925	5544.692999999999
1540.1925	5852.731499999999
1540.1925	6160.769999999999
1540.1925	6468.808499999998
1848.2310000000002	0.0
1848.2310000000002	308.0385
1848.2310000000002	616.077
1848.2310000000002	924.1155
1848.2310000000002	1232.154
1848.2310000000002	1540.1925
1848.2310000000002	1848.2310000000002
1848.2310000000002	2156.2695000000003
1848.2310000000002	2464.3080000000004
1848.2310000000002	2772.3465000000006
1848.2310000000002	3080.3850000000007
1848.2310000000002	4620.5775
1848.2310000000002	4928.616
1848.2310000000002	5236.6545
1848.2310000000002	5544.692999999999
1848.2310000000002	5852.731499999999
1848.2310000000002	6160.769999999999
1848.2310000000002	6468.808499999998
2156.2695000000003	0.0
2156.2695000000003	308.0385
2156.2695000000003	616.077
2156.2695000000003	924.1155
2156.2695000000003	1232.154
2156.2695000000003	1540.1925
2156.2695000000003	1848.2310000000002
2156.2695000000003	2156.2695000000003
2156.2695000000003	2464.3080000000004
2156.2695000000003	2772.3465000000006
2156.2695000000003	3080.3850000000007
2156.2695000000003	4620.5775
2156.2695000000003	4928.616
2156.2695000000003	5236.6545
2156.2695000000003	5544.692999999999
2156.2695000000003	5852.731499999999
2156.2695000000003	6160.769999999999
2156.2695000000003	6468.808499999998
2464.3080000000004	0.0
2464.3080000000004	2464.3080000000004
2464.3080000000004	2772.3465000000006
2464.3080000000004	3080.3850000000007
2464.3080000000004	3388.423500000001
2464.3080000000004	3696.462000000001
2464.3080000000004	4004.500500000001
2464.3080000000004	4312.539000000001
2464.3080000000004	4620.5775
2464.3080000000004	4928.616
2464.3080000000004	5236.6545
2464.3080000000004	5544.692999999999
2464.3080000000004	5852.731499999999
2464.3080000000004	6160.769999999999
2464.3080000000004	6468.808499999998
2772.3465000000006	0.0
2772.3465000000006	2464.3080000000004
2772.3465000000006	2772.3465000000006
2772.3465000000006	3080.3850000000007
2772.3465000000006	3388.423500000001
2772.3465000000006	3696.462000000001
2772.3465000000006	4004.500500000001
2772.3465000000006	4312.539000000001
2772.3465000000006	4620.5775
2772.3465000000006	4928.616
2772.3465000000006	5236.6545
2772.3465000000006	5544.692999999999
2772.3465000000006	5852.731499999999
2772.3465000000006	6160.769999999999
2772.3465000000006	6468.808499999998
3080.3850000000007	0.0
3080.3850000000007	2464.3080000000004
3080.3850000000007	2772.3465000000006
3080.3850000000007	3080.3850000000007
3080.3850000000007	3388.423500000001
3080.3850000000007	3696.462000000001
3080.3850000000007	4004.500500000001
3080.3850000000007	4312.539000000001
3080.3850000000007	4620.5775
3080.3850000000007	4928.616
3080.3850000000007	5236.6545
3080.3850000000007	5544.692999999999
3080.3850000000007	5852.731499999999
3080.3850000000007	6160.769999999999
3080.3850000000007	6468.808499999998
3388.423500000001	0.0
3388.423500000001	2464.3080000000004
3388.423500000001	2772.3465000000006
3388.423500000001	3080.3850000000007
3388.423500000001	3388.423500000001
3388.423500000001	3696.462000000001
3388.423500000001	4004.500500000001
3388.423500000001	4312.539000000001
3388.423500000001	4620.5775
3388.423500000001	4928.616
3388.423500000001	5236.6545
3388.423500000001	5544.692999999999
3388.423500000001	5852.731499999999
3388.423500000001	6160.769999999999
3388.423500000001	6468.808499999998
3696.462000000001	0.0
3696.462000000001	308.0385
3696.462000000001	616.077
3696.462000000001	924.1155
3696.462000000001	1232.154
3696.462000000001	1540.1925
3696.462000000001	1848.2310000000002
3696.462000000001	2156.2695000000003
3696.462000000001	3388.423500000001
3696.462000000001	3696.462000000001
3696.462000000001	4004.500500000001
3696.462000000001	4312.539000000001
3696.462000000001	4620.5775
3696.462000000001	4928.616
3696.462000000001	5236.6545
3696.462000000001	5544.692999999999
3696.462000000001	5852.731499999999
3696.462000000001	6160.769999999999
3696.462000000001	6468.808499999998
4004.500500000001	0.0
4004.500500000001	308.0385
4004.500500000001	616.077
4004.500500000001	924.1155
4004.500500000001	1232.154
4004.500500000001	1540.1925
4004.500500000001	1848.2310000000002
4004.500500000001	2156.2695000000003
4004.500500000001	3388.423500000001
4004.500500000001	3696.462000000001
4004.500500000001	4004.500500000001
4004.500500000001	4312.539000000001
4004.500500000001	4620.5775
4004.500500000001	4928.616
4004.500500000001	5236.6545
4004.500500000001	5544.692999999999
4004.500500000001	5852.731499999999
4004.500500000001	6160.769999999999
4004.500500000001	6468.808499999998
4312.539000000001	0.0
4312.539000000001	308.0385
4312.539000000001	616.077
4312.539000000001	924.1155
4312.539000000001	1232.154
4312.539000000001	1540.1925
4312.539000000001	1848.2310000000002
4312.539000000001	2156.2695000000003
4312.539000000001	3388.423500000001
4312.539000000001	3696.462000000001
4312.539000000001	4004.500500000001
4312.539000000001	4312.539000000001
4312.539000000001	4620.5775
4312.539000000001	4928.616
4312.539000000001	5236.6545
4312.539000000001	5544.692999999999
4312.539000000001	5852.731499999999
4312.539000000001	6160.769999999999
4312.539000000001	6468.808499999998
4620.5775	0.0
4620.5775	308.0385
4620.5775	616.077
4620.5775	924.1155
4620.5775	1232.154
4620.5775	1540.1925
4620.5775	1848.2310000000002
4620.5775	2156.2695000000003
4620.5775	2464.3080000000004
4620.5775	2772.3465000000006
4620.5775	3080.3850000000007
4620.5775	3388.423500000001
4620.5775	3696.462000000001
4620.5775	4004.500500000001
4620.5775	4312.539000000001
4620.5775	4620.5775
4620.5775	4928.616
4620.5775	5236.6545
4620.5775	5544.692999999999
4620.5775	5852.731499999999
4620.5775	6160.769999999999
4620.5775	6468.808499999998
4928.616	0.0
4928.616	308.0385
4928.616	616.077
4928.616	924.1155
4928.616	1232.154
4928.616	1540.1925
4928.616	1848.2310000000002
4928.616	2156.2695000000003
4928.616	2464.3080000000004
4928.616	2772.3465000000006
4928.616	3080.3850000000007
4928.616	3388.423500000001
4928.616	3696.462000000001
4928.616	4004.500500000001
4928.616	4312.539000000001
4928.616	4620.5775
4928.616	4928.616
4928.616	5236.6545
4928.616	5544.692999999999
4928.616	5852.731499999999
4928.616	6160.769999999999
4928.616	6468.808499999998
5236.6545	0.0
5236.6545	308.0385
5236.6545	616.077
5236.6545	924.1155
5236.6545	1232.154
5236.6545	1540.1925
5236.6545	1848.2310000000002
5236.6545	2156.2695000000003
5236.6545	2464.3080000000004
5236.6545	2772.3465000000006
5236.6545	3080.3850000000007
5236.6545	3388.423500000001
5236.6545	3696.462000000001
5236.6545	4004.500500000001
5236.6545	4312.539000000001
5236.6545	4620.5775
5236.6545	4928.616
5236.6545	5236.6545
5236.6545	5544.692999999999
5236.6545	5852.731499999999
5236.6545	6160.769999999999
5236.6545	6468.808499999998
5544.692999999999	0.0
5544.692999999999	308.0385
5544.692999999999	616.077
5544.692999999999	924.1155
5544.692999999999	1232.154
5544.692999999999	1540.1925
5544.692999999999	1848.2310000000002
5544.692999999999	2156.2695000000003
5544.692999999999	2464.3080000000004
5544.692999999999	2772.3465000000006
5544.692999999999	3080.3850000000007
5544.692999999999	3388.423500000001
5544.692999999999	3696.462000000001
5544.692999999999	4004.500500000001
5544.692999999999	4312.539000000001
5544.692999999999	4620.5775
5544.692999999999	4928.616
5544.692999999999	5236.6545
5544.692999999999	5544.692999999999
5544.692999999999	5852.731499999999
5544.692999999999	6160.769999999999
5544.692999999999	6468.808499999998
5852.731499999999	0.0
5852.731499999999	308.0385
5852.731499999999	616.077
5852.731499999999	924.1155
5852.731499999999	1232.154
5852.731499999999	1540.1925
5852.731499999999	1848.2310000000002
5852.731499999999	2156.2695000000003
5852.731499999999	2464.3080000000004
5852.731499999999	2772.3465000000006
5852.731499999999	3080.3850000000007
5852.731499999999	3388.423500000001
5852.731499999999	3696.462000000001
5852.731499999999	4004.500500000001
5852.731499999999	4312.539000000001
5852.731499999999	4620.5775
5852.731499999999	4928.616
5852.731499999999	5236.6545
5852.731499999999	5544.692999999999
5852.731499999999	5852.731499999999
5852.731499999999	6160.769999999999
5852.731499999999	6468.808499999998
6160.769999999999	0.0
6160.769999999999	308.0385
6160.769999999999	616.077
6160.769999999999	924.1155
6160.769999999999	1232.154
6160.769999999999	1540.1925
6160.769999999999	1848.2310000000002
6160.769999999999	2156.2695000000003
6160.769999999999	2464.3080000000004
6160.769999999999	2772.3465000000006
6160.769999999999	3080.3850000000007
6160.769999999999	3388.423500000001
6160.769999999999	3696.462000000001
6160.769999999999	4004.500500000001
6160.769999999999	4312.539000000001
6160.769999999999	4620.5775
6160.769999999999	4928.616
6160.769999999999	5236.6545
6160.769999999999	5544.692999999999
6160.769999999999	5852.731499999999
6160.769999999999	6160.769999999999
6160.769999999999	6468.808499999998
6468.808499999998	0.0
6468.808499999998	308.0385
6468.808499999998	616.077
6468.808499999998	924.1155
6468.808499999998	1232.154
6468.808499999998	1540.1925
6468.808499999998	1848.2310000000002
6468.808499999998	2156.2695000000003
6468.808499999998	2464.3080000000004
6468.808499999998	2772.3465000000006
6468.808499999998	3080.3850000000007
6468.808499999998	3388.423500000001
6468.808499999998	3696.462000000001
6468.808499999998	4004.500500000001
6468.808499999998	4312.539000000001
6468.808499999998	4620.5775
6468.808499999998	4928.616
6468.808499999998	5236.6545
6468.808499999998	5544.692999999999
6468.808499999998	5852.731499999999
6468.808499999998	6160.769999999999
6468.808499999998	6468.808499999998
6776.846999999998	0.0
6776.846999999998	308.0385
6776.846999999998	616.077
6776.846999999998	924.1155
6776.846999999998	1232.154
6776.846999999998	1540.1925
6776.846999999998	1848.2310000000002
6776.846999999998	2156.2695000000003
6776.846999999998	2464.3080000000004
6776.846999999998	2772.3465000000006
6776.846999999998	3080.3850000000007
6776.846999999998	3388.423500000001
6776.846999999998	3696.462000000001
6776.846999999998	4004.500500000001
6776.846999999998	4312.539000000001
6776.846999999998	4620.5775
6776.846999999998	4928.616
6776.846999999998	5236.6545
6776.846999999998	5544.692999999999
6776.846999999998	5852.731499999999
6776.846999999998	6160.769999999999
6776.846999999998	6468.808499999998
7084.885499999998	0.0
7084.885499999998	308.0385
7084.885499999998	616.077
7084.885499999998	924.1155
7084.885499999998	1232.154
7084.885499999998	1540.1925
7084.885499999998	1848.2310000000002
7084.885499999998	2156.2695000000003
7084.885499999998	2464.3080000000004
7084.885499999998	2772.3465000000006
7084.885499999998	3080.3850000000007
7084.885499999998	3388.423500000001
7084.885499999998	3696.462000000001
7084.885499999998	4004.500500000001
7084.885499999998	4312.539000000001
7084.885499999998	4620.5775
7084.885499999998	4928.616
7084.885499999998	5236.6545
7084.885499999998	5544.692999999999
7084.885499999998	5852.731499999999
7084.885499999998	6160.769999999999
7084.885499999998	6468.808499999998
7392.923999999997	0.0
7392.923999999997	308.0385
7392.923999999997	616.077
7392.923999999997	924.1155
7392.923999999997	1232.154
7392.923999999997	1540.1925
7392.923999999997	1848.2310000000002
7392.923999999997	2156.2695000000003
7392.923999999997	2464.3080000000004
7392.923999999997	2772.3465000000006
7392.923999999997	3080.3850000000007
7392.923999999997	3388.423500000001
7392.923999999997	3696.462000000001
7392.923999999997	4004.500500000001
7392.923999999997	4312.539000000001
7392.923999999997	4620.5775
7392.923999999997	4928.616
7392.923999999997	5236.6545
7392.923999999997	5544.692999999999
7392.923999999997	5852.731499999999
7392.923999999997	6160.769999999999
7392.923999999997	6468.808499999998
7700.962499999997	0.0
7700.962499999997	308.0385
7700.962499999997	616.077
7700.962499999997	924.1155
7700.962499999997	1232.154
7700.962499999997	1540.1925
7700.962499999997	1848.2310000000002
7700.962499999997	2156.2695000000003
7700.962499999997	2464.3080000000004
7700.962499999997	2772.3465000000006
7700.962499999997	3080.3850000000007
7700.962499999997	3388.423500000001
7700.962499999997	3696.462000000001
7700.962499999997	4004.500500000001
7700.962499999997	4312.539000000001
7700.962499999997	4620.5775
7700.962499999997	4928.616
7700.962499999997	5236.6545
7700.962499999997	5544.692999999999
7700.962499999997	5852.731499999999
7700.962499999997	6160.769999999999
7700.962499999997	6468.808499999998
8009.000999999997	0.0
8009.000999999997	308.0385
8009.000999999997	616.077
8009.000999999997	924.1155
8009.000999999997	1232.154
8009.000999999997	1540.1925
8009.000999999997	1848.2310000000002
8009.000999999997	2156.2695000000003
8009.000999999997	2464.3080000000004
8009.000999999997	2772.3465000000006
8009.000999999997	3080.3850000000007
8009.000999999997	3388.423500000001
8009.000999999997	3696.462000000001
8009.000999999997	4004.500500000001
8009.000999999997	4312.539000000001
8009.000999999997	4620.5775
8009.000999999997	4928.616
8009.000999999997	5236.6545
8009.000999999997	5544.692999999999
8009.000999999997	5852.731499999999
8009.000999999997	6160.769999999999
8009.000999999997	6468.808499999998
8317.039499999997	0.0
8317.039499999997	308.0385
8317.039499999997	616.077
8317.039499999997	924.1155
8317.039499999997	1232.154
8317.039499999997	1540.1925
8317.039499999997	1848.2310000000002
8317.039499999997	2156.2695000000003
8317.039499999997	2464.3080000000004
8317.039499999997	2772.3465000000006
8317.039499999997	3080.3850000000007
8317.039499999997	3388.423500000001
8317.039499999997	3696.462000000001
8317.039499999997	4004.500500000001
8317.039499999997	4312.539000000001
8317.039499999997	4620.5775
8317.039499999997	4928.616
8317.039499999997	5236.6545
8317.039499999997	5544.692999999999
8317.039499999997	5852.731499999999
8317.039499999997	6160.769999999999
8317.039499999997	6468.808499999998
8625.077999999998	0.0
8625.077999999998	308.0385
8625.077999999998	616.077
8625.077999999998	924.1155
8625.077999999998	1232.154
8625.077999999998	1540.1925
8625.077999999998	1848.2310000000002
8625.077999999998	2156.2695000000003
8625.077999999998	2464.3080000000004
8625.077999999998	2772.3465000000006
8625.077999999998	3080.3850000000007
8625.077999999998	3388.423500000001
8625.077999999998	3696.462000000001
8625.077999999998	4004.500500000001
8625.077999999998	4312.539000000001
8625.077999999998	4620.5775
8625.077999999998	4928.616
8625.077999999998	5236.6545
8625.077999999998	5544.692999999999
8625.077999999998	5852.731499999999
8625.077999999998	6160.769999999999
8625.077999999998	6468.808499999998
8933.116499999998	0.0
8933.116499999998	308.0385
8933.116499999998	616.077
8933.116499999998	924.1155
8933.116499999998	1232.154
8933.116499999998	1540.1925
8933.116499999998	1848.2310000000002
8933.116499999998	2156.2695000000003
8933.116499999998	2464.3080000000004
8933.116499999998	2772.3465000000006
8933.116499999998	3080.3850000000007
8933.116499999998	3388.423500000001
8933.116499999998	3696.462000000001
8933.116499999998	4004.500500000001
8933.116499999998	4312.539000000001
8933.116499999998	4620.5775
8933.116499999998	4928.616
8933.116499999998	5236.6545
8933.116499999998	5544.692999999999
8933.116499999998	5852.731499999999
8933.116499999998	6160.769999999999
8933.116499999998	6468.808499999998
GRID-End
num_of_evaluations 2000
best obj 0.001239098598861983
LLH0	41
LLH1	39
LLH2	41
LLH3	49
LLH4	121
LLH5	100
LLH6	67