Initial objective 0.0013066254796460061	 Seed value 394936987
1	 LLH-5	0.0013072683461330988	0.0013072683461330988
2	 LLH-5	0.0013084004502695087	0.0013084004502695087
3	 LLH-0	0.0013099247578793507	0.0013099247578793507
4	 LLH-6	0.001311649169911504	0.001311649169911504
5	 LLH-0	0.0013134264644608486	0.0013134264644608486
6	 LLH-4	0.001311779158021011	0.001311779158021011
9	 LLH-0	0.001313458680207772	0.001313458680207772
10	 LLH-3	0.0012818951463648954	0.0012818951463648954
11	 LLH-2	0.0012712654619803255	0.0012712654619803255
12	 LLH-0	0.0012721285725015572	0.0012721285725015572
13	 LLH-3	0.001347339390433057	0.001347339390433057
14	 LLH-3	0.0012727053891615674	0.0012727053891615674
15	 LLH-4	0.0012716928531643263	0.0012716928531643263
19	 LLH-3	0.0012602833556039496	0.0012602833556039496
20	 LLH-5	0.0012599004616635696	0.0012599004616635696
21	 LLH-6	0.0012590066519871498	0.0012590066519871498
22	 LLH-0	0.00125983825353057	0.00125983825353057
23	 LLH-3	0.0012556675006729651	0.0012556675006729651
24	 LLH-6	0.0012562437842566865	0.0012562437842566865
25	 LLH-4	0.0012562437842566865	0.0012562437842566865
30	 LLH-0	0.0012567216502152795	0.0012567216502152795
31	 LLH-2	0.0012599100414364525	0.0012599100414364525
32	 LLH-1	0.0012600462722247325	0.0012600462722247325
33	 LLH-1	0.0012600462722247325	0.0012600462722247325
34	 LLH-2	0.001262340366433526	0.001262340366433526
35	 LLH-6	0.0012628274964760317	0.0012628274964760317
36	 LLH-4	0.0012619340433729833	0.0012619340433729833
41	 LLH-5	0.0012612004127615668	0.0012612004127615668
42	 LLH-3	0.0013040361271556876	0.0013040361271556876
43	 LLH-2	0.0013049503483261663	0.0013049503483261663
44	 LLH-1	0.0013046254399535695	0.0013046254399535695
45	 LLH-3	0.0012639760653007622	0.0012639760653007622
46	 LLH-1	0.0012640359782928644	0.0012640359782928644
47	 LLH-3	0.0012558174636668389	0.0012558174636668389
48	 LLH-3	0.0013032035469735437	0.0013032035469735437
49	 LLH-0	0.0013020540220903072	0.0013020540220903072
50	 LLH-1	0.0013020938157383382	0.0013020938157383382
51	 LLH-2	0.0012978136533059795	0.0012978136533059795
52	 LLH-4	0.001296357042176822	0.001296357042176822
57	 LLH-6	0.0012967999699850727	0.0012967999699850727
58	 LLH-0	0.0012980382965072535	0.0012980382965072535
59	 LLH-6	0.001296665802665266	0.001296665802665266
60	 LLH-4	0.0012953222456341105	0.0012953222456341105
64	 LLH-1	0.0012953222456341105	0.0012953222456341105
65	 LLH-5	0.001296513673635269	0.001296513673635269
66	 LLH-3	0.0013864143765453224	0.0013864143765453224
67	 LLH-2	0.001338413504713518	0.001338413504713518
68	 LLH-6	0.0013376829329809806	0.0013376829329809806
69	 LLH-2	0.0013396333758120952	0.0013396333758120952
70	 LLH-1	0.0013396333758120952	0.0013396333758120952
71	 LLH-5	0.0013389028146256264	0.0013389028146256264
72	 LLH-0	0.0013370318231141329	0.0013370318231141329
73	 LLH-1	0.0013369842866557634	0.0013369842866557634
74	 LLH-6	0.0013377613498902186	0.0013377613498902186
75	 LLH-4	0.001336254585739737	0.001336254585739737
79	 LLH-3	0.0014732283771184593	0.0014732283771184593
80	 LLH-5	0.0014735476453447741	0.0014735476453447741
81	 LLH-6	0.001473986904224156	0.001473986904224156
82	 LLH-0	0.0014775511339412243	0.0014775511339412243
83	 LLH-6	0.0014794425853851562	0.0014794425853851562
84	 LLH-1	0.0014794771559715808	0.0014794771559715808
85	 LLH-5	0.0014799659006443876	0.0014799659006443876
86	 LLH-3	0.0013027576891334637	0.0013027576891334637
87	 LLH-5	0.001303685154548222	0.001303685154548222
88	 LLH-5	0.0013031392775862253	0.0013031392775862253
89	 LLH-4	0.0013015511147022086	0.0013015511147022086
91	 LLH-6	0.0012999875220157493	0.0012999875220157493
92	 LLH-0	0.0013019364950797928	0.0013019364950797928
93	 LLH-1	0.0013019629543486806	0.0013019629543486806
94	 LLH-1	0.0013019629543486806	0.0013019629543486806
95	 LLH-4	0.0013006042661386763	0.0013006042661386763
98	 LLH-4	0.0012990609458292265	0.0012990609458292265
101	 LLH-3	0.0012770037433574213	0.0012770037433574213
102	 LLH-6	0.0012790339333334253	0.0012790339333334253
103	 LLH-3	0.001325881401963685	0.001325881401963685
104	 LLH-2	0.0013259986928309763	0.0013259986928309763
105	 LLH-2	0.0013423303148573061	0.0013423303148573061
106	 LLH-6	0.0013413071140749469	0.0013413071140749469
107	 LLH-5	0.0013414241505289777	0.0013414241505289777
108	 LLH-5	0.0013408820564223276	0.0013408820564223276
109	 LLH-0	0.0013428190516541188	0.0013428190516541188
110	 LLH-6	0.001343941747709508	0.001343941747709508
111	 LLH-6	0.0013447287217152487	0.0013447287217152487
112	 LLH-6	0.0013425409282354177	0.0013425409282354177
113	 LLH-0	0.0013407958836960054	0.0013407958836960054
114	 LLH-6	0.0013416020928052608	0.0013416020928052608
115	 LLH-3	0.0014414709314586084	0.0014414709314586084
116	 LLH-3	0.0016906730751351437	0.0014414709314586084
117	 LLH-3	0.0016547887276278685	0.0014414709314586084
118	 LLH-1	0.0014414709314586084	0.0014414709314586084
119	 LLH-4	0.0014384947616186364	0.0014384947616186364
121	 LLH-3	0.0012977305193376384	0.0012977305193376384
122	 LLH-0	0.0012992005552761507	0.0012992005552761507
123	 LLH-0	0.0013005722191874827	0.0013005722191874827
124	 LLH-3	0.001263284126439276	0.001263284126439276
125	 LLH-5	0.0012631973993597796	0.0012631973993597796
126	 LLH-2	0.001274631192547171	0.001274631192547171
127	 LLH-0	0.0012760415354889274	0.0012760415354889274
128	 LLH-6	0.0012746779111600978	0.0012746779111600978
129	 LLH-1	0.001274947622691665	0.001274947622691665
130	 LLH-6	0.0012762301668325046	0.0012762301668325046
131	 LLH-3	0.0012582217745853944	0.0012582217745853944
132	 LLH-0	0.0012589941769026844	0.0012589941769026844
133	 LLH-0	0.00126008155138424	0.00126008155138424
134	 LLH-4	0.0012589961070041454	0.0012589961070041454
137	 LLH-4	0.0012589961070041454	0.0012589961070041454
142	 LLH-3	0.0013035243365961335	0.0013035243365961335
143	 LLH-4	0.0013019367732746848	0.0013019367732746848
146	 LLH-2	0.0012997754364269703	0.0012997754364269703
147	 LLH-6	0.0012976459775601162	0.0012976459775601162
148	 LLH-1	0.001297112466979781	0.001297112466979781
149	 LLH-0	0.0012983327947271137	0.0012983327947271137
150	 LLH-3	0.0012643997068953225	0.0012643997068953225
151	 LLH-6	0.0012647551914395487	0.0012647551914395487
152	 LLH-6	0.001263355089147283	0.001263355089147283
153	 LLH-2	0.0012698689525549268	0.0012698689525549268
154	 LLH-5	0.0012694740219331081	0.0012694740219331081
155	 LLH-1	0.0012694740219331081	0.0012694740219331081
156	 LLH-2	0.0012788002873905658	0.0012788002873905658
157	 LLH-6	0.0012777324382407334	0.0012777324382407334
158	 LLH-5	0.001277868579660408	0.001277868579660408
159	 LLH-4	0.0012768479224350767	0.0012768479224350767
163	 LLH-3	0.0012615320832455943	0.0012615320832455943
164	 LLH-6	0.0012613740804877998	0.0012613740804877998
165	 LLH-1	0.0012613740804877998	0.0012613740804877998
166	 LLH-6	0.0012620908303165991	0.0012620908303165991
167	 LLH-6	0.0012626455847586865	0.0012626455847586865
168	 LLH-3	0.0012445244033513453	0.0012445244033513453
169	 LLH-4	0.0012445244033513453	0.0012445244033513453
174	 LLH-3	0.0012928704129816868	0.0012928704129816868
175	 LLH-5	0.001292926683698857	0.001292926683698857
176	 LLH-4	0.0012919019179028152	0.0012919019179028152
179	 LLH-4	0.0012919019179028152	0.0012919019179028152
184	 LLH-0	0.0012932005663876325	0.0012932005663876325
185	 LLH-6	0.0012946012085846925	0.0012946012085846925
186	 LLH-5	0.0012941346394482016	0.0012941346394482016
187	 LLH-6	0.0012931547063997305	0.0012931547063997305
188	 LLH-5	0.001292625059672982	0.001292625059672982
189	 LLH-2	0.0013000328498630601	0.0013000328498630601
190	 LLH-2	0.0012979788048356228	0.0012979788048356228
191	 LLH-0	0.0012992697150768335	0.0012992697150768335
192	 LLH-1	0.0012989566256896136	0.0012989566256896136
193	 LLH-4	0.0012975497001660992	0.0012975497001660992
195	 LLH-4	0.0012961279512307751	0.0012961279512307751
198	 LLH-0	0.0012974880994986368	0.0012974880994986368
199	 LLH-0	0.0012988810426636463	0.0012988810426636463
200	 LLH-6	0.0013002739843102978	0.0013002739843102978
201	 LLH-1	0.0013002739843102978	0.0013002739843102978
202	 LLH-3	0.0012657814322452597	0.0012657814322452597
203	 LLH-0	0.0012649275471844324	0.0012649275471844324
204	 LLH-1	0.0012649275471844324	0.0012649275471844324
205	 LLH-0	0.0012656906205906846	0.0012656906205906846
206	 LLH-0	0.00126505917377363	0.00126505917377363
207	 LLH-2	0.001260519844366384	0.001260519844366384
208	 LLH-6	0.0012604999131910419	0.0012604999131910419
209	 LLH-5	0.0012604615488045513	0.0012604615488045513
210	 LLH-3	0.0012615579183210895	0.0012615579183210895
211	 LLH-1	0.0012615579183210895	0.0012615579183210895
212	 LLH-0	0.0012455105678942173	0.0012455105678942173
213	 LLH-3	0.001256059637835746	0.001256059637835746
214	 LLH-4	0.0012555728320391153	0.0012555728320391153
219	 LLH-0	0.0012561062718848405	0.0012561062718848405
220	 LLH-0	0.001255305045479164	0.001255305045479164
221	 LLH-0	0.0012557743481548182	0.0012557743481548182
222	 LLH-6	0.0012554711809387921	0.0012554711809387921
223	 LLH-0	0.0012559578982167252	0.0012559578982167252
224	 LLH-0	0.0012567697492284159	0.0012567697492284159
225	 LLH-0	0.0012576297748813788	0.0012576297748813788
226	 LLH-3	0.0012784552330009765	0.0012784552330009765
227	 LLH-2	0.001288012958890944	0.001288012958890944
228	 LLH-0	0.0012870666520404415	0.0012870666520404415
229	 LLH-5	0.0012875413450173666	0.0012875413450173666
230	 LLH-2	0.001278508814065808	0.001278508814065808
231	 LLH-5	0.001278418623668697	0.001278418623668697
232	 LLH-6	0.001278629617958628	0.001278629617958628
233	 LLH-1	0.001278629617958628	0.001278629617958628
234	 LLH-6	0.001278918744108263	0.001278918744108263
235	 LLH-1	0.0012789106388093662	0.0012789106388093662
236	 LLH-0	0.0012798207545507935	0.0012798207545507935
237	 LLH-6	0.0012821337035471931	0.0012821337035471931
238	 LLH-0	0.0012831359639928724	0.0012831359639928724
239	 LLH-1	0.0012829834543221757	0.0012829834543221757
240	 LLH-5	0.0012840747124082815	0.0012840747124082815
241	 LLH-1	0.0012840747124082815	0.0012840747124082815
242	 LLH-1	0.0012840747124082815	0.0012840747124082815
243	 LLH-5	0.0012849957309657599	0.0012849957309657599
244	 LLH-0	0.0012837210008545229	0.0012837210008545229
245	 LLH-0	0.0012848046479708535	0.0012848046479708535
246	 LLH-2	0.0012836347653769555	0.0012836347653769555
247	 LLH-0	0.0012825638952772421	0.0012825638952772421
248	 LLH-3	0.0012629041564379754	0.0012629041564379754
249	 LLH-4	0.0012622028871346223	0.0012622028871346223
252	 LLH-3	0.0013160577583126607	0.0013160577583126607
253	 LLH-6	0.0013151266980946468	0.0013151266980946468
254	 LLH-4	0.001313429896523769	0.001313429896523769
257	 LLH-2	0.001313369947951077	0.001313369947951077
258	 LLH-0	0.001311912807893357	0.001311912807893357
259	 LLH-1	0.0013117848116361414	0.0013117848116361414
260	 LLH-6	0.0013132577781945322	0.0013132577781945322
261	 LLH-4	0.0013132577781945322	0.0013132577781945322
266	 LLH-1	0.0013132577781945322	0.0013132577781945322
267	 LLH-3	0.0012824422577003495	0.0012824422577003495
268	 LLH-4	0.0012814863724316514	0.0012814863724316514
271	 LLH-4	0.001280578368164636	0.001280578368164636
275	 LLH-4	0.001279514507103557	0.001279514507103557
280	 LLH-1	0.001279514507103557	0.001279514507103557
281	 LLH-2	0.0012804597239295394	0.0012804597239295394
282	 LLH-2	0.001283964993387962	0.001283964993387962
283	 LLH-2	0.0012897099124680668	0.0012897099124680668
284	 LLH-3	0.001397528629718255	0.001397528629718255
285	 LLH-2	0.0013711839457343704	0.0013711839457343704
286	 LLH-4	0.0013687822795921776	0.0013687822795921776
288	 LLH-5	0.0013681260721334016	0.0013681260721334016
289	 LLH-0	0.0013703042041640287	0.0013703042041640287
290	 LLH-5	0.0013712545270203277	0.0013712545270203277
291	 LLH-1	0.0013712545270203277	0.0013712545270203277
292	 LLH-3	0.0012935383070666992	0.0012935383070666992
293	 LLH-4	0.0012923509897733855	0.0012923509897733855
296	 LLH-0	0.0012935854341089273	0.0012935854341089273
297	 LLH-4	0.0012921153664603037	0.0012921153664603037
299	 LLH-4	0.0012921153664603037	0.0012921153664603037
304	 LLH-6	0.001290924536862896	0.001290924536862896
305	 LLH-3	0.0012559790312637027	0.0012559790312637027
306	 LLH-4	0.0012559790312637027	0.0012559790312637027
311	 LLH-2	0.0012715834482724885	0.0012715834482724885
312	 LLH-4	0.0012708515278803284	0.0012708515278803284
315	 LLH-0	0.0012718021869525902	0.0012718021869525902
316	 LLH-6	0.0012687593113984042	0.0012687593113984042
317	 LLH-5	0.0012685580486157286	0.0012685580486157286
318	 LLH-2	0.0012915038305097203	0.0012685580486157286
319	 LLH-1	0.0012684125214106482	0.0012684125214106482
320	 LLH-0	0.0012695339693926152	0.0012695339693926152
321	 LLH-1	0.0012694637451802662	0.0012694637451802662
322	 LLH-3	0.0012522969183569692	0.0012522969183569692
323	 LLH-6	0.0012520791590043998	0.0012520791590043998
324	 LLH-3	0.0013204573306386128	0.0012520791590043998
325	 LLH-1	0.0012520791590043998	0.0012520791590043998
326	 LLH-3	0.001306570776211639	0.001306570776211639
327	 LLH-4	0.0013053466041443626	0.0013053466041443626
330	 LLH-6	0.0013029761256647143	0.0013029761256647143
331	 LLH-2	0.001291300885077882	0.001291300885077882
332	 LLH-3	0.0013840021508789526	0.0013840021508789526
333	 LLH-4	0.0013815540162386247	0.0013815540162386247
335	 LLH-4	0.0013791891796435115	0.0013791891796435115
337	 LLH-0	0.0013816037662462571	0.0013816037662462571
338	 LLH-1	0.0013816136588642972	0.0013816136588642972
339	 LLH-3	0.001511245495319018	0.0013816136588642972
340	 LLH-3	0.0015171383587249388	0.0015171383587249388
341	 LLH-4	0.0015126845877446219	0.0015126845877446219
343	 LLH-4	0.0015082438626292639	0.0015082438626292639
346	 LLH-0	0.0015041678271900966	0.0015041678271900966
347	 LLH-4	0.001499878244166635	0.001499878244166635
349	 LLH-5	0.0015005311988146035	0.0015005311988146035
350	 LLH-4	0.001496478897612094	0.001496478897612094
352	 LLH-5	0.0014967322050703385	0.0014967322050703385
353	 LLH-0	0.0014923978369894742	0.0014923978369894742
354	 LLH-2	0.00141056261020882	0.00141056261020882
355	 LLH-0	0.0014077379378834832	0.0014077379378834832
356	 LLH-3	0.0016230512748080473	0.0016230512748080473
357	 LLH-1	0.0016236489977003825	0.0016236489977003825
358	 LLH-1	0.0016236489977003825	0.0016236489977003825
359	 LLH-0	0.0016172586596282879	0.0016172586596282879
360	 LLH-3	0.0018884930908305854	0.0016172586596282879
361	 LLH-5	0.0016172693736705458	0.0016172693736705458
362	 LLH-0	0.0016111893485693332	0.0016111893485693332
363	 LLH-3	0.001344789403305489	0.001344789403305489
364	 LLH-1	0.001344789403305489	0.001344789403305489
365	 LLH-4	0.001343130545156889	0.001343130545156889
367	 LLH-5	0.0013415646542383102	0.0013415646542383102
368	 LLH-6	0.0013442419114212687	0.0013442419114212687
369	 LLH-2	0.001322732897659047	0.001322732897659047
370	 LLH-0	0.001320557475073985	0.001320557475073985
371	 LLH-4	0.0013190263883552853	0.0013190263883552853
375	 LLH-2	0.0013061553508264244	0.0013061553508264244
376	 LLH-0	0.0013044637550000716	0.0013044637550000716
377	 LLH-4	0.0013027736951968078	0.0013027736951968078
380	 LLH-0	0.001304582513237657	0.001304582513237657
381	 LLH-6	0.0013036033904964086	0.0013036033904964086
382	 LLH-2	0.0013087398304042857	0.0013087398304042857
383	 LLH-3	0.00142841983494876	0.0013087398304042857
384	 LLH-0	0.0013100628393981036	0.0013100628393981036
385	 LLH-6	0.0013092519571241807	0.0013092519571241807
386	 LLH-3	0.0014263789951037909	0.0014263789951037909
387	 LLH-0	0.001423370002473876	0.001423370002473876
388	 LLH-3	0.0016544119932453544	0.0016544119932453544
389	 LLH-5	0.0016547187342423708	0.0016547187342423708
390	 LLH-3	0.0013280163240403239	0.0013280163240403239
391	 LLH-6	0.0013259989710925674	0.0013259989710925674
392	 LLH-6	0.001328413144711262	0.001328413144711262
393	 LLH-4	0.0013268011087343148	0.0013268011087343148
397	 LLH-3	0.0012800191227548144	0.0012800191227548144
398	 LLH-2	0.0012795461443761	0.0012795461443761
399	 LLH-5	0.0012797067266249553	0.0012797067266249553
400	 LLH-1	0.0012797067266249553	0.0012797067266249553
401	 LLH-2	0.0012867032610522683	0.0012867032610522683
402	 LLH-4	0.0012854300573954024	0.0012854300573954024
407	 LLH-2	0.001288318007455252	0.001288318007455252
408	 LLH-2	0.0012971172796361074	0.0012971172796361074
409	 LLH-2	0.0012978403280004454	0.0012978403280004454
410	 LLH-4	0.0012963615227842924	0.0012963615227842924
414	 LLH-4	0.0012949372355120917	0.0012949372355120917
419	 LLH-3	0.0012684552098373265	0.0012684552098373265
420	 LLH-1	0.0012685606445491425	0.0012685606445491425
421	 LLH-6	0.0012667978835468714	0.0012667978835468714
422	 LLH-3	0.001325057212763582	0.001325057212763582
423	 LLH-4	0.001325057212763582	0.001325057212763582
428	 LLH-1	0.0013249813077412995	0.0013249813077412995
429	 LLH-2	0.0013005107901842951	0.0013005107901842951
430	 LLH-1	0.0013005107901842951	0.0013005107901842951
431	 LLH-6	0.0013003699636506315	0.0013003699636506315
432	 LLH-2	0.0013002641176034324	0.0013002641176034324
433	 LLH-5	0.0013006412776448316	0.0013006412776448316
434	 LLH-5	0.0013020229011423481	0.0013020229011423481
435	 LLH-3	0.0012665342596331487	0.0012665342596331487
436	 LLH-0	0.0012675031949818257	0.0012675031949818257
437	 LLH-3	0.0012560991593992183	0.0012560991593992183
438	 LLH-2	0.0012575885724687888	0.0012575885724687888
439	 LLH-3	0.0013236125996763906	0.0013236125996763906
440	 LLH-1	0.001323313766922665	0.001323313766922665
441	 LLH-0	0.001321881594647444	0.001321881594647444
442	 LLH-3	0.001279109576537182	0.001279109576537182
443	 LLH-5	0.001279010207261233	0.001279010207261233
444	 LLH-5	0.0012777503055776344	0.0012777503055776344
445	 LLH-3	0.0012594521730688137	0.0012594521730688137
446	 LLH-3	0.001258074821750114	0.001258074821750114
447	 LLH-6	0.0012594522280081613	0.0012594522280081613
448	 LLH-5	0.00125805890046179	0.00125805890046179
449	 LLH-1	0.00125805890046179	0.00125805890046179
450	 LLH-0	0.0012575058301255255	0.0012575058301255255
451	 LLH-5	0.00125745378757919	0.00125745378757919
452	 LLH-5	0.0012581144543002078	0.0012581144543002078
453	 LLH-5	0.0012583019994616878	0.0012583019994616878
454	 LLH-6	0.0012571192676715944	0.0012571192676715944
455	 LLH-5	0.0012570502574130054	0.0012570502574130054
456	 LLH-2	0.001250326839749987	0.001250326839749987
457	 LLH-3	0.001243482250122515	0.001243482250122515
458	 LLH-3	0.0012427598338239476	0.0012427598338239476
459	 LLH-6	0.0012429381166414108	0.0012429381166414108
460	 LLH-3	0.0012485958489392374	0.0012485958489392374
461	 LLH-0	0.0012490878220522575	0.0012490878220522575
462	 LLH-4	0.0012484326177711908	0.0012484326177711908
464	 LLH-2	0.0012569958986311316	0.0012484326177711908
465	 LLH-0	0.0012491599307688985	0.0012491599307688985
466	 LLH-4	0.0012491599307688985	0.0012491599307688985
471	 LLH-1	0.0012491599307688985	0.0012491599307688985
472	 LLH-2	0.0012447056807418427	0.0012447056807418427
473	 LLH-5	0.0012447523574618535	0.0012447523574618535
474	 LLH-3	0.0012428250966250885	0.0012428250966250885
475	 LLH-2	0.0012456347633917938	0.0012456347633917938
476	 LLH-5	0.0012441996509928788	0.0012441996509928788
477	 LLH-0	0.0012450280014201904	0.0012450280014201904
478	 LLH-4	0.0012450280014201904	0.0012450280014201904
483	 LLH-6	0.0012456049116531787	0.0012456049116531787
484	 LLH-1	0.0012456049116531787	0.0012456049116531787
485	 LLH-3	0.0012469171787533103	0.0012469171787533103
486	 LLH-4	0.001246474696776123	0.001246474696776123
490	 LLH-6	0.001246619737038464	0.001246619737038464
491	 LLH-6	0.001246821325585088	0.001246821325585088
492	 LLH-0	0.0012464186888932062	0.0012464186888932062
493	 LLH-4	0.0012459530820006566	0.0012459530820006566
495	 LLH-2	0.0012607177100034592	0.0012607177100034592
496	 LLH-1	0.0012610944338984666	0.0012610944338984666
497	 LLH-6	0.001261156230410023	0.001261156230410023
498	 LLH-3	0.0012567360977652677	0.0012567360977652677
499	 LLH-3	0.0012430104153426718	0.0012430104153426718
500	 LLH-2	0.0012588503175733625	0.0012588503175733625
501	 LLH-0	0.0012582215464311325	0.0012582215464311325
502	 LLH-1	0.0012582215464311325	0.0012582215464311325
503	 LLH-1	0.001258169583288024	0.001258169583288024
504	 LLH-4	0.001258169583288024	0.001258169583288024
509	 LLH-2	0.0012604944335712343	0.0012604944335712343
510	 LLH-4	0.0012597222444969943	0.0012597222444969943
514	 LLH-2	0.0012682715836382081	0.0012682715836382081
515	 LLH-5	0.0012678810424549749	0.0012678810424549749
516	 LLH-4	0.0012669504939708627	0.0012669504939708627
518	 LLH-5	0.001267329987944181	0.001267329987944181
519	 LLH-1	0.001267329987944181	0.001267329987944181
520	 LLH-0	0.0012662517630727163	0.0012662517630727163
521	 LLH-3	0.0012602547644794929	0.0012602547644794929
522	 LLH-3	0.0012444399955872612	0.0012444399955872612
523	 LLH-3	0.0012896190339804227	0.0012444399955872612
524	 LLH-4	0.0012437703337377939	0.0012437703337377939
527	 LLH-2	0.0012496667552895145	0.0012496667552895145
528	 LLH-4	0.0012496667552895145	0.0012496667552895145
533	 LLH-4	0.0012489796605464525	0.0012489796605464525
536	 LLH-4	0.0012484018450467618	0.0012484018450467618
538	 LLH-6	0.0012486614416310211	0.0012486614416310211
539	 LLH-5	0.0012497282071171666	0.0012497282071171666
540	 LLH-4	0.0012492354771654875	0.0012492354771654875
543	 LLH-5	0.0012497252160990366	0.0012497252160990366
544	 LLH-4	0.001249055604744855	0.001249055604744855
546	 LLH-6	0.001250145307731505	0.001250145307731505
547	 LLH-4	0.001250145307731505	0.001250145307731505
552	 LLH-5	0.0012503556436217799	0.0012503556436217799
553	 LLH-4	0.0012497672128771364	0.0012497672128771364
557	 LLH-1	0.0012497672128771364	0.0012497672128771364
558	 LLH-5	0.0012483727712693012	0.0012483727712693012
559	 LLH-4	0.0012474843979961622	0.0012474843979961622
564	 LLH-5	0.00124716269006137	0.00124716269006137
565	 LLH-0	0.0012477251153891866	0.0012477251153891866
566	 LLH-3	0.0012571334472324905	0.0012571334472324905
567	 LLH-1	0.0012571334472324905	0.0012571334472324905
568	 LLH-1	0.0012576373227004298	0.0012576373227004298
569	 LLH-3	0.0012435240094943404	0.0012435240094943404
570	 LLH-6	0.0012434976674398687	0.0012434976674398687
571	 LLH-0	0.0012429899974834573	0.0012429899974834573
572	 LLH-0	0.001243511221015865	0.001243511221015865
573	 LLH-5	0.001243961374484331	0.001243961374484331
574	 LLH-1	0.001243961374484331	0.001243961374484331
575	 LLH-1	0.001243961374484331	0.001243961374484331
576	 LLH-1	0.001243961374484331	0.001243961374484331
577	 LLH-2	0.0012566190116358464	0.0012566190116358464
578	 LLH-6	0.001257728656268062	0.001257728656268062
579	 LLH-0	0.0012588882442353896	0.0012588882442353896
580	 LLH-6	0.001258869290015105	0.001258869290015105
581	 LLH-4	0.0012580630344875068	0.0012580630344875068
584	 LLH-5	0.0012582795254467167	0.0012582795254467167
585	 LLH-2	0.0012575688740488456	0.0012575688740488456
586	 LLH-3	0.0013016335064740953	0.0012575688740488456
587	 LLH-0	0.0012581865239488165	0.0012581865239488165
588	 LLH-1	0.0012581865239488165	0.0012581865239488165
589	 LLH-1	0.0012581865239488165	0.0012581865239488165
590	 LLH-3	0.0012440295208041145	0.0012440295208041145
591	 LLH-0	0.0012445047158435554	0.0012445047158435554
592	 LLH-2	0.0012489140057570748	0.0012489140057570748
593	 LLH-1	0.0012489140057570748	0.0012489140057570748
594	 LLH-4	0.0012489140057570748	0.0012489140057570748
599	 LLH-3	0.001295765146435497	0.001295765146435497
600	 LLH-3	0.0013766248722887583	0.0013766248722887583
601	 LLH-1	0.001376866961426876	0.001376866961426876
602	 LLH-5	0.0013770075235645814	0.0013770075235645814
603	 LLH-2	0.0013331770348946359	0.0013331770348946359
604	 LLH-2	0.0013506258316586244	0.0013506258316586244
605	 LLH-2	0.0013514823933895896	0.0013514823933895896
606	 LLH-1	0.0013514426021277556	0.0013514426021277556
607	 LLH-5	0.0013524993847560368	0.0013524993847560368
608	 LLH-1	0.0013523132486102645	0.0013523132486102645
609	 LLH-2	0.0013481407267652303	0.0013481407267652303
610	 LLH-6	0.0013481674098663732	0.0013481674098663732
611	 LLH-3	0.0014600333152864084	0.0013481674098663732
612	 LLH-1	0.0013481674098663732	0.0013481674098663732
613	 LLH-1	0.0013480422907738731	0.0013480422907738731
614	 LLH-5	0.0013465731951232617	0.0013465731951232617
615	 LLH-6	0.0013484243159788255	0.0013484243159788255
616	 LLH-3	0.0012725030513517695	0.0012725030513517695
617	 LLH-3	0.0012647591488789123	0.0012647591488789123
618	 LLH-4	0.0012647591488789123	0.0012647591488789123
623	 LLH-0	0.001265473861349616	0.001265473861349616
624	 LLH-2	0.0012658486882327013	0.0012658486882327013
625	 LLH-3	0.0013262096942923348	0.0013262096942923348
626	 LLH-3	0.0012600830264868689	0.0012600830264868689
627	 LLH-0	0.0012609884328235615	0.0012609884328235615
628	 LLH-3	0.0013225697980654488	0.0012609884328235615
629	 LLH-4	0.0012601783995298305	0.0012601783995298305
632	 LLH-4	0.00125939731107622	0.00125939731107622
634	 LLH-1	0.0012595295812715204	0.0012595295812715204
635	 LLH-3	0.0013347272389210166	0.0012595295812715204
636	 LLH-4	0.001258602346294092	0.001258602346294092
641	 LLH-0	0.0012595295812715204	0.0012595295812715204
642	 LLH-5	0.0012585071481315648	0.0012585071481315648
643	 LLH-3	0.0013100811093947969	0.0012585071481315648
644	 LLH-5	0.0012583570292015772	0.0012583570292015772
645	 LLH-3	0.0013330754794310079	0.0013330754794310079
646	 LLH-3	0.0012760184118640375	0.0012760184118640375
647	 LLH-2	0.0012747319455720632	0.0012747319455720632
648	 LLH-5	0.0012749176097723936	0.0012749176097723936
649	 LLH-0	0.0012760170457879537	0.0012760170457879537
650	 LLH-5	0.001275996823750009	0.001275996823750009
651	 LLH-6	0.0012758115495577565	0.0012758115495577565
652	 LLH-1	0.0012758115495577565	0.0012758115495577565
653	 LLH-6	0.001276392421179935	0.001276392421179935
654	 LLH-0	0.001277437748731805	0.001277437748731805
655	 LLH-4	0.0012762966380761866	0.0012762966380761866
657	 LLH-2	0.0012822285871373418	0.0012822285871373418
658	 LLH-4	0.0012813570522223936	0.0012813570522223936
660	 LLH-5	0.0012794246980733356	0.0012794246980733356
661	 LLH-1	0.0012791476875643204	0.0012791476875643204
662	 LLH-5	0.0012793224659432853	0.0012793224659432853
663	 LLH-1	0.0012793224659432853	0.0012793224659432853
664	 LLH-2	0.0012885274213690764	0.0012793224659432853
665	 LLH-4	0.0012779734953443402	0.0012779734953443402
667	 LLH-4	0.0012769524373378379	0.0012769524373378379
670	 LLH-1	0.0012769524373378379	0.0012769524373378379
671	 LLH-1	0.0012769524373378379	0.0012769524373378379
672	 LLH-5	0.0012794053632603068	0.0012794053632603068
673	 LLH-6	0.0012777459607829617	0.0012777459607829617
674	 LLH-1	0.0012769729148963478	0.0012769729148963478
675	 LLH-3	0.0012550456338870004	0.0012550456338870004
676	 LLH-1	0.0012552466914447457	0.0012552466914447457
677	 LLH-5	0.001255267207494823	0.001255267207494823
678	 LLH-4	0.001255267207494823	0.001255267207494823
683	 LLH-1	0.001255267207494823	0.001255267207494823
684	 LLH-2	0.0012543885996449883	0.0012543885996449883
685	 LLH-3	0.0013290811441533821	0.0012543885996449883
686	 LLH-1	0.0012543885996449883	0.0012543885996449883
687	 LLH-2	0.0012703050371204345	0.0012703050371204345
688	 LLH-0	0.0012691700745326884	0.0012691700745326884
689	 LLH-1	0.0012691700745326884	0.0012691700745326884
690	 LLH-6	0.0012702779906528631	0.0012702779906528631
691	 LLH-5	0.0012706637571287924	0.0012706637571287924
692	 LLH-0	0.0012719246304290909	0.0012719246304290909
693	 LLH-4	0.0012708860408930187	0.0012708860408930187
695	 LLH-0	0.0012721581522901232	0.0012721581522901232
696	 LLH-4	0.0012712437837127683	0.0012712437837127683
698	 LLH-0	0.0012723466650752795	0.0012723466650752795
699	 LLH-3	0.0013348768644841958	0.0012723466650752795
700	 LLH-1	0.0012723466650752795	0.0012723466650752795
701	 LLH-2	0.0012845657928817413	0.0012845657928817413
702	 LLH-5	0.0012846740905635584	0.0012846740905635584
703	 LLH-4	0.0012846740905635584	0.0012846740905635584
708	 LLH-4	0.0012836136240756562	0.0012836136240756562
710	 LLH-1	0.0012834175851178721	0.0012834175851178721
711	 LLH-6	0.0012836370698525188	0.0012836370698525188
712	 LLH-3	0.0012587035888729481	0.0012587035888729481
713	 LLH-6	0.001257264950821259	0.001257264950821259
714	 LLH-4	0.0012565496389520907	0.0012565496389520907
716	 LLH-3	0.0012523895093339392	0.0012523895093339392
717	 LLH-5	0.0012523783600747788	0.0012523783600747788
718	 LLH-3	0.0012732573294130974	0.0012732573294130974
719	 LLH-0	0.0012742257325354595	0.0012742257325354595
720	 LLH-3	0.0013777817472999513	0.0012742257325354595
721	 LLH-6	0.0012723108332468422	0.0012723108332468422
722	 LLH-3	0.0012511393393026553	0.0012511393393026553
723	 LLH-0	0.0012517296528912563	0.0012517296528912563
724	 LLH-2	0.0012669363863781287	0.0012669363863781287
725	 LLH-2	0.0012591233766991552	0.0012591233766991552
726	 LLH-3	0.0012595750915967664	0.0012595750915967664
727	 LLH-2	0.0012655674566795464	0.0012655674566795464
728	 LLH-5	0.0012657806172383182	0.0012657806172383182
729	 LLH-1	0.0012657806172383182	0.0012657806172383182
730	 LLH-0	0.001266635419374162	0.001266635419374162
731	 LLH-2	0.0012705673161345211	0.0012705673161345211
732	 LLH-0	0.001269433779086975	0.001269433779086975
733	 LLH-5	0.00126899150332413	0.00126899150332413
734	 LLH-5	0.0012682502507658994	0.0012682502507658994
735	 LLH-0	0.0012692861755632745	0.0012692861755632745
736	 LLH-0	0.0012682049118390095	0.0012682049118390095
737	 LLH-3	0.0013291610510437104	0.0012682049118390095
738	 LLH-5	0.001268070384161138	0.001268070384161138
739	 LLH-0	0.0012690299976212125	0.0012690299976212125
740	 LLH-2	0.0012657852228668415	0.0012657852228668415
741	 LLH-4	0.0012657852228668415	0.0012657852228668415
746	 LLH-6	0.0012664023822700169	0.0012664023822700169
747	 LLH-3	0.0013554478792556727	0.0012664023822700169
748	 LLH-2	0.0012738904213845889	0.0012664023822700169
749	 LLH-5	0.001266131929454258	0.001266131929454258
750	 LLH-4	0.0012649046766943844	0.0012649046766943844
754	 LLH-3	0.0012512023590671377	0.0012512023590671377
755	 LLH-3	0.0012507028492869366	0.0012507028492869366
756	 LLH-6	0.0012516041896802243	0.0012516041896802243
757	 LLH-1	0.0012516041896802243	0.0012516041896802243
758	 LLH-3	0.0012459555456109136	0.0012459555456109136
759	 LLH-1	0.0012459555456109136	0.0012459555456109136
760	 LLH-0	0.001246528524173536	0.001246528524173536
761	 LLH-0	0.0012469814779344451	0.0012469814779344451
762	 LLH-4	0.0012464863383244346	0.0012464863383244346
764	 LLH-6	0.001246091990938984	0.001246091990938984
765	 LLH-0	0.0012467283739597702	0.0012467283739597702
766	 LLH-4	0.0012467283739597702	0.0012467283739597702
771	 LLH-4	0.0012467283739597702	0.0012467283739597702
776	 LLH-6	0.0012466565698751925	0.0012466565698751925
777	 LLH-5	0.001246713782661599	0.001246713782661599
778	 LLH-3	0.0012509706710308768	0.0012509706710308768
779	 LLH-3	0.0012439549809916657	0.0012439549809916657
780	 LLH-5	0.0012440049973943363	0.0012440049973943363
781	 LLH-5	0.0012440490503833074	0.0012440490503833074
782	 LLH-4	0.0012436226292253576	0.0012436226292253576
786	 LLH-0	0.0012439763865898222	0.0012439763865898222
787	 LLH-2	0.00125413995238425	0.00125413995238425
788	 LLH-6	0.0012554527036505786	0.0012554527036505786
789	 LLH-0	0.001255930328733933	0.001255930328733933
790	 LLH-3	0.0012779984170439823	0.001255930328733933
791	 LLH-4	0.001255930328733933	0.001255930328733933
796	 LLH-5	0.0012563105140079387	0.0012563105140079387
797	 LLH-2	0.001252865412392275	0.001252865412392275
798	 LLH-6	0.0012532426006452587	0.001252865412392275
799	 LLH-1	0.0012528669690654464	0.0012528669690654464
800	 LLH-0	0.0012535068934257962	0.0012535068934257962
801	 LLH-6	0.001253607032885514	0.001253607032885514
802	 LLH-5	0.001254783377491121	0.001254783377491121
803	 LLH-5	0.0012539966136321606	0.0012539966136321606
804	 LLH-1	0.0012538146176107917	0.0012538146176107917
805	 LLH-1	0.0012538146176107917	0.0012538146176107917
806	 LLH-6	0.001252338319136145	0.001252338319136145
807	 LLH-5	0.0012524512099621032	0.0012524512099621032
808	 LLH-2	0.0012597921786800888	0.0012524512099621032
809	 LLH-1	0.0012524544977591885	0.0012524544977591885
810	 LLH-4	0.0012524544977591885	0.0012524544977591885
815	 LLH-6	0.0012530461042541095	0.0012530461042541095
816	 LLH-0	0.0012538878246582878	0.0012538878246582878
817	 LLH-6	0.0012545435967777736	0.0012545435967777736
818	 LLH-4	0.0012545435967777736	0.0012545435967777736
823	 LLH-4	0.0012537172830293076	0.0012537172830293076
825	 LLH-2	0.001270210588958621	0.001270210588958621
826	 LLH-1	0.001270210588958621	0.001270210588958621
827	 LLH-2	0.0012668962177100407	0.0012668962177100407
828	 LLH-6	0.0012666221099320578	0.0012666221099320578
829	 LLH-6	0.0012659124389312031	0.0012659124389312031
830	 LLH-1	0.001265851419986976	0.001265851419986976
831	 LLH-6	0.001265695149961976	0.001265695149961976
832	 LLH-0	0.001264516060004583	0.001264516060004583
833	 LLH-1	0.0012648295691305733	0.0012648295691305733
834	 LLH-4	0.001264080104485266	0.001264080104485266
837	 LLH-5	0.0012631328227360806	0.0012631328227360806
838	 LLH-5	0.001263216709045953	0.001263216709045953
839	 LLH-4	0.001262168298337553	0.001262168298337553
841	 LLH-3	0.001245873988628871	0.001245873988628871
842	 LLH-5	0.00124613361007048	0.00124613361007048
843	 LLH-5	0.0012462585177659793	0.0012462585177659793
844	 LLH-0	0.0012468738635571352	0.0012468738635571352
845	 LLH-3	0.0012434221470399333	0.0012434221470399333
846	 LLH-2	0.0012621891884742275	0.0012621891884742275
847	 LLH-0	0.0012627247443161914	0.0012627247443161914
848	 LLH-5	0.0012627433261305917	0.0012627433261305917
849	 LLH-3	0.0012476346928894577	0.0012476346928894577
850	 LLH-2	0.0012576797853775857	0.0012576797853775857
851	 LLH-6	0.0012574952824233297	0.0012574952824233297
852	 LLH-6	0.00125720424214716	0.00125720424214716
853	 LLH-4	0.0012565015932549143	0.0012565015932549143
856	 LLH-4	0.0012559506696034652	0.0012559506696034652
858	 LLH-3	0.001302860765723791	0.0012559506696034652
859	 LLH-3	0.0013030030824413364	0.0012559506696034652
860	 LLH-1	0.001255479180935432	0.001255479180935432
861	 LLH-2	0.001271476900864287	0.001255479180935432
862	 LLH-4	0.001255479180935432	0.001255479180935432
867	 LLH-5	0.0012560233635634686	0.0012560233635634686
868	 LLH-1	0.0012559458149131206	0.0012559458149131206
869	 LLH-1	0.0012559458149131206	0.0012559458149131206
870	 LLH-5	0.00125693452320062	0.00125693452320062
871	 LLH-2	0.0012747224007528999	0.00125693452320062
872	 LLH-3	0.0013042952603189214	0.00125693452320062
873	 LLH-6	0.0012573242024388168	0.0012573242024388168
874	 LLH-4	0.0012567315712340551	0.0012567315712340551
878	 LLH-5	0.0012565193378438616	0.0012565193378438616
879	 LLH-3	0.0012995781025584342	0.0012565193378438616
880	 LLH-0	0.0012553994597264992	0.0012553994597264992
881	 LLH-0	0.0012560471434393198	0.0012560471434393198
882	 LLH-1	0.0012560471434393198	0.0012560471434393198
883	 LLH-0	0.0012570024766843046	0.0012570024766843046
884	 LLH-0	0.0012563805428522383	0.0012563805428522383
885	 LLH-4	0.0012556800198099656	0.0012556800198099656
887	 LLH-4	0.0012556800198099656	0.0012556800198099656
892	 LLH-3	0.0012512401827771663	0.0012512401827771663
893	 LLH-4	0.0012501113278082067	0.0012501113278082067
895	 LLH-4	0.0012492896876829009	0.0012492896876829009
899	 LLH-1	0.0012492896876829009	0.0012492896876829009
900	 LLH-5	0.0012490440007653118	0.0012490440007653118
901	 LLH-1	0.0012493272301027604	0.0012493272301027604
902	 LLH-1	0.0012493272301027604	0.0012493272301027604
903	 LLH-6	0.0012490459041370246	0.0012490459041370246
904	 LLH-2	0.0012538873401798413	0.0012490459041370246
905	 LLH-1	0.0012490459041370246	0.0012490459041370246
906	 LLH-1	0.001248942677769946	0.001248942677769946
907	 LLH-6	0.0012492778818621799	0.0012492778818621799
908	 LLH-4	0.001248758623397142	0.001248758623397142
913	 LLH-2	0.0012563738567414144	0.001248758623397142
914	 LLH-5	0.0012493793941092594	0.0012493793941092594
915	 LLH-2	0.0012576018132031605	0.0012493793941092594
916	 LLH-5	0.0012489534492810801	0.0012489534492810801
917	 LLH-2	0.0012551905572038956	0.0012551905572038956
918	 LLH-1	0.0012552682051667433	0.0012552682051667433
919	 LLH-2	0.0012619188962567228	0.0012619188962567228
920	 LLH-0	0.0012627455626959589	0.0012627455626959589
921	 LLH-1	0.0012627383437897612	0.0012627383437897612
922	 LLH-0	0.0012634233154489565	0.0012634233154489565
923	 LLH-1	0.0012634233154489565	0.0012634233154489565
924	 LLH-4	0.0012627789081442924	0.0012627789081442924
929	 LLH-6	0.001261330486015883	0.001261330486015883
930	 LLH-3	0.0012549181702993621	0.0012549181702993621
931	 LLH-1	0.0012548617766190485	0.0012548617766190485
932	 LLH-0	0.001256025416969857	0.001256025416969857
933	 LLH-5	0.0012564431238738661	0.0012564431238738661
934	 LLH-5	0.0012562462232949552	0.0012562462232949552
935	 LLH-0	0.0012567706006228335	0.0012567706006228335
936	 LLH-6	0.0012564037224172566	0.0012564037224172566
937	 LLH-4	0.001255719582593778	0.001255719582593778
940	 LLH-4	0.001255719582593778	0.001255719582593778
945	 LLH-3	0.0012479081621649436	0.0012479081621649436
946	 LLH-3	0.0012542753867736734	0.0012542753867736734
947	 LLH-6	0.0012525947552852847	0.0012525947552852847
948	 LLH-5	0.0012531627779127673	0.0012531627779127673
949	 LLH-1	0.0012531627779127673	0.0012531627779127673
950	 LLH-5	0.0012525629367496304	0.0012525629367496304
951	 LLH-5	0.0012525396684562502	0.0012525396684562502
952	 LLH-1	0.0012525396684562502	0.0012525396684562502
953	 LLH-0	0.0012529653381900632	0.0012529653381900632
954	 LLH-4	0.001252323398240699	0.001252323398240699
959	 LLH-3	0.0012458705070636034	0.0012458705070636034
960	 LLH-6	0.0012459458133192599	0.0012459458133192599
961	 LLH-5	0.0012459088160652846	0.0012459088160652846
962	 LLH-2	0.0012474338054949035	0.0012459088160652846
963	 LLH-4	0.0012459088160652846	0.0012459088160652846
968	 LLH-2	0.0012541974382896477	0.0012541974382896477
969	 LLH-1	0.0012541974382896477	0.0012541974382896477
970	 LLH-6	0.001254220430063732	0.001254220430063732
971	 LLH-1	0.0012543328059945855	0.0012543328059945855
972	 LLH-5	0.0012544204789027168	0.0012544204789027168
973	 LLH-4	0.0012544204789027168	0.0012544204789027168
978	 LLH-2	0.0012565452486008287	0.0012565452486008287
979	 LLH-5	0.001256314878339261	0.001256314878339261
980	 LLH-5	0.0012564264398221045	0.0012564264398221045
981	 LLH-1	0.0012567372740517795	0.0012567372740517795
982	 LLH-6	0.0012575024938085962	0.0012575024938085962
983	 LLH-4	0.0012575024938085962	0.0012575024938085962
988	 LLH-1	0.0012575024938085962	0.0012575024938085962
989	 LLH-2	0.0012520666568714804	0.0012520666568714804
990	 LLH-2	0.0012559666274982615	0.0012520666568714804
991	 LLH-2	0.0012601536448542357	0.0012601536448542357
992	 LLH-2	0.0012685751587068086	0.0012601536448542357
993	 LLH-4	0.0012592141182765338	0.0012592141182765338
995	 LLH-3	0.0013420504502931164	0.0012592141182765338
996	 LLH-6	0.0012592805090994405	0.0012592805090994405
997	 LLH-0	0.0012582377154695774	0.0012582377154695774
998	 LLH-0	0.001258954136579765	0.001258954136579765
999	 LLH-0	0.0012599677095102679	0.0012599677095102679
1000	 LLH-2	0.0012642661778513372	0.0012642661778513372
1001	 LLH-1	0.0012642661778513372	0.0012642661778513372
1002	 LLH-5	0.00126438445987486	0.00126438445987486
1003	 LLH-4	0.00126438445987486	0.00126438445987486
1008	 LLH-3	0.0012604508171576159	0.0012604508171576159
1009	 LLH-5	0.0012603997569731239	0.0012603997569731239
1010	 LLH-5	0.0012603216939227097	0.0012603216939227097
1011	 LLH-0	0.001261131970078307	0.001261131970078307
1012	 LLH-4	0.0012603299132385808	0.0012603299132385808
1015	 LLH-2	0.0012694175207084684	0.0012603299132385808
1016	 LLH-1	0.0012603809943866591	0.0012603809943866591
1017	 LLH-6	0.0012617505892742267	0.0012603809943866591
1018	 LLH-4	0.0012593976186784928	0.0012593976186784928
1020	 LLH-4	0.0012584960740591857	0.0012584960740591857
1024	 LLH-0	0.0012590762090444099	0.0012590762090444099
1025	 LLH-2	0.0012725163273355142	0.0012725163273355142
1026	 LLH-1	0.0012725163273355142	0.0012725163273355142
1027	 LLH-3	0.0013056973718935643	0.0012725163273355142
1028	 LLH-6	0.001272528597144428	0.001272528597144428
1029	 LLH-0	0.0012734831394852282	0.0012734831394852282
1030	 LLH-2	0.0012760852608892721	0.0012760852608892721
1031	 LLH-3	0.001326551391157172	0.0012760852608892721
1032	 LLH-2	0.0012695819198763319	0.0012695819198763319
1033	 LLH-1	0.0012695041145251117	0.0012695041145251117
1034	 LLH-0	0.0012710253007296517	0.0012710253007296517
1035	 LLH-0	0.0012722598801566223	0.0012722598801566223
1036	 LLH-1	0.0012722598801566223	0.0012722598801566223
1037	 LLH-4	0.001271289707248225	0.001271289707248225
1041	 LLH-3	0.0012671189389868017	0.0012671189389868017
1042	 LLH-2	0.0012740804991303453	0.0012740804991303453
1043	 LLH-0	0.0012750433984948506	0.0012740804991303453
1044	 LLH-6	0.0012746930063641175	0.0012740804991303453
1045	 LLH-0	0.00127314427327282	0.00127314427327282
1046	 LLH-0	0.0012722253008794098	0.0012722253008794098
1047	 LLH-4	0.0012714807139273384	0.0012714807139273384
1049	 LLH-1	0.0012712483122395237	0.0012712483122395237
1050	 LLH-4	0.0012712483122395237	0.0012712483122395237
1055	 LLH-2	0.0012686511783303379	0.0012686511783303379
1056	 LLH-0	0.0012676219271248077	0.0012676219271248077
1057	 LLH-5	0.001267731106491804	0.001267731106491804
1058	 LLH-2	0.0012713672373226889	0.0012713672373226889
1059	 LLH-6	0.001271177011413453	0.001271177011413453
1060	 LLH-3	0.001352563453958613	0.001271177011413453
1061	 LLH-5	0.001272103677053801	0.001272103677053801
1062	 LLH-0	0.001273270539046093	0.001273270539046093
1063	 LLH-3	0.0013519044532470158	0.001273270539046093
1064	 LLH-4	0.001273270539046093	0.001273270539046093
1069	 LLH-3	0.001257036459288935	0.001257036459288935
1070	 LLH-6	0.0012576780388519838	0.0012576780388519838
1071	 LLH-3	0.0012548312450103578	0.0012548312450103578
1072	 LLH-2	0.0012625123516665734	0.0012548312450103578
1073	 LLH-2	0.0012656986946723923	0.0012548312450103578
1074	 LLH-4	0.0012548312450103578	0.0012548312450103578
1079	 LLH-3	0.0012498385599592754	0.0012498385599592754
1080	 LLH-4	0.0012498385599592754	0.0012498385599592754
1085	 LLH-3	0.0012486893606942421	0.0012486893606942421
1086	 LLH-0	0.0012490964482879871	0.0012490964482879871
1087	 LLH-2	0.0012566721992093484	0.0012566721992093484
1088	 LLH-0	0.0012574346667400026	0.0012574346667400026
1089	 LLH-1	0.0012574346667400026	0.0012574346667400026
1090	 LLH-2	0.0012649714178639426	0.0012574346667400026
1091	 LLH-1	0.0012574346667400026	0.0012574346667400026
1092	 LLH-5	0.0012565487545534008	0.0012565487545534008
1093	 LLH-5	0.0012553939642529492	0.0012553939642529492
1094	 LLH-4	0.0012553939642529492	0.0012553939642529492
1099	 LLH-0	0.0012558736365726306	0.0012553939642529492
1100	 LLH-6	0.0012559865668164444	0.0012559865668164444
1101	 LLH-5	0.0012559121951368182	0.0012559121951368182
1102	 LLH-1	0.0012558355739701024	0.0012558355739701024
1103	 LLH-2	0.0012587481158195678	0.0012587481158195678
1104	 LLH-5	0.001259055356064637	0.001259055356064637
1105	 LLH-3	0.0013053164548622745	0.001259055356064637
1106	 LLH-3	0.0013245884317881324	0.001259055356064637
1107	 LLH-2	0.001271309427796297	0.001271309427796297
1108	 LLH-6	0.001272313452534259	0.001272313452534259
1109	 LLH-3	0.0013307594625565386	0.001272313452534259
1110	 LLH-1	0.001272313452534259	0.001272313452534259
1111	 LLH-0	0.00127336271369525	0.001272313452534259
1112	 LLH-4	0.0012713591996426226	0.0012713591996426226
1115	 LLH-2	0.0012737370275127053	0.0012737370275127053
1116	 LLH-0	0.0012728744454413813	0.0012728744454413813
1117	 LLH-6	0.001272561271921726	0.001272561271921726
1118	 LLH-6	0.0012737373268832742	0.0012737373268832742
1119	 LLH-1	0.0012736569764582603	0.0012736569764582603
1120	 LLH-0	0.0012744906939652076	0.0012744906939652076
1121	 LLH-2	0.0012888803302970638	0.0012744906939652076
1122	 LLH-5	0.0012744434460012597	0.0012744434460012597
1123	 LLH-0	0.0012754679989766446	0.0012754679989766446
1124	 LLH-6	0.001276356973276407	0.001276356973276407
1125	 LLH-4	0.0012752675385169884	0.0012752675385169884
1128	 LLH-1	0.0012752675385169884	0.0012752675385169884
1129	 LLH-6	0.0012746674395523257	0.0012746674395523257
1130	 LLH-4	0.0012737834499923302	0.0012737834499923302
1133	 LLH-4	0.0012737834499923302	0.0012737834499923302
1138	 LLH-2	0.0012896123537960837	0.0012737834499923302
1139	 LLH-3	0.0013600766225859492	0.0012737834499923302
1140	 LLH-4	0.0012727635608452235	0.0012727635608452235
1142	 LLH-1	0.0012727635608452235	0.0012727635608452235
1143	 LLH-5	0.0012722777862343756	0.0012722777862343756
1144	 LLH-3	0.001350079192429999	0.0012722777862343756
1145	 LLH-5	0.0012722595975496063	0.0012722595975496063
1146	 LLH-1	0.0012720268987526828	0.0012720268987526828
1147	 LLH-4	0.0012720268987526828	0.0012720268987526828
1152	 LLH-1	0.0012719976311484987	0.0012719976311484987
1153	 LLH-5	0.0012701063509836011	0.0012701063509836011
1154	 LLH-1	0.0012701063509836011	0.0012701063509836011
1155	 LLH-5	0.0012698354580888641	0.0012698354580888641
1156	 LLH-5	0.0012701258194689736	0.0012701258194689736
1157	 LLH-4	0.0012690352123267707	0.0012690352123267707
1160	 LLH-4	0.0012681584933207514	0.0012681584933207514
1164	 LLH-0	0.0012688553671133434	0.0012688553671133434
1165	 LLH-6	0.0012677443863074605	0.0012677443863074605
1166	 LLH-5	0.0012682667284701504	0.0012682667284701504
1167	 LLH-6	0.0012665402889267521	0.0012665402889267521
1168	 LLH-0	0.0012675119717520454	0.0012675119717520454
1169	 LLH-6	0.0012671507417498261	0.0012671507417498261
1170	 LLH-1	0.0012671507417498261	0.0012671507417498261
1171	 LLH-1	0.0012671507417498261	0.0012671507417498261
1172	 LLH-2	0.001278243805039263	0.001278243805039263
1173	 LLH-4	0.0012590564483781921	0.0012590564483781921
1175	 LLH-5	0.0012600274785441994	0.0012600274785441994
1176	 LLH-6	0.0012600537073711893	0.0012600537073711893
1177	 LLH-3	0.0013430204535903323	0.0012600537073711893
1178	 LLH-3	0.0013369145221825071	0.0012600537073711893
1179	 LLH-4	0.0012600537073711893	0.0012600537073711893
1184	 LLH-2	0.0012866826012889851	0.0012600537073711893
1185	 LLH-0	0.0012611050063496886	0.0012611050063496886
1186	 LLH-4	0.001260205346616862	0.001260205346616862
1188	 LLH-2	0.001275136071791967	0.001260205346616862
1189	 LLH-3	0.0012587673812196952	0.0012587673812196952
1190	 LLH-3	0.0013106556559944313	0.0012587673812196952
1191	 LLH-5	0.001258575093454575	0.001258575093454575
1192	 LLH-1	0.001258575093454575	0.001258575093454575
1193	 LLH-5	0.0012612329596105572	0.001258575093454575
1194	 LLH-4	0.0012579844329039455	0.0012579844329039455
1197	 LLH-2	0.0012530259493555118	0.0012530259493555118
1198	 LLH-3	0.0013106534931361753	0.0012530259493555118
1199	 LLH-5	0.0012528432044619869	0.0012528432044619869
1200	 LLH-4	0.0012518206684880013	0.0012518206684880013
1205	 LLH-6	0.001251246118580325	0.001251246118580325
1206	 LLH-1	0.001251246118580325	0.001251246118580325
1207	 LLH-5	0.0012502919288800666	0.0012502919288800666
1208	 LLH-0	0.0012509784419068685	0.0012509784419068685
1209	 LLH-1	0.0012509784419068685	0.0012509784419068685
1210	 LLH-1	0.0012513104167769828	0.0012513104167769828
1211	 LLH-0	0.001252016396048152	0.001252016396048152
1212	 LLH-6	0.0012523478983986313	0.0012523478983986313
1213	 LLH-4	0.0012523478983986313	0.0012523478983986313
1218	 LLH-4	0.0012515162905656807	0.0012515162905656807
1223	 LLH-1	0.0012515162905656807	0.0012515162905656807
1224	 LLH-1	0.001251786901440962	0.001251786901440962
1225	 LLH-3	0.0012545683930276828	0.0012545683930276828
1226	 LLH-4	0.0012545683930276828	0.0012545683930276828
1231	 LLH-5	0.0012547101553615993	0.0012547101553615993
1232	 LLH-2	0.0012618287967992334	0.0012547101553615993
1233	 LLH-3	0.0012917840819222826	0.0012547101553615993
1234	 LLH-3	0.0012826697014663535	0.0012547101553615993
1235	 LLH-4	0.0012541370995086348	0.0012541370995086348
1240	 LLH-2	0.001263584427687681	0.0012541370995086348
1241	 LLH-2	0.0012603665025293976	0.0012603665025293976
1242	 LLH-1	0.0012604096859297512	0.0012604096859297512
1243	 LLH-0	0.001261324626525162	0.001261324626525162
1244	 LLH-2	0.0012633498816579432	0.001261324626525162
1245	 LLH-6	0.001262739448832223	0.001261324626525162
1246	 LLH-1	0.0012615591812162883	0.0012615591812162883
1247	 LLH-4	0.0012615591812162883	0.0012615591812162883
1252	 LLH-2	0.001261985966625416	0.001261985966625416
1253	 LLH-6	0.0012613711494528948	0.0012613711494528948
1254	 LLH-2	0.0012660074372202706	0.0012660074372202706
1255	 LLH-1	0.0012660074372202706	0.0012660074372202706
1256	 LLH-2	0.001263985662997513	0.001263985662997513
1257	 LLH-6	0.0012649326065617542	0.0012649326065617542
1258	 LLH-5	0.0012641693181233695	0.0012641693181233695
1259	 LLH-1	0.0012641693181233695	0.0012641693181233695
1260	 LLH-2	0.001277332962120732	0.0012641693181233695
1261	 LLH-5	0.0012627835010055263	0.0012627835010055263
1262	 LLH-2	0.0012854780915962298	0.0012627835010055263
1263	 LLH-2	0.0012741055568543957	0.0012627835010055263
1264	 LLH-6	0.0012609393853274637	0.0012609393853274637
1265	 LLH-3	0.0012477306923138513	0.0012477306923138513
1266	 LLH-4	0.0012471080610692025	0.0012471080610692025
1270	 LLH-1	0.0012471080610692025	0.0012471080610692025
1271	 LLH-4	0.001246460967327069	0.001246460967327069
1274	 LLH-6	0.0012479335118064125	0.0012479335118064125
1275	 LLH-5	0.001247396827830865	0.001247396827830865
1276	 LLH-6	0.0012479116898923687	0.0012479116898923687
1277	 LLH-1	0.0012479116898923687	0.0012479116898923687
1278	 LLH-3	0.0012534629811272852	0.0012479116898923687
1279	 LLH-3	0.0013065647166797274	0.0012479116898923687
1280	 LLH-5	0.0012483973202039216	0.0012479116898923687
1281	 LLH-1	0.001248000866228009	0.001248000866228009
1282	 LLH-2	0.001268194086864594	0.001248000866228009
1283	 LLH-2	0.0012713852766459426	0.001248000866228009
1284	 LLH-4	0.0012473635471603457	0.0012473635471603457
1286	 LLH-2	0.0012686530233012314	0.0012473635471603457
1287	 LLH-2	0.0012624335249340009	0.0012473635471603457
1288	 LLH-0	0.0012643895837256543	0.0012473635471603457
1289	 LLH-6	0.0012471482457832776	0.0012471482457832776
1290	 LLH-5	0.0012478509767010603	0.0012471482457832776
1291	 LLH-0	0.0012639141754833003	0.0012471482457832776
1292	 LLH-3	0.0013011583047971623	0.0012471482457832776
1293	 LLH-5	0.0012474947542341155	0.0012474947542341155
1294	 LLH-4	0.0012474947542341155	0.0012474947542341155
1299	 LLH-6	0.0012492946196227756	0.0012492946196227756
1300	 LLH-4	0.0012492946196227756	0.0012492946196227756
1305	 LLH-0	0.001266218808714868	0.0012492946196227756
1306	 LLH-0	0.0012503060625809353	0.0012503060625809353
1307	 LLH-1	0.0012502457509855475	0.0012502457509855475
1308	 LLH-4	0.0012502457509855475	0.0012502457509855475
1313	 LLH-4	0.0012502457509855475	0.0012502457509855475
1318	 LLH-5	0.0012508028214080578	0.0012508028214080578
1319	 LLH-5	0.0012501595103168524	0.0012501595103168524
1320	 LLH-2	0.0012561434311878842	0.0012501595103168524
1321	 LLH-5	0.0012502480665370463	0.0012502480665370463
1322	 LLH-3	0.0013474314208912971	0.0012502480665370463
1323	 LLH-3	0.0012991319407052943	0.0012502480665370463
1324	 LLH-5	0.0012496040867475957	0.0012496040867475957
1325	 LLH-4	0.0012489134186517124	0.0012489134186517124
1329	 LLH-3	0.0012515622925777516	0.0012489134186517124
1330	 LLH-1	0.0012489134186517124	0.0012489134186517124
1331	 LLH-2	0.0012700993289049482	0.0012489134186517124
1332	 LLH-5	0.0012493840280267136	0.0012493840280267136
1333	 LLH-4	0.0012493840280267136	0.0012493840280267136
1338	 LLH-6	0.0012493665648049834	0.0012493665648049834
1339	 LLH-4	0.0012493665648049834	0.0012493665648049834
1344	 LLH-5	0.0012489728763367203	0.0012489728763367203
1345	 LLH-5	0.0012490548530458936	0.0012489728763367203
1346	 LLH-4	0.0012489728763367203	0.0012489728763367203
1351	 LLH-0	0.0012498401470407705	0.0012498401470407705
1352	 LLH-3	0.0012553112172770595	0.0012498401470407705
1353	 LLH-0	0.001250448803616176	0.001250448803616176
1354	 LLH-0	0.0012511834180704957	0.0012511834180704957
1355	 LLH-2	0.0012551397035974652	0.0012511834180704957
1356	 LLH-0	0.0012519176234459656	0.0012519176234459656
1357	 LLH-4	0.0012512302780854298	0.0012512302780854298
1359	 LLH-0	0.0012518118792669496	0.0012512302780854298
1360	 LLH-5	0.0012511880280851536	0.0012511880280851536
1361	 LLH-6	0.001251901334136125	0.001251901334136125
1362	 LLH-0	0.0012525735671755735	0.001251901334136125
1363	 LLH-3	0.001297058280367941	0.001251901334136125
1364	 LLH-2	0.0012544592487704297	0.001251901334136125
1365	 LLH-6	0.0012529998832809558	0.001251901334136125
1366	 LLH-1	0.0012518506585713289	0.0012518506585713289
1367	 LLH-4	0.0012518506585713289	0.0012518506585713289
1372	 LLH-3	0.0012578890612500733	0.0012518506585713289
1373	 LLH-2	0.0012702867220181922	0.0012518506585713289
1374	 LLH-1	0.001251930464967834	0.001251930464967834
1375	 LLH-2	0.001261546520382053	0.001251930464967834
1376	 LLH-0	0.0012529690706966567	0.001251930464967834
1377	 LLH-2	0.001266632526080487	0.001251930464967834
1378	 LLH-5	0.0012516824214671633	0.0012516824214671633
1379	 LLH-4	0.0012516824214671633	0.0012516824214671633
1384	 LLH-0	0.0012509619042027037	0.0012509619042027037
1385	 LLH-4	0.0012502293004528786	0.0012502293004528786
1389	 LLH-4	0.0012496747768953305	0.0012496747768953305
1392	 LLH-2	0.0012626181874817364	0.0012496747768953305
1393	 LLH-1	0.0012496747768953305	0.0012496747768953305
1394	 LLH-6	0.0012511433998757873	0.0012496747768953305
1395	 LLH-0	0.0012503253201802417	0.0012503253201802417
1396	 LLH-6	0.0012515641625978732	0.0012503253201802417
1397	 LLH-3	0.0012944538752539794	0.0012503253201802417
1398	 LLH-5	0.0012508327307576266	0.0012503253201802417
1399	 LLH-6	0.0012501173658323876	0.0012501173658323876
1400	 LLH-3	0.001251965083412327	0.001251965083412327
1401	 LLH-4	0.00125149532066886	0.00125149532066886
1404	 LLH-4	0.00125149532066886	0.00125149532066886
1409	 LLH-6	0.0012512381243308167	0.0012512381243308167
1410	 LLH-5	0.0012507620760131718	0.0012507620760131718
1411	 LLH-1	0.0012506323951054288	0.0012506323951054288
1412	 LLH-3	0.0012956004775677176	0.0012506323951054288
1413	 LLH-1	0.0012506323951054288	0.0012506323951054288
1414	 LLH-4	0.0012498995119020067	0.0012498995119020067
1417	 LLH-2	0.0012517589913466673	0.0012517589913466673
1418	 LLH-4	0.0012517589913466673	0.0012517589913466673
1423	 LLH-0	0.001252364682536825	0.001252364682536825
1424	 LLH-1	0.001251702222993165	0.001251702222993165
1425	 LLH-0	0.00125241166328976	0.00125241166328976
1426	 LLH-5	0.0012529318834883932	0.0012529318834883932
1427	 LLH-0	0.0012521601883857605	0.0012521601883857605
1428	 LLH-6	0.0012526911475043319	0.0012521601883857605
1429	 LLH-1	0.0012521601883857605	0.0012521601883857605
1430	 LLH-4	0.0012513942187304208	0.0012513942187304208
1432	 LLH-4	0.0012513942187304208	0.0012513942187304208
1437	 LLH-3	0.0012593249083165678	0.0012513942187304208
1438	 LLH-2	0.0012674695137379786	0.0012513942187304208
1439	 LLH-5	0.0012518155356204647	0.0012518155356204647
1440	 LLH-5	0.0012517034918613098	0.0012517034918613098
1441	 LLH-0	0.0012522574764217338	0.0012522574764217338
1442	 LLH-5	0.0012521285218315852	0.0012521285218315852
1443	 LLH-0	0.00125282807122786	0.00125282807122786
1444	 LLH-5	0.0012530118186897866	0.00125282807122786
1445	 LLH-5	0.001251715215767744	0.001251715215767744
1446	 LLH-4	0.0012508724652720966	0.0012508724652720966
1451	 LLH-4	0.001250369015706936	0.001250369015706936
1454	 LLH-0	0.001251214383669483	0.001251214383669483
1455	 LLH-0	0.0012504186814389585	0.0012504186814389585
1456	 LLH-6	0.0012508468482754023	0.0012508468482754023
1457	 LLH-1	0.0012511823799885666	0.0012508468482754023
1458	 LLH-2	0.001264554332903317	0.0012508468482754023
1459	 LLH-0	0.001250284395576711	0.001250284395576711
1460	 LLH-4	0.001250284395576711	0.001250284395576711
1465	 LLH-1	0.001250742283561401	0.001250742283561401
1466	 LLH-0	0.0012512855906626238	0.0012512855906626238
1467	 LLH-2	0.0012608564616511124	0.0012512855906626238
1468	 LLH-6	0.0012512278747385604	0.0012512278747385604
1469	 LLH-2	0.001258225922897298	0.0012512278747385604
1470	 LLH-2	0.001254698824994777	0.0012512278747385604
1471	 LLH-3	0.0013046685043513985	0.0012512278747385604
1472	 LLH-5	0.001250717279009797	0.001250717279009797
1473	 LLH-2	0.0012641225009203075	0.001250717279009797
1474	 LLH-6	0.0012506097580159109	0.0012506097580159109
1475	 LLH-2	0.0012576014548458384	0.0012506097580159109
1476	 LLH-6	0.0012507799591609716	0.0012507799591609716
1477	 LLH-6	0.0012515008373543961	0.0012507799591609716
1478	 LLH-5	0.0012514387491628766	0.0012514387491628766
1479	 LLH-0	0.0012508198827922545	0.0012508198827922545
1480	 LLH-5	0.0012505353996276791	0.0012505353996276791
1481	 LLH-3	0.0012445696086058147	0.0012445696086058147
1482	 LLH-1	0.0012445696086058147	0.0012445696086058147
1483	 LLH-1	0.0012447691766692237	0.0012445696086058147
1484	 LLH-4	0.0012445696086058147	0.0012445696086058147
1489	 LLH-3	0.0012458009489417468	0.0012445696086058147
1490	 LLH-3	0.0012733055016358932	0.0012445696086058147
1491	 LLH-5	0.0012450874508294924	0.0012445696086058147
1492	 LLH-6	0.0012443184991365176	0.0012443184991365176
1493	 LLH-3	0.001274941979927166	0.0012443184991365176
1494	 LLH-5	0.0012443157346192267	0.0012443157346192267
1495	 LLH-1	0.0012443157346192267	0.0012443157346192267
1496	 LLH-3	0.0012871583784385965	0.0012443157346192267
1497	 LLH-5	0.001244561262835509	0.0012443157346192267
1498	 LLH-4	0.0012435635327796048	0.0012435635327796048
1502	 LLH-3	0.0012469269857473785	0.0012435635327796048
1503	 LLH-6	0.0012432538647882364	0.0012432538647882364
1504	 LLH-5	0.0012431203651514153	0.0012431203651514153
1505	 LLH-0	0.0012436878320654992	0.0012436878320654992
1506	 LLH-4	0.0012436878320654992	0.0012436878320654992
1511	 LLH-2	0.0012546271408356582	0.0012436878320654992
1512	 LLH-6	0.0012431220676481375	0.0012431220676481375
1513	 LLH-4	0.0012431220676481375	0.0012431220676481375
1518	 LLH-4	0.0012431220676481375	0.0012431220676481375
1523	 LLH-4	0.0012426808350707837	0.0012426808350707837
1527	 LLH-5	0.0012428693278308364	0.0012426808350707837
1528	 LLH-1	0.0012426808350707837	0.0012426808350707837
1529	 LLH-3	0.0012555163684248526	0.0012426808350707837
1530	 LLH-3	0.0012554222859744763	0.0012426808350707837
1531	 LLH-2	0.0012509810046922227	0.0012426808350707837
1532	 LLH-2	0.0012599177782295831	0.0012426808350707837
1533	 LLH-4	0.001242143420806251	0.001242143420806251
1536	 LLH-6	0.0012433644210338754	0.001242143420806251
1537	 LLH-2	0.0012546993982913122	0.001242143420806251
1538	 LLH-5	0.0012428247192954201	0.001242143420806251
1539	 LLH-4	0.001242143420806251	0.001242143420806251
1544	 LLH-1	0.001242143420806251	0.001242143420806251
1545	 LLH-4	0.001242143420806251	0.001242143420806251
1550	 LLH-1	0.001242143420806251	0.001242143420806251
1551	 LLH-0	0.0012429160807619266	0.001242143420806251
1552	 LLH-6	0.0012414250585236664	0.0012414250585236664
1553	 LLH-5	0.0012414998579697689	0.0012414998579697689
1554	 LLH-0	0.0012420431239757942	0.0012414998579697689
1555	 LLH-0	0.0012420498629686096	0.0012414998579697689
1556	 LLH-3	0.0012551071644126407	0.0012414998579697689
1557	 LLH-0	0.0012423977285525186	0.0012423977285525186
1558	 LLH-3	0.001242543835817445	0.0012423977285525186
1559	 LLH-6	0.0012420956976050947	0.0012420956976050947
1560	 LLH-2	0.001249631562785185	0.0012420956976050947
1561	 LLH-4	0.0012416577971445177	0.0012416577971445177
1564	 LLH-3	0.0012423220149911456	0.0012416577971445177
1565	 LLH-6	0.0012434997951802048	0.0012416577971445177
1566	 LLH-4	0.0012416577971445177	0.0012416577971445177
1571	 LLH-2	0.0012573849495289035	0.0012416577971445177
1572	 LLH-1	0.0012416577971445177	0.0012416577971445177
1573	 LLH-6	0.0012419157509453071	0.0012416577971445177
1574	 LLH-6	0.0012435818884997435	0.0012416577971445177
1575	 LLH-2	0.0012488180568174783	0.0012416577971445177
1576	 LLH-5	0.0012415295448633774	0.0012415295448633774
1577	 LLH-0	0.0012420438314614105	0.0012415295448633774
1578	 LLH-6	0.0012417208840337485	0.0012417208840337485
1579	 LLH-2	0.0012507811753724115	0.0012417208840337485
1580	 LLH-5	0.0012421596597541476	0.0012421596597541476
1581	 LLH-6	0.0012422005676226814	0.0012422005676226814
1582	 LLH-5	0.0012422302530615728	0.0012422302530615728
1583	 LLH-0	0.0012428160152385152	0.0012422302530615728
1584	 LLH-2	0.0012568796432999474	0.0012422302530615728
1585	 LLH-5	0.0012420561399956657	0.0012420561399956657
1586	 LLH-3	0.001240990207050643	0.001240990207050643
1587	 LLH-1	0.0012409862554887323	0.0012409862554887323
1588	 LLH-3	0.0012847962686655242	0.0012409862554887323
1589	 LLH-3	0.0012546396962668425	0.0012409862554887323
1590	 LLH-1	0.001241128457252146	0.0012409862554887323
1591	 LLH-0	0.0012418046799365526	0.0012409862554887323
1592	 LLH-0	0.0012414398768467465	0.0012409862554887323
1593	 LLH-2	0.0012556857829260821	0.0012409862554887323
1594	 LLH-5	0.0012410120858114397	0.0012410120858114397
1595	 LLH-4	0.0012410120858114397	0.0012410120858114397
1600	 LLH-3	0.001281090100495311	0.0012410120858114397
1601	 LLH-5	0.0012415832551374113	0.0012415832551374113
1602	 LLH-3	0.0012790223073413428	0.0012415832551374113
1603	 LLH-6	0.0012412632199855578	0.0012412632199855578
1604	 LLH-4	0.0012412632199855578	0.0012412632199855578
1609	 LLH-2	0.0012533484162939592	0.0012412632199855578
1610	 LLH-5	0.0012410611569640875	0.0012410611569640875
1611	 LLH-2	0.001255867257699526	0.0012410611569640875
1612	 LLH-0	0.0012414974051380098	0.0012414974051380098
1613	 LLH-3	0.0012744449176472054	0.0012414974051380098
1614	 LLH-0	0.0012422249690896515	0.0012414974051380098
1615	 LLH-6	0.0012424452359253058	0.0012414974051380098
1616	 LLH-2	0.0012568596352257086	0.0012414974051380098
1617	 LLH-1	0.0012414974051380098	0.0012414974051380098
1618	 LLH-1	0.0012414974051380098	0.0012414974051380098
1619	 LLH-2	0.0012444965456846575	0.0012414974051380098
1620	 LLH-1	0.001241466745457197	0.001241466745457197
1621	 LLH-6	0.0012418335944969878	0.0012418335944969878
1622	 LLH-5	0.0012421375005937667	0.0012421375005937667
1623	 LLH-4	0.0012416978881087508	0.0012416978881087508
1628	 LLH-6	0.0012408696962362689	0.0012408696962362689
1629	 LLH-6	0.0012413874974913901	0.0012413874974913901
1630	 LLH-2	0.0012575045064815089	0.0012413874974913901
1631	 LLH-3	0.0012749162865319616	0.0012413874974913901
1632	 LLH-1	0.0012413874974913901	0.0012413874974913901
1633	 LLH-0	0.0012418881291320096	0.0012418881291320096
1634	 LLH-6	0.001242015823054978	0.001242015823054978
1635	 LLH-6	0.0012416663283496114	0.0012416663283496114
1636	 LLH-0	0.0012424214408772777	0.0012416663283496114
1637	 LLH-5	0.0012419432654463616	0.0012419432654463616
1638	 LLH-5	0.0012419692763096818	0.0012419692763096818
1639	 LLH-1	0.0012419303023954175	0.0012419303023954175
1640	 LLH-4	0.0012419303023954175	0.0012419303023954175
1645	 LLH-5	0.001242294800954546	0.001242294800954546
1646	 LLH-1	0.0012423148467897865	0.0012423148467897865
1647	 LLH-5	0.0012428318098288158	0.0012428318098288158
1648	 LLH-4	0.0012428318098288158	0.0012428318098288158
1653	 LLH-1	0.0012428318098288158	0.0012428318098288158
1654	 LLH-4	0.0012424046151111078	0.0012424046151111078
1657	 LLH-2	0.0012500755829039393	0.0012424046151111078
1658	 LLH-1	0.0012424046151111078	0.0012424046151111078
1659	 LLH-5	0.0012425762203933822	0.0012425762203933822
1660	 LLH-2	0.0012550561975001886	0.0012425762203933822
1661	 LLH-4	0.0012425762203933822	0.0012425762203933822
1666	 LLH-0	0.0012430323069912612	0.0012425762203933822
1667	 LLH-0	0.0012421548829729969	0.0012421548829729969
1668	 LLH-3	0.0012683840303413098	0.0012421548829729969
1669	 LLH-2	0.0012508917121164885	0.0012421548829729969
1670	 LLH-6	0.001241916089085271	0.001241916089085271
1671	 LLH-0	0.0012424005572638597	0.001241916089085271
1672	 LLH-1	0.001241916089085271	0.001241916089085271
1673	 LLH-0	0.0012427242564341883	0.001241916089085271
1674	 LLH-5	0.001241778073190183	0.001241778073190183
1675	 LLH-1	0.001241778073190183	0.001241778073190183
1676	 LLH-3	0.0012456280557053335	0.001241778073190183
1677	 LLH-2	0.0012582365921109413	0.001241778073190183
1678	 LLH-4	0.001241778073190183	0.001241778073190183
1683	 LLH-2	0.0012559123714636514	0.001241778073190183
1684	 LLH-6	0.001242205731782537	0.001241778073190183
1685	 LLH-1	0.001241778073190183	0.001241778073190183
1686	 LLH-3	0.0012630482565443037	0.001241778073190183
1687	 LLH-2	0.0012460651165251758	0.001241778073190183
1688	 LLH-0	0.0012565078190956303	0.001241778073190183
1689	 LLH-6	0.0012419490557956374	0.001241778073190183
1690	 LLH-0	0.0012422447665829531	0.001241778073190183
1691	 LLH-3	0.0012850487192553309	0.001241778073190183
1692	 LLH-4	0.001241778073190183	0.001241778073190183
1697	 LLH-3	0.001272508761942027	0.001241778073190183
1698	 LLH-1	0.001241778073190183	0.001241778073190183
1699	 LLH-4	0.001241778073190183	0.001241778073190183
1704	 LLH-1	0.001241778073190183	0.001241778073190183
1705	 LLH-6	0.0012408990448610322	0.0012408990448610322
1706	 LLH-0	0.001241390427990712	0.0012408990448610322
1707	 LLH-5	0.0012411880718840261	0.0012408990448610322
1708	 LLH-3	0.0012685237634137117	0.0012408990448610322
1709	 LLH-6	0.0012411423422921358	0.0012408990448610322
1710	 LLH-4	0.0012408990448610322	0.0012408990448610322
1715	 LLH-6	0.0012412806607668106	0.0012408990448610322
1716	 LLH-4	0.0012408990448610322	0.0012408990448610322
1721	 LLH-5	0.0012409915836783542	0.0012409915836783542
1722	 LLH-6	0.0012422926219000235	0.0012409915836783542
1723	 LLH-6	0.001240797829607253	0.001240797829607253
1724	 LLH-4	0.001240797829607253	0.001240797829607253
1729	 LLH-6	0.0012408158344966661	0.0012408158344966661
1730	 LLH-0	0.001241225363048139	0.0012408158344966661
1731	 LLH-3	0.0012679911186343816	0.0012408158344966661
1732	 LLH-4	0.0012408158344966661	0.0012408158344966661
1737	 LLH-4	0.0012408158344966661	0.0012408158344966661
1742	 LLH-3	0.0012476010445431722	0.0012408158344966661
1743	 LLH-4	0.0012408158344966661	0.0012408158344966661
1748	 LLH-3	0.0012488680877619405	0.0012408158344966661
1749	 LLH-5	0.0012409190830396596	0.0012409190830396596
1750	 LLH-5	0.0012402133489367775	0.0012402133489367775
1751	 LLH-4	0.0012402133489367775	0.0012402133489367775
1756	 LLH-0	0.0012409145517879327	0.0012402133489367775
1757	 LLH-0	0.0012406650009041936	0.0012402133489367775
1758	 LLH-2	0.0012477720243606312	0.0012402133489367775
1759	 LLH-4	0.0012402133489367775	0.0012402133489367775
1764	 LLH-4	0.0012402133489367775	0.0012402133489367775
1769	 LLH-5	0.0012404497163645172	0.0012404497163645172
1770	 LLH-0	0.0012551993489623493	0.0012404497163645172
1771	 LLH-2	0.001251481859810974	0.0012404497163645172
1772	 LLH-1	0.0012404497163645172	0.0012404497163645172
1773	 LLH-0	0.001241075714010643	0.0012404497163645172
1774	 LLH-2	0.001258708907238644	0.0012404497163645172
1775	 LLH-2	0.001254673141239358	0.0012404497163645172
1776	 LLH-1	0.0012404497163645172	0.0012404497163645172
1777	 LLH-1	0.0012404497163645172	0.0012404497163645172
1778	 LLH-6	0.0012403768011022402	0.0012403768011022402
1779	 LLH-2	0.0012527245375463963	0.0012403768011022402
1780	 LLH-6	0.0012409060254013524	0.0012403768011022402
1781	 LLH-3	0.0012550440086013105	0.0012403768011022402
1782	 LLH-1	0.0012403768011022402	0.0012403768011022402
1783	 LLH-2	0.0012549348181496618	0.0012403768011022402
1784	 LLH-0	0.0012408283620250903	0.0012403768011022402
1785	 LLH-5	0.0012404844030058132	0.0012403768011022402
1786	 LLH-0	0.0012409223305782809	0.0012403768011022402
1787	 LLH-0	0.0012407896441450604	0.0012407896441450604
1788	 LLH-0	0.0012413738825614554	0.0012407896441450604
1789	 LLH-6	0.0012401664826093696	0.0012401664826093696
1790	 LLH-3	0.0012643179131723722	0.0012401664826093696
1791	 LLH-4	0.0012401664826093696	0.0012401664826093696
1796	 LLH-1	0.0012401664826093696	0.0012401664826093696
1797	 LLH-0	0.0012408870111059516	0.0012401664826093696
1798	 LLH-6	0.001240332571291309	0.0012401664826093696
1799	 LLH-4	0.0012401664826093696	0.0012401664826093696
1804	 LLH-0	0.001240650160321351	0.0012401664826093696
1805	 LLH-2	0.001251006086666083	0.0012401664826093696
1806	 LLH-0	0.0012406051867024782	0.0012401664826093696
1807	 LLH-4	0.0012401664826093696	0.0012401664826093696
1812	 LLH-1	0.0012401664826093696	0.0012401664826093696
1813	 LLH-0	0.0012396432838132653	0.0012396432838132653
1814	 LLH-0	0.0012400524691334165	0.0012400524691334165
1815	 LLH-3	0.0012440624201962777	0.0012400524691334165
1816	 LLH-0	0.001240535311288651	0.0012400524691334165
1817	 LLH-2	0.0012495906316781198	0.0012400524691334165
1818	 LLH-6	0.001240465932951063	0.0012400524691334165
1819	 LLH-0	0.0012404628076369377	0.0012400524691334165
1820	 LLH-3	0.001278159936549924	0.0012400524691334165
1821	 LLH-1	0.0012400524691334165	0.0012400524691334165
1822	 LLH-4	0.0012400524691334165	0.0012400524691334165
1827	 LLH-5	0.0012400266521809652	0.0012400266521809652
1828	 LLH-5	0.0012402782295139693	0.0012400266521809652
1829	 LLH-3	0.0012690832157948432	0.0012400266521809652
1830	 LLH-1	0.0012400266521809652	0.0012400266521809652
1831	 LLH-1	0.0012400266521809652	0.0012400266521809652
1832	 LLH-0	0.001240838222325136	0.0012400266521809652
1833	 LLH-1	0.001240058549429426	0.001240058549429426
1834	 LLH-2	0.0012520586583599361	0.001240058549429426
1835	 LLH-4	0.0012396386038811763	0.0012396386038811763
1840	 LLH-6	0.0012406673833338605	0.0012396386038811763
1841	 LLH-0	0.0012403386334962137	0.0012396386038811763
1842	 LLH-5	0.001239620007652932	0.001239620007652932
1843	 LLH-3	0.0012444718270663193	0.001239620007652932
1844	 LLH-5	0.001239620007652932	0.001239620007652932
1845	 LLH-5	0.0012399057091048381	0.001239620007652932
1846	 LLH-4	0.001239620007652932	0.001239620007652932
1851	 LLH-0	0.0012401151323870431	0.001239620007652932
1852	 LLH-5	0.001239309170130249	0.001239309170130249
1853	 LLH-4	0.001239309170130249	0.001239309170130249
1858	 LLH-2	0.0012566547770528063	0.001239309170130249
1859	 LLH-0	0.0012397103876248122	0.001239309170130249
1860	 LLH-3	0.0012449855725388424	0.001239309170130249
1861	 LLH-3	0.0012473741816447985	0.001239309170130249
1862	 LLH-1	0.001239309170130249	0.001239309170130249
1863	 LLH-0	0.0012397341204931818	0.0012397341204931818
1864	 LLH-4	0.0012397341204931818	0.0012397341204931818
1869	 LLH-1	0.0012396536871021136	0.0012396536871021136
1870	 LLH-0	0.0012401686968318468	0.0012396536871021136
1871	 LLH-1	0.0012397238512059012	0.0012396536871021136
1872	 LLH-2	0.001252254131567035	0.0012396536871021136
1873	 LLH-2	0.0012471199999218971	0.0012396536871021136
1874	 LLH-4	0.0012392621872013955	0.0012392621872013955
1876	 LLH-0	0.0012396612855983076	0.0012392621872013955
1877	 LLH-3	0.0012727477541361588	0.0012392621872013955
1878	 LLH-3	0.0012879388235015276	0.0012392621872013955
1879	 LLH-6	0.0012395167375811352	0.0012392621872013955
1880	 LLH-4	0.0012392621872013955	0.0012392621872013955
1885	 LLH-1	0.0012392621872013955	0.0012392621872013955
1886	 LLH-0	0.001239739791138957	0.0012392621872013955
1887	 LLH-1	0.0012392621872013955	0.0012392621872013955
1888	 LLH-5	0.0012390710254321909	0.0012390710254321909
1889	 LLH-0	0.001253778589103854	0.0012390710254321909
1890	 LLH-3	0.0012455507310936012	0.0012390710254321909
1891	 LLH-1	0.0012390710254321909	0.0012390710254321909
1892	 LLH-4	0.0012390710254321909	0.0012390710254321909
1897	 LLH-1	0.0012390710254321909	0.0012390710254321909
1898	 LLH-1	0.0012390710254321909	0.0012390710254321909
1899	 LLH-1	0.0012390710254321909	0.0012390710254321909
1900	 LLH-5	0.0012391620731292048	0.0012390710254321909
1901	 LLH-1	0.0012390710254321909	0.0012390710254321909
1902	 LLH-1	0.0012390710254321909	0.0012390710254321909
1903	 LLH-1	0.0012390710254321909	0.0012390710254321909
1904	 LLH-1	0.0012390710254321909	0.0012390710254321909
1905	 LLH-0	0.001239881880749841	0.0012390710254321909
1906	 LLH-6	0.0012397565172187625	0.0012390710254321909
1907	 LLH-6	0.001239882865759073	0.0012390710254321909
1908	 LLH-3	0.0012483048222199345	0.0012390710254321909
1909	 LLH-1	0.0012390889742402579	0.0012390889742402579
1910	 LLH-3	0.0012448592511657476	0.0012390889742402579
1911	 LLH-1	0.0012390889742402579	0.0012390889742402579
1912	 LLH-0	0.0012395604972601708	0.0012390889742402579
1913	 LLH-5	0.0012391136145455766	0.0012391136145455766
1914	 LLH-2	0.0012512091833989077	0.0012391136145455766
1915	 LLH-1	0.0012388660698438708	0.0012388660698438708
1916	 LLH-5	0.0012397085666719344	0.0012388660698438708
1917	 LLH-1	0.0012388660698438708	0.0012388660698438708
1918	 LLH-4	0.0012388660698438708	0.0012388660698438708
1923	 LLH-1	0.0012388660698438708	0.0012388660698438708
1924	 LLH-2	0.001248833250705154	0.0012388660698438708
1925	 LLH-4	0.0012388660698438708	0.0012388660698438708
1930	 LLH-4	0.0012388660698438708	0.0012388660698438708
1935	 LLH-4	0.0012388660698438708	0.0012388660698438708
1940	 LLH-3	0.0012450149775744437	0.0012388660698438708
1941	 LLH-1	0.0012388660698438708	0.0012388660698438708
1942	 LLH-0	0.001239369972716548	0.0012388660698438708
1943	 LLH-0	0.0012392724482293844	0.0012388660698438708
1944	 LLH-2	0.0012514837463141215	0.0012388660698438708
1945	 LLH-5	0.001239088970963268	0.0012388660698438708
1946	 LLH-4	0.0012388660698438708	0.0012388660698438708
1951	 LLH-2	0.0012511662146788586	0.0012388660698438708
1952	 LLH-6	0.0012397172605495682	0.0012388660698438708
1953	 LLH-3	0.0012670814157867125	0.0012388660698438708
1954	 LLH-4	0.0012388660698438708	0.0012388660698438708
1959	 LLH-2	0.0012451495805972646	0.0012388660698438708
1960	 LLH-3	0.0012453017341206626	0.0012388660698438708
1961	 LLH-4	0.0012388660698438708	0.0012388660698438708
1966	 LLH-6	0.001239160536046249	0.0012388660698438708
1967	 LLH-4	0.0012388660698438708	0.0012388660698438708
1972	 LLH-6	0.0012386510332695851	0.0012386510332695851
1973	 LLH-4	0.0012386510332695851	0.0012386510332695851
1978	 LLH-1	0.0012386510332695851	0.0012386510332695851
1979	 LLH-6	0.0012391834733425369	0.0012386510332695851
1980	 LLH-6	0.0012395163820457513	0.0012386510332695851
1981	 LLH-6	0.0012386663441845748	0.0012386663441845748
1982	 LLH-0	0.0012390747573306302	0.0012386663441845748
1983	 LLH-3	0.0012433523588253293	0.0012386663441845748
1984	 LLH-0	0.0012533477906283637	0.0012386663441845748
1985	 LLH-2	0.001251635650595826	0.0012386663441845748
1986	 LLH-1	0.001238610599866772	0.001238610599866772
1987	 LLH-5	0.0012385763052644814	0.0012385763052644814
1988	 LLH-0	0.0012390120260881965	0.0012385763052644814
1989	 LLH-0	0.0012392759358930833	0.0012385763052644814
1990	 LLH-6	0.0012386215973038612	0.0012385763052644814
1991	 LLH-5	0.0012391952525569855	0.0012385763052644814
1992	 LLH-0	0.0012390100989773986	0.0012385763052644814
1993	 LLH-4	0.0012385763052644814	0.0012385763052644814
1998	 LLH-4	0.0012385763052644814	0.0012385763052644814
GRID-Start
0.0	0.0
0.0	308.0385
0.0	616.077
0.0	924.1155
0.0	1232.154
0.0	1540.1925
0.0	1848.2310000000002
0.0	2156.2695000000003
0.0	2464.3080000000004
0.0	2772.3465000000006
0.0	3080.3850000000007
0.0	3388.423500000001
0.0	3696.462000000001
0.0	4004.500500000001
0.0	4312.539000000001
0.0	4620.5775
0.0	4928.616
0.0	5236.6545
0.0	5544.692999999999
0.0	5852.731499999999
0.0	6160.769999999999
0.0	6468.808499999998
308.0385	0.0
308.0385	308.0385
308.0385	616.077
308.0385	924.1155
308.0385	1232.154
308.0385	1540.1925
308.0385	1848.2310000000002
308.0385	2156.2695000000003
308.0385	2464.3080000000004
308.0385	2772.3465000000006
308.0385	3080.3850000000007
308.0385	3388.423500000001
308.0385	3696.462000000001
308.0385	4004.500500000001
308.0385	4312.539000000001
308.0385	4620.5775
308.0385	4928.616
308.0385	5236.6545
308.0385	5544.692999999999
308.0385	5852.731499999999
308.0385	6160.769999999999
308.0385	6468.808499999998
616.077	0.0
616.077	308.0385
616.077	616.077
616.077	924.1155
616.077	1232.154
616.077	1540.1925
616.077	1848.2310000000002
616.077	2156.2695000000003
616.077	2464.3080000000004
616.077	2772.3465000000006
616.077	3080.3850000000007
616.077	3388.423500000001
616.077	3696.462000000001
616.077	4004.500500000001
616.077	4312.539000000001
616.077	4620.5775
616.077	4928.616
616.077	5236.6545
616.077	5544.692999999999
616.077	5852.731499999999
616.077	6160.769999999999
616.077	6468.808499999998
924.1155	0.0
924.1155	308.0385
924.1155	616.077
924.1155	924.1155
924.1155	1232.154
924.1155	1540.1925
924.1155	1848.2310000000002
924.1155	2156.2695000000003
924.1155	2464.3080000000004
924.1155	2772.3465000000006
924.1155	3080.3850000000007
924.1155	3388.423500000001
924.1155	3696.462000000001
924.1155	4004.500500000001
924.1155	4312.539000000001
924.1155	4620.5775
924.1155	4928.616
924.1155	5236.6545
924.1155	5544.692999999999
924.1155	5852.731499999999
924.1155	6160.769999999999
924.1155	6468.808499999998
1232.154	0.0
1232.154	308.0385
1232.154	616.077
1232.154	924.1155
1232.154	1232.154
1232.154	1540.1925
1232.154	1848.2310000000002
1232.154	2156.2695000000003
1232.154	2464.3080000000004
1232.154	2772.3465000000006
1232.154	3080.3850000000007
1232.154	4620.5775
1232.154	4928.616
1232.154	5236.6545
1232.154	5544.692999999999
1232.154	5852.731499999999
1232.154	6160.769999999999
1232.154	6468.808499999998
1540.1925	0.0
1540.1925	308.0385
1540.1925	616.077
1540.1925	924.1155
1540.1925	1232.154
1540.1925	1540.1925
1540.1925	1848.2310000000002
1540.1925	2156.2695000000003
1540.1925	2464.3080000000004
1540.1925	2772.3465000000006
1540.1925	3080.3850000000007
1540.1925	4620.5775
1540.1925	4928.616
1540.1925	5236.6545
1540.1925	5544.692999999999
1540.1925	5852.731499999999
1540.1925	6160.769999999999
1540.1925	6468.808499999998
1848.2310000000002	0.0
1848.2310000000002	308.0385
1848.2310000000002	616.077
1848.2310000000002	924.1155
1848.2310000000002	1232.154
1848.2310000000002	1540.1925
1848.2310000000002	1848.2310000000002
1848.2310000000002	2156.2695000000003
1848.2310000000002	2464.3080000000004
1848.2310000000002	2772.3465000000006
1848.2310000000002	3080.3850000000007
1848.2310000000002	4620.5775
1848.2310000000002	4928.616
1848.2310000000002	5236.6545
1848.2310000000002	5544.692999999999
1848.2310000000002	5852.731499999999
1848.2310000000002	6160.769999999999
1848.2310000000002	6468.808499999998
2156.2695000000003	0.0
2156.2695000000003	308.0385
2156.2695000000003	616.077
2156.2695000000003	924.1155
2156.2695000000003	1232.154
2156.2695000000003	1540.1925
2156.2695000000003	1848.2310000000002
2156.2695000000003	2156.2695000000003
2156.2695000000003	2464.3080000000004
2156.2695000000003	2772.3465000000006
2156.2695000000003	3080.3850000000007
2156.2695000000003	4620.5775
2156.2695000000003	4928.616
2156.2695000000003	5236.6545
2156.2695000000003	5544.692999999999
2156.2695000000003	5852.731499999999
2156.2695000000003	6160.769999999999
2156.2695000000003	6468.808499999998
2464.3080000000004	0.0
2464.3080000000004	2464.3080000000004
2464.3080000000004	2772.3465000000006
2464.3080000000004	3080.3850000000007
2464.3080000000004	3388.423500000001
2464.3080000000004	3696.462000000001
2464.3080000000004	4004.500500000001
2464.3080000000004	4312.539000000001
2464.3080000000004	4620.5775
2464.3080000000004	4928.616
2464.3080000000004	5236.6545
2464.3080000000004	5544.692999999999
2464.3080000000004	5852.731499999999
2464.3080000000004	6160.769999999999
2464.3080000000004	6468.808499999998
2772.3465000000006	0.0
2772.3465000000006	2464.3080000000004
2772.3465000000006	2772.3465000000006
2772.3465000000006	3080.3850000000007
2772.3465000000006	3388.423500000001
2772.3465000000006	3696.462000000001
2772.3465000000006	4004.500500000001
2772.3465000000006	4312.539000000001
2772.3465000000006	4620.5775
2772.3465000000006	4928.616
2772.3465000000006	5236.6545
2772.3465000000006	5544.692999999999
2772.3465000000006	5852.731499999999
2772.3465000000006	6160.769999999999
2772.3465000000006	6468.808499999998
3080.3850000000007	0.0
3080.3850000000007	2464.3080000000004
3080.3850000000007	2772.3465000000006
3080.3850000000007	3080.3850000000007
3080.3850000000007	3388.423500000001
3080.3850000000007	3696.462000000001
3080.3850000000007	4004.500500000001
3080.3850000000007	4312.539000000001
3080.3850000000007	4620.5775
3080.3850000000007	4928.616
3080.3850000000007	5236.6545
3080.3850000000007	5544.692999999999
3080.3850000000007	5852.731499999999
3080.3850000000007	6160.769999999999
3080.3850000000007	6468.808499999998
3388.423500000001	0.0
3388.423500000001	2464.3080000000004
3388.423500000001	2772.3465000000006
3388.423500000001	3080.3850000000007
3388.423500000001	3388.423500000001
3388.423500000001	3696.462000000001
3388.423500000001	4004.500500000001
3388.423500000001	4312.539000000001
3388.423500000001	4620.5775
3388.423500000001	4928.616
3388.423500000001	5236.6545
3388.423500000001	5544.692999999999
3388.423500000001	5852.731499999999
3388.423500000001	6160.769999999999
3388.423500000001	6468.808499999998
3696.462000000001	0.0
3696.462000000001	308.0385
3696.462000000001	616.077
3696.462000000001	924.1155
3696.462000000001	1232.154
3696.462000000001	1540.1925
3696.462000000001	1848.2310000000002
3696.462000000001	2156.2695000000003
3696.462000000001	3388.423500000001
3696.462000000001	3696.462000000001
3696.462000000001	4004.500500000001
3696.462000000001	4312.539000000001
3696.462000000001	4620.5775
3696.462000000001	4928.616
3696.462000000001	5236.6545
3696.462000000001	5544.692999999999
3696.462000000001	5852.731499999999
3696.462000000001	6160.769999999999
3696.462000000001	6468.808499999998
4004.500500000001	0.0
4004.500500000001	308.0385
4004.500500000001	616.077
4004.500500000001	924.1155
4004.500500000001	1232.154
4004.500500000001	1540.1925
4004.500500000001	1848.2310000000002
4004.500500000001	2156.2695000000003
4004.500500000001	3388.423500000001
4004.500500000001	3696.462000000001
4004.500500000001	4004.500500000001
4004.500500000001	4312.539000000001
4004.500500000001	4620.5775
4004.500500000001	4928.616
4004.500500000001	5236.6545
4004.500500000001	5544.692999999999
4004.500500000001	5852.731499999999
4004.500500000001	6160.769999999999
4004.500500000001	6468.808499999998
4312.539000000001	0.0
4312.539000000001	308.0385
4312.539000000001	616.077
4312.539000000001	924.1155
4312.539000000001	1232.154
4312.539000000001	1540.1925
4312.539000000001	1848.2310000000002
4312.539000000001	2156.2695000000003
4312.539000000001	3388.423500000001
4312.539000000001	3696.462000000001
4312.539000000001	4004.500500000001
4312.539000000001	4312.539000000001
4312.539000000001	4620.5775
4312.539000000001	4928.616
4312.539000000001	5236.6545
4312.539000000001	5544.692999999999
4312.539000000001	5852.731499999999
4312.539000000001	6160.769999999999
4312.539000000001	6468.808499999998
4620.5775	0.0
4620.5775	308.0385
4620.5775	616.077
4620.5775	924.1155
4620.5775	1232.154
4620.5775	1540.1925
4620.5775	1848.2310000000002
4620.5775	2156.2695000000003
4620.5775	2464.3080000000004
4620.5775	2772.3465000000006
4620.5775	3080.3850000000007
4620.5775	3388.423500000001
4620.5775	3696.462000000001
4620.5775	4004.500500000001
4620.5775	4312.539000000001
4620.5775	4620.5775
4620.5775	4928.616
4620.5775	5236.6545
4620.5775	5544.692999999999
4620.5775	5852.731499999999
4620.5775	6160.769999999999
4620.5775	6468.808499999998
4928.616	0.0
4928.616	308.0385
4928.616	616.077
4928.616	924.1155
4928.616	1232.154
4928.616	1540.1925
4928.616	1848.2310000000002
4928.616	2156.2695000000003
4928.616	2464.3080000000004
4928.616	2772.3465000000006
4928.616	3080.3850000000007
4928.616	3388.423500000001
4928.616	3696.462000000001
4928.616	4004.500500000001
4928.616	4312.539000000001
4928.616	4620.5775
4928.616	4928.616
4928.616	5236.6545
4928.616	5544.692999999999
4928.616	5852.731499999999
4928.616	6160.769999999999
4928.616	6468.808499999998
5236.6545	0.0
5236.6545	308.0385
5236.6545	616.077
5236.6545	924.1155
5236.6545	1232.154
5236.6545	1540.1925
5236.6545	1848.2310000000002
5236.6545	2156.2695000000003
5236.6545	2464.3080000000004
5236.6545	2772.3465000000006
5236.6545	3080.3850000000007
5236.6545	3388.423500000001
5236.6545	3696.462000000001
5236.6545	4004.500500000001
5236.6545	4312.539000000001
5236.6545	4620.5775
5236.6545	4928.616
5236.6545	5236.6545
5236.6545	5544.692999999999
5236.6545	5852.731499999999
5236.6545	6160.769999999999
5236.6545	6468.808499999998
5544.692999999999	0.0
5544.692999999999	308.0385
5544.692999999999	616.077
5544.692999999999	924.1155
5544.692999999999	1232.154
5544.692999999999	1540.1925
5544.692999999999	1848.2310000000002
5544.692999999999	2156.2695000000003
5544.692999999999	2464.3080000000004
5544.692999999999	2772.3465000000006
5544.692999999999	3080.3850000000007
5544.692999999999	3388.423500000001
5544.692999999999	3696.462000000001
5544.692999999999	4004.500500000001
5544.692999999999	4312.539000000001
5544.692999999999	4620.5775
5544.692999999999	4928.616
5544.692999999999	5236.6545
5544.692999999999	5544.692999999999
5544.692999999999	5852.731499999999
5544.692999999999	6160.769999999999
5544.692999999999	6468.808499999998
5852.731499999999	0.0
5852.731499999999	308.0385
5852.731499999999	616.077
5852.731499999999	924.1155
5852.731499999999	1232.154
5852.731499999999	1540.1925
5852.731499999999	1848.2310000000002
5852.731499999999	2156.2695000000003
5852.731499999999	2464.3080000000004
5852.731499999999	2772.3465000000006
5852.731499999999	3080.3850000000007
5852.731499999999	3388.423500000001
5852.731499999999	3696.462000000001
5852.731499999999	4004.500500000001
5852.731499999999	4312.539000000001
5852.731499999999	4620.5775
5852.731499999999	4928.616
5852.731499999999	5236.6545
5852.731499999999	5544.692999999999
5852.731499999999	5852.731499999999
5852.731499999999	6160.769999999999
5852.731499999999	6468.808499999998
6160.769999999999	0.0
6160.769999999999	308.0385
6160.769999999999	616.077
6160.769999999999	924.1155
6160.769999999999	1232.154
6160.769999999999	1540.1925
6160.769999999999	1848.2310000000002
6160.769999999999	2156.2695000000003
6160.769999999999	2464.3080000000004
6160.769999999999	2772.3465000000006
6160.769999999999	3080.3850000000007
6160.769999999999	3388.423500000001
6160.769999999999	3696.462000000001
6160.769999999999	4004.500500000001
6160.769999999999	4312.539000000001
6160.769999999999	4620.5775
6160.769999999999	4928.616
6160.769999999999	5236.6545
6160.769999999999	5544.692999999999
6160.769999999999	5852.731499999999
6160.769999999999	6160.769999999999
6160.769999999999	6468.808499999998
6468.808499999998	0.0
6468.808499999998	308.0385
6468.808499999998	616.077
6468.808499999998	924.1155
6468.808499999998	1232.154
6468.808499999998	1540.1925
6468.808499999998	1848.2310000000002
6468.808499999998	2156.2695000000003
6468.808499999998	2464.3080000000004
6468.808499999998	2772.3465000000006
6468.808499999998	3080.3850000000007
6468.808499999998	3388.423500000001
6468.808499999998	3696.462000000001
6468.808499999998	4004.500500000001
6468.808499999998	4312.539000000001
6468.808499999998	4620.5775
6468.808499999998	4928.616
6468.808499999998	5236.6545
6468.808499999998	5544.692999999999
6468.808499999998	5852.731499999999
6468.808499999998	6160.769999999999
6468.808499999998	6468.808499999998
6776.846999999998	0.0
6776.846999999998	308.0385
6776.846999999998	616.077
6776.846999999998	924.1155
6776.846999999998	1232.154
6776.846999999998	1540.1925
6776.846999999998	1848.2310000000002
6776.846999999998	2156.2695000000003
6776.846999999998	2464.3080000000004
6776.846999999998	2772.3465000000006
6776.846999999998	3080.3850000000007
6776.846999999998	3388.423500000001
6776.846999999998	3696.462000000001
6776.846999999998	4004.500500000001
6776.846999999998	4312.539000000001
6776.846999999998	4620.5775
6776.846999999998	4928.616
6776.846999999998	5236.6545
6776.846999999998	5544.692999999999
6776.846999999998	5852.731499999999
6776.846999999998	6160.769999999999
6776.846999999998	6468.808499999998
7084.885499999998	0.0
7084.885499999998	308.0385
7084.885499999998	616.077
7084.885499999998	924.1155
7084.885499999998	1232.154
7084.885499999998	1540.1925
7084.885499999998	1848.2310000000002
7084.885499999998	2156.2695000000003
7084.885499999998	2464.3080000000004
7084.885499999998	2772.3465000000006
7084.885499999998	3080.3850000000007
7084.885499999998	3388.423500000001
7084.885499999998	3696.462000000001
7084.885499999998	4004.500500000001
7084.885499999998	4312.539000000001
7084.885499999998	4620.5775
7084.885499999998	4928.616
7084.885499999998	5236.6545
7084.885499999998	5544.692999999999
7084.885499999998	5852.731499999999
7084.885499999998	6160.769999999999
7084.885499999998	6468.808499999998
7392.923999999997	0.0
7392.923999999997	308.0385
7392.923999999997	616.077
7392.923999999997	924.1155
7392.923999999997	1232.154
7392.923999999997	1540.1925
7392.923999999997	1848.2310000000002
7392.923999999997	2156.2695000000003
7392.923999999997	2464.3080000000004
7392.923999999997	2772.3465000000006
7392.923999999997	3080.3850000000007
7392.923999999997	3388.423500000001
7392.923999999997	3696.462000000001
7392.923999999997	4004.500500000001
7392.923999999997	4312.539000000001
7392.923999999997	4620.5775
7392.923999999997	4928.616
7392.923999999997	5236.6545
7392.923999999997	5544.692999999999
7392.923999999997	5852.731499999999
7392.923999999997	6160.769999999999
7392.923999999997	6468.808499999998
7700.962499999997	0.0
7700.962499999997	308.0385
7700.962499999997	616.077
7700.962499999997	924.1155
7700.962499999997	1232.154
7700.962499999997	1540.1925
7700.962499999997	1848.2310000000002
7700.962499999997	2156.2695000000003
7700.962499999997	2464.3080000000004
7700.962499999997	2772.3465000000006
7700.962499999997	3080.3850000000007
7700.962499999997	3388.423500000001
7700.962499999997	3696.462000000001
7700.962499999997	4004.500500000001
7700.962499999997	4312.539000000001
7700.962499999997	4620.5775
7700.962499999997	4928.616
7700.962499999997	5236.6545
7700.962499999997	5544.692999999999
7700.962499999997	5852.731499999999
7700.962499999997	6160.769999999999
7700.962499999997	6468.808499999998
8009.000999999997	0.0
8009.000999999997	308.0385
8009.000999999997	616.077
8009.000999999997	924.1155
8009.000999999997	1232.154
8009.000999999997	1540.1925
8009.000999999997	1848.2310000000002
8009.000999999997	2156.2695000000003
8009.000999999997	2464.3080000000004
8009.000999999997	2772.3465000000006
8009.000999999997	3080.3850000000007
8009.000999999997	3388.423500000001
8009.000999999997	3696.462000000001
8009.000999999997	4004.500500000001
8009.000999999997	4312.539000000001
8009.000999999997	4620.5775
8009.000999999997	4928.616
8009.000999999997	5236.6545
8009.000999999997	5544.692999999999
8009.000999999997	5852.731499999999
8009.000999999997	6160.769999999999
8009.000999999997	6468.808499999998
8317.039499999997	0.0
8317.039499999997	308.0385
8317.039499999997	616.077
8317.039499999997	924.1155
8317.039499999997	1232.154
8317.039499999997	1540.1925
8317.039499999997	1848.2310000000002
8317.039499999997	2156.2695000000003
8317.039499999997	2464.3080000000004
8317.039499999997	2772.3465000000006
8317.039499999997	3080.3850000000007
8317.039499999997	3388.423500000001
8317.039499999997	3696.462000000001
8317.039499999997	4004.500500000001
8317.039499999997	4312.539000000001
8317.039499999997	4620.5775
8317.039499999997	4928.616
8317.039499999997	5236.6545
8317.039499999997	5544.692999999999
8317.039499999997	5852.731499999999
8317.039499999997	6160.769999999999
8317.039499999997	6468.808499999998
8625.077999999998	0.0
8625.077999999998	308.0385
8625.077999999998	616.077
8625.077999999998	924.1155
8625.077999999998	1232.154
8625.077999999998	1540.1925
8625.077999999998	1848.2310000000002
8625.077999999998	2156.2695000000003
8625.077999999998	2464.3080000000004
8625.077999999998	2772.3465000000006
8625.077999999998	3080.3850000000007
8625.077999999998	3388.423500000001
8625.077999999998	3696.462000000001
8625.077999999998	4004.500500000001
8625.077999999998	4312.539000000001
8625.077999999998	4620.5775
8625.077999999998	4928.616
8625.077999999998	5236.6545
8625.077999999998	5544.692999999999
8625.077999999998	5852.731499999999
8625.077999999998	6160.769999999999
8625.077999999998	6468.808499999998
8933.116499999998	0.0
8933.116499999998	308.0385
8933.116499999998	616.077
8933.116499999998	924.1155
8933.116499999998	1232.154
8933.116499999998	1540.1925
8933.116499999998	1848.2310000000002
8933.116499999998	2156.2695000000003
8933.116499999998	2464.3080000000004
8933.116499999998	2772.3465000000006
8933.116499999998	3080.3850000000007
8933.116499999998	3388.423500000001
8933.116499999998	3696.462000000001
8933.116499999998	4004.500500000001
8933.116499999998	4312.539000000001
8933.116499999998	4620.5775
8933.116499999998	4928.616
8933.116499999998	5236.6545
8933.116499999998	5544.692999999999
8933.116499999998	5852.731499999999
8933.116499999998	6160.769999999999
8933.116499999998	6468.808499999998
GRID-End
num_of_evaluations 2000
best obj 0.0012385763052644814
LLH0	43
LLH1	41
LLH2	33
LLH3	67
LLH4	118
LLH5	82
LLH6	72