Initial objective 0.0013067952779999528	 Seed value 286324436
1	 LLH-2	0.0012941836609153313	0.0012941836609153313
2	 LLH-6	0.0012967712587096786	0.0012967712587096786
3	 LLH-2	0.0013055530703666783	0.0013055530703666783
4	 LLH-1	0.001305590439724089	0.001305590439724089
5	 LLH-0	0.0013040846928626295	0.0013040846928626295
6	 LLH-2	0.0013008654191957857	0.0013008654191957857
7	 LLH-1	0.0013008654191957857	0.0013008654191957857
8	 LLH-4	0.0012990460708051153	0.0012990460708051153
10	 LLH-3	0.001272772092795101	0.001272772092795101
11	 LLH-2	0.0012713085556538114	0.0012713085556538114
12	 LLH-5	0.001271437216028665	0.001271437216028665
13	 LLH-4	0.0012703177916981421	0.0012703177916981421
17	 LLH-3	0.001339173580127218	0.001339173580127218
18	 LLH-3	0.001429717878926787	0.001429717878926787
19	 LLH-3	0.0015692559344232101	0.001429717878926787
20	 LLH-5	0.0014304774378209924	0.0014304774378209924
21	 LLH-5	0.0014320648545170663	0.0014320648545170663
22	 LLH-2	0.001427970610588247	0.001427970610588247
23	 LLH-5	0.0014273123648982998	0.0014273123648982998
24	 LLH-5	0.0014269566971157374	0.0014269566971157374
25	 LLH-1	0.001427089787845141	0.001427089787845141
26	 LLH-3	0.001302879497421722	0.001302879497421722
27	 LLH-1	0.001302879497421722	0.001302879497421722
28	 LLH-2	0.0013014532922905964	0.0013014532922905964
29	 LLH-5	0.0013019005870530203	0.0013019005870530203
30	 LLH-4	0.0013019005870530203	0.0013019005870530203
35	 LLH-1	0.0013026535536067613	0.0013026535536067613
36	 LLH-6	0.0013027150935357031	0.0013027150935357031
37	 LLH-3	0.0012664661306517357	0.0012664661306517357
38	 LLH-1	0.0012664394442030813	0.0012664394442030813
39	 LLH-4	0.0012664394442030813	0.0012664394442030813
44	 LLH-2	0.0012736242223935898	0.0012736242223935898
45	 LLH-6	0.0012728281035724	0.0012728281035724
46	 LLH-0	0.0012718210842177732	0.0012718210842177732
47	 LLH-5	0.001272024553223735	0.001272024553223735
48	 LLH-0	0.001273027510352342	0.001273027510352342
49	 LLH-1	0.001273027510352342	0.001273027510352342
50	 LLH-3	0.0013447072401630295	0.0013447072401630295
51	 LLH-2	0.0013375115902671613	0.0013375115902671613
52	 LLH-1	0.0013375155550645428	0.0013375155550645428
53	 LLH-5	0.0013368936002583747	0.0013368936002583747
54	 LLH-2	0.0013223126364240358	0.0013223126364240358
55	 LLH-5	0.0013214384740569047	0.0013214384740569047
56	 LLH-2	0.0013116586177693017	0.0013116586177693017
57	 LLH-1	0.0013115843986676921	0.0013115843986676921
58	 LLH-0	0.0013102151851250464	0.0013102151851250464
59	 LLH-6	0.001308580689864788	0.001308580689864788
60	 LLH-2	0.0013183741203823857	0.0013183741203823857
61	 LLH-2	0.0013019716817771472	0.0013019716817771472
62	 LLH-2	0.001306795893940507	0.001306795893940507
63	 LLH-2	0.001304412481344327	0.001304412481344327
64	 LLH-6	0.0013056129997306746	0.0013056129997306746
65	 LLH-2	0.0012983294544900547	0.0012983294544900547
66	 LLH-0	0.0012998818720789697	0.0012998818720789697
67	 LLH-6	0.0013005833563532454	0.0013005833563532454
68	 LLH-6	0.00130034387946597	0.00130034387946597
69	 LLH-1	0.00130034387946597	0.00130034387946597
70	 LLH-2	0.001320243295191802	0.001320243295191802
71	 LLH-5	0.0013204954254158498	0.0013204954254158498
72	 LLH-1	0.0013207403251241337	0.0013207403251241337
73	 LLH-4	0.0013207403251241337	0.0013207403251241337
78	 LLH-0	0.001322289677876887	0.001322289677876887
79	 LLH-3	0.0013981378772578213	0.0013981378772578213
80	 LLH-3	0.001301745313523046	0.001301745313523046
81	 LLH-5	0.0012999569831479356	0.0012999569831479356
82	 LLH-0	0.001298779687712713	0.001298779687712713
83	 LLH-1	0.001298779687712713	0.001298779687712713
84	 LLH-6	0.0012974292523551159	0.0012974292523551159
85	 LLH-2	0.00129099694499596	0.00129099694499596
86	 LLH-1	0.00129099694499596	0.00129099694499596
87	 LLH-4	0.0012896289513984768	0.0012896289513984768
92	 LLH-6	0.001290875404128129	0.001290875404128129
93	 LLH-5	0.0012911347699902712	0.0012911347699902712
94	 LLH-0	0.0012897205916320303	0.0012897205916320303
95	 LLH-4	0.001288548735774637	0.001288548735774637
98	 LLH-0	0.0012902410889367103	0.0012902410889367103
99	 LLH-4	0.0012889416435350807	0.0012889416435350807
102	 LLH-5	0.0012882539498286164	0.0012882539498286164
103	 LLH-4	0.0012882539498286164	0.0012882539498286164
108	 LLH-3	0.0013702604647566757	0.0013702604647566757
109	 LLH-1	0.0013705413268706506	0.0013705413268706506
110	 LLH-6	0.001368933039994538	0.001368933039994538
111	 LLH-6	0.0013662281530622301	0.0013662281530622301
112	 LLH-1	0.0013661018746568112	0.0013661018746568112
113	 LLH-1	0.0013663618045542144	0.0013663618045542144
114	 LLH-3	0.0015963909867207104	0.0015963909867207104
115	 LLH-4	0.001590917962967153	0.001590917962967153
119	 LLH-2	0.0015172872231918081	0.0015172872231918081
120	 LLH-3	0.0017233497641951307	0.0015172872231918081
121	 LLH-1	0.001517495693317802	0.001517495693317802
122	 LLH-5	0.001516983438499816	0.001516983438499816
123	 LLH-3	0.0013091240720583582	0.0013091240720583582
124	 LLH-1	0.0013091240720583582	0.0013091240720583582
125	 LLH-1	0.0013094131745615262	0.0013094131745615262
126	 LLH-2	0.001316405894989614	0.001316405894989614
127	 LLH-5	0.0013175664893907157	0.0013175664893907157
128	 LLH-1	0.0013175540678512132	0.0013175540678512132
129	 LLH-5	0.0013184778990699465	0.0013184778990699465
130	 LLH-0	0.0013198206362126956	0.0013198206362126956
131	 LLH-0	0.0013212786493631513	0.0013212786493631513
132	 LLH-4	0.0013197875264369598	0.0013197875264369598
137	 LLH-5	0.0013197379103571205	0.0013197379103571205
138	 LLH-2	0.0013069451524849785	0.0013069451524849785
139	 LLH-0	0.001305704829261645	0.001305704829261645
140	 LLH-3	0.001268600324617059	0.001268600324617059
141	 LLH-6	0.001269449868430938	0.001269449868430938
142	 LLH-4	0.0012686688320738273	0.0012686688320738273
144	 LLH-4	0.0012678685594902793	0.0012678685594902793
146	 LLH-1	0.0012679583901012462	0.0012679583901012462
147	 LLH-1	0.0012679583901012462	0.0012679583901012462
148	 LLH-4	0.0012665728796311055	0.0012665728796311055
150	 LLH-2	0.0012789303148276676	0.0012789303148276676
151	 LLH-4	0.0012777212842417138	0.0012777212842417138
154	 LLH-0	0.001276586276089528	0.001276586276089528
155	 LLH-5	0.0012767116654227445	0.0012767116654227445
156	 LLH-0	0.0012778634461783098	0.0012778634461783098
157	 LLH-4	0.0012778634461783098	0.0012778634461783098
162	 LLH-5	0.0012783168607001251	0.0012783168607001251
163	 LLH-5	0.0012798977411462528	0.0012798977411462528
164	 LLH-5	0.001280373372238735	0.001280373372238735
165	 LLH-4	0.001280373372238735	0.001280373372238735
170	 LLH-3	0.0013497820482939005	0.0013497820482939005
171	 LLH-4	0.001347614632750097	0.001347614632750097
173	 LLH-5	0.0013456466234014017	0.0013456466234014017
174	 LLH-5	0.001344221997314794	0.001344221997314794
175	 LLH-0	0.0013460890605999736	0.0013460890605999736
176	 LLH-6	0.0013451729449926613	0.0013451729449926613
177	 LLH-5	0.0013454947677879142	0.0013454947677879142
178	 LLH-6	0.0013454887487629424	0.0013454887487629424
179	 LLH-2	0.0013450513767868778	0.0013450513767868778
180	 LLH-5	0.0013457457360339358	0.0013457457360339358
181	 LLH-2	0.0013465932030109183	0.0013465932030109183
182	 LLH-6	0.0013467467126657487	0.0013467467126657487
183	 LLH-2	0.001327473911278175	0.001327473911278175
184	 LLH-5	0.001326422277334452	0.001326422277334452
185	 LLH-1	0.001326422277334452	0.001326422277334452
186	 LLH-3	0.001279384432220422	0.001279384432220422
187	 LLH-0	0.0012786264400570123	0.0012786264400570123
188	 LLH-5	0.001279289381703332	0.001279289381703332
189	 LLH-1	0.001280144279074722	0.001280144279074722
190	 LLH-0	0.0012812856495328785	0.0012812856495328785
191	 LLH-6	0.0012810554071452842	0.0012810554071452842
192	 LLH-0	0.0012801347062742327	0.0012801347062742327
193	 LLH-3	0.0012560796678279219	0.0012560796678279219
194	 LLH-6	0.0012558963598246593	0.0012558963598246593
195	 LLH-0	0.0012566326577581448	0.0012566326577581448
196	 LLH-3	0.001309721209181487	0.001309721209181487
197	 LLH-0	0.0013084555483939193	0.0013084555483939193
198	 LLH-2	0.001309839744110653	0.001309839744110653
199	 LLH-6	0.0013092985852353855	0.0013092985852353855
200	 LLH-5	0.001310100531251445	0.001310100531251445
201	 LLH-0	0.0013115064552268161	0.0013115064552268161
202	 LLH-4	0.0013097653839406074	0.0013097653839406074
204	 LLH-4	0.0013081940505368997	0.0013081940505368997
206	 LLH-0	0.0013066691881418663	0.0013066691881418663
207	 LLH-5	0.0013063350561715484	0.0013063350561715484
208	 LLH-1	0.0013057731889733971	0.0013057731889733971
209	 LLH-1	0.0013054181282628982	0.0013054181282628982
210	 LLH-1	0.0013054181282628982	0.0013054181282628982
211	 LLH-2	0.0013163929750597846	0.0013163929750597846
212	 LLH-6	0.0013168053397649478	0.0013168053397649478
213	 LLH-4	0.0013153232076153988	0.0013153232076153988
215	 LLH-5	0.001314292657994881	0.001314292657994881
216	 LLH-2	0.0013103883918747705	0.0013103883918747705
217	 LLH-5	0.0013103226335412898	0.0013103226335412898
218	 LLH-2	0.0013137477617630989	0.0013137477617630989
219	 LLH-2	0.0013042763881249268	0.0013042763881249268
220	 LLH-4	0.0013042763881249268	0.0013042763881249268
225	 LLH-4	0.0013042763881249268	0.0013042763881249268
230	 LLH-0	0.0013064109114949063	0.0013064109114949063
231	 LLH-3	0.0014359628772717974	0.0013064109114949063
232	 LLH-5	0.0013063507228304667	0.0013063507228304667
233	 LLH-2	0.0013230824196349673	0.0013230824196349673
234	 LLH-6	0.0013213119482669343	0.0013213119482669343
235	 LLH-1	0.0013213119482669343	0.0013213119482669343
236	 LLH-1	0.0013209994370015107	0.0013209994370015107
237	 LLH-2	0.0013196761587772692	0.0013196761587772692
238	 LLH-4	0.0013185045839747304	0.0013185045839747304
242	 LLH-2	0.0013257788723895427	0.0013257788723895427
243	 LLH-4	0.0013243488524707723	0.0013243488524707723
245	 LLH-2	0.0013182527546495237	0.0013182527546495237
246	 LLH-6	0.0013185757848531913	0.0013185757848531913
247	 LLH-0	0.001320362188268346	0.001320362188268346
248	 LLH-0	0.0013216713793086623	0.0013216713793086623
249	 LLH-5	0.0013219193250540709	0.0013219193250540709
250	 LLH-3	0.0012777174667643737	0.0012777174667643737
251	 LLH-5	0.0012774912528615622	0.0012774912528615622
252	 LLH-5	0.0012771189813263332	0.0012771189813263332
253	 LLH-0	0.0012762047529820556	0.0012762047529820556
254	 LLH-4	0.0012762047529820556	0.0012762047529820556
259	 LLH-4	0.0012752837198022446	0.0012752837198022446
261	 LLH-1	0.0012752837198022446	0.0012752837198022446
262	 LLH-4	0.0012743357587183027	0.0012743357587183027
266	 LLH-1	0.0012743357587183027	0.0012743357587183027
267	 LLH-1	0.0012743357587183027	0.0012743357587183027
268	 LLH-3	0.0012612489592132095	0.0012612489592132095
269	 LLH-1	0.0012612489592132095	0.0012612489592132095
270	 LLH-3	0.001289301088674601	0.001289301088674601
271	 LLH-0	0.0012877601137045113	0.0012877601137045113
272	 LLH-1	0.0012878263845105078	0.0012878263845105078
273	 LLH-2	0.0013059273371138812	0.0013059273371138812
274	 LLH-2	0.0013046335313386971	0.0013046335313386971
275	 LLH-6	0.0013043986982667053	0.0013043986982667053
276	 LLH-5	0.0013043986982667053	0.0013043986982667053
277	 LLH-0	0.0013032589480761838	0.0013032589480761838
278	 LLH-2	0.0013024152358071593	0.0013024152358071593
279	 LLH-0	0.0013035891100698122	0.0013035891100698122
280	 LLH-3	0.0014014356972292187	0.0013035891100698122
281	 LLH-2	0.0012857506173794427	0.0012857506173794427
282	 LLH-1	0.0012857506173794427	0.0012857506173794427
283	 LLH-3	0.001275014531531377	0.001275014531531377
284	 LLH-5	0.0012740041129093121	0.0012740041129093121
285	 LLH-3	0.0013194161996951653	0.0013194161996951653
286	 LLH-5	0.001319627154282284	0.001319627154282284
287	 LLH-6	0.0013196248411274816	0.0013196248411274816
288	 LLH-3	0.0012610924587980223	0.0012610924587980223
289	 LLH-1	0.0012610924587980223	0.0012610924587980223
290	 LLH-2	0.0012734557948076773	0.0012734557948076773
291	 LLH-3	0.0013723623533082895	0.0012734557948076773
292	 LLH-2	0.0012910621848133718	0.0012910621848133718
293	 LLH-3	0.0013485226534310155	0.0013485226534310155
294	 LLH-4	0.0013461289095876528	0.0013461289095876528
296	 LLH-4	0.0013438207502073675	0.0013438207502073675
298	 LLH-3	0.001463662232053169	0.001463662232053169
299	 LLH-4	0.0014601760439791225	0.0014601760439791225
301	 LLH-4	0.0014569604882255767	0.0014569604882255767
303	 LLH-3	0.0012888069041329371	0.0012888069041329371
304	 LLH-5	0.0012883877499186315	0.0012883877499186315
305	 LLH-0	0.0012868544304814517	0.0012868544304814517
306	 LLH-5	0.0012877453783470124	0.0012877453783470124
307	 LLH-4	0.0012877453783470124	0.0012877453783470124
312	 LLH-0	0.0013097520437425083	0.0013097520437425083
313	 LLH-3	0.001394596133853926	0.001394596133853926
314	 LLH-1	0.001394596133853926	0.001394596133853926
315	 LLH-3	0.0015689755553487893	0.001394596133853926
316	 LLH-2	0.0013845232599736428	0.0013845232599736428
317	 LLH-4	0.0013818279463799436	0.0013818279463799436
320	 LLH-2	0.00134577022065557	0.00134577022065557
321	 LLH-1	0.0013463344345434273	0.0013463344345434273
322	 LLH-3	0.0014808166718971083	0.0013463344345434273
323	 LLH-5	0.0013455576809156707	0.0013455576809156707
324	 LLH-0	0.001343596825079379	0.001343596825079379
325	 LLH-2	0.0013354453155492534	0.0013354453155492534
326	 LLH-0	0.0013375875331792387	0.0013375875331792387
327	 LLH-2	0.0013415924835951678	0.0013415924835951678
328	 LLH-6	0.0013444707644171949	0.0013444707644171949
329	 LLH-0	0.0013428806004826864	0.0013428806004826864
330	 LLH-4	0.00134073209553555	0.00134073209553555
332	 LLH-2	0.0013320731994816489	0.0013320731994816489
333	 LLH-0	0.0013298393194346436	0.0013298393194346436
334	 LLH-1	0.001330370686184749	0.001330370686184749
335	 LLH-4	0.0013284148945150185	0.0013284148945150185
338	 LLH-4	0.0013284148945150185	0.0013284148945150185
343	 LLH-6	0.0013302599717324778	0.0013302599717324778
344	 LLH-6	0.001328313031227298	0.001328313031227298
345	 LLH-3	0.0014140279892392998	0.0014140279892392998
346	 LLH-2	0.0014034194105846394	0.0014034194105846394
347	 LLH-0	0.0014005542469740537	0.0014005542469740537
348	 LLH-2	0.0013811823360542817	0.0013811823360542817
349	 LLH-0	0.0013791169960504115	0.0013791169960504115
350	 LLH-5	0.0013771639059354825	0.0013771639059354825
351	 LLH-2	0.001339831487789425	0.001339831487789425
352	 LLH-4	0.0013380518094157402	0.0013380518094157402
354	 LLH-5	0.0013375557953663748	0.0013375557953663748
355	 LLH-0	0.00133964892797907	0.00133964892797907
356	 LLH-6	0.0013410957295745662	0.0013410957295745662
357	 LLH-4	0.0013387587290042539	0.0013387587290042539
359	 LLH-6	0.0013384311685730372	0.0013384311685730372
360	 LLH-4	0.001336197347951274	0.001336197347951274
362	 LLH-4	0.0013344974132153626	0.0013344974132153626
364	 LLH-3	0.0012746522387489102	0.0012746522387489102
365	 LLH-2	0.0012909583375433475	0.0012909583375433475
366	 LLH-2	0.0012848472909251778	0.0012848472909251778
367	 LLH-0	0.0012862988938003752	0.0012862988938003752
368	 LLH-3	0.0012700223313052259	0.0012700223313052259
369	 LLH-3	0.0012497906970214312	0.0012497906970214312
370	 LLH-1	0.0012497906970214312	0.0012497906970214312
371	 LLH-3	0.0012879156266608204	0.0012879156266608204
372	 LLH-4	0.0012879156266608204	0.0012879156266608204
377	 LLH-1	0.0012878474338280993	0.0012878474338280993
378	 LLH-3	0.0013595387253583179	0.0013595387253583179
379	 LLH-6	0.0013606334254016215	0.0013606334254016215
380	 LLH-0	0.001389452930518469	0.001389452930518469
381	 LLH-0	0.0013866552591995298	0.0013866552591995298
382	 LLH-5	0.00138736992622196	0.00138736992622196
383	 LLH-5	0.0013875376270833142	0.0013875376270833142
384	 LLH-5	0.0013876808722482227	0.0013876808722482227
385	 LLH-0	0.0013854074314863152	0.0013854074314863152
386	 LLH-6	0.0013863389369777731	0.0013863389369777731
387	 LLH-5	0.0013868785043920995	0.0013868785043920995
388	 LLH-1	0.0013868785043920995	0.0013868785043920995
389	 LLH-1	0.0013868785043920995	0.0013868785043920995
390	 LLH-3	0.0015474435069154522	0.0013868785043920995
391	 LLH-2	0.0013785780697871878	0.0013785780697871878
392	 LLH-6	0.001378801558734188	0.001378801558734188
393	 LLH-2	0.0013549112326672198	0.0013549112326672198
394	 LLH-4	0.001352959200023905	0.001352959200023905
396	 LLH-3	0.0014699245650846395	0.0014699245650846395
397	 LLH-3	0.0016152652597122789	0.0016152652597122789
398	 LLH-2	0.0014820018304765113	0.0014820018304765113
399	 LLH-4	0.001477929313287055	0.001477929313287055
401	 LLH-0	0.001474002308584734	0.001474002308584734
402	 LLH-6	0.0014768226189370557	0.0014768226189370557
403	 LLH-4	0.0014729172336548856	0.0014729172336548856
406	 LLH-5	0.0014735839012162476	0.0014735839012162476
407	 LLH-1	0.0014735759309217095	0.0014735759309217095
408	 LLH-6	0.001474559598483108	0.001474559598483108
409	 LLH-4	0.001474559598483108	0.001474559598483108
414	 LLH-4	0.001474559598483108	0.001474559598483108
419	 LLH-4	0.001474559598483108	0.001474559598483108
424	 LLH-0	0.0014785643324438753	0.0014785643324438753
425	 LLH-3	0.0017386386291935465	0.0014785643324438753
426	 LLH-6	0.0014793897623038973	0.0014793897623038973
427	 LLH-0	0.0014753072852884696	0.0014753072852884696
428	 LLH-1	0.0014754771252977318	0.0014754771252977318
429	 LLH-3	0.0017149473025992441	0.0014754771252977318
430	 LLH-6	0.0014722574104252455	0.0014722574104252455
431	 LLH-1	0.0014722574104252455	0.0014722574104252455
432	 LLH-2	0.0014394421367291488	0.0014394421367291488
433	 LLH-3	0.0015922324433675502	0.0015922324433675502
434	 LLH-0	0.0015871250077561306	0.0015871250077561306
435	 LLH-0	0.0015811339181771194	0.0015811339181771194
436	 LLH-6	0.0015786830251151777	0.0015786830251151777
437	 LLH-4	0.001572805084456925	0.001572805084456925
440	 LLH-0	0.0015782673477760462	0.0015782673477760462
441	 LLH-4	0.0015725803935954597	0.0015725803935954597
443	 LLH-1	0.0015725803935954597	0.0015725803935954597
444	 LLH-4	0.0015675384980332976	0.0015675384980332976
447	 LLH-0	0.0015736099591020882	0.0015736099591020882
448	 LLH-0	0.0015675334179909087	0.0015675334179909087
449	 LLH-3	0.0013016229523181502	0.0013016229523181502
450	 LLH-6	0.0013033246257541425	0.0013033246257541425
451	 LLH-4	0.0013033246257541425	0.0013033246257541425
456	 LLH-5	0.0013039569555843816	0.0013039569555843816
457	 LLH-1	0.0013039569555843816	0.0013039569555843816
458	 LLH-4	0.0013039569555843816	0.0013039569555843816
463	 LLH-5	0.0013044530917955695	0.0013044530917955695
464	 LLH-1	0.001304709864854663	0.001304709864854663
465	 LLH-4	0.001304709864854663	0.001304709864854663
470	 LLH-5	0.001305097982888298	0.001305097982888298
471	 LLH-2	0.0013195310290617795	0.0013195310290617795
472	 LLH-2	0.0013123683512730798	0.0013123683512730798
473	 LLH-3	0.001274613854901569	0.001274613854901569
474	 LLH-2	0.0012914928580210455	0.0012914928580210455
475	 LLH-5	0.0012918709141970608	0.0012918709141970608
476	 LLH-0	0.0012933981998852844	0.0012933981998852844
477	 LLH-6	0.0012941330684812357	0.0012941330684812357
478	 LLH-5	0.001294138903925172	0.001294138903925172
479	 LLH-2	0.0012958805824826102	0.0012958805824826102
480	 LLH-3	0.001358617158167878	0.001358617158167878
481	 LLH-0	0.0013566325388309508	0.0013566325388309508
482	 LLH-1	0.0013566325388309508	0.0013566325388309508
483	 LLH-6	0.0013572023710373125	0.0013572023710373125
484	 LLH-0	0.0013593711623784682	0.0013593711623784682
485	 LLH-0	0.0013571328555816225	0.0013571328555816225
486	 LLH-3	0.0014844969367310162	0.0014844969367310162
487	 LLH-3	0.0016925118568202732	0.0014844969367310162
488	 LLH-2	0.0014067380263293595	0.0014067380263293595
489	 LLH-1	0.0014067380263293595	0.0014067380263293595
490	 LLH-1	0.0014067380263293595	0.0014067380263293595
491	 LLH-5	0.0014073557915961511	0.0014073557915961511
492	 LLH-6	0.001408876806937574	0.001408876806937574
493	 LLH-6	0.0014097232064501871	0.0014097232064501871
494	 LLH-1	0.0014097232064501871	0.0014097232064501871
495	 LLH-3	0.0013026319433217322	0.0013026319433217322
496	 LLH-4	0.0013011437249973888	0.0013011437249973888
499	 LLH-4	0.0013000385545267588	0.0013000385545267588
501	 LLH-2	0.0013086466394874644	0.0013086466394874644
502	 LLH-6	0.0013092414773938437	0.0013086466394874644
503	 LLH-2	0.001289641878689895	0.001289641878689895
504	 LLH-3	0.0012758944131218137	0.0012758944131218137
505	 LLH-2	0.0012749934118999363	0.0012749934118999363
506	 LLH-5	0.0012739781409865807	0.0012739781409865807
507	 LLH-3	0.0013535194864449506	0.0013535194864449506
508	 LLH-5	0.001353189740703536	0.001353189740703536
509	 LLH-2	0.0013320376069531643	0.0013320376069531643
510	 LLH-6	0.0013297127107828543	0.0013297127107828543
511	 LLH-3	0.001281333184677487	0.001281333184677487
512	 LLH-6	0.0012808830192187158	0.0012808830192187158
513	 LLH-4	0.0012800142659348185	0.0012800142659348185
515	 LLH-0	0.0012791242927871621	0.0012791242927871621
516	 LLH-6	0.0012786433433672252	0.0012786433433672252
517	 LLH-6	0.001278945734056886	0.001278945734056886
518	 LLH-0	0.0012775718588267687	0.0012775718588267687
519	 LLH-3	0.0013541925848922973	0.0013541925848922973
520	 LLH-3	0.0012821033457100887	0.0012821033457100887
521	 LLH-3	0.0012709635775533272	0.0012709635775533272
522	 LLH-1	0.0012709635775533272	0.0012709635775533272
523	 LLH-5	0.0012714074687661782	0.0012714074687661782
524	 LLH-5	0.0012720326337728222	0.0012720326337728222
525	 LLH-4	0.0012720326337728222	0.0012720326337728222
530	 LLH-1	0.0012720326337728222	0.0012720326337728222
531	 LLH-6	0.0012734168312445622	0.0012734168312445622
532	 LLH-0	0.0012724834115960095	0.0012724834115960095
533	 LLH-5	0.0012723828269083225	0.0012723828269083225
534	 LLH-3	0.0012507254194983831	0.0012507254194983831
535	 LLH-6	0.001251978125014053	0.001251978125014053
536	 LLH-4	0.001251978125014053	0.001251978125014053
541	 LLH-4	0.001251978125014053	0.001251978125014053
546	 LLH-0	0.0012528986148462877	0.0012528986148462877
547	 LLH-4	0.0012523602097470913	0.0012523602097470913
549	 LLH-4	0.0012523602097470913	0.0012523602097470913
554	 LLH-1	0.0012523602097470913	0.0012523602097470913
555	 LLH-0	0.0012532004822344203	0.0012532004822344203
556	 LLH-3	0.0012610660888817261	0.0012610660888817261
557	 LLH-3	0.0012928328926665369	0.0012928328926665369
558	 LLH-5	0.001292336712127157	0.001292336712127157
559	 LLH-1	0.0012925729582379665	0.0012925729582379665
560	 LLH-5	0.001291831585670165	0.001291831585670165
561	 LLH-0	0.001293149183064809	0.001293149183064809
562	 LLH-5	0.0012933975198243354	0.0012933975198243354
563	 LLH-6	0.001293232339882646	0.001293232339882646
564	 LLH-5	0.0012931841422386568	0.0012931841422386568
565	 LLH-5	0.0012931841422386568	0.0012931841422386568
566	 LLH-6	0.001295130521762855	0.001295130521762855
567	 LLH-4	0.0012941302604779878	0.0012941302604779878
570	 LLH-0	0.00129325714140584	0.00129325714140584
571	 LLH-5	0.0012933684791734085	0.0012933684791734085
572	 LLH-2	0.0012915379322015789	0.0012915379322015789
573	 LLH-3	0.001267400983562894	0.001267400983562894
574	 LLH-2	0.0012672227786627369	0.0012672227786627369
575	 LLH-2	0.001271790690815088	0.001271790690815088
576	 LLH-3	0.0013836452996712734	0.0013836452996712734
577	 LLH-4	0.0013814394790676557	0.0013814394790676557
579	 LLH-2	0.0013542329389434945	0.0013542329389434945
580	 LLH-4	0.0013519373784923532	0.0013519373784923532
583	 LLH-1	0.0013519373784923532	0.0013519373784923532
584	 LLH-6	0.0013491096892529959	0.0013491096892529959
585	 LLH-4	0.0013475191627895775	0.0013475191627895775
588	 LLH-5	0.0013481404461497385	0.0013481404461497385
589	 LLH-5	0.0013481333331165917	0.0013481333331165917
590	 LLH-3	0.0014875128772368217	0.0013481333331165917
591	 LLH-6	0.0013492510699015942	0.0013492510699015942
592	 LLH-0	0.0013470467483697411	0.0013470467483697411
593	 LLH-6	0.0013464855790579283	0.0013464855790579283
594	 LLH-4	0.0013447768831768897	0.0013447768831768897
598	 LLH-0	0.0013470016708152857	0.0013470016708152857
599	 LLH-3	0.0012718353669771895	0.0012718353669771895
600	 LLH-1	0.001272008920424285	0.001272008920424285
601	 LLH-3	0.0013542499624270513	0.0013542499624270513
602	 LLH-5	0.001354504710323133	0.001354504710323133
603	 LLH-2	0.0013336882214433265	0.0013336882214433265
604	 LLH-2	0.001332438570364058	0.001332438570364058
605	 LLH-3	0.001444934742677753	0.001332438570364058
606	 LLH-0	0.0013308444629076316	0.0013308444629076316
607	 LLH-4	0.001329363473675132	0.001329363473675132
609	 LLH-5	0.0013282703515725928	0.0013282703515725928
610	 LLH-4	0.0013264786333485915	0.0013264786333485915
612	 LLH-3	0.0012816075228777371	0.0012816075228777371
613	 LLH-6	0.001281973081168122	0.001281973081168122
614	 LLH-6	0.0012818089403002723	0.0012818089403002723
615	 LLH-6	0.0012827941714945532	0.0012827941714945532
616	 LLH-3	0.0013513517273863506	0.0013513517273863506
617	 LLH-6	0.00135452537239081	0.00135452537239081
618	 LLH-4	0.001352806749392279	0.001352806749392279
620	 LLH-1	0.001352806749392279	0.001352806749392279
621	 LLH-6	0.0013515035929831816	0.0013515035929831816
622	 LLH-3	0.0014379727838025919	0.0013515035929831816
623	 LLH-0	0.0013534384204447962	0.0013534384204447962
624	 LLH-4	0.0013516706078107246	0.0013516706078107246
629	 LLH-4	0.0013497611330883948	0.0013497611330883948
631	 LLH-5	0.001349622105779002	0.001349622105779002
632	 LLH-0	0.0013517215862191411	0.0013517215862191411
633	 LLH-1	0.0013515159872690271	0.0013515159872690271
634	 LLH-2	0.0013402253798301294	0.0013402253798301294
635	 LLH-6	0.0013414937647001216	0.0013414937647001216
636	 LLH-2	0.0013068316937390263	0.0013068316937390263
637	 LLH-6	0.0013062694614736949	0.0013062694614736949
638	 LLH-0	0.0013046833937982653	0.0013046833937982653
639	 LLH-1	0.0013049552720523225	0.0013049552720523225
640	 LLH-6	0.0013030298654605112	0.0013030298654605112
641	 LLH-4	0.0013030298654605112	0.0013030298654605112
646	 LLH-6	0.0013020765005860144	0.0013020765005860144
647	 LLH-2	0.001316202016151193	0.0013020765005860144
648	 LLH-0	0.0013037578859487844	0.0013037578859487844
649	 LLH-6	0.0013031381804766847	0.0013031381804766847
650	 LLH-0	0.0013047427160632313	0.0013047427160632313
651	 LLH-0	0.0013031381804766847	0.0013031381804766847
652	 LLH-1	0.0013031381804766847	0.0013031381804766847
653	 LLH-4	0.0013014868094316217	0.0013014868094316217
655	 LLH-5	0.0013018431460350463	0.0013018431460350463
656	 LLH-4	0.0013018431460350463	0.0013018431460350463
661	 LLH-6	0.0013025023942071494	0.0013025023942071494
662	 LLH-6	0.0013030060621753068	0.0013030060621753068
663	 LLH-1	0.0013033177845400159	0.0013033177845400159
664	 LLH-3	0.0014356114670091963	0.0013033177845400159
665	 LLH-3	0.001269956510003807	0.001269956510003807
666	 LLH-1	0.001269956510003807	0.001269956510003807
667	 LLH-0	0.0012691587112694234	0.0012691587112694234
668	 LLH-1	0.0012691277684448012	0.0012691277684448012
669	 LLH-2	0.0012861838166601418	0.0012861838166601418
670	 LLH-0	0.0012852833808384419	0.0012852833808384419
671	 LLH-3	0.0012606080972527782	0.0012606080972527782
672	 LLH-2	0.0012754992801174937	0.0012754992801174937
673	 LLH-0	0.0012746979697391748	0.0012746979697391748
674	 LLH-4	0.0012737894785152025	0.0012737894785152025
678	 LLH-1	0.0012737685484198462	0.0012737685484198462
679	 LLH-2	0.0012755893699042135	0.0012755893699042135
680	 LLH-3	0.001384436543393752	0.0012755893699042135
681	 LLH-0	0.0012766923847884204	0.0012766923847884204
682	 LLH-3	0.0012615562664135581	0.0012615562664135581
683	 LLH-3	0.0013183124847271081	0.0013183124847271081
684	 LLH-4	0.0013169306109595065	0.0013169306109595065
686	 LLH-5	0.0013160816045188648	0.0013160816045188648
687	 LLH-2	0.0013099766154793346	0.0013099766154793346
688	 LLH-6	0.0013098555907455128	0.0013098555907455128
689	 LLH-1	0.0013099342483792646	0.0013099342483792646
690	 LLH-6	0.0013081902550732233	0.0013081902550732233
691	 LLH-4	0.0013068023156981561	0.0013068023156981561
694	 LLH-3	0.0012694976097076842	0.0012694976097076842
695	 LLH-3	0.0013508806083321935	0.0012694976097076842
696	 LLH-0	0.0012707593850692265	0.0012707593850692265
697	 LLH-1	0.001270651590347453	0.001270651590347453
698	 LLH-2	0.0012642766519962252	0.0012642766519962252
699	 LLH-1	0.0012642766519962252	0.0012642766519962252
700	 LLH-0	0.0012634473028524606	0.0012634473028524606
701	 LLH-6	0.0012646435475504926	0.0012646435475504926
702	 LLH-1	0.0012647168378951885	0.0012647168378951885
703	 LLH-3	0.001264617383318546	0.001264617383318546
704	 LLH-2	0.001259084448257336	0.001259084448257336
705	 LLH-0	0.0012598164062353162	0.0012598164062353162
706	 LLH-6	0.001259817209230592	0.001259817209230592
707	 LLH-0	0.0012588939062601735	0.0012588939062601735
708	 LLH-1	0.0012588939062601735	0.0012588939062601735
709	 LLH-1	0.0012588784895127523	0.0012588784895127523
710	 LLH-2	0.0012603304520648767	0.0012603304520648767
711	 LLH-0	0.001261164140111437	0.001261164140111437
712	 LLH-1	0.001261164140111437	0.001261164140111437
713	 LLH-2	0.0012779075649382281	0.001261164140111437
714	 LLH-1	0.0012608534404400932	0.0012608534404400932
715	 LLH-5	0.0012613309728635148	0.0012613309728635148
716	 LLH-3	0.0012573586022085349	0.0012573586022085349
717	 LLH-5	0.0012578624410559836	0.0012578624410559836
718	 LLH-1	0.0012579078844658464	0.0012579078844658464
719	 LLH-5	0.0012584214784090392	0.0012584214784090392
720	 LLH-1	0.0012584214784090392	0.0012584214784090392
721	 LLH-0	0.0012590310568981356	0.0012590310568981356
722	 LLH-6	0.0012591284321940783	0.0012591284321940783
723	 LLH-4	0.0012591284321940783	0.0012591284321940783
728	 LLH-6	0.0012592540084527223	0.0012592540084527223
729	 LLH-0	0.0012598804310985695	0.0012598804310985695
730	 LLH-1	0.0012599289325288306	0.0012599289325288306
731	 LLH-5	0.0012595519609404757	0.0012595519609404757
732	 LLH-4	0.001259022495705371	0.001259022495705371
734	 LLH-3	0.001293088575611012	0.001259022495705371
735	 LLH-1	0.001259022495705371	0.001259022495705371
736	 LLH-1	0.001259022495705371	0.001259022495705371
737	 LLH-4	0.0012584579857765196	0.0012584579857765196
739	 LLH-0	0.0012591520633033885	0.0012591520633033885
740	 LLH-4	0.0012591520633033885	0.0012591520633033885
745	 LLH-2	0.0012558038042673086	0.0012558038042673086
746	 LLH-0	0.0012564722746314834	0.0012564722746314834
747	 LLH-1	0.0012564722746314834	0.0012564722746314834
748	 LLH-2	0.0012626072482787014	0.0012626072482787014
749	 LLH-6	0.001262079460643019	0.001262079460643019
750	 LLH-1	0.001261942116101014	0.001261942116101014
751	 LLH-0	0.0012625891478972632	0.001261942116101014
752	 LLH-5	0.0012616207193299619	0.0012616207193299619
753	 LLH-6	0.0012613092293026417	0.0012613092293026417
754	 LLH-2	0.001266431757502919	0.0012613092293026417
755	 LLH-0	0.001260696904546109	0.001260696904546109
756	 LLH-2	0.0012711000471480065	0.001260696904546109
757	 LLH-4	0.0012598657471338927	0.0012598657471338927
759	 LLH-4	0.0012591836925871114	0.0012591836925871114
761	 LLH-4	0.0012584387677757021	0.0012584387677757021
764	 LLH-6	0.0012593880425664193	0.0012593880425664193
765	 LLH-1	0.0012593880425664193	0.0012593880425664193
766	 LLH-0	0.0012586967228264574	0.0012586967228264574
767	 LLH-2	0.0012580385286040225	0.0012580385286040225
768	 LLH-0	0.0012587213949128452	0.0012587213949128452
769	 LLH-4	0.0012575071250732043	0.0012575071250732043
771	 LLH-0	0.0012566152190094208	0.0012566152190094208
772	 LLH-0	0.0012574615616707673	0.0012574615616707673
773	 LLH-4	0.001256601573062365	0.001256601573062365
776	 LLH-4	0.0012557422867759595	0.0012557422867759595
781	 LLH-2	0.0012744487015163915	0.0012557422867759595
782	 LLH-3	0.0012472419152542373	0.0012472419152542373
783	 LLH-6	0.0012472879428901207	0.0012472879428901207
784	 LLH-0	0.0012467029235875315	0.0012467029235875315
785	 LLH-0	0.00124757699107601	0.00124757699107601
786	 LLH-0	0.0012480894391755917	0.0012480894391755917
787	 LLH-3	0.0012988345659667095	0.0012480894391755917
788	 LLH-0	0.0012474692760240367	0.0012474692760240367
789	 LLH-5	0.0012460112254029851	0.0012460112254029851
790	 LLH-1	0.0012458577853777322	0.0012458577853777322
791	 LLH-6	0.0012461908470171024	0.0012461908470171024
792	 LLH-1	0.0012461908470171024	0.0012461908470171024
793	 LLH-1	0.0012461908470171024	0.0012461908470171024
794	 LLH-3	0.0012877306442925125	0.0012461908470171024
795	 LLH-3	0.0012913223996833983	0.0012461908470171024
796	 LLH-1	0.0012463637555659686	0.0012463637555659686
797	 LLH-2	0.0012561520033802518	0.0012561520033802518
798	 LLH-0	0.0012553393990310884	0.0012553393990310884
799	 LLH-5	0.0012566719977893564	0.0012566719977893564
800	 LLH-2	0.0012687729008539431	0.0012566719977893564
801	 LLH-3	0.0013086011289631864	0.0012566719977893564
802	 LLH-3	0.0013142656227236537	0.0012566719977893564
803	 LLH-6	0.0012577393224386733	0.0012577393224386733
804	 LLH-6	0.0012578063994085993	0.0012578063994085993
805	 LLH-4	0.0012569315055940924	0.0012569315055940924
810	 LLH-5	0.001256098752928166	0.001256098752928166
811	 LLH-1	0.0012561159054197025	0.0012561159054197025
812	 LLH-1	0.0012561159054197025	0.0012561159054197025
813	 LLH-2	0.001260466296449327	0.001260466296449327
814	 LLH-2	0.0012745964485948664	0.0012745964485948664
815	 LLH-5	0.0012743991834031879	0.0012743991834031879
816	 LLH-5	0.0012739531496796415	0.0012739531496796415
817	 LLH-6	0.0012748962640746196	0.0012748962640746196
818	 LLH-6	0.0012735040015835345	0.0012735040015835345
819	 LLH-6	0.00127295715899219	0.00127295715899219
820	 LLH-0	0.001272004706502767	0.001272004706502767
821	 LLH-6	0.0012714694964988768	0.0012714694964988768
822	 LLH-6	0.0012714574199166743	0.0012714574199166743
823	 LLH-2	0.0012781017273295371	0.0012781017273295371
824	 LLH-5	0.0012776704816730058	0.0012776704816730058
825	 LLH-2	0.0012731500095811681	0.0012731500095811681
826	 LLH-1	0.0012731500095811681	0.0012731500095811681
827	 LLH-0	0.0012742949902835293	0.0012742949902835293
828	 LLH-5	0.0012731501420446044	0.0012731501420446044
829	 LLH-6	0.0012740498984975552	0.0012740498984975552
830	 LLH-0	0.0012749159477069818	0.0012749159477069818
831	 LLH-4	0.0012739835691621835	0.0012739835691621835
833	 LLH-4	0.0012728391690213585	0.0012728391690213585
835	 LLH-6	0.0012719590743326624	0.0012719590743326624
836	 LLH-4	0.0012710475565073935	0.0012710475565073935
840	 LLH-1	0.0012710663780713817	0.0012710663780713817
841	 LLH-5	0.0012731048133724286	0.0012731048133724286
842	 LLH-4	0.001272085178149484	0.001272085178149484
845	 LLH-5	0.0012724140096124687	0.0012724140096124687
846	 LLH-1	0.0012724140096124687	0.0012724140096124687
847	 LLH-2	0.001296838968496394	0.0012724140096124687
848	 LLH-3	0.0012636094661356901	0.0012636094661356901
849	 LLH-0	0.0012646081822448166	0.0012646081822448166
850	 LLH-4	0.0012640177571236573	0.0012640177571236573
855	 LLH-4	0.0012640177571236573	0.0012640177571236573
860	 LLH-1	0.0012640177571236573	0.0012640177571236573
861	 LLH-2	0.001266593300952204	0.001266593300952204
862	 LLH-4	0.0012658694478745731	0.0012658694478745731
864	 LLH-4	0.0012651594785588085	0.0012651594785588085
869	 LLH-6	0.0012648311972984928	0.0012648311972984928
870	 LLH-5	0.0012651445027337957	0.0012651445027337957
871	 LLH-4	0.0012642965921719296	0.0012642965921719296
873	 LLH-6	0.0012638206519443435	0.0012638206519443435
874	 LLH-3	0.0013070415068149272	0.0012638206519443435
875	 LLH-6	0.0012610889018134785	0.0012610889018134785
876	 LLH-6	0.001261250107418395	0.001261250107418395
877	 LLH-3	0.0012611614860526604	0.0012611614860526604
878	 LLH-6	0.0012611213551738329	0.0012611213551738329
879	 LLH-6	0.0012624135781357506	0.0012624135781357506
880	 LLH-1	0.0012624135781357506	0.0012624135781357506
881	 LLH-1	0.0012622341984770864	0.0012622341984770864
882	 LLH-1	0.0012622341984770864	0.0012622341984770864
883	 LLH-4	0.0012459204215435876	0.0012459204215435876
885	 LLH-4	0.0012459204215435876	0.0012459204215435876
890	 LLH-0	0.001246801989224956	0.001246801989224956
891	 LLH-3	0.0012545063186702463	0.0012545063186702463
892	 LLH-4	0.0012537007905281767	0.0012537007905281767
894	 LLH-5	0.0012536978441685255	0.0012536978441685255
895	 LLH-1	0.001253480840078441	0.001253480840078441
896	 LLH-6	0.00125297266405313	0.00125297266405313
897	 LLH-6	0.001251659033329545	0.001251659033329545
898	 LLH-0	0.0012521154333603108	0.0012521154333603108
899	 LLH-6	0.0012517026815557302	0.0012517026815557302
900	 LLH-5	0.0012526688952847961	0.0012526688952847961
901	 LLH-4	0.0012521640500604131	0.0012521640500604131
903	 LLH-0	0.0012529727655631526	0.0012529727655631526
904	 LLH-2	0.0012453907679212863	0.0012453907679212863
905	 LLH-1	0.0012453907679212863	0.0012453907679212863
906	 LLH-5	0.0012454082378084439	0.0012454082378084439
907	 LLH-3	0.0012904508371355376	0.0012454082378084439
908	 LLH-2	0.0012588069089866257	0.0012454082378084439
909	 LLH-0	0.0012459542666535088	0.0012459542666535088
910	 LLH-2	0.0012555525418662546	0.0012555525418662546
911	 LLH-1	0.0012555525418662546	0.0012555525418662546
912	 LLH-0	0.0012565361995165798	0.0012555525418662546
913	 LLH-4	0.0012555525418662546	0.0012555525418662546
918	 LLH-3	0.00124313685182448	0.00124313685182448
919	 LLH-5	0.001243088155849984	0.001243088155849984
920	 LLH-0	0.0012437354644837643	0.0012437354644837643
921	 LLH-2	0.0012648287302768335	0.0012437354644837643
922	 LLH-6	0.001243689090237043	0.001243689090237043
923	 LLH-1	0.001243689090237043	0.001243689090237043
924	 LLH-4	0.001243689090237043	0.001243689090237043
929	 LLH-4	0.001243689090237043	0.001243689090237043
934	 LLH-6	0.0012439595581877417	0.0012439595581877417
935	 LLH-5	0.0012438491960830487	0.0012438491960830487
936	 LLH-6	0.0012441305040226897	0.0012441305040226897
937	 LLH-1	0.0012438583445568876	0.0012438583445568876
938	 LLH-4	0.0012438583445568876	0.0012438583445568876
943	 LLH-5	0.0012431611265418384	0.0012431611265418384
944	 LLH-0	0.0012426997282677496	0.0012426997282677496
945	 LLH-6	0.001243108153848053	0.001243108153848053
946	 LLH-1	0.001243108153848053	0.001243108153848053
947	 LLH-3	0.0012556968803566725	0.001243108153848053
948	 LLH-5	0.0012441154963302268	0.0012441154963302268
949	 LLH-2	0.0012531009849680258	0.0012441154963302268
950	 LLH-0	0.0012600227089344474	0.0012441154963302268
951	 LLH-1	0.0012440796237966352	0.0012440796237966352
952	 LLH-3	0.0012566869403455986	0.0012566869403455986
953	 LLH-4	0.0012566869403455986	0.0012566869403455986
958	 LLH-3	0.0012811441270616745	0.0012566869403455986
959	 LLH-5	0.001256738141128679	0.001256738141128679
960	 LLH-6	0.0012560875468225995	0.0012560875468225995
961	 LLH-6	0.0012567664127881202	0.0012567664127881202
962	 LLH-5	0.0012573342662837053	0.0012567664127881202
963	 LLH-4	0.0012567664127881202	0.0012567664127881202
968	 LLH-5	0.0012561497431052462	0.0012561497431052462
969	 LLH-4	0.0012561497431052462	0.0012561497431052462
974	 LLH-1	0.0012564099447244111	0.0012564099447244111
975	 LLH-2	0.0012591762574810303	0.0012564099447244111
976	 LLH-1	0.0012564099447244111	0.0012564099447244111
977	 LLH-6	0.0012565635845810834	0.0012565635845810834
978	 LLH-6	0.0012575520134226776	0.0012565635845810834
979	 LLH-2	0.0012483026387462644	0.0012483026387462644
980	 LLH-4	0.001247733858896988	0.001247733858896988
985	 LLH-3	0.0012588648017978882	0.001247733858896988
986	 LLH-3	0.0012547837899075283	0.0012547837899075283
987	 LLH-0	0.0012555529443122086	0.0012555529443122086
988	 LLH-3	0.0012859668777894277	0.0012555529443122086
989	 LLH-3	0.0012545349574147424	0.0012545349574147424
990	 LLH-4	0.0012545349574147424	0.0012545349574147424
995	 LLH-3	0.0012451674366741837	0.0012451674366741837
996	 LLH-2	0.001251623812353066	0.001251623812353066
997	 LLH-6	0.0012523306274565924	0.0012523306274565924
998	 LLH-4	0.0012517372457650205	0.0012517372457650205
1000	 LLH-2	0.001262013660975099	0.0012517372457650205
1001	 LLH-6	0.0012518197424643634	0.0012518197424643634
1002	 LLH-6	0.0012514977970882464	0.0012514977970882464
1003	 LLH-1	0.0012514977970882464	0.0012514977970882464
1004	 LLH-0	0.001252157284859163	0.001252157284859163
1005	 LLH-1	0.001252157284859163	0.001252157284859163
1006	 LLH-2	0.0012596485024361673	0.001252157284859163
1007	 LLH-2	0.0012505301800946555	0.0012505301800946555
1008	 LLH-3	0.0012597270644420522	0.0012505301800946555
1009	 LLH-0	0.001249983115184337	0.001249983115184337
1010	 LLH-4	0.001249983115184337	0.001249983115184337
1015	 LLH-5	0.0012508614674430977	0.0012508614674430977
1016	 LLH-5	0.0012505127902968467	0.0012505127902968467
1017	 LLH-6	0.001250366131985657	0.001250366131985657
1018	 LLH-0	0.0012498145786942463	0.0012498145786942463
1019	 LLH-1	0.0012498145786942463	0.0012498145786942463
1020	 LLH-1	0.0012498145786942463	0.0012498145786942463
1021	 LLH-5	0.0012495922353153196	0.0012495922353153196
1022	 LLH-3	0.0012985258881775723	0.0012495922353153196
1023	 LLH-1	0.0012495922353153196	0.0012495922353153196
1024	 LLH-3	0.0012535963890104092	0.0012495922353153196
1025	 LLH-4	0.0012490559446020942	0.0012490559446020942
1030	 LLH-1	0.0012490559446020942	0.0012490559446020942
1031	 LLH-5	0.0012468986354091983	0.0012468986354091983
1032	 LLH-6	0.0012460856303941668	0.0012460856303941668
1033	 LLH-4	0.0012460856303941668	0.0012460856303941668
1038	 LLH-1	0.0012460856303941668	0.0012460856303941668
1039	 LLH-6	0.001246645075545212	0.001246645075545212
1040	 LLH-3	0.0012441500662369995	0.0012441500662369995
1041	 LLH-3	0.001272983377512222	0.0012441500662369995
1042	 LLH-1	0.0012441500662369995	0.0012441500662369995
1043	 LLH-4	0.0012441500662369995	0.0012441500662369995
1048	 LLH-2	0.0012501025650622829	0.0012441500662369995
1049	 LLH-4	0.0012441500662369995	0.0012441500662369995
1054	 LLH-2	0.0012511012711134888	0.0012511012711134888
1055	 LLH-5	0.001251298772388421	0.001251298772388421
1056	 LLH-1	0.001251298772388421	0.001251298772388421
1057	 LLH-1	0.0012510565255903516	0.0012510565255903516
1058	 LLH-1	0.0012513370312632504	0.0012513370312632504
1059	 LLH-6	0.001250724210733232	0.001250724210733232
1060	 LLH-1	0.0012505943841156664	0.0012505943841156664
1061	 LLH-5	0.0012505218105767256	0.0012505218105767256
1062	 LLH-4	0.0012495162762980014	0.0012495162762980014
1066	 LLH-3	0.0013074324351679092	0.0012495162762980014
1067	 LLH-1	0.0012495162762980014	0.0012495162762980014
1068	 LLH-3	0.0012951125766415875	0.0012495162762980014
1069	 LLH-0	0.0012499885062763005	0.0012499885062763005
1070	 LLH-1	0.0012499885062763005	0.0012499885062763005
1071	 LLH-0	0.0012506907237555707	0.0012506907237555707
1072	 LLH-0	0.0012498369554508968	0.0012498369554508968
1073	 LLH-2	0.0012595229638019505	0.0012498369554508968
1074	 LLH-5	0.0012496349349599325	0.0012496349349599325
1075	 LLH-3	0.0013012542415834767	0.0012496349349599325
1076	 LLH-4	0.0012490530488548954	0.0012490530488548954
1079	 LLH-5	0.0012490754721114885	0.0012490754721114885
1080	 LLH-4	0.0012485989524481011	0.0012485989524481011
1085	 LLH-5	0.0012490195413733577	0.0012490195413733577
1086	 LLH-2	0.0012595095467427299	0.0012490195413733577
1087	 LLH-0	0.001249960528978595	0.001249960528978595
1088	 LLH-6	0.0012494373937158806	0.0012494373937158806
1089	 LLH-2	0.0012495728129423042	0.0012495728129423042
1090	 LLH-0	0.0012502490205606091	0.0012502490205606091
1091	 LLH-0	0.0012493726457961478	0.0012493726457961478
1092	 LLH-2	0.0012610921954627414	0.0012493726457961478
1093	 LLH-0	0.0012499495723463992	0.0012499495723463992
1094	 LLH-0	0.0012506718569389962	0.0012499495723463992
1095	 LLH-5	0.0012509742758338546	0.0012509742758338546
1096	 LLH-0	0.0012517862693145149	0.0012509742758338546
1097	 LLH-2	0.0012557456389891914	0.0012509742758338546
1098	 LLH-4	0.0012502135830478715	0.0012502135830478715
1100	 LLH-5	0.0012501551013748776	0.0012501551013748776
1101	 LLH-6	0.001247594511455795	0.001247594511455795
1102	 LLH-0	0.0012643399027174223	0.001247594511455795
1103	 LLH-0	0.0012482987916484474	0.0012482987916484474
1104	 LLH-3	0.001290968894897493	0.0012482987916484474
1105	 LLH-4	0.0012477041918521625	0.0012477041918521625
1110	 LLH-1	0.0012477041918521625	0.0012477041918521625
1111	 LLH-4	0.0012477041918521625	0.0012477041918521625
1116	 LLH-4	0.0012477041918521625	0.0012477041918521625
1121	 LLH-5	0.0012477109340627646	0.0012477109340627646
1122	 LLH-4	0.0012477109340627646	0.0012477109340627646
1127	 LLH-5	0.0012480346326988348	0.0012480346326988348
1128	 LLH-4	0.0012480346326988348	0.0012480346326988348
1133	 LLH-3	0.0012527814484954189	0.0012480346326988348
1134	 LLH-0	0.0012487725813200162	0.0012487725813200162
1135	 LLH-4	0.001248104722914304	0.001248104722914304
1139	 LLH-5	0.0012483928402000982	0.0012483928402000982
1140	 LLH-6	0.0012471133209961973	0.0012471133209961973
1141	 LLH-3	0.0013200024372565138	0.0012471133209961973
1142	 LLH-3	0.0012484159107789801	0.0012484159107789801
1143	 LLH-1	0.0012484159107789801	0.0012484159107789801
1144	 LLH-5	0.0012481680901993946	0.0012481680901993946
1145	 LLH-2	0.0012591284943038973	0.0012481680901993946
1146	 LLH-2	0.0012496487800677909	0.0012481680901993946
1147	 LLH-4	0.0012481680901993946	0.0012481680901993946
1152	 LLH-2	0.0012525836362077226	0.0012481680901993946
1153	 LLH-3	0.0012469012689865979	0.0012469012689865979
1154	 LLH-1	0.0012469012689865979	0.0012469012689865979
1155	 LLH-4	0.0012469012689865979	0.0012469012689865979
1160	 LLH-1	0.0012469012689865979	0.0012469012689865979
1161	 LLH-6	0.0012467454449231368	0.0012467454449231368
1162	 LLH-1	0.0012467454449231368	0.0012467454449231368
1163	 LLH-3	0.0012729501602062295	0.0012467454449231368
1164	 LLH-4	0.0012467454449231368	0.0012467454449231368
1169	 LLH-1	0.0012467454449231368	0.0012467454449231368
1170	 LLH-4	0.0012467454449231368	0.0012467454449231368
1175	 LLH-0	0.001247271289772394	0.001247271289772394
1176	 LLH-5	0.0012470385842809535	0.0012470385842809535
1177	 LLH-6	0.0012469288335220014	0.0012469288335220014
1178	 LLH-1	0.0012469288335220014	0.0012469288335220014
1179	 LLH-2	0.0012541738490938115	0.0012469288335220014
1180	 LLH-5	0.001247366423564625	0.001247366423564625
1181	 LLH-4	0.0012469302522165003	0.0012469302522165003
1186	 LLH-2	0.0012530263482700686	0.0012469302522165003
1187	 LLH-5	0.001247016646663793	0.001247016646663793
1188	 LLH-1	0.001247016646663793	0.001247016646663793
1189	 LLH-0	0.0012475538063976774	0.0012475538063976774
1190	 LLH-2	0.0012538932236744735	0.0012475538063976774
1191	 LLH-4	0.0012468440559993876	0.0012468440559993876
1196	 LLH-2	0.0012579571397117089	0.0012468440559993876
1197	 LLH-2	0.0012437096332229209	0.0012437096332229209
1198	 LLH-0	0.0012427998638557796	0.0012427998638557796
1199	 LLH-2	0.0012539098418296738	0.0012427998638557796
1200	 LLH-6	0.001242774853648484	0.001242774853648484
1201	 LLH-1	0.001242692552595296	0.001242692552595296
1202	 LLH-5	0.0012431346128098527	0.0012431346128098527
1203	 LLH-2	0.0012515423395900692	0.0012431346128098527
1204	 LLH-0	0.0012440377644714043	0.0012440377644714043
1205	 LLH-4	0.0012440377644714043	0.0012440377644714043
1210	 LLH-0	0.0012447504547355105	0.0012440377644714043
1211	 LLH-1	0.0012440377644714043	0.0012440377644714043
1212	 LLH-4	0.0012440377644714043	0.0012440377644714043
1217	 LLH-0	0.0012446829907406772	0.0012440377644714043
1218	 LLH-2	0.0012628292956249863	0.0012440377644714043
1219	 LLH-1	0.0012440187401185673	0.0012440187401185673
1220	 LLH-6	0.001243185683016757	0.001243185683016757
1221	 LLH-5	0.0012431587716332897	0.0012431587716332897
1222	 LLH-6	0.0012433471981733138	0.0012433471981733138
1223	 LLH-1	0.0012435433378684302	0.0012435433378684302
1224	 LLH-2	0.0012481478664779588	0.0012435433378684302
1225	 LLH-3	0.001256558432237713	0.001256558432237713
1226	 LLH-3	0.0012417775826708804	0.0012417775826708804
1227	 LLH-0	0.0012424240891924928	0.0012424240891924928
1228	 LLH-1	0.0012424240891924928	0.0012424240891924928
1229	 LLH-2	0.001255823729662464	0.0012424240891924928
1230	 LLH-6	0.0012425811793079981	0.0012425811793079981
1231	 LLH-6	0.0012432295560530484	0.0012432295560530484
1232	 LLH-3	0.0012484909267911615	0.0012432295560530484
1233	 LLH-2	0.00124945542670424	0.0012432295560530484
1234	 LLH-1	0.0012432295560530484	0.0012432295560530484
1235	 LLH-2	0.0012471440789092153	0.0012471440789092153
1236	 LLH-0	0.0012477549177842004	0.0012477549177842004
1237	 LLH-1	0.0012480111761556897	0.0012480111761556897
1238	 LLH-0	0.0012487826191736353	0.0012487826191736353
1239	 LLH-4	0.0012487826191736353	0.0012487826191736353
1244	 LLH-3	0.001302898081642892	0.0012487826191736353
1245	 LLH-4	0.0012487826191736353	0.0012487826191736353
1250	 LLH-6	0.001249000135712067	0.001249000135712067
1251	 LLH-0	0.0012495362779744344	0.0012495362779744344
1252	 LLH-2	0.0012629781498279717	0.0012495362779744344
1253	 LLH-4	0.001249000135712067	0.001249000135712067
1257	 LLH-1	0.001249000135712067	0.001249000135712067
1258	 LLH-1	0.001249000135712067	0.001249000135712067
1259	 LLH-3	0.0012885574628812967	0.001249000135712067
1260	 LLH-5	0.001247536438928873	0.001247536438928873
1261	 LLH-6	0.001248320566042797	0.001248320566042797
1262	 LLH-0	0.0012477441070122832	0.0012477441070122832
1263	 LLH-4	0.0012471172872493004	0.0012471172872493004
1266	 LLH-3	0.0012981663616968204	0.0012471172872493004
1267	 LLH-5	0.0012471172872493004	0.0012471172872493004
1268	 LLH-1	0.0012471172872493004	0.0012471172872493004
1269	 LLH-5	0.00124711797632805	0.00124711797632805
1270	 LLH-3	0.0012828881390877524	0.00124711797632805
1271	 LLH-2	0.001264056498226438	0.00124711797632805
1272	 LLH-4	0.0012466420193804721	0.0012466420193804721
1276	 LLH-4	0.0012466420193804721	0.0012466420193804721
1281	 LLH-5	0.0012465314406227244	0.0012465314406227244
1282	 LLH-2	0.0012511956106431386	0.0012465314406227244
1283	 LLH-6	0.0012450728151304521	0.0012450728151304521
1284	 LLH-0	0.001245609706087633	0.001245609706087633
1285	 LLH-5	0.0012461893847028472	0.0012461893847028472
1286	 LLH-4	0.001245733910488608	0.001245733910488608
1290	 LLH-1	0.001245733910488608	0.001245733910488608
1291	 LLH-0	0.0012463016668566446	0.0012463016668566446
1292	 LLH-2	0.0012496048951392215	0.0012463016668566446
1293	 LLH-0	0.0012471252948556514	0.0012471252948556514
1294	 LLH-6	0.0012476825639610946	0.0012476825639610946
1295	 LLH-6	0.0012478090704355642	0.0012478090704355642
1296	 LLH-2	0.0012503771186873629	0.0012503771186873629
1297	 LLH-0	0.0012515055904663119	0.0012515055904663119
1298	 LLH-0	0.0012521848702947158	0.0012521848702947158
1299	 LLH-2	0.001255766702708524	0.0012521848702947158
1300	 LLH-5	0.0012531214737759346	0.0012531214737759346
1301	 LLH-5	0.0012532528754347625	0.0012532528754347625
1302	 LLH-0	0.001253823141297214	0.0012532528754347625
1303	 LLH-0	0.001252544389758102	0.001252544389758102
1304	 LLH-5	0.0012523987579312447	0.0012523987579312447
1305	 LLH-3	0.0012885275961295386	0.0012523987579312447
1306	 LLH-5	0.0012513991627192567	0.0012513991627192567
1307	 LLH-2	0.0012716497940413313	0.0012513991627192567
1308	 LLH-0	0.0012507679102000567	0.0012507679102000567
1309	 LLH-1	0.0012507679102000567	0.0012507679102000567
1310	 LLH-3	0.0012496397355978744	0.0012496397355978744
1311	 LLH-4	0.0012496397355978744	0.0012496397355978744
1316	 LLH-5	0.001249894434696772	0.0012496397355978744
1317	 LLH-0	0.001248961236080677	0.001248961236080677
1318	 LLH-5	0.0012495176846132083	0.0012495176846132083
1319	 LLH-6	0.001249740949668827	0.001249740949668827
1320	 LLH-5	0.0012497551261825824	0.0012497551261825824
1321	 LLH-2	0.001252993599789902	0.001252993599789902
1322	 LLH-4	0.001252993599789902	0.001252993599789902
1327	 LLH-3	0.0013079605358930844	0.001252993599789902
1328	 LLH-1	0.001252993599789902	0.001252993599789902
1329	 LLH-1	0.001252993599789902	0.001252993599789902
1330	 LLH-0	0.0012536698445268094	0.0012536698445268094
1331	 LLH-2	0.0012688467141347556	0.0012536698445268094
1332	 LLH-1	0.0012536698445268094	0.0012536698445268094
1333	 LLH-0	0.0012543930239860776	0.0012543930239860776
1334	 LLH-3	0.0012508695320108804	0.0012508695320108804
1335	 LLH-0	0.0012514134970318426	0.0012508695320108804
1336	 LLH-5	0.0012507696481870848	0.0012507696481870848
1337	 LLH-0	0.0012513179156927595	0.0012513179156927595
1338	 LLH-2	0.0012553509966771012	0.0012513179156927595
1339	 LLH-5	0.0012519309607712753	0.0012519309607712753
1340	 LLH-2	0.0012620736285161125	0.0012519309607712753
1341	 LLH-1	0.0012519309607712753	0.0012519309607712753
1342	 LLH-6	0.0012524079193319407	0.0012524079193319407
1343	 LLH-0	0.0012529924273596998	0.0012529924273596998
1344	 LLH-5	0.0012528155145862079	0.0012528155145862079
1345	 LLH-6	0.0012524591293477238	0.0012524591293477238
1346	 LLH-0	0.0012529674258616047	0.0012529674258616047
1347	 LLH-2	0.0012495288093938286	0.0012495288093938286
1348	 LLH-1	0.0012495288093938286	0.0012495288093938286
1349	 LLH-6	0.0012502008871264445	0.0012502008871264445
1350	 LLH-4	0.0012502008871264445	0.0012502008871264445
1355	 LLH-5	0.0012501314092928585	0.0012501314092928585
1356	 LLH-0	0.0012493897343934769	0.0012493897343934769
1357	 LLH-6	0.0012494859701882312	0.0012494859701882312
1358	 LLH-6	0.001249467802095846	0.001249467802095846
1359	 LLH-0	0.0012501421348480592	0.0012501421348480592
1360	 LLH-0	0.0012507152009332261	0.0012507152009332261
1361	 LLH-1	0.0012507152009332261	0.0012507152009332261
1362	 LLH-4	0.0012501421348480592	0.0012501421348480592
1364	 LLH-3	0.0012501958386471987	0.0012501958386471987
1365	 LLH-4	0.0012501958386471987	0.0012501958386471987
1370	 LLH-0	0.0012508256974636874	0.0012508256974636874
1371	 LLH-4	0.0012508256974636874	0.0012508256974636874
1376	 LLH-2	0.001259590901116689	0.0012508256974636874
1377	 LLH-6	0.0012510171422355403	0.0012510171422355403
1378	 LLH-6	0.0012503652630055158	0.0012503652630055158
1379	 LLH-4	0.001249842887926734	0.001249842887926734
1383	 LLH-1	0.001249842887926734	0.001249842887926734
1384	 LLH-4	0.001249842887926734	0.001249842887926734
1389	 LLH-2	0.0012516884011092644	0.001249842887926734
1390	 LLH-2	0.0012596908808989024	0.001249842887926734
1391	 LLH-2	0.001261580309793009	0.001249842887926734
1392	 LLH-3	0.001288158401569414	0.001249842887926734
1393	 LLH-3	0.0012859904432207271	0.001249842887926734
1394	 LLH-0	0.0012491627368359094	0.0012491627368359094
1395	 LLH-1	0.0012489448517382055	0.0012489448517382055
1396	 LLH-4	0.0012489448517382055	0.0012489448517382055
1401	 LLH-4	0.0012484030517620692	0.0012484030517620692
1405	 LLH-2	0.0012584063496548052	0.0012484030517620692
1406	 LLH-1	0.0012484030517620692	0.0012484030517620692
1407	 LLH-1	0.0012484030517620692	0.0012484030517620692
1408	 LLH-0	0.0012489312002645213	0.0012489312002645213
1409	 LLH-3	0.0012446275440637154	0.0012446275440637154
1410	 LLH-6	0.0012451609608912508	0.0012446275440637154
1411	 LLH-6	0.0012439423985577847	0.0012439423985577847
1412	 LLH-1	0.0012439423985577847	0.0012439423985577847
1413	 LLH-6	0.0012439592564358192	0.0012439592564358192
1414	 LLH-5	0.0012445562818466866	0.0012445562818466866
1415	 LLH-2	0.00125982832810497	0.0012445562818466866
1416	 LLH-3	0.0012804771555472772	0.0012445562818466866
1417	 LLH-0	0.0012439315886689259	0.0012439315886689259
1418	 LLH-0	0.0012445852494448412	0.0012439315886689259
1419	 LLH-6	0.0012439731926255611	0.0012439731926255611
1420	 LLH-1	0.0012439731926255611	0.0012439731926255611
1421	 LLH-5	0.0012439979299214653	0.0012439979299214653
1422	 LLH-0	0.0012444178688950011	0.0012444178688950011
1423	 LLH-4	0.0012444178688950011	0.0012444178688950011
1428	 LLH-0	0.0012449827945099825	0.0012449827945099825
1429	 LLH-2	0.0012592494520221667	0.0012449827945099825
1430	 LLH-6	0.0012449932179918082	0.0012449932179918082
1431	 LLH-3	0.0012817035534876898	0.0012449932179918082
1432	 LLH-6	0.001244995834654632	0.001244995834654632
1433	 LLH-3	0.0012866213907099743	0.001244995834654632
1434	 LLH-2	0.001259782969301847	0.001244995834654632
1435	 LLH-6	0.001244659794549402	0.001244659794549402
1436	 LLH-6	0.001244690418172663	0.001244690418172663
1437	 LLH-5	0.001244732445799111	0.001244732445799111
1438	 LLH-1	0.001244732445799111	0.001244732445799111
1439	 LLH-0	0.0012451854295048642	0.0012451854295048642
1440	 LLH-0	0.001245601792540137	0.001245601792540137
1441	 LLH-0	0.0012451412163340825	0.0012451412163340825
1442	 LLH-0	0.001245557654435348	0.001245557654435348
1443	 LLH-2	0.0012481634364831214	0.001245557654435348
1444	 LLH-6	0.0012464237222677556	0.0012464237222677556
1445	 LLH-6	0.0012473488791963075	0.0012464237222677556
1446	 LLH-0	0.0012468493805788512	0.0012468493805788512
1447	 LLH-2	0.001260178974465848	0.0012468493805788512
1448	 LLH-5	0.0012467290263401857	0.0012467290263401857
1449	 LLH-3	0.0012474679818200508	0.0012474679818200508
1450	 LLH-1	0.0012474946704303352	0.0012474946704303352
1451	 LLH-3	0.0012696223461651096	0.0012474946704303352
1452	 LLH-1	0.001247459065029865	0.001247459065029865
1453	 LLH-4	0.00124709898839313	0.00124709898839313
1456	 LLH-2	0.0012559712407470482	0.00124709898839313
1457	 LLH-1	0.00124709898839313	0.00124709898839313
1458	 LLH-4	0.0012467120451352454	0.0012467120451352454
1462	 LLH-4	0.0012467120451352454	0.0012467120451352454
1467	 LLH-1	0.0012467120451352454	0.0012467120451352454
1468	 LLH-3	0.0012554857978333885	0.0012467120451352454
1469	 LLH-0	0.0012470962461093155	0.0012470962461093155
1470	 LLH-4	0.0012470962461093155	0.0012470962461093155
1475	 LLH-5	0.0012472318275600274	0.0012470962461093155
1476	 LLH-1	0.0012469467396954365	0.0012469467396954365
1477	 LLH-0	0.0012473997850868392	0.0012469467396954365
1478	 LLH-2	0.0012569237778813943	0.0012469467396954365
1479	 LLH-6	0.001246334303958846	0.001246334303958846
1480	 LLH-3	0.001254469957787501	0.001246334303958846
1481	 LLH-1	0.001246334303958846	0.001246334303958846
1482	 LLH-0	0.0012466959116749223	0.0012466959116749223
1483	 LLH-5	0.001246693117344886	0.001246693117344886
1484	 LLH-4	0.001246693117344886	0.001246693117344886
1489	 LLH-5	0.001246699785044888	0.001246699785044888
1490	 LLH-0	0.001247099022109361	0.001247099022109361
1491	 LLH-6	0.0012471100079766077	0.0012471100079766077
1492	 LLH-0	0.0012478299057967024	0.0012478299057967024
1493	 LLH-0	0.001247469135526376	0.001247469135526376
1494	 LLH-3	0.0012798762882205673	0.001247469135526376
1495	 LLH-3	0.0012737643189057789	0.001247469135526376
1496	 LLH-1	0.001247469135526376	0.001247469135526376
1497	 LLH-3	0.0012551552565044177	0.001247469135526376
1498	 LLH-5	0.0012476813602168343	0.0012476813602168343
1499	 LLH-5	0.001248219682049359	0.001248219682049359
1500	 LLH-0	0.0012478185059246636	0.0012478185059246636
1501	 LLH-0	0.0012482562074498786	0.0012482562074498786
1502	 LLH-6	0.0012473645565785588	0.0012473645565785588
1503	 LLH-0	0.0012480055455797606	0.0012473645565785588
1504	 LLH-2	0.0012461630958776413	0.0012461630958776413
1505	 LLH-3	0.0012433201402710754	0.0012433201402710754
1506	 LLH-0	0.0012440315912795364	0.0012433201402710754
1507	 LLH-1	0.0012433201402710754	0.0012433201402710754
1508	 LLH-0	0.0012439970775650043	0.0012433201402710754
1509	 LLH-1	0.0012433201402710754	0.0012433201402710754
1510	 LLH-2	0.001247431665814069	0.0012433201402710754
1511	 LLH-3	0.00127086674438833	0.0012433201402710754
1512	 LLH-2	0.0012559545615726353	0.0012433201402710754
1513	 LLH-2	0.0012445314516446753	0.0012433201402710754
1514	 LLH-1	0.0012433201402710754	0.0012433201402710754
1515	 LLH-2	0.0012553626561941534	0.0012433201402710754
1516	 LLH-4	0.0012433201402710754	0.0012433201402710754
1521	 LLH-0	0.0012440466489733913	0.0012440466489733913
1522	 LLH-6	0.0012443126547908323	0.0012443126547908323
1523	 LLH-2	0.001246289180074547	0.001246289180074547
1524	 LLH-3	0.001304549776785713	0.001246289180074547
1525	 LLH-6	0.0012455954005437888	0.0012455954005437888
1526	 LLH-0	0.0012462639328446547	0.0012455954005437888
1527	 LLH-2	0.0012525307233040382	0.0012455954005437888
1528	 LLH-2	0.00125465164410886	0.0012455954005437888
1529	 LLH-1	0.0012457931186585854	0.0012455954005437888
1530	 LLH-5	0.0012458527452861052	0.0012458527452861052
1531	 LLH-1	0.001245582025239577	0.001245582025239577
1532	 LLH-0	0.0012460856605246739	0.0012460856605246739
1533	 LLH-4	0.0012454059403866884	0.0012454059403866884
1537	 LLH-4	0.0012454059403866884	0.0012454059403866884
1542	 LLH-2	0.0012587778129522407	0.0012454059403866884
1543	 LLH-0	0.0012459987682593918	0.0012459987682593918
1544	 LLH-0	0.0012454563081051046	0.0012454563081051046
1545	 LLH-1	0.0012454563081051046	0.0012454563081051046
1546	 LLH-4	0.0012454563081051046	0.0012454563081051046
1551	 LLH-5	0.0012460576843167607	0.0012454563081051046
1552	 LLH-4	0.0012448405226916255	0.0012448405226916255
1557	 LLH-1	0.0012448405226916255	0.0012448405226916255
1558	 LLH-0	0.0012454657008466475	0.0012448405226916255
1559	 LLH-4	0.0012448405226916255	0.0012448405226916255
1564	 LLH-2	0.00126420674894659	0.0012448405226916255
1565	 LLH-6	0.0012446260972205324	0.0012446260972205324
1566	 LLH-1	0.0012446260972205324	0.0012446260972205324
1567	 LLH-6	0.001244733699861908	0.001244733699861908
1568	 LLH-1	0.0012447991146313005	0.0012447991146313005
1569	 LLH-5	0.001244547320289803	0.001244547320289803
1570	 LLH-4	0.001244547320289803	0.001244547320289803
1575	 LLH-2	0.0012597099966185235	0.001244547320289803
1576	 LLH-4	0.001244547320289803	0.001244547320289803
1581	 LLH-2	0.001259808790507299	0.001244547320289803
1582	 LLH-6	0.0012451134684261643	0.0012451134684261643
1583	 LLH-2	0.0012626141465462534	0.0012451134684261643
1584	 LLH-1	0.0012451134684261643	0.0012451134684261643
1585	 LLH-6	0.001244316004989221	0.001244316004989221
1586	 LLH-1	0.001244316004989221	0.001244316004989221
1587	 LLH-1	0.001244421119219344	0.001244421119219344
1588	 LLH-0	0.0012449302362783246	0.0012449302362783246
1589	 LLH-0	0.0012457105614633748	0.0012449302362783246
1590	 LLH-0	0.0012456239888063224	0.0012449302362783246
1591	 LLH-6	0.0012452702502975504	0.0012449302362783246
1592	 LLH-0	0.0012456559605047274	0.0012449302362783246
1593	 LLH-5	0.001245194578190572	0.0012449302362783246
1594	 LLH-4	0.0012444276065723158	0.0012444276065723158
1598	 LLH-1	0.0012444276065723158	0.0012444276065723158
1599	 LLH-3	0.0012563646556854068	0.0012444276065723158
1600	 LLH-0	0.0012601902689170009	0.0012444276065723158
1601	 LLH-4	0.0012444276065723158	0.0012444276065723158
1606	 LLH-4	0.0012444276065723158	0.0012444276065723158
1611	 LLH-6	0.001244262437654268	0.001244262437654268
1612	 LLH-5	0.0012442383494466068	0.0012442383494466068
1613	 LLH-2	0.0012550047758343177	0.0012442383494466068
1614	 LLH-6	0.0012444682083902624	0.0012444682083902624
1615	 LLH-5	0.001245857915001795	0.0012444682083902624
1616	 LLH-5	0.0012447478459692246	0.0012447478459692246
1617	 LLH-4	0.0012447478459692246	0.0012447478459692246
1622	 LLH-4	0.0012447478459692246	0.0012447478459692246
1627	 LLH-2	0.0012540164014749288	0.0012447478459692246
1628	 LLH-2	0.001262771008217012	0.0012447478459692246
1629	 LLH-3	0.0012952677062265947	0.0012447478459692246
1630	 LLH-0	0.0012609402986286304	0.0012447478459692246
1631	 LLH-5	0.0012452646751430103	0.0012452646751430103
1632	 LLH-2	0.0012607529757461236	0.0012452646751430103
1633	 LLH-2	0.0012563962770018083	0.0012452646751430103
1634	 LLH-1	0.0012452341898048077	0.0012452341898048077
1635	 LLH-2	0.0012523470225121256	0.0012452341898048077
1636	 LLH-2	0.0012610230533084403	0.0012452341898048077
1637	 LLH-4	0.0012452341898048077	0.0012452341898048077
1642	 LLH-0	0.0012459062873998049	0.0012452341898048077
1643	 LLH-6	0.0012466211916012245	0.0012452341898048077
1644	 LLH-2	0.001261395904934421	0.0012452341898048077
1645	 LLH-3	0.0012933783191099693	0.0012452341898048077
1646	 LLH-3	0.0012941309886959026	0.0012452341898048077
1647	 LLH-4	0.0012452341898048077	0.0012452341898048077
1652	 LLH-1	0.0012452341898048077	0.0012452341898048077
1653	 LLH-4	0.0012452341898048077	0.0012452341898048077
1658	 LLH-6	0.0012454831575394757	0.0012452341898048077
1659	 LLH-6	0.0012467656843710654	0.0012452341898048077
1660	 LLH-4	0.0012452341898048077	0.0012452341898048077
1665	 LLH-4	0.0012452341898048077	0.0012452341898048077
1670	 LLH-5	0.0012469779442336236	0.0012452341898048077
1671	 LLH-1	0.0012452341898048077	0.0012452341898048077
1672	 LLH-4	0.0012452341898048077	0.0012452341898048077
1677	 LLH-1	0.0012451273516211963	0.0012451273516211963
1678	 LLH-0	0.001245986949080801	0.0012451273516211963
1679	 LLH-4	0.0012451273516211963	0.0012451273516211963
1684	 LLH-1	0.0012445153253881295	0.0012445153253881295
1685	 LLH-5	0.0012439568514396532	0.0012439568514396532
1686	 LLH-5	0.0012437600155758206	0.0012437600155758206
1687	 LLH-5	0.0012444103217223276	0.0012437600155758206
1688	 LLH-4	0.0012437600155758206	0.0012437600155758206
1693	 LLH-1	0.0012437600155758206	0.0012437600155758206
1694	 LLH-6	0.0012431233339153052	0.0012431233339153052
1695	 LLH-4	0.0012431233339153052	0.0012431233339153052
1700	 LLH-1	0.0012428160599860403	0.0012428160599860403
1701	 LLH-6	0.0012443252003707453	0.0012428160599860403
1702	 LLH-5	0.0012426092535284688	0.0012426092535284688
1703	 LLH-1	0.0012426092535284688	0.0012426092535284688
1704	 LLH-2	0.0012487235503982766	0.0012426092535284688
1705	 LLH-4	0.0012426092535284688	0.0012426092535284688
1710	 LLH-3	0.00125039051174273	0.0012426092535284688
1711	 LLH-3	0.0012948289379624944	0.0012426092535284688
1712	 LLH-0	0.0012432369251411193	0.0012426092535284688
1713	 LLH-6	0.0012436096996449155	0.0012426092535284688
1714	 LLH-3	0.0012806865269707006	0.0012426092535284688
1715	 LLH-3	0.0012880428326158704	0.0012426092535284688
1716	 LLH-0	0.0012432300393479183	0.0012426092535284688
1717	 LLH-0	0.0012431670267050092	0.0012426092535284688
1718	 LLH-2	0.001250896799740791	0.0012426092535284688
1719	 LLH-2	0.0012463776018329061	0.0012426092535284688
1720	 LLH-0	0.0012431655193370305	0.0012431655193370305
1721	 LLH-6	0.0012433429706114904	0.0012433429706114904
1722	 LLH-5	0.0012434348331246824	0.0012434348331246824
1723	 LLH-6	0.0012450562370753418	0.0012434348331246824
1724	 LLH-5	0.001243254379541899	0.001243254379541899
1725	 LLH-3	0.0012468678657975587	0.001243254379541899
1726	 LLH-0	0.0012437466989645449	0.001243254379541899
1727	 LLH-2	0.0012514980118071661	0.001243254379541899
1728	 LLH-0	0.0012437877389837404	0.001243254379541899
1729	 LLH-6	0.001243571003462206	0.001243254379541899
1730	 LLH-5	0.0012434939466396235	0.0012434939466396235
1731	 LLH-4	0.0012430067663829225	0.0012430067663829225
1733	 LLH-0	0.001259187007294154	0.0012430067663829225
1734	 LLH-5	0.0012424176347516065	0.0012424176347516065
1735	 LLH-2	0.0012635686088837165	0.0012424176347516065
1736	 LLH-5	0.0012432249452052223	0.0012424176347516065
1737	 LLH-5	0.001242866029514672	0.0012424176347516065
1738	 LLH-2	0.0012539357677091333	0.0012424176347516065
1739	 LLH-4	0.0012424176347516065	0.0012424176347516065
1744	 LLH-0	0.0012430693349262459	0.0012424176347516065
1745	 LLH-2	0.001249246738645223	0.0012424176347516065
1746	 LLH-0	0.0012586188904204943	0.0012424176347516065
1747	 LLH-3	0.0012733740868127238	0.0012424176347516065
1748	 LLH-0	0.0012433948337933988	0.0012424176347516065
1749	 LLH-1	0.0012424009905558733	0.0012424009905558733
1750	 LLH-6	0.001244020493087658	0.0012424009905558733
1751	 LLH-1	0.0012424009905558733	0.0012424009905558733
1752	 LLH-4	0.0012424009905558733	0.0012424009905558733
1757	 LLH-6	0.0012425849407842898	0.0012424009905558733
1758	 LLH-5	0.0012422624110819242	0.0012422624110819242
1759	 LLH-6	0.0012423754815104968	0.0012423754815104968
1760	 LLH-1	0.0012424578233430103	0.0012424578233430103
1761	 LLH-6	0.0012435252153724756	0.0012424578233430103
1762	 LLH-0	0.0012430733694609875	0.0012424578233430103
1763	 LLH-3	0.0012953195827891846	0.0012424578233430103
1764	 LLH-0	0.0012433357471844887	0.0012424578233430103
1765	 LLH-3	0.0013004287937012685	0.0012424578233430103
1766	 LLH-6	0.001242965130792364	0.0012424578233430103
1767	 LLH-1	0.0012424578233430103	0.0012424578233430103
1768	 LLH-1	0.001242841953625917	0.0012424578233430103
1769	 LLH-5	0.0012430076623638133	0.0012430076623638133
1770	 LLH-4	0.0012430076623638133	0.0012430076623638133
1775	 LLH-0	0.0012435943579140356	0.0012430076623638133
1776	 LLH-3	0.0012884542688812476	0.0012430076623638133
1777	 LLH-6	0.0012438782809983632	0.0012430076623638133
1778	 LLH-4	0.0012430076623638133	0.0012430076623638133
1783	 LLH-3	0.0012866311449788157	0.0012430076623638133
1784	 LLH-5	0.0012430076623638133	0.0012430076623638133
1785	 LLH-4	0.0012430076623638133	0.0012430076623638133
1790	 LLH-5	0.001243656975868152	0.0012430076623638133
1791	 LLH-1	0.0012430076623638133	0.0012430076623638133
1792	 LLH-1	0.0012430076623638133	0.0012430076623638133
1793	 LLH-1	0.0012430076623638133	0.0012430076623638133
1794	 LLH-3	0.0012893135991468522	0.0012430076623638133
1795	 LLH-0	0.0012592522494476435	0.0012430076623638133
1796	 LLH-0	0.0012440999333418713	0.0012430076623638133
1797	 LLH-4	0.0012430076623638133	0.0012430076623638133
1802	 LLH-0	0.0012435853124032913	0.0012430076623638133
1803	 LLH-4	0.0012430076623638133	0.0012430076623638133
1808	 LLH-3	0.0012863309261468736	0.0012430076623638133
1809	 LLH-6	0.0012442776786228112	0.0012430076623638133
1810	 LLH-5	0.0012431727200463065	0.0012431727200463065
1811	 LLH-5	0.0012435518531793116	0.0012431727200463065
1812	 LLH-6	0.001243172868284887	0.001243172868284887
1813	 LLH-5	0.0012439588296613395	0.001243172868284887
1814	 LLH-6	0.0012437440022020074	0.001243172868284887
1815	 LLH-2	0.0012584078694778446	0.001243172868284887
1816	 LLH-4	0.001243172868284887	0.001243172868284887
1821	 LLH-6	0.0012436634996510817	0.0012436634996510817
1822	 LLH-0	0.0012443767712258299	0.0012436634996510817
1823	 LLH-4	0.0012436634996510817	0.0012436634996510817
1828	 LLH-3	0.0012438493740158847	0.0012436634996510817
1829	 LLH-1	0.0012436634996510817	0.0012436634996510817
1830	 LLH-3	0.0012522168319954589	0.0012436634996510817
1831	 LLH-1	0.0012435839982194476	0.0012435839982194476
1832	 LLH-5	0.0012436652641860497	0.0012435839982194476
1833	 LLH-0	0.0012440803375388834	0.0012435839982194476
1834	 LLH-3	0.0013005397283866785	0.0012435839982194476
1835	 LLH-1	0.0012436694186934904	0.0012436694186934904
1836	 LLH-3	0.0012475931037354427	0.0012436694186934904
1837	 LLH-2	0.0012627001817955951	0.0012436694186934904
1838	 LLH-4	0.0012436694186934904	0.0012436694186934904
1843	 LLH-2	0.0012526673717545985	0.0012436694186934904
1844	 LLH-1	0.0012437310950469671	0.0012436694186934904
1845	 LLH-4	0.0012436694186934904	0.0012436694186934904
1850	 LLH-3	0.0013057214520284224	0.0012436694186934904
1851	 LLH-6	0.0012430949871667992	0.0012430949871667992
1852	 LLH-6	0.0012433267534110318	0.0012430949871667992
1853	 LLH-6	0.0012430410386329567	0.0012430410386329567
1854	 LLH-3	0.0012953126362516686	0.0012430410386329567
1855	 LLH-1	0.0012430410386329567	0.0012430410386329567
1856	 LLH-5	0.001244201075381657	0.0012430410386329567
1857	 LLH-3	0.001255945057284647	0.0012430410386329567
1858	 LLH-2	0.001250433732313786	0.0012430410386329567
1859	 LLH-5	0.0012429698183962327	0.0012429698183962327
1860	 LLH-1	0.0012429698183962327	0.0012429698183962327
1861	 LLH-0	0.001258826389668214	0.0012429698183962327
1862	 LLH-4	0.0012429698183962327	0.0012429698183962327
1867	 LLH-5	0.0012439632115990866	0.0012429698183962327
1868	 LLH-1	0.0012429698183962327	0.0012429698183962327
1869	 LLH-2	0.001263001869129203	0.0012429698183962327
1870	 LLH-4	0.0012429698183962327	0.0012429698183962327
1875	 LLH-3	0.0012428419179310113	0.0012428419179310113
1876	 LLH-1	0.0012428419179310113	0.0012428419179310113
1877	 LLH-0	0.0012434471871978089	0.0012428419179310113
1878	 LLH-1	0.0012428419179310113	0.0012428419179310113
1879	 LLH-3	0.0012693564562527462	0.0012428419179310113
1880	 LLH-3	0.0012428289442237047	0.0012428289442237047
1881	 LLH-4	0.0012428289442237047	0.0012428289442237047
1886	 LLH-4	0.0012428289442237047	0.0012428289442237047
1891	 LLH-0	0.0012432315068090023	0.0012428289442237047
1892	 LLH-2	0.0012555807026657423	0.0012428289442237047
1893	 LLH-1	0.0012428289442237047	0.0012428289442237047
1894	 LLH-1	0.0012428289442237047	0.0012428289442237047
1895	 LLH-5	0.0012424641927017463	0.0012424641927017463
1896	 LLH-2	0.0012506895842012704	0.0012424641927017463
1897	 LLH-5	0.0012425282094877953	0.0012424641927017463
1898	 LLH-1	0.0012424641927017463	0.0012424641927017463
1899	 LLH-3	0.001247833331093303	0.0012424641927017463
1900	 LLH-0	0.0012429151439829463	0.0012424641927017463
1901	 LLH-0	0.0012430382563561849	0.0012424641927017463
1902	 LLH-3	0.0012485812878299508	0.0012424641927017463
1903	 LLH-2	0.0012427493096590306	0.0012424641927017463
1904	 LLH-1	0.0012424641927017463	0.0012424641927017463
1905	 LLH-6	0.0012428382973317727	0.0012424641927017463
1906	 LLH-5	0.0012424861374242418	0.0012424861374242418
1907	 LLH-6	0.0012426409704324455	0.0012426409704324455
1908	 LLH-2	0.0012435887833241537	0.0012426409704324455
1909	 LLH-4	0.0012426409704324455	0.0012426409704324455
1914	 LLH-1	0.0012426409704324455	0.0012426409704324455
1915	 LLH-6	0.0012428550954062872	0.0012426409704324455
1916	 LLH-0	0.001243053016266353	0.0012426409704324455
1917	 LLH-6	0.0012432863833978602	0.0012426409704324455
1918	 LLH-1	0.0012426409704324455	0.0012426409704324455
1919	 LLH-2	0.001254932190579553	0.0012426409704324455
1920	 LLH-5	0.0012427127593395604	0.0012426409704324455
1921	 LLH-4	0.0012426409704324455	0.0012426409704324455
1926	 LLH-0	0.0012433557800511329	0.0012426409704324455
1927	 LLH-5	0.0012426546833485604	0.0012426546833485604
1928	 LLH-0	0.0012421374169595805	0.0012421374169595805
1929	 LLH-5	0.0012421560782662363	0.0012421560782662363
1930	 LLH-0	0.0012426030262964445	0.0012421560782662363
1931	 LLH-4	0.0012421560782662363	0.0012421560782662363
1936	 LLH-2	0.00125690078624689	0.0012421560782662363
1937	 LLH-4	0.0012421560782662363	0.0012421560782662363
1942	 LLH-2	0.0012584844943551885	0.0012421560782662363
1943	 LLH-3	0.0012491241492768009	0.0012421560782662363
1944	 LLH-4	0.0012421560782662363	0.0012421560782662363
1949	 LLH-0	0.001241711956506774	0.001241711956506774
1950	 LLH-0	0.0012423668560163571	0.001241711956506774
1951	 LLH-1	0.001241711956506774	0.001241711956506774
1952	 LLH-5	0.0012421050086546719	0.001241711956506774
1953	 LLH-1	0.001241711956506774	0.001241711956506774
1954	 LLH-2	0.0012478407745827762	0.001241711956506774
1955	 LLH-3	0.0012703395564395762	0.001241711956506774
1956	 LLH-0	0.0012423002119243529	0.001241711956506774
1957	 LLH-0	0.0012421257862431897	0.001241711956506774
1958	 LLH-1	0.001241711956506774	0.001241711956506774
1959	 LLH-4	0.0012412609514219997	0.0012412609514219997
1963	 LLH-6	0.0012416089058335516	0.0012412609514219997
1964	 LLH-3	0.0012455158107335068	0.0012412609514219997
1965	 LLH-2	0.001248813626213926	0.0012412609514219997
1966	 LLH-0	0.0012417054365244451	0.0012412609514219997
1967	 LLH-0	0.0012419140233797814	0.0012412609514219997
1968	 LLH-0	0.001242118044356491	0.0012412609514219997
1969	 LLH-5	0.0012417622089264024	0.0012412609514219997
1970	 LLH-6	0.0012413069626717056	0.0012412609514219997
1971	 LLH-0	0.0012418847404087805	0.0012412609514219997
1972	 LLH-3	0.001247989726707404	0.0012412609514219997
1973	 LLH-1	0.0012412609514219997	0.0012412609514219997
1974	 LLH-0	0.0012417883369821691	0.0012412609514219997
1975	 LLH-5	0.0012418836462424626	0.0012412609514219997
1976	 LLH-3	0.0012464649397429545	0.0012412609514219997
1977	 LLH-6	0.0012409691233954692	0.0012409691233954692
1978	 LLH-5	0.0012418223706183115	0.0012409691233954692
1979	 LLH-6	0.0012411349700254223	0.0012409691233954692
1980	 LLH-4	0.0012409691233954692	0.0012409691233954692
1985	 LLH-3	0.0012758353756464383	0.0012409691233954692
1986	 LLH-1	0.0012409853025667776	0.0012409853025667776
1987	 LLH-2	0.0012464823416969435	0.0012409853025667776
1988	 LLH-6	0.0012413012879576818	0.0012409853025667776
1989	 LLH-3	0.0012921403833285926	0.0012409853025667776
1990	 LLH-4	0.0012409853025667776	0.0012409853025667776
1995	 LLH-5	0.0012420344238751446	0.0012409853025667776
1996	 LLH-0	0.0012414639315700153	0.0012409853025667776
1997	 LLH-6	0.0012416012625122333	0.0012409853025667776
1998	 LLH-0	0.0012415653910111226	0.0012409853025667776
1999	 LLH-3	0.0012781511670383267	0.0012409853025667776
GRID-Start
0.0	0.0
0.0	308.0385
0.0	616.077
0.0	924.1155
0.0	1232.154
0.0	1540.1925
0.0	1848.2310000000002
0.0	2156.2695000000003
0.0	2464.3080000000004
0.0	2772.3465000000006
0.0	3080.3850000000007
0.0	3388.423500000001
0.0	3696.462000000001
0.0	4004.500500000001
0.0	4312.539000000001
0.0	4620.5775
0.0	4928.616
0.0	5236.6545
0.0	5544.692999999999
0.0	5852.731499999999
0.0	6160.769999999999
0.0	6468.808499999998
308.0385	0.0
308.0385	308.0385
308.0385	616.077
308.0385	924.1155
308.0385	1232.154
308.0385	1540.1925
308.0385	1848.2310000000002
308.0385	2156.2695000000003
308.0385	2464.3080000000004
308.0385	2772.3465000000006
308.0385	3080.3850000000007
308.0385	3388.423500000001
308.0385	3696.462000000001
308.0385	4004.500500000001
308.0385	4312.539000000001
308.0385	4620.5775
308.0385	4928.616
308.0385	5236.6545
308.0385	5544.692999999999
308.0385	5852.731499999999
308.0385	6160.769999999999
308.0385	6468.808499999998
616.077	0.0
616.077	308.0385
616.077	616.077
616.077	924.1155
616.077	1232.154
616.077	1540.1925
616.077	1848.2310000000002
616.077	2156.2695000000003
616.077	2464.3080000000004
616.077	2772.3465000000006
616.077	3080.3850000000007
616.077	3388.423500000001
616.077	3696.462000000001
616.077	4004.500500000001
616.077	4312.539000000001
616.077	4620.5775
616.077	4928.616
616.077	5236.6545
616.077	5544.692999999999
616.077	5852.731499999999
616.077	6160.769999999999
616.077	6468.808499999998
924.1155	0.0
924.1155	308.0385
924.1155	616.077
924.1155	924.1155
924.1155	1232.154
924.1155	1540.1925
924.1155	1848.2310000000002
924.1155	2156.2695000000003
924.1155	2464.3080000000004
924.1155	2772.3465000000006
924.1155	3080.3850000000007
924.1155	3388.423500000001
924.1155	3696.462000000001
924.1155	4004.500500000001
924.1155	4312.539000000001
924.1155	4620.5775
924.1155	4928.616
924.1155	5236.6545
924.1155	5544.692999999999
924.1155	5852.731499999999
924.1155	6160.769999999999
924.1155	6468.808499999998
1232.154	0.0
1232.154	308.0385
1232.154	616.077
1232.154	924.1155
1232.154	1232.154
1232.154	1540.1925
1232.154	1848.2310000000002
1232.154	2156.2695000000003
1232.154	2464.3080000000004
1232.154	2772.3465000000006
1232.154	3080.3850000000007
1232.154	4620.5775
1232.154	4928.616
1232.154	5236.6545
1232.154	5544.692999999999
1232.154	5852.731499999999
1232.154	6160.769999999999
1232.154	6468.808499999998
1540.1925	0.0
1540.1925	308.0385
1540.1925	616.077
1540.1925	924.1155
1540.1925	1232.154
1540.1925	1540.1925
1540.1925	1848.2310000000002
1540.1925	2156.2695000000003
1540.1925	2464.3080000000004
1540.1925	2772.3465000000006
1540.1925	3080.3850000000007
1540.1925	4620.5775
1540.1925	4928.616
1540.1925	5236.6545
1540.1925	5544.692999999999
1540.1925	5852.731499999999
1540.1925	6160.769999999999
1540.1925	6468.808499999998
1848.2310000000002	0.0
1848.2310000000002	308.0385
1848.2310000000002	616.077
1848.2310000000002	924.1155
1848.2310000000002	1232.154
1848.2310000000002	1540.1925
1848.2310000000002	1848.2310000000002
1848.2310000000002	2156.2695000000003
1848.2310000000002	2464.3080000000004
1848.2310000000002	2772.3465000000006
1848.2310000000002	3080.3850000000007
1848.2310000000002	4620.5775
1848.2310000000002	4928.616
1848.2310000000002	5236.6545
1848.2310000000002	5544.692999999999
1848.2310000000002	5852.731499999999
1848.2310000000002	6160.769999999999
1848.2310000000002	6468.808499999998
2156.2695000000003	0.0
2156.2695000000003	308.0385
2156.2695000000003	616.077
2156.2695000000003	924.1155
2156.2695000000003	1232.154
2156.2695000000003	1540.1925
2156.2695000000003	1848.2310000000002
2156.2695000000003	2156.2695000000003
2156.2695000000003	2464.3080000000004
2156.2695000000003	2772.3465000000006
2156.2695000000003	3080.3850000000007
2156.2695000000003	4620.5775
2156.2695000000003	4928.616
2156.2695000000003	5236.6545
2156.2695000000003	5544.692999999999
2156.2695000000003	5852.731499999999
2156.2695000000003	6160.769999999999
2156.2695000000003	6468.808499999998
2464.3080000000004	0.0
2464.3080000000004	2464.3080000000004
2464.3080000000004	2772.3465000000006
2464.3080000000004	3080.3850000000007
2464.3080000000004	3388.423500000001
2464.3080000000004	3696.462000000001
2464.3080000000004	4004.500500000001
2464.3080000000004	4312.539000000001
2464.3080000000004	4620.5775
2464.3080000000004	4928.616
2464.3080000000004	5236.6545
2464.3080000000004	5544.692999999999
2464.3080000000004	5852.731499999999
2464.3080000000004	6160.769999999999
2464.3080000000004	6468.808499999998
2772.3465000000006	0.0
2772.3465000000006	2464.3080000000004
2772.3465000000006	2772.3465000000006
2772.3465000000006	3080.3850000000007
2772.3465000000006	3388.423500000001
2772.3465000000006	3696.462000000001
2772.3465000000006	4004.500500000001
2772.3465000000006	4312.539000000001
2772.3465000000006	4620.5775
2772.3465000000006	4928.616
2772.3465000000006	5236.6545
2772.3465000000006	5544.692999999999
2772.3465000000006	5852.731499999999
2772.3465000000006	6160.769999999999
2772.3465000000006	6468.808499999998
3080.3850000000007	0.0
3080.3850000000007	2464.3080000000004
3080.3850000000007	2772.3465000000006
3080.3850000000007	3080.3850000000007
3080.3850000000007	3388.423500000001
3080.3850000000007	3696.462000000001
3080.3850000000007	4004.500500000001
3080.3850000000007	4312.539000000001
3080.3850000000007	4620.5775
3080.3850000000007	4928.616
3080.3850000000007	5236.6545
3080.3850000000007	5544.692999999999
3080.3850000000007	5852.731499999999
3080.3850000000007	6160.769999999999
3080.3850000000007	6468.808499999998
3388.423500000001	0.0
3388.423500000001	2464.3080000000004
3388.423500000001	2772.3465000000006
3388.423500000001	3080.3850000000007
3388.423500000001	3388.423500000001
3388.423500000001	3696.462000000001
3388.423500000001	4004.500500000001
3388.423500000001	4312.539000000001
3388.423500000001	4620.5775
3388.423500000001	4928.616
3388.423500000001	5236.6545
3388.423500000001	5544.692999999999
3388.423500000001	5852.731499999999
3388.423500000001	6160.769999999999
3388.423500000001	6468.808499999998
3696.462000000001	0.0
3696.462000000001	308.0385
3696.462000000001	616.077
3696.462000000001	924.1155
3696.462000000001	1232.154
3696.462000000001	1540.1925
3696.462000000001	1848.2310000000002
3696.462000000001	2156.2695000000003
3696.462000000001	3388.423500000001
3696.462000000001	3696.462000000001
3696.462000000001	4004.500500000001
3696.462000000001	4312.539000000001
3696.462000000001	4620.5775
3696.462000000001	4928.616
3696.462000000001	5236.6545
3696.462000000001	5544.692999999999
3696.462000000001	5852.731499999999
3696.462000000001	6160.769999999999
3696.462000000001	6468.808499999998
4004.500500000001	0.0
4004.500500000001	308.0385
4004.500500000001	616.077
4004.500500000001	924.1155
4004.500500000001	1232.154
4004.500500000001	1540.1925
4004.500500000001	1848.2310000000002
4004.500500000001	2156.2695000000003
4004.500500000001	3388.423500000001
4004.500500000001	3696.462000000001
4004.500500000001	4004.500500000001
4004.500500000001	4312.539000000001
4004.500500000001	4620.5775
4004.500500000001	4928.616
4004.500500000001	5236.6545
4004.500500000001	5544.692999999999
4004.500500000001	5852.731499999999
4004.500500000001	6160.769999999999
4004.500500000001	6468.808499999998
4312.539000000001	0.0
4312.539000000001	308.0385
4312.539000000001	616.077
4312.539000000001	924.1155
4312.539000000001	1232.154
4312.539000000001	1540.1925
4312.539000000001	1848.2310000000002
4312.539000000001	2156.2695000000003
4312.539000000001	3388.423500000001
4312.539000000001	3696.462000000001
4312.539000000001	4004.500500000001
4312.539000000001	4312.539000000001
4312.539000000001	4620.5775
4312.539000000001	4928.616
4312.539000000001	5236.6545
4312.539000000001	5544.692999999999
4312.539000000001	5852.731499999999
4312.539000000001	6160.769999999999
4312.539000000001	6468.808499999998
4620.5775	0.0
4620.5775	308.0385
4620.5775	616.077
4620.5775	924.1155
4620.5775	1232.154
4620.5775	1540.1925
4620.5775	1848.2310000000002
4620.5775	2156.2695000000003
4620.5775	2464.3080000000004
4620.5775	2772.3465000000006
4620.5775	3080.3850000000007
4620.5775	3388.423500000001
4620.5775	3696.462000000001
4620.5775	4004.500500000001
4620.5775	4312.539000000001
4620.5775	4620.5775
4620.5775	4928.616
4620.5775	5236.6545
4620.5775	5544.692999999999
4620.5775	5852.731499999999
4620.5775	6160.769999999999
4620.5775	6468.808499999998
4928.616	0.0
4928.616	308.0385
4928.616	616.077
4928.616	924.1155
4928.616	1232.154
4928.616	1540.1925
4928.616	1848.2310000000002
4928.616	2156.2695000000003
4928.616	2464.3080000000004
4928.616	2772.3465000000006
4928.616	3080.3850000000007
4928.616	3388.423500000001
4928.616	3696.462000000001
4928.616	4004.500500000001
4928.616	4312.539000000001
4928.616	4620.5775
4928.616	4928.616
4928.616	5236.6545
4928.616	5544.692999999999
4928.616	5852.731499999999
4928.616	6160.769999999999
4928.616	6468.808499999998
5236.6545	0.0
5236.6545	308.0385
5236.6545	616.077
5236.6545	924.1155
5236.6545	1232.154
5236.6545	1540.1925
5236.6545	1848.2310000000002
5236.6545	2156.2695000000003
5236.6545	2464.3080000000004
5236.6545	2772.3465000000006
5236.6545	3080.3850000000007
5236.6545	3388.423500000001
5236.6545	3696.462000000001
5236.6545	4004.500500000001
5236.6545	4312.539000000001
5236.6545	4620.5775
5236.6545	4928.616
5236.6545	5236.6545
5236.6545	5544.692999999999
5236.6545	5852.731499999999
5236.6545	6160.769999999999
5236.6545	6468.808499999998
5544.692999999999	0.0
5544.692999999999	308.0385
5544.692999999999	616.077
5544.692999999999	924.1155
5544.692999999999	1232.154
5544.692999999999	1540.1925
5544.692999999999	1848.2310000000002
5544.692999999999	2156.2695000000003
5544.692999999999	2464.3080000000004
5544.692999999999	2772.3465000000006
5544.692999999999	3080.3850000000007
5544.692999999999	3388.423500000001
5544.692999999999	3696.462000000001
5544.692999999999	4004.500500000001
5544.692999999999	4312.539000000001
5544.692999999999	4620.5775
5544.692999999999	4928.616
5544.692999999999	5236.6545
5544.692999999999	5544.692999999999
5544.692999999999	5852.731499999999
5544.692999999999	6160.769999999999
5544.692999999999	6468.808499999998
5852.731499999999	0.0
5852.731499999999	308.0385
5852.731499999999	616.077
5852.731499999999	924.1155
5852.731499999999	1232.154
5852.731499999999	1540.1925
5852.731499999999	1848.2310000000002
5852.731499999999	2156.2695000000003
5852.731499999999	2464.3080000000004
5852.731499999999	2772.3465000000006
5852.731499999999	3080.3850000000007
5852.731499999999	3388.423500000001
5852.731499999999	3696.462000000001
5852.731499999999	4004.500500000001
5852.731499999999	4312.539000000001
5852.731499999999	4620.5775
5852.731499999999	4928.616
5852.731499999999	5236.6545
5852.731499999999	5544.692999999999
5852.731499999999	5852.731499999999
5852.731499999999	6160.769999999999
5852.731499999999	6468.808499999998
6160.769999999999	0.0
6160.769999999999	308.0385
6160.769999999999	616.077
6160.769999999999	924.1155
6160.769999999999	1232.154
6160.769999999999	1540.1925
6160.769999999999	1848.2310000000002
6160.769999999999	2156.2695000000003
6160.769999999999	2464.3080000000004
6160.769999999999	2772.3465000000006
6160.769999999999	3080.3850000000007
6160.769999999999	3388.423500000001
6160.769999999999	3696.462000000001
6160.769999999999	4004.500500000001
6160.769999999999	4312.539000000001
6160.769999999999	4620.5775
6160.769999999999	4928.616
6160.769999999999	5236.6545
6160.769999999999	5544.692999999999
6160.769999999999	5852.731499999999
6160.769999999999	6160.769999999999
6160.769999999999	6468.808499999998
6468.808499999998	0.0
6468.808499999998	308.0385
6468.808499999998	616.077
6468.808499999998	924.1155
6468.808499999998	1232.154
6468.808499999998	1540.1925
6468.808499999998	1848.2310000000002
6468.808499999998	2156.2695000000003
6468.808499999998	2464.3080000000004
6468.808499999998	2772.3465000000006
6468.808499999998	3080.3850000000007
6468.808499999998	3388.423500000001
6468.808499999998	3696.462000000001
6468.808499999998	4004.500500000001
6468.808499999998	4312.539000000001
6468.808499999998	4620.5775
6468.808499999998	4928.616
6468.808499999998	5236.6545
6468.808499999998	5544.692999999999
6468.808499999998	5852.731499999999
6468.808499999998	6160.769999999999
6468.808499999998	6468.808499999998
6776.846999999998	0.0
6776.846999999998	308.0385
6776.846999999998	616.077
6776.846999999998	924.1155
6776.846999999998	1232.154
6776.846999999998	1540.1925
6776.846999999998	1848.2310000000002
6776.846999999998	2156.2695000000003
6776.846999999998	2464.3080000000004
6776.846999999998	2772.3465000000006
6776.846999999998	3080.3850000000007
6776.846999999998	3388.423500000001
6776.846999999998	3696.462000000001
6776.846999999998	4004.500500000001
6776.846999999998	4312.539000000001
6776.846999999998	4620.5775
6776.846999999998	4928.616
6776.846999999998	5236.6545
6776.846999999998	5544.692999999999
6776.846999999998	5852.731499999999
6776.846999999998	6160.769999999999
6776.846999999998	6468.808499999998
7084.885499999998	0.0
7084.885499999998	308.0385
7084.885499999998	616.077
7084.885499999998	924.1155
7084.885499999998	1232.154
7084.885499999998	1540.1925
7084.885499999998	1848.2310000000002
7084.885499999998	2156.2695000000003
7084.885499999998	2464.3080000000004
7084.885499999998	2772.3465000000006
7084.885499999998	3080.3850000000007
7084.885499999998	3388.423500000001
7084.885499999998	3696.462000000001
7084.885499999998	4004.500500000001
7084.885499999998	4312.539000000001
7084.885499999998	4620.5775
7084.885499999998	4928.616
7084.885499999998	5236.6545
7084.885499999998	5544.692999999999
7084.885499999998	5852.731499999999
7084.885499999998	6160.769999999999
7084.885499999998	6468.808499999998
7392.923999999997	0.0
7392.923999999997	308.0385
7392.923999999997	616.077
7392.923999999997	924.1155
7392.923999999997	1232.154
7392.923999999997	1540.1925
7392.923999999997	1848.2310000000002
7392.923999999997	2156.2695000000003
7392.923999999997	2464.3080000000004
7392.923999999997	2772.3465000000006
7392.923999999997	3080.3850000000007
7392.923999999997	3388.423500000001
7392.923999999997	3696.462000000001
7392.923999999997	4004.500500000001
7392.923999999997	4312.539000000001
7392.923999999997	4620.5775
7392.923999999997	4928.616
7392.923999999997	5236.6545
7392.923999999997	5544.692999999999
7392.923999999997	5852.731499999999
7392.923999999997	6160.769999999999
7392.923999999997	6468.808499999998
7700.962499999997	0.0
7700.962499999997	308.0385
7700.962499999997	616.077
7700.962499999997	924.1155
7700.962499999997	1232.154
7700.962499999997	1540.1925
7700.962499999997	1848.2310000000002
7700.962499999997	2156.2695000000003
7700.962499999997	2464.3080000000004
7700.962499999997	2772.3465000000006
7700.962499999997	3080.3850000000007
7700.962499999997	3388.423500000001
7700.962499999997	3696.462000000001
7700.962499999997	4004.500500000001
7700.962499999997	4312.539000000001
7700.962499999997	4620.5775
7700.962499999997	4928.616
7700.962499999997	5236.6545
7700.962499999997	5544.692999999999
7700.962499999997	5852.731499999999
7700.962499999997	6160.769999999999
7700.962499999997	6468.808499999998
8009.000999999997	0.0
8009.000999999997	308.0385
8009.000999999997	616.077
8009.000999999997	924.1155
8009.000999999997	1232.154
8009.000999999997	1540.1925
8009.000999999997	1848.2310000000002
8009.000999999997	2156.2695000000003
8009.000999999997	2464.3080000000004
8009.000999999997	2772.3465000000006
8009.000999999997	3080.3850000000007
8009.000999999997	3388.423500000001
8009.000999999997	3696.462000000001
8009.000999999997	4004.500500000001
8009.000999999997	4312.539000000001
8009.000999999997	4620.5775
8009.000999999997	4928.616
8009.000999999997	5236.6545
8009.000999999997	5544.692999999999
8009.000999999997	5852.731499999999
8009.000999999997	6160.769999999999
8009.000999999997	6468.808499999998
8317.039499999997	0.0
8317.039499999997	308.0385
8317.039499999997	616.077
8317.039499999997	924.1155
8317.039499999997	1232.154
8317.039499999997	1540.1925
8317.039499999997	1848.2310000000002
8317.039499999997	2156.2695000000003
8317.039499999997	2464.3080000000004
8317.039499999997	2772.3465000000006
8317.039499999997	3080.3850000000007
8317.039499999997	3388.423500000001
8317.039499999997	3696.462000000001
8317.039499999997	4004.500500000001
8317.039499999997	4312.539000000001
8317.039499999997	4620.5775
8317.039499999997	4928.616
8317.039499999997	5236.6545
8317.039499999997	5544.692999999999
8317.039499999997	5852.731499999999
8317.039499999997	6160.769999999999
8317.039499999997	6468.808499999998
8625.077999999998	0.0
8625.077999999998	308.0385
8625.077999999998	616.077
8625.077999999998	924.1155
8625.077999999998	1232.154
8625.077999999998	1540.1925
8625.077999999998	1848.2310000000002
8625.077999999998	2156.2695000000003
8625.077999999998	2464.3080000000004
8625.077999999998	2772.3465000000006
8625.077999999998	3080.3850000000007
8625.077999999998	3388.423500000001
8625.077999999998	3696.462000000001
8625.077999999998	4004.500500000001
8625.077999999998	4312.539000000001
8625.077999999998	4620.5775
8625.077999999998	4928.616
8625.077999999998	5236.6545
8625.077999999998	5544.692999999999
8625.077999999998	5852.731499999999
8625.077999999998	6160.769999999999
8625.077999999998	6468.808499999998
8933.116499999998	0.0
8933.116499999998	308.0385
8933.116499999998	616.077
8933.116499999998	924.1155
8933.116499999998	1232.154
8933.116499999998	1540.1925
8933.116499999998	1848.2310000000002
8933.116499999998	2156.2695000000003
8933.116499999998	2464.3080000000004
8933.116499999998	2772.3465000000006
8933.116499999998	3080.3850000000007
8933.116499999998	3388.423500000001
8933.116499999998	3696.462000000001
8933.116499999998	4004.500500000001
8933.116499999998	4312.539000000001
8933.116499999998	4620.5775
8933.116499999998	4928.616
8933.116499999998	5236.6545
8933.116499999998	5544.692999999999
8933.116499999998	5852.731499999999
8933.116499999998	6160.769999999999
8933.116499999998	6468.808499999998
GRID-End
num_of_evaluations 2000
best obj 0.0012409691233954692
LLH0	68
LLH1	35
LLH2	59
LLH3	48
LLH4	99
LLH5	73
LLH6	75