Initial objective 0.0013018440987238008	 Seed value 276336444
1	 LLH-1	0.0013018440987238008	0.0013018440987238008
2	 LLH-2	0.0013119600055746653	0.0013119600055746653
3	 LLH-6	0.001312034711871932	0.001312034711871932
4	 LLH-0	0.0013135049319278832	0.0013135049319278832
5	 LLH-2	0.0013253808572285756	0.0013253808572285756
6	 LLH-3	0.0012660278924926465	0.0012660278924926465
7	 LLH-4	0.001264997531091256	0.001264997531091256
10	 LLH-6	0.0012652228429656394	0.0012652228429656394
11	 LLH-6	0.001266965854214363	0.001266965854214363
12	 LLH-5	0.0012663379657838875	0.0012663379657838875
13	 LLH-0	0.001265601269409227	0.001265601269409227
14	 LLH-2	0.0012847372126081847	0.0012847372126081847
15	 LLH-1	0.0012847372126081847	0.0012847372126081847
16	 LLH-6	0.0012859589834777736	0.0012859589834777736
17	 LLH-4	0.001285060352373775	0.001285060352373775
19	 LLH-1	0.001285060352373775	0.001285060352373775
20	 LLH-5	0.0012866625313393363	0.0012866625313393363
21	 LLH-5	0.0012863438269853885	0.0012863438269853885
22	 LLH-5	0.0012870123190570951	0.0012870123190570951
23	 LLH-2	0.0012907099625841922	0.0012907099625841922
24	 LLH-5	0.001290514547161576	0.001290514547161576
25	 LLH-6	0.0012895180500405222	0.0012895180500405222
26	 LLH-4	0.0012881652458130676	0.0012881652458130676
28	 LLH-2	0.0013104597128571734	0.0013104597128571734
29	 LLH-4	0.0012887355522879988	0.0012887355522879988
31	 LLH-2	0.0012952982362969944	0.0012952982362969944
32	 LLH-0	0.0012938459429212988	0.0012938459429212988
33	 LLH-5	0.0012941110318286796	0.0012941110318286796
34	 LLH-0	0.0012927219980506137	0.0012927219980506137
35	 LLH-1	0.0012927219980506137	0.0012927219980506137
36	 LLH-0	0.0012914579549749101	0.0012914579549749101
37	 LLH-0	0.0012927618577706175	0.0012927618577706175
38	 LLH-5	0.0012937898226523033	0.0012937898226523033
39	 LLH-2	0.0013189211652281194	0.0013189211652281194
40	 LLH-0	0.0013204048626926082	0.0013204048626926082
41	 LLH-1	0.0013202078097652608	0.0013202078097652608
42	 LLH-1	0.001319942707641545	0.001319942707641545
43	 LLH-0	0.0013185572897199769	0.0013185572897199769
44	 LLH-0	0.0013171427792289673	0.0013171427792289673
45	 LLH-6	0.0013185139774866271	0.0013185139774866271
46	 LLH-4	0.0013168276866000615	0.0013168276866000615
48	 LLH-0	0.0013185984538700208	0.0013185984538700208
49	 LLH-4	0.001317175530882051	0.001317175530882051
54	 LLH-0	0.0013158145230531162	0.0013158145230531162
55	 LLH-5	0.0013156833067842731	0.0013156833067842731
56	 LLH-1	0.0013156833067842731	0.0013156833067842731
57	 LLH-3	0.0012722835732944854	0.0012722835732944854
58	 LLH-0	0.001273013587442141	0.001273013587442141
59	 LLH-3	0.0013537858450589169	0.0013537858450589169
60	 LLH-0	0.001355890608726303	0.001355890608726303
61	 LLH-5	0.0013557561791737545	0.0013557561791737545
62	 LLH-0	0.0013538059737801674	0.0013538059737801674
63	 LLH-3	0.0012865650139523193	0.0012865650139523193
64	 LLH-1	0.001286925393193587	0.001286925393193587
65	 LLH-1	0.001287081049045439	0.001287081049045439
66	 LLH-3	0.0013303979702417364	0.001287081049045439
67	 LLH-2	0.00129291323846036	0.00129291323846036
68	 LLH-1	0.0012925502790045135	0.0012925502790045135
69	 LLH-1	0.0012925502790045135	0.0012925502790045135
70	 LLH-1	0.0012925502790045135	0.0012925502790045135
71	 LLH-4	0.0012913046016547968	0.0012913046016547968
73	 LLH-4	0.0012897349614732422	0.0012897349614732422
75	 LLH-3	0.0012743348560110604	0.0012743348560110604
76	 LLH-0	0.0012564025613992578	0.0012564025613992578
77	 LLH-3	0.0013254561563031738	0.0013254561563031738
78	 LLH-6	0.0013235926744579532	0.0013235926744579532
79	 LLH-1	0.0013238647457443887	0.0013238647457443887
80	 LLH-6	0.0013244349314546012	0.0013244349314546012
81	 LLH-3	0.001433355040272701	0.001433355040272701
82	 LLH-5	0.0014323612799672521	0.0014323612799672521
83	 LLH-2	0.0013869387762276834	0.0013869387762276834
84	 LLH-4	0.001384224809605424	0.001384224809605424
86	 LLH-5	0.0013859850023327767	0.0013859850023327767
87	 LLH-3	0.0015978620590481093	0.0015978620590481093
88	 LLH-1	0.0015978620590481093	0.0015978620590481093
89	 LLH-0	0.0015920257501697717	0.0015920257501697717
90	 LLH-4	0.0015865506506317574	0.0015865506506317574
94	 LLH-5	0.0015869114213919759	0.0015869114213919759
95	 LLH-5	0.001588124827948591	0.001588124827948591
96	 LLH-2	0.0015025638962215375	0.0015025638962215375
97	 LLH-0	0.0014984123342558313	0.0014984123342558313
98	 LLH-4	0.0014943023571840708	0.0014943023571840708
100	 LLH-5	0.001495102408881181	0.001495102408881181
101	 LLH-2	0.0014287352679772571	0.0014287352679772571
102	 LLH-0	0.0014257348625740282	0.0014257348625740282
103	 LLH-3	0.0015506567774261444	0.0015506567774261444
104	 LLH-6	0.0015541242348890497	0.0015541242348890497
105	 LLH-1	0.0015543405357364279	0.0015543405357364279
106	 LLH-0	0.0015495128599222693	0.0015495128599222693
107	 LLH-2	0.0014445733265866486	0.0014445733265866486
108	 LLH-4	0.0014415528494912963	0.0014415528494912963
113	 LLH-1	0.0014417817775663631	0.0014417817775663631
114	 LLH-4	0.001438513607015958	0.001438513607015958
119	 LLH-6	0.0014357288097553043	0.0014357288097553043
120	 LLH-6	0.0014357971172576952	0.0014357971172576952
121	 LLH-4	0.0014320389802513869	0.0014320389802513869
123	 LLH-2	0.0013966111181562524	0.0013966111181562524
124	 LLH-0	0.0013940759085262103	0.0013940759085262103
125	 LLH-5	0.0013946081700302218	0.0013946081700302218
126	 LLH-6	0.0013940818304568634	0.0013940818304568634
127	 LLH-2	0.0013752846869489097	0.0013752846869489097
128	 LLH-2	0.0013554478689449777	0.0013554478689449777
129	 LLH-2	0.001354233783605818	0.001354233783605818
130	 LLH-5	0.0013532727992300625	0.0013532727992300625
131	 LLH-3	0.0012744787376962176	0.0012744787376962176
132	 LLH-0	0.0012734691765222193	0.0012734691765222193
133	 LLH-0	0.0012744023981265476	0.0012744023981265476
134	 LLH-1	0.0012748442382151833	0.0012748442382151833
135	 LLH-5	0.001274484992308484	0.001274484992308484
136	 LLH-0	0.0012736994361290306	0.0012736994361290306
137	 LLH-1	0.0012736994361290306	0.0012736994361290306
138	 LLH-1	0.0012736994361290306	0.0012736994361290306
139	 LLH-1	0.0012736994361290306	0.0012736994361290306
140	 LLH-6	0.0012730440504624978	0.0012730440504624978
141	 LLH-0	0.0012719981326948563	0.0012719981326948563
142	 LLH-1	0.0012719981326948563	0.0012719981326948563
143	 LLH-0	0.0012731119912795337	0.0012731119912795337
144	 LLH-0	0.0012739685865293708	0.0012739685865293708
145	 LLH-1	0.0012739685865293708	0.0012739685865293708
146	 LLH-5	0.0012718771128867594	0.0012718771128867594
147	 LLH-4	0.001270638166336215	0.001270638166336215
152	 LLH-0	0.0012718163548013878	0.0012718163548013878
153	 LLH-0	0.0012729338093108856	0.0012729338093108856
154	 LLH-6	0.0012755434882612514	0.0012755434882612514
155	 LLH-4	0.0012746056500808406	0.0012746056500808406
158	 LLH-1	0.0012746056500808406	0.0012746056500808406
159	 LLH-1	0.0012746056500808406	0.0012746056500808406
160	 LLH-5	0.0012748424914424143	0.0012748424914424143
161	 LLH-0	0.001275861320529999	0.001275861320529999
162	 LLH-5	0.0012759343699981053	0.0012759343699981053
163	 LLH-4	0.001274896220299279	0.001274896220299279
165	 LLH-6	0.0012739535561269773	0.0012739535561269773
166	 LLH-0	0.0012747889933807277	0.0012747889933807277
167	 LLH-6	0.001274755447294189	0.001274755447294189
168	 LLH-2	0.0012638182746602198	0.0012638182746602198
169	 LLH-3	0.00125900150599652	0.00125900150599652
170	 LLH-3	0.0013260436737668002	0.0013260436737668002
171	 LLH-0	0.001324032170691495	0.001324032170691495
172	 LLH-6	0.0013259766233971314	0.0013259766233971314
173	 LLH-3	0.001272135416945526	0.001272135416945526
174	 LLH-1	0.001272135416945526	0.001272135416945526
175	 LLH-1	0.0012717746825392446	0.0012717746825392446
176	 LLH-1	0.0012719759696284793	0.0012719759696284793
177	 LLH-3	0.00134772423132146	0.00134772423132146
178	 LLH-0	0.001349636481056099	0.001349636481056099
179	 LLH-5	0.0013495065481734124	0.0013495065481734124
180	 LLH-6	0.0013477973554486093	0.0013477973554486093
181	 LLH-2	0.001340849156775615	0.001340849156775615
182	 LLH-3	0.0012860526115608655	0.0012860526115608655
183	 LLH-1	0.0012860526115608655	0.0012860526115608655
184	 LLH-4	0.001285164311972091	0.001285164311972091
187	 LLH-1	0.001285164311972091	0.001285164311972091
188	 LLH-0	0.0012864838042007322	0.0012864838042007322
189	 LLH-3	0.0013622283667010955	0.0013622283667010955
190	 LLH-0	0.0013602200489728597	0.0013602200489728597
191	 LLH-4	0.0013580715879372989	0.0013580715879372989
193	 LLH-5	0.0013585852137190818	0.0013585852137190818
194	 LLH-1	0.0013585899618421687	0.0013585899618421687
195	 LLH-6	0.0013580498749262199	0.0013580498749262199
196	 LLH-6	0.0013568129640036835	0.0013568129640036835
197	 LLH-6	0.0013578118629433847	0.0013578118629433847
198	 LLH-1	0.0013578118629433847	0.0013578118629433847
199	 LLH-5	0.0013572623012609157	0.0013572623012609157
200	 LLH-2	0.0013488868187774563	0.0013488868187774563
201	 LLH-5	0.001349099425408278	0.001349099425408278
202	 LLH-0	0.0013465932748738638	0.0013465932748738638
203	 LLH-4	0.0013444374440958746	0.0013444374440958746
205	 LLH-2	0.0013409888564322391	0.0013409888564322391
206	 LLH-6	0.001341727608454785	0.001341727608454785
207	 LLH-1	0.001341727608454785	0.001341727608454785
208	 LLH-5	0.0013411981924483884	0.0013411981924483884
209	 LLH-5	0.0013401650849815582	0.0013401650849815582
210	 LLH-3	0.0014591520390275121	0.0014591520390275121
211	 LLH-6	0.0014592301493252025	0.0014592301493252025
212	 LLH-3	0.0013164920565889087	0.0013164920565889087
213	 LLH-0	0.0013180329593507044	0.0013180329593507044
214	 LLH-2	0.001303316022995795	0.001303316022995795
215	 LLH-6	0.0013029506328011556	0.0013029506328011556
216	 LLH-4	0.0013029506328011556	0.0013029506328011556
221	 LLH-6	0.0013057436626165656	0.0013057436626165656
222	 LLH-0	0.001306951981859233	0.001306951981859233
223	 LLH-4	0.001305404979511161	0.001305404979511161
225	 LLH-2	0.0013116036688441204	0.0013116036688441204
226	 LLH-0	0.0013103595201823504	0.0013103595201823504
227	 LLH-6	0.001311397091163123	0.001311397091163123
228	 LLH-1	0.001311397091163123	0.001311397091163123
229	 LLH-1	0.0013109399777554514	0.0013109399777554514
230	 LLH-3	0.0012702124733155362	0.0012702124733155362
231	 LLH-6	0.0012699279601899374	0.0012699279601899374
232	 LLH-1	0.0012699235421099356	0.0012699235421099356
233	 LLH-1	0.0012697339097096844	0.0012697339097096844
234	 LLH-6	0.0012695164889091539	0.0012695164889091539
235	 LLH-5	0.0012699947854083538	0.0012699947854083538
236	 LLH-0	0.0012709941335931744	0.0012709941335931744
237	 LLH-3	0.0012547298769689647	0.0012547298769689647
238	 LLH-5	0.001255357342414318	0.001255357342414318
239	 LLH-4	0.001255357342414318	0.001255357342414318
244	 LLH-0	0.001255868471137045	0.001255868471137045
245	 LLH-1	0.001255868471137045	0.001255868471137045
246	 LLH-0	0.0012551934180375327	0.0012551934180375327
247	 LLH-5	0.001255285902011699	0.001255285902011699
248	 LLH-4	0.0012547741498680552	0.0012547741498680552
253	 LLH-0	0.0012557486766411133	0.0012557486766411133
254	 LLH-1	0.0012557486766411133	0.0012557486766411133
255	 LLH-4	0.001254878839585576	0.001254878839585576
259	 LLH-2	0.0012589446171621082	0.0012589446171621082
260	 LLH-5	0.0012593476386249624	0.0012593476386249624
261	 LLH-4	0.0012593476386249624	0.0012593476386249624
266	 LLH-4	0.001258744761729848	0.001258744761729848
268	 LLH-4	0.0012580468667352704	0.0012580468667352704
273	 LLH-5	0.0012579273509833557	0.0012579273509833557
274	 LLH-3	0.0012588006171345876	0.0012588006171345876
275	 LLH-0	0.001258195480905798	0.001258195480905798
276	 LLH-1	0.001258195480905798	0.001258195480905798
277	 LLH-2	0.0012472418479995524	0.0012472418479995524
278	 LLH-6	0.0012466366583827513	0.0012466366583827513
279	 LLH-4	0.0012466366583827513	0.0012466366583827513
284	 LLH-3	0.001246592792131423	0.001246592792131423
285	 LLH-0	0.0012471451144475897	0.0012471451144475897
286	 LLH-4	0.0012471451144475897	0.0012471451144475897
291	 LLH-2	0.0012592961842889717	0.0012592961842889717
292	 LLH-0	0.0012598982939192327	0.0012598982939192327
293	 LLH-4	0.00125930806342136	0.00125930806342136
296	 LLH-6	0.0012609164572992904	0.0012609164572992904
297	 LLH-6	0.0012603589672510853	0.0012603589672510853
298	 LLH-0	0.0012608754653819592	0.0012608754653819592
299	 LLH-2	0.0012558737978564463	0.0012558737978564463
300	 LLH-6	0.001256212510586053	0.001256212510586053
301	 LLH-3	0.0012461329686060316	0.0012461329686060316
302	 LLH-1	0.0012457376996413373	0.0012457376996413373
303	 LLH-5	0.0012457317814031704	0.0012457317814031704
304	 LLH-4	0.0012457317814031704	0.0012457317814031704
309	 LLH-4	0.0012457317814031704	0.0012457317814031704
314	 LLH-1	0.0012457317814031704	0.0012457317814031704
315	 LLH-3	0.0012901897302187435	0.0012901897302187435
316	 LLH-1	0.0012901897302187435	0.0012901897302187435
317	 LLH-1	0.0012901897302187435	0.0012901897302187435
318	 LLH-0	0.0012888657714662669	0.0012888657714662669
319	 LLH-6	0.0012865502607835632	0.0012865502607835632
320	 LLH-0	0.001308695988879066	0.001308695988879066
321	 LLH-0	0.0013075223759039245	0.0013075223759039245
322	 LLH-6	0.0013076891317877724	0.0013076891317877724
323	 LLH-5	0.001307489179108902	0.001307489179108902
324	 LLH-5	0.0013071030845466368	0.0013071030845466368
325	 LLH-4	0.0013054476760386861	0.0013054476760386861
327	 LLH-4	0.0013040671955291269	0.0013040671955291269
329	 LLH-6	0.0013032579522588626	0.0013032579522588626
330	 LLH-3	0.0013878034468470185	0.0013878034468470185
331	 LLH-5	0.0013893533217839012	0.0013893533217839012
332	 LLH-0	0.0013607312007522286	0.0013607312007522286
333	 LLH-1	0.0013611328789354838	0.0013611328789354838
334	 LLH-6	0.001361904156653189	0.001361904156653189
335	 LLH-2	0.0013844177048654648	0.0013844177048654648
336	 LLH-2	0.0013352044383787317	0.0013352044383787317
337	 LLH-1	0.0013352044383787317	0.0013352044383787317
338	 LLH-5	0.0013344493085012301	0.0013344493085012301
339	 LLH-5	0.0013356943419075835	0.0013356943419075835
340	 LLH-5	0.0013360453866267758	0.0013360453866267758
341	 LLH-2	0.0013358747264476676	0.0013358747264476676
342	 LLH-3	0.0012805100655762694	0.0012805100655762694
343	 LLH-0	0.0012817282515165853	0.0012817282515165853
344	 LLH-2	0.0012956873978710538	0.0012956873978710538
345	 LLH-0	0.0012751060381364027	0.0012751060381364027
346	 LLH-4	0.0012751060381364027	0.0012751060381364027
351	 LLH-4	0.0012751060381364027	0.0012751060381364027
356	 LLH-5	0.001273905793453732	0.001273905793453732
357	 LLH-2	0.001283985627713813	0.001283985627713813
358	 LLH-2	0.0012862892753649157	0.0012862892753649157
359	 LLH-5	0.0012851782310858574	0.0012851782310858574
360	 LLH-4	0.0012841705654688643	0.0012841705654688643
364	 LLH-5	0.0012849920565708316	0.0012849920565708316
365	 LLH-1	0.0012849920565708316	0.0012849920565708316
366	 LLH-6	0.001284840024758042	0.001284840024758042
367	 LLH-5	0.0012846734386425004	0.0012846734386425004
368	 LLH-2	0.0013036681171410113	0.0013036681171410113
369	 LLH-4	0.001302579871164116	0.001302579871164116
371	 LLH-6	0.001302754776990669	0.001302754776990669
372	 LLH-0	0.0013038403573203284	0.0013038403573203284
373	 LLH-5	0.0013029415735637683	0.0013029415735637683
374	 LLH-0	0.0013043826325121217	0.0013043826325121217
375	 LLH-0	0.0013056148738778285	0.0013056148738778285
376	 LLH-3	0.001368609211637933	0.001368609211637933
377	 LLH-5	0.0013685505902771345	0.0013685505902771345
378	 LLH-5	0.0013696523561396038	0.0013696523561396038
379	 LLH-1	0.0013696523561396038	0.0013696523561396038
380	 LLH-3	0.0015055177361075122	0.0015055177361075122
381	 LLH-5	0.0015065342442466309	0.0015065342442466309
382	 LLH-6	0.0015064126703435473	0.0015064126703435473
383	 LLH-6	0.001505630790310016	0.001505630790310016
384	 LLH-0	0.0015095675193866531	0.0015095675193866531
385	 LLH-5	0.0015093961864329148	0.0015093961864329148
386	 LLH-0	0.0015047193922959976	0.0015047193922959976
387	 LLH-5	0.0015056671831834144	0.0015056671831834144
388	 LLH-1	0.0015056671831834144	0.0015056671831834144
389	 LLH-4	0.0015012525879282666	0.0015012525879282666
392	 LLH-3	0.0013198835383386278	0.0013198835383386278
393	 LLH-2	0.0013170332704418026	0.0013170332704418026
394	 LLH-3	0.0012739961804919897	0.0012739961804919897
395	 LLH-3	0.0013411246703574245	0.0012739961804919897
396	 LLH-4	0.0012733049665354433	0.0012733049665354433
398	 LLH-2	0.0012740721803365987	0.0012740721803365987
399	 LLH-5	0.0012728984023329104	0.0012728984023329104
400	 LLH-0	0.0012717675084268332	0.0012717675084268332
401	 LLH-0	0.0012730404344714246	0.0012730404344714246
402	 LLH-5	0.001273085748710101	0.001273085748710101
403	 LLH-6	0.0012750841804095969	0.0012750841804095969
404	 LLH-5	0.0012753594301467214	0.0012753594301467214
405	 LLH-1	0.0012753594301467214	0.0012753594301467214
406	 LLH-1	0.0012755659081832155	0.0012755659081832155
407	 LLH-2	0.0012879954283994376	0.0012879954283994376
408	 LLH-2	0.0012882411505918691	0.0012882411505918691
409	 LLH-6	0.001288843090565495	0.001288843090565495
410	 LLH-4	0.0012876391331578378	0.0012876391331578378
412	 LLH-1	0.0012876391331578378	0.0012876391331578378
413	 LLH-2	0.0012880747274210218	0.0012880747274210218
414	 LLH-5	0.001287573614432655	0.001287573614432655
415	 LLH-1	0.0012871487174926242	0.0012871487174926242
416	 LLH-6	0.0012869297613298766	0.0012869297613298766
417	 LLH-1	0.0012868277933520919	0.0012868277933520919
418	 LLH-3	0.0012693995078980659	0.0012693995078980659
419	 LLH-0	0.0012702534552361223	0.0012702534552361223
420	 LLH-2	0.0012670386300121731	0.0012670386300121731
421	 LLH-2	0.0012736764877061702	0.0012736764877061702
422	 LLH-6	0.0012744836616137636	0.0012744836616137636
423	 LLH-3	0.0013524195816957613	0.0013524195816957613
424	 LLH-3	0.0012823270482702242	0.0012823270482702242
425	 LLH-0	0.0012814176530814628	0.0012814176530814628
426	 LLH-6	0.0012837621258217588	0.0012837621258217588
427	 LLH-2	0.001282906988055697	0.001282906988055697
428	 LLH-4	0.001282906988055697	0.001282906988055697
433	 LLH-4	0.0012818909721990747	0.0012818909721990747
435	 LLH-4	0.0012805412641605405	0.0012805412641605405
438	 LLH-5	0.0012803705235447827	0.0012803705235447827
439	 LLH-2	0.0012967043048966954	0.0012967043048966954
440	 LLH-2	0.0012885524542455016	0.0012885524542455016
441	 LLH-4	0.0012885524542455016	0.0012885524542455016
446	 LLH-3	0.0012637666350803218	0.0012637666350803218
447	 LLH-1	0.001263867728229465	0.001263867728229465
448	 LLH-3	0.0013117498723197946	0.0013117498723197946
449	 LLH-0	0.0013134103408187494	0.0013134103408187494
450	 LLH-3	0.0014160923911998701	0.0014160923911998701
451	 LLH-4	0.0014131214936461125	0.0014131214936461125
454	 LLH-0	0.001410408462849454	0.001410408462849454
455	 LLH-1	0.0014112555022807332	0.0014112555022807332
456	 LLH-5	0.0014108123082662502	0.0014108123082662502
457	 LLH-1	0.0014108123082662502	0.0014108123082662502
458	 LLH-4	0.0014078866435343858	0.0014078866435343858
463	 LLH-3	0.0013052289790195576	0.0013052289790195576
464	 LLH-2	0.0012992079426424798	0.0012992079426424798
465	 LLH-3	0.0014155566062360935	0.0014155566062360935
466	 LLH-1	0.0014156359846173667	0.0014156359846173667
467	 LLH-4	0.0014129675408320315	0.0014129675408320315
469	 LLH-4	0.001410692455572608	0.001410692455572608
473	 LLH-2	0.0013648922690035698	0.0013648922690035698
474	 LLH-1	0.0013648922690035698	0.0013648922690035698
475	 LLH-4	0.001362247605596288	0.001362247605596288
480	 LLH-5	0.0013629494075757	0.0013629494075757
481	 LLH-1	0.0013624669716668235	0.0013624669716668235
482	 LLH-3	0.0014758892020681094	0.0013624669716668235
483	 LLH-2	0.0013346933748477883	0.0013346933748477883
484	 LLH-5	0.001334789546011551	0.001334789546011551
485	 LLH-6	0.0013341871899345316	0.0013341871899345316
486	 LLH-3	0.001443432264265604	0.001443432264265604
487	 LLH-2	0.0014033081683741974	0.0014033081683741974
488	 LLH-3	0.001561505961987389	0.001561505961987389
489	 LLH-3	0.0013298953594718937	0.0013298953594718937
490	 LLH-6	0.0013281307331000618	0.0013281307331000618
491	 LLH-4	0.0013265423750587215	0.0013265423750587215
493	 LLH-1	0.001326518139695128	0.001326518139695128
494	 LLH-2	0.0013179173479197532	0.0013179173479197532
495	 LLH-0	0.0013162198748387954	0.0013162198748387954
496	 LLH-4	0.0013146646437174618	0.0013146646437174618
499	 LLH-5	0.0013141339179313881	0.0013141339179313881
500	 LLH-6	0.0013133244605452311	0.0013133244605452311
501	 LLH-3	0.001436245669391515	0.0013133244605452311
502	 LLH-2	0.0013092640446643743	0.0013092640446643743
503	 LLH-2	0.0012882002911824818	0.0012882002911824818
504	 LLH-3	0.0013849689131470617	0.0013849689131470617
505	 LLH-3	0.0015640373762718907	0.0013849689131470617
506	 LLH-6	0.0013853480395153838	0.0013853480395153838
507	 LLH-1	0.0013853480395153838	0.0013853480395153838
508	 LLH-4	0.0013831604315285304	0.0013831604315285304
510	 LLH-3	0.0015127294025034526	0.0013831604315285304
511	 LLH-2	0.001368894669422269	0.001368894669422269
512	 LLH-0	0.0013711039493351628	0.0013711039493351628
513	 LLH-4	0.00136931190286234	0.00136931190286234
515	 LLH-2	0.001352514597581375	0.001352514597581375
516	 LLH-0	0.0013505275318323384	0.0013505275318323384
517	 LLH-4	0.0013485643836476787	0.0013485643836476787
520	 LLH-0	0.0013464489236238728	0.0013464489236238728
521	 LLH-5	0.0013472156893279495	0.0013472156893279495
522	 LLH-1	0.0013472156893279495	0.0013472156893279495
523	 LLH-0	0.001349150316418776	0.001349150316418776
524	 LLH-2	0.001337855524057869	0.001337855524057869
525	 LLH-1	0.001337855524057869	0.001337855524057869
526	 LLH-4	0.001337855524057869	0.001337855524057869
531	 LLH-3	0.0014756191210478489	0.001337855524057869
532	 LLH-2	0.0013257533640923546	0.0013257533640923546
533	 LLH-1	0.0013257533640923546	0.0013257533640923546
534	 LLH-5	0.0013267056588085737	0.0013267056588085737
535	 LLH-6	0.001326818836512263	0.001326818836512263
536	 LLH-0	0.0013250987149320277	0.0013250987149320277
537	 LLH-3	0.0012708906111229736	0.0012708906111229736
538	 LLH-3	0.0012623516010630163	0.0012623516010630163
539	 LLH-2	0.0012564049536018204	0.0012564049536018204
540	 LLH-0	0.0012571389123847813	0.0012571389123847813
541	 LLH-3	0.0012520866454910375	0.0012520866454910375
542	 LLH-2	0.0012680294536476918	0.0012680294536476918
543	 LLH-3	0.0013177391462320257	0.0013177391462320257
544	 LLH-3	0.0012746192600613245	0.0012746192600613245
545	 LLH-6	0.0012726802065560687	0.0012726802065560687
546	 LLH-2	0.0012647597613759383	0.0012647597613759383
547	 LLH-6	0.0012661918687379417	0.0012661918687379417
548	 LLH-1	0.001266028802672954	0.001266028802672954
549	 LLH-2	0.001276893474782747	0.001276893474782747
550	 LLH-3	0.0013623335971584814	0.001276893474782747
551	 LLH-6	0.001275404079380655	0.001275404079380655
552	 LLH-4	0.0012744830828560953	0.0012744830828560953
554	 LLH-3	0.0012618608919495301	0.0012618608919495301
555	 LLH-4	0.0012618608919495301	0.0012618608919495301
560	 LLH-5	0.0012616211352632096	0.0012616211352632096
561	 LLH-4	0.001260892364930913	0.001260892364930913
563	 LLH-1	0.001260892364930913	0.001260892364930913
564	 LLH-5	0.001259885831530331	0.001259885831530331
565	 LLH-4	0.001259350737278113	0.001259350737278113
567	 LLH-1	0.001259350737278113	0.001259350737278113
568	 LLH-2	0.0012586398069967426	0.0012586398069967426
569	 LLH-0	0.001259384094089107	0.001259384094089107
570	 LLH-4	0.001258270414500016	0.001258270414500016
573	 LLH-1	0.001258270414500016	0.001258270414500016
574	 LLH-5	0.0012585852197909667	0.0012585852197909667
575	 LLH-2	0.0012706073197511665	0.0012585852197909667
576	 LLH-3	0.0012544376874947599	0.0012544376874947599
577	 LLH-6	0.0012530512387916204	0.0012530512387916204
578	 LLH-6	0.0012528611993282905	0.0012528611993282905
579	 LLH-3	0.0012910408959214983	0.0012528611993282905
580	 LLH-1	0.0012528611993282905	0.0012528611993282905
581	 LLH-2	0.0012577707071497045	0.0012577707071497045
582	 LLH-5	0.0012579241164439804	0.0012579241164439804
583	 LLH-1	0.0012578004697299415	0.0012578004697299415
584	 LLH-4	0.0012578004697299415	0.0012578004697299415
589	 LLH-2	0.001249965834695978	0.001249965834695978
590	 LLH-1	0.001249965834695978	0.001249965834695978
591	 LLH-3	0.0013042726856246974	0.0013042726856246974
592	 LLH-1	0.0013044798326337754	0.0013044798326337754
593	 LLH-2	0.0012995800718453765	0.0012995800718453765
594	 LLH-0	0.0013010215841804623	0.0013010215841804623
595	 LLH-0	0.0013023322626027115	0.0013023322626027115
596	 LLH-0	0.001303724467101836	0.001303724467101836
597	 LLH-0	0.0013051336583276894	0.0013051336583276894
598	 LLH-5	0.001305714473674582	0.001305714473674582
599	 LLH-4	0.0013039886976000542	0.0013039886976000542
601	 LLH-1	0.0013041034033104905	0.0013041034033104905
602	 LLH-0	0.0013027129099150016	0.0013027129099150016
603	 LLH-5	0.001302845647389222	0.001302845647389222
604	 LLH-0	0.0013013426682064151	0.0013013426682064151
605	 LLH-2	0.001288660016389707	0.001288660016389707
606	 LLH-3	0.0012608908993024213	0.0012608908993024213
607	 LLH-6	0.0012597825274450337	0.0012597825274450337
608	 LLH-3	0.001332492716470773	0.001332492716470773
609	 LLH-6	0.00133423719290501	0.00133423719290501
610	 LLH-2	0.0013436252388347456	0.00133423719290501
611	 LLH-4	0.001332702106313985	0.001332702106313985
614	 LLH-2	0.001330138353386277	0.001330138353386277
615	 LLH-6	0.0013268405016340164	0.0013268405016340164
616	 LLH-4	0.0013247376632531734	0.0013247376632531734
620	 LLH-5	0.0013238865916387203	0.0013238865916387203
621	 LLH-6	0.0013247033149634165	0.0013247033149634165
622	 LLH-5	0.0013252784231475643	0.0013252784231475643
623	 LLH-2	0.0013372464515699232	0.0013252784231475643
624	 LLH-5	0.0013261842363313865	0.0013261842363313865
625	 LLH-3	0.0014585472411878322	0.0013261842363313865
626	 LLH-4	0.001324546608157884	0.001324546608157884
628	 LLH-4	0.001322967722047561	0.001322967722047561
630	 LLH-4	0.001321201491738278	0.001321201491738278
633	 LLH-5	0.0013216364216364275	0.0013216364216364275
634	 LLH-3	0.0012781195739520186	0.0012781195739520186
635	 LLH-0	0.0012790142642964642	0.0012790142642964642
636	 LLH-1	0.0012793020481583278	0.0012793020481583278
637	 LLH-5	0.0012790288775974034	0.0012790288775974034
638	 LLH-4	0.001278057207781722	0.001278057207781722
641	 LLH-4	0.001278057207781722	0.001278057207781722
646	 LLH-0	0.001277093843388114	0.001277093843388114
647	 LLH-3	0.0013397523591251522	0.001277093843388114
648	 LLH-2	0.0012836297852570472	0.0012836297852570472
649	 LLH-1	0.0012836297852570472	0.0012836297852570472
650	 LLH-4	0.0012825832091292156	0.0012825832091292156
652	 LLH-4	0.0012811772208283043	0.0012811772208283043
654	 LLH-6	0.0012802911918010646	0.0012802911918010646
655	 LLH-4	0.0012793079482689854	0.0012793079482689854
660	 LLH-3	0.0012560333776190603	0.0012560333776190603
661	 LLH-4	0.0012552637500386553	0.0012552637500386553
663	 LLH-3	0.0012903316255572616	0.0012903316255572616
664	 LLH-4	0.0012903316255572616	0.0012903316255572616
669	 LLH-0	0.0012890747358739393	0.0012890747358739393
670	 LLH-2	0.0012946787157146272	0.0012946787157146272
671	 LLH-2	0.0012899568846206537	0.0012899568846206537
672	 LLH-3	0.0012726942063266543	0.0012726942063266543
673	 LLH-6	0.0012724734579700157	0.0012724734579700157
674	 LLH-4	0.0012716079486003624	0.0012716079486003624
676	 LLH-2	0.0012741188368422048	0.0012741188368422048
677	 LLH-3	0.0012653596792407188	0.0012653596792407188
678	 LLH-6	0.001266103258962246	0.001266103258962246
679	 LLH-2	0.0012708472420685135	0.0012708472420685135
680	 LLH-6	0.0012702742775700206	0.0012702742775700206
681	 LLH-4	0.0012692802055520296	0.0012692802055520296
685	 LLH-3	0.0012491949356407098	0.0012491949356407098
686	 LLH-0	0.0012498520768287808	0.0012498520768287808
687	 LLH-6	0.001250068538840791	0.001250068538840791
688	 LLH-1	0.0012502333621610706	0.0012502333621610706
689	 LLH-5	0.0012507125622508444	0.0012507125622508444
690	 LLH-4	0.0012499288730907026	0.0012499288730907026
692	 LLH-5	0.001250201592050065	0.001250201592050065
693	 LLH-0	0.0012507566656115084	0.0012507566656115084
694	 LLH-4	0.0012501582820806214	0.0012501582820806214
698	 LLH-5	0.0012499818326245564	0.0012499818326245564
699	 LLH-5	0.0012497637160800274	0.0012497637160800274
700	 LLH-6	0.0012497382661083682	0.0012497382661083682
701	 LLH-0	0.001248835581553191	0.001248835581553191
702	 LLH-3	0.0012554118065992207	0.0012554118065992207
703	 LLH-6	0.0012559642231351213	0.0012559642231351213
704	 LLH-1	0.0012559642231351213	0.0012559642231351213
705	 LLH-5	0.001255992247183454	0.001255992247183454
706	 LLH-6	0.0012549627014112896	0.0012549627014112896
707	 LLH-3	0.0012823737398420187	0.0012549627014112896
708	 LLH-2	0.0012496863995094189	0.0012496863995094189
709	 LLH-6	0.0012498464219502063	0.0012498464219502063
710	 LLH-4	0.0012490584790315648	0.0012490584790315648
712	 LLH-5	0.0012500099527946726	0.0012500099527946726
713	 LLH-0	0.0012506830422885909	0.0012506830422885909
714	 LLH-0	0.001249977464394659	0.001249977464394659
715	 LLH-0	0.0012506710954125829	0.0012506710954125829
716	 LLH-0	0.0012499282264044791	0.0012499282264044791
717	 LLH-0	0.001250741733869036	0.001250741733869036
718	 LLH-0	0.0012515371920690606	0.0012515371920690606
719	 LLH-5	0.0012507032276573462	0.0012507032276573462
720	 LLH-4	0.0012500151923729112	0.0012500151923729112
725	 LLH-1	0.0012499769570708153	0.0012499769570708153
726	 LLH-2	0.0012675746810410855	0.0012675746810410855
727	 LLH-4	0.0012668832462107138	0.0012668832462107138
731	 LLH-2	0.0012678942258468923	0.0012678942258468923
732	 LLH-4	0.0012668178509430378	0.0012668178509430378
734	 LLH-2	0.0012811903774895776	0.0012668178509430378
735	 LLH-2	0.0012815958709241609	0.0012668178509430378
736	 LLH-3	0.001252475542338608	0.001252475542338608
737	 LLH-6	0.0012517958625909596	0.0012517958625909596
738	 LLH-5	0.0012515975337514013	0.0012515975337514013
739	 LLH-3	0.0012980264403938207	0.0012515975337514013
740	 LLH-3	0.0012558384046913885	0.0012558384046913885
741	 LLH-6	0.0012554439856460344	0.0012554439856460344
742	 LLH-0	0.001256028262180762	0.001256028262180762
743	 LLH-6	0.0012555368012817283	0.0012555368012817283
744	 LLH-3	0.001281012998085843	0.0012555368012817283
745	 LLH-0	0.0012562849806255862	0.0012562849806255862
746	 LLH-2	0.0012554104213426827	0.0012554104213426827
747	 LLH-2	0.0012575984776477234	0.0012575984776477234
748	 LLH-2	0.0012697146143093665	0.0012697146143093665
749	 LLH-0	0.001270648232370828	0.001270648232370828
750	 LLH-0	0.0012716164610286679	0.0012716164610286679
751	 LLH-3	0.0012568799090863715	0.0012568799090863715
752	 LLH-2	0.0012570833892745887	0.0012570833892745887
753	 LLH-3	0.0013209220603634878	0.0012570833892745887
754	 LLH-6	0.0012571991269076537	0.0012571991269076537
755	 LLH-2	0.0012601334878133879	0.0012601334878133879
756	 LLH-3	0.0013332685487735458	0.0012601334878133879
757	 LLH-3	0.0013206646557740484	0.0012601334878133879
758	 LLH-0	0.0012594684691469257	0.0012594684691469257
759	 LLH-1	0.0012600513660411038	0.0012600513660411038
760	 LLH-2	0.0012779276937806116	0.0012779276937806116
761	 LLH-4	0.0012768036568786252	0.0012768036568786252
763	 LLH-3	0.0012596685774153653	0.0012596685774153653
764	 LLH-4	0.0012589209865283473	0.0012589209865283473
766	 LLH-2	0.0012652210747287375	0.0012652210747287375
767	 LLH-2	0.0012783505726874644	0.0012652210747287375
768	 LLH-2	0.0012599314414369965	0.0012599314414369965
769	 LLH-0	0.0012608043860588877	0.0012608043860588877
770	 LLH-3	0.0013458638652714243	0.0012608043860588877
771	 LLH-3	0.0012620037058621173	0.0012620037058621173
772	 LLH-5	0.001262027164388855	0.001262027164388855
773	 LLH-5	0.0012613011569748197	0.0012613011569748197
774	 LLH-6	0.0012616913118252255	0.0012616913118252255
775	 LLH-3	0.001245457553659516	0.001245457553659516
776	 LLH-6	0.0012462972945999687	0.0012462972945999687
777	 LLH-1	0.0012462972945999687	0.0012462972945999687
778	 LLH-0	0.0012469671661683457	0.0012469671661683457
779	 LLH-4	0.0012464694204589398	0.0012464694204589398
782	 LLH-2	0.001249928622838015	0.001249928622838015
783	 LLH-5	0.0012498247099647247	0.0012498247099647247
784	 LLH-5	0.0012497594653967038	0.0012497594653967038
785	 LLH-5	0.0012496105119927867	0.0012496105119927867
786	 LLH-3	0.001286983830225906	0.0012496105119927867
787	 LLH-4	0.0012488877258865958	0.0012488877258865958
790	 LLH-1	0.0012488877258865958	0.0012488877258865958
791	 LLH-6	0.001247987597447653	0.001247987597447653
792	 LLH-2	0.0012559353482063126	0.0012559353482063126
793	 LLH-4	0.0012559353482063126	0.0012559353482063126
798	 LLH-4	0.0012552025510384785	0.0012552025510384785
800	 LLH-5	0.001254818234658635	0.001254818234658635
801	 LLH-2	0.0012597209015921054	0.0012597209015921054
802	 LLH-3	0.0012540405047430294	0.0012540405047430294
803	 LLH-3	0.00124709723287378	0.00124709723287378
804	 LLH-4	0.0012466685198479761	0.0012466685198479761
807	 LLH-2	0.0012516419567756292	0.0012516419567756292
808	 LLH-5	0.0012506840451491639	0.0012506840451491639
809	 LLH-0	0.0012515973623117896	0.0012515973623117896
810	 LLH-6	0.0012518146711121563	0.0012518146711121563
811	 LLH-3	0.0012578540594455393	0.0012578540594455393
812	 LLH-5	0.0012574309599476471	0.0012574309599476471
813	 LLH-1	0.0012573308071187573	0.0012573308071187573
814	 LLH-5	0.0012572093260226388	0.0012572093260226388
815	 LLH-5	0.0012572093260226388	0.0012572093260226388
816	 LLH-1	0.0012572093260226388	0.0012572093260226388
817	 LLH-5	0.001256769753991991	0.001256769753991991
818	 LLH-4	0.001256324129917385	0.001256324129917385
821	 LLH-2	0.0012541642952003471	0.0012541642952003471
822	 LLH-3	0.0012465927661600826	0.0012465927661600826
823	 LLH-6	0.0012458011099733993	0.0012458011099733993
824	 LLH-5	0.001246209904615238	0.001246209904615238
825	 LLH-2	0.0012528631730363581	0.0012528631730363581
826	 LLH-6	0.0012518423661876232	0.0012518423661876232
827	 LLH-6	0.0012520001178565844	0.0012520001178565844
828	 LLH-4	0.0012513921272269079	0.0012513921272269079
831	 LLH-1	0.0012513921272269079	0.0012513921272269079
832	 LLH-3	0.0012902942441318263	0.0012513921272269079
833	 LLH-1	0.0012514566941470794	0.0012514566941470794
834	 LLH-6	0.0012515073027924424	0.0012515073027924424
835	 LLH-3	0.0012470051880366572	0.0012470051880366572
836	 LLH-1	0.0012470051880366572	0.0012470051880366572
837	 LLH-2	0.001257998005390029	0.0012470051880366572
838	 LLH-2	0.001257938385530917	0.001257938385530917
839	 LLH-2	0.0012642854301491426	0.001257938385530917
840	 LLH-5	0.0012584972538251197	0.001257938385530917
841	 LLH-6	0.0012579772658871371	0.0012579772658871371
842	 LLH-5	0.0012584188329797174	0.0012584188329797174
843	 LLH-6	0.0012581519374546368	0.0012581519374546368
844	 LLH-4	0.0012572597568309201	0.0012572597568309201
847	 LLH-1	0.0012572597568309201	0.0012572597568309201
848	 LLH-2	0.0012651882177357793	0.0012651882177357793
849	 LLH-6	0.0012644301633385718	0.0012644301633385718
850	 LLH-4	0.0012635351764632885	0.0012635351764632885
853	 LLH-4	0.0012628298728343888	0.0012628298728343888
858	 LLH-3	0.0013212952125513373	0.0012628298728343888
859	 LLH-0	0.0012639500193816883	0.0012639500193816883
860	 LLH-6	0.001264444673883865	0.001264444673883865
861	 LLH-4	0.001264444673883865	0.001264444673883865
866	 LLH-0	0.001265212497530425	0.001265212497530425
867	 LLH-4	0.001264459921178397	0.001264459921178397
870	 LLH-3	0.0013054756505812305	0.001264459921178397
871	 LLH-4	0.0012637134720814782	0.0012637134720814782
875	 LLH-1	0.0012635911769245676	0.0012635911769245676
876	 LLH-3	0.0012507925755261193	0.0012507925755261193
877	 LLH-2	0.0012616842434260193	0.0012507925755261193
878	 LLH-3	0.0012579883111293504	0.0012579883111293504
879	 LLH-5	0.001258668491661692	0.001258668491661692
880	 LLH-2	0.0012493478603108608	0.0012493478603108608
881	 LLH-6	0.0012509668675749674	0.0012509668675749674
882	 LLH-5	0.0012507594203913241	0.0012507594203913241
883	 LLH-3	0.001257212224973484	0.0012507594203913241
884	 LLH-5	0.0012501201515641729	0.0012501201515641729
885	 LLH-2	0.00125292221996079	0.00125292221996079
886	 LLH-5	0.0012518508922248729	0.0012518508922248729
887	 LLH-3	0.001260667764242945	0.001260667764242945
888	 LLH-5	0.001260824735727	0.001260824735727
889	 LLH-6	0.0012601722628977925	0.0012601722628977925
890	 LLH-4	0.0012601722628977925	0.0012601722628977925
895	 LLH-5	0.0012602813663185085	0.0012602813663185085
896	 LLH-3	0.0012576670428453886	0.0012576670428453886
897	 LLH-6	0.0012575988460329659	0.0012575988460329659
898	 LLH-6	0.001257816823384362	0.001257816823384362
899	 LLH-5	0.001257123210620502	0.001257123210620502
900	 LLH-2	0.0012521736266003542	0.0012521736266003542
901	 LLH-4	0.0012521736266003542	0.0012521736266003542
906	 LLH-1	0.0012521736266003542	0.0012521736266003542
907	 LLH-4	0.0012516685636392944	0.0012516685636392944
909	 LLH-0	0.0012521679670701455	0.0012521679670701455
910	 LLH-0	0.0012527140274370817	0.0012527140274370817
911	 LLH-5	0.001251585949318835	0.001251585949318835
912	 LLH-4	0.001251585949318835	0.001251585949318835
917	 LLH-2	0.00125777788977275	0.001251585949318835
918	 LLH-1	0.0012512504399316807	0.0012512504399316807
919	 LLH-1	0.0012512504399316807	0.0012512504399316807
920	 LLH-2	0.0012509156538509404	0.0012509156538509404
921	 LLH-5	0.001250054122851553	0.001250054122851553
922	 LLH-5	0.0012496564365438632	0.0012496564365438632
923	 LLH-3	0.0012553932010850755	0.0012496564365438632
924	 LLH-2	0.0012659415093999769	0.0012496564365438632
925	 LLH-6	0.0012510059865225916	0.0012510059865225916
926	 LLH-4	0.0012510059865225916	0.0012510059865225916
931	 LLH-5	0.00125074659914796	0.00125074659914796
932	 LLH-4	0.0012496804438709064	0.0012496804438709064
934	 LLH-4	0.0012496804438709064	0.0012496804438709064
939	 LLH-0	0.001250395545393999	0.001250395545393999
940	 LLH-2	0.0012694920271414051	0.001250395545393999
941	 LLH-2	0.0012619382403766897	0.001250395545393999
942	 LLH-3	0.0012462082264532897	0.0012462082264532897
943	 LLH-0	0.0012467824055582225	0.0012467824055582225
944	 LLH-0	0.0012462082264532897	0.0012462082264532897
945	 LLH-2	0.0012620832160255434	0.0012462082264532897
946	 LLH-4	0.0012457298941313294	0.0012457298941313294
950	 LLH-0	0.0012462577231279303	0.0012462577231279303
951	 LLH-2	0.001262457139066569	0.0012462577231279303
952	 LLH-0	0.0012470537803053808	0.0012470537803053808
953	 LLH-1	0.0012470537803053808	0.0012470537803053808
954	 LLH-0	0.0012478601822159625	0.0012478601822159625
955	 LLH-1	0.0012478601822159625	0.0012478601822159625
956	 LLH-5	0.0012477094492143654	0.0012477094492143654
957	 LLH-5	0.0012473361322030332	0.0012473361322030332
958	 LLH-3	0.0012429794955787694	0.0012429794955787694
959	 LLH-0	0.0012434092163080503	0.0012434092163080503
960	 LLH-1	0.0012434092163080503	0.0012434092163080503
961	 LLH-2	0.0012546378421171508	0.0012546378421171508
962	 LLH-0	0.001255301831269906	0.001255301831269906
963	 LLH-4	0.001255301831269906	0.001255301831269906
968	 LLH-6	0.0012550771126507857	0.0012550771126507857
969	 LLH-3	0.0012899645742190495	0.0012899645742190495
970	 LLH-3	0.001269209194212421	0.001269209194212421
971	 LLH-2	0.0012562704661452317	0.0012562704661452317
972	 LLH-1	0.0012562704661452317	0.0012562704661452317
973	 LLH-3	0.0012493562723879903	0.0012493562723879903
974	 LLH-6	0.00124891718493652	0.00124891718493652
975	 LLH-2	0.0012562594827866167	0.0012562594827866167
976	 LLH-6	0.0012566046281729222	0.0012566046281729222
977	 LLH-4	0.0012566046281729222	0.0012566046281729222
982	 LLH-3	0.0013285100682820495	0.0012566046281729222
983	 LLH-6	0.001258266615404532	0.0012566046281729222
984	 LLH-4	0.001255911611497483	0.001255911611497483
988	 LLH-3	0.0012547678467148282	0.0012547678467148282
989	 LLH-5	0.0012540891719688618	0.0012540891719688618
990	 LLH-1	0.001254192061591458	0.001254192061591458
991	 LLH-0	0.0012549753608547293	0.0012549753608547293
992	 LLH-2	0.00125402057851438	0.00125402057851438
993	 LLH-0	0.00125327800532803	0.00125327800532803
994	 LLH-6	0.001253401819250408	0.001253401819250408
995	 LLH-2	0.0012599279188722258	0.001253401819250408
996	 LLH-6	0.0012541115246794997	0.0012541115246794997
997	 LLH-1	0.0012541596626928885	0.0012541596626928885
998	 LLH-1	0.0012543695584987166	0.0012543695584987166
999	 LLH-5	0.001253140563153865	0.001253140563153865
1000	 LLH-2	0.0012543429710581524	0.0012543429710581524
1001	 LLH-6	0.001254429946695814	0.001254429946695814
1002	 LLH-6	0.0012544132432174293	0.0012544132432174293
1003	 LLH-2	0.0012543484773877575	0.0012543484773877575
1004	 LLH-0	0.0012550734886486957	0.0012550734886486957
1005	 LLH-3	0.001309153361804195	0.0012550734886486957
1006	 LLH-1	0.0012550369965007814	0.0012550369965007814
1007	 LLH-2	0.0012707930306558998	0.0012550369965007814
1008	 LLH-0	0.0012541339952330537	0.0012541339952330537
1009	 LLH-0	0.0012548228393597888	0.0012548228393597888
1010	 LLH-2	0.0012790845155168202	0.0012548228393597888
1011	 LLH-5	0.0012545784254285538	0.0012545784254285538
1012	 LLH-2	0.001265083827501124	0.001265083827501124
1013	 LLH-5	0.0012651026538005494	0.0012651026538005494
1014	 LLH-2	0.001271381453900944	0.0012651026538005494
1015	 LLH-5	0.0012660323095082188	0.0012660323095082188
1016	 LLH-2	0.0012817519420617084	0.0012660323095082188
1017	 LLH-2	0.0012881036381328266	0.0012660323095082188
1018	 LLH-5	0.0012636503846766801	0.0012636503846766801
1019	 LLH-1	0.0012636503846766801	0.0012636503846766801
1020	 LLH-6	0.0012639093233819518	0.0012639093233819518
1021	 LLH-4	0.001263027760148661	0.001263027760148661
1023	 LLH-3	0.001328198224279961	0.001263027760148661
1024	 LLH-5	0.001263050606650833	0.001263050606650833
1025	 LLH-4	0.001263050606650833	0.001263050606650833
1030	 LLH-0	0.0012640978535348956	0.0012640978535348956
1031	 LLH-0	0.0012649228775960316	0.0012649228775960316
1032	 LLH-5	0.0012644820854021683	0.0012644820854021683
1033	 LLH-2	0.0012808160789806503	0.0012644820854021683
1034	 LLH-3	0.0012467878895809346	0.0012467878895809346
1035	 LLH-0	0.0012462095382964424	0.0012462095382964424
1036	 LLH-0	0.0012469768677187518	0.0012469768677187518
1037	 LLH-0	0.0012463782064091203	0.0012463782064091203
1038	 LLH-4	0.0012463782064091203	0.0012463782064091203
1043	 LLH-6	0.0012484146153348991	0.0012484146153348991
1044	 LLH-2	0.001269464103415112	0.0012484146153348991
1045	 LLH-4	0.0012484146153348991	0.0012484146153348991
1050	 LLH-6	0.0012480081888453804	0.0012480081888453804
1051	 LLH-4	0.0012480081888453804	0.0012480081888453804
1056	 LLH-2	0.001270811307712858	0.0012480081888453804
1057	 LLH-0	0.0012648853365695846	0.0012480081888453804
1058	 LLH-4	0.0012480081888453804	0.0012480081888453804
1063	 LLH-2	0.0012632019549505432	0.0012632019549505432
1064	 LLH-6	0.001264012161625244	0.001264012161625244
1065	 LLH-1	0.0012638530712917179	0.0012638530712917179
1066	 LLH-3	0.0012526849929644767	0.0012526849929644767
1067	 LLH-2	0.0012541028958362379	0.0012541028958362379
1068	 LLH-0	0.0012531576151480343	0.0012531576151480343
1069	 LLH-4	0.0012522567475897039	0.0012522567475897039
1072	 LLH-1	0.0012522567475897039	0.0012522567475897039
1073	 LLH-5	0.001252253263849288	0.001252253263849288
1074	 LLH-4	0.001252253263849288	0.001252253263849288
1079	 LLH-5	0.0012514492984324482	0.0012514492984324482
1080	 LLH-4	0.0012507070369447498	0.0012507070369447498
1082	 LLH-0	0.0012496549085021177	0.0012496549085021177
1083	 LLH-3	0.0013068022821300224	0.0012496549085021177
1084	 LLH-4	0.0012496549085021177	0.0012496549085021177
1089	 LLH-4	0.0012496549085021177	0.0012496549085021177
1094	 LLH-1	0.0012496559888202806	0.0012496559888202806
1095	 LLH-3	0.0012968695582015433	0.0012496559888202806
1096	 LLH-4	0.0012496559888202806	0.0012496559888202806
1101	 LLH-2	0.0012542824190539576	0.0012542824190539576
1102	 LLH-0	0.0012551647265495508	0.0012551647265495508
1103	 LLH-4	0.0012542499508007422	0.0012542499508007422
1105	 LLH-4	0.0012535508259795389	0.0012535508259795389
1107	 LLH-6	0.0012546586961240665	0.0012546586961240665
1108	 LLH-4	0.0012535424027656772	0.0012535424027656772
1112	 LLH-3	0.0012495414539361485	0.0012495414539361485
1113	 LLH-6	0.0012507938486826693	0.0012507938486826693
1114	 LLH-2	0.0012614149964419671	0.0012507938486826693
1115	 LLH-2	0.0012516026406665342	0.0012516026406665342
1116	 LLH-3	0.0013197744640397104	0.0012516026406665342
1117	 LLH-3	0.0012541998023585567	0.0012541998023585567
1118	 LLH-2	0.0012590808589743423	0.0012541998023585567
1119	 LLH-3	0.001253780674315262	0.001253780674315262
1120	 LLH-3	0.0012865043527155156	0.001253780674315262
1121	 LLH-0	0.0012531790447500165	0.0012531790447500165
1122	 LLH-3	0.001254302703609934	0.001254302703609934
1123	 LLH-1	0.001254302703609934	0.001254302703609934
1124	 LLH-4	0.001254302703609934	0.001254302703609934
1129	 LLH-0	0.0012547906772709882	0.0012547906772709882
1130	 LLH-2	0.0012505948790966996	0.0012505948790966996
1131	 LLH-5	0.0012507044940838357	0.0012507044940838357
1132	 LLH-4	0.0012502162387515816	0.0012502162387515816
1137	 LLH-2	0.001254772746600058	0.0012502162387515816
1138	 LLH-0	0.0012507361852110296	0.0012507361852110296
1139	 LLH-4	0.0012507361852110296	0.0012507361852110296
1144	 LLH-3	0.0012936122632629075	0.0012507361852110296
1145	 LLH-3	0.0012485285502374815	0.0012485285502374815
1146	 LLH-5	0.0012481660449684322	0.0012481660449684322
1147	 LLH-2	0.0012439545838767373	0.0012439545838767373
1148	 LLH-1	0.0012439545838767373	0.0012439545838767373
1149	 LLH-5	0.0012445386652136712	0.0012445386652136712
1150	 LLH-1	0.0012445386652136712	0.0012445386652136712
1151	 LLH-3	0.001253684391023529	0.0012445386652136712
1152	 LLH-0	0.0012450507268959342	0.0012450507268959342
1153	 LLH-6	0.0012450156690321115	0.0012450156690321115
1154	 LLH-1	0.0012450156690321115	0.0012450156690321115
1155	 LLH-0	0.001245965743624342	0.001245965743624342
1156	 LLH-0	0.0012467782137077174	0.0012467782137077174
1157	 LLH-4	0.0012467782137077174	0.0012467782137077174
1162	 LLH-3	0.001255878262355202	0.0012467782137077174
1163	 LLH-2	0.001260431820458914	0.0012467782137077174
1164	 LLH-5	0.0012466131256379247	0.0012466131256379247
1165	 LLH-3	0.0012531159743761255	0.0012466131256379247
1166	 LLH-2	0.0012680947782103707	0.0012466131256379247
1167	 LLH-0	0.0012472206766390053	0.0012472206766390053
1168	 LLH-4	0.0012464954167914779	0.0012464954167914779
1171	 LLH-5	0.0012468472729538055	0.0012464954167914779
1172	 LLH-2	0.001256453175554628	0.0012464954167914779
1173	 LLH-0	0.001247206488186333	0.001247206488186333
1174	 LLH-0	0.0012478880431427849	0.0012478880431427849
1175	 LLH-1	0.0012478880431427849	0.0012478880431427849
1176	 LLH-0	0.001248491585659665	0.001248491585659665
1177	 LLH-3	0.0012579296861230226	0.001248491585659665
1178	 LLH-6	0.0012496128950029133	0.0012496128950029133
1179	 LLH-4	0.0012490746282487236	0.0012490746282487236
1183	 LLH-1	0.001249347190992027	0.001249347190992027
1184	 LLH-5	0.001249347190992027	0.001249347190992027
1185	 LLH-0	0.0012501568719368425	0.0012501568719368425
1186	 LLH-1	0.001250360402393708	0.001250360402393708
1187	 LLH-4	0.0012498892771057903	0.0012498892771057903
1190	 LLH-5	0.001249622027292156	0.001249622027292156
1191	 LLH-5	0.001249832926790468	0.001249832926790468
1192	 LLH-3	0.0012973127874829822	0.001249832926790468
1193	 LLH-0	0.0012490380377664682	0.0012490380377664682
1194	 LLH-0	0.001249572922848872	0.001249572922848872
1195	 LLH-0	0.0012503974175541671	0.0012503974175541671
1196	 LLH-6	0.0012506053841616284	0.0012506053841616284
1197	 LLH-5	0.0012506158205225046	0.0012506158205225046
1198	 LLH-5	0.0012505081658129875	0.0012505081658129875
1199	 LLH-1	0.0012508465656652374	0.0012508465656652374
1200	 LLH-4	0.0012508465656652374	0.0012508465656652374
1205	 LLH-5	0.0012509511283138514	0.0012509511283138514
1206	 LLH-6	0.0012507838657510543	0.0012507838657510543
1207	 LLH-0	0.0012514464108530055	0.0012514464108530055
1208	 LLH-0	0.0012519950642911014	0.0012519950642911014
1209	 LLH-6	0.0012524003740196868	0.0012524003740196868
1210	 LLH-4	0.0012517283351299617	0.0012517283351299617
1213	 LLH-6	0.0012510939119967906	0.0012510939119967906
1214	 LLH-4	0.001250524237907025	0.001250524237907025
1217	 LLH-2	0.0012606370961209734	0.001250524237907025
1218	 LLH-5	0.0012506221683708121	0.0012506221683708121
1219	 LLH-1	0.0012506221683708121	0.0012506221683708121
1220	 LLH-2	0.001269491472655274	0.0012506221683708121
1221	 LLH-6	0.0012511686187459973	0.0012511686187459973
1222	 LLH-0	0.00125167659751014	0.0012511686187459973
1223	 LLH-2	0.0012518359934431162	0.0012518359934431162
1224	 LLH-6	0.0012515564992946655	0.0012515564992946655
1225	 LLH-5	0.0012512255523801175	0.0012512255523801175
1226	 LLH-0	0.0012518664236267608	0.0012518664236267608
1227	 LLH-2	0.0012626511368820077	0.0012518664236267608
1228	 LLH-3	0.0012530665165095514	0.0012518664236267608
1229	 LLH-5	0.0012529731260446193	0.0012529731260446193
1230	 LLH-4	0.0012529731260446193	0.0012529731260446193
1235	 LLH-5	0.0012526096246700587	0.0012526096246700587
1236	 LLH-1	0.0012526324865732583	0.0012526324865732583
1237	 LLH-1	0.0012526324865732583	0.0012526324865732583
1238	 LLH-6	0.0012521312739020934	0.0012521312739020934
1239	 LLH-6	0.0012544215280122957	0.0012521312739020934
1240	 LLH-4	0.0012514474228655266	0.0012514474228655266
1244	 LLH-6	0.0012504716354902509	0.0012504716354902509
1245	 LLH-6	0.0012504531033549347	0.0012504531033549347
1246	 LLH-5	0.0012515003910108622	0.0012515003910108622
1247	 LLH-6	0.001251664222676749	0.001251664222676749
1248	 LLH-5	0.0012523609784945236	0.0012523609784945236
1249	 LLH-1	0.001252360696729279	0.001252360696729279
1250	 LLH-5	0.0012525270314817307	0.0012525270314817307
1251	 LLH-1	0.0012522519346745838	0.0012522519346745838
1252	 LLH-1	0.0012522519346745838	0.0012522519346745838
1253	 LLH-5	0.0012514313058805434	0.0012514313058805434
1254	 LLH-4	0.0012514313058805434	0.0012514313058805434
1259	 LLH-5	0.0012515498543242754	0.0012515498543242754
1260	 LLH-4	0.0012515498543242754	0.0012515498543242754
1265	 LLH-4	0.0012508577184105504	0.0012508577184105504
1268	 LLH-3	0.0012542514193617238	0.0012508577184105504
1269	 LLH-6	0.0012507742761940091	0.0012507742761940091
1270	 LLH-2	0.001270017068340875	0.0012507742761940091
1271	 LLH-1	0.0012508732456231971	0.0012508732456231971
1272	 LLH-5	0.0012510874791627922	0.0012510874791627922
1273	 LLH-6	0.0012508863761884494	0.0012508863761884494
1274	 LLH-1	0.0012508863761884494	0.0012508863761884494
1275	 LLH-5	0.0012510050199042078	0.0012510050199042078
1276	 LLH-4	0.0012502090928940882	0.0012502090928940882
1280	 LLH-6	0.001249331213012342	0.001249331213012342
1281	 LLH-1	0.0012497447166218974	0.001249331213012342
1282	 LLH-6	0.0012503697581006492	0.0012503697581006492
1283	 LLH-0	0.0012508983014336964	0.0012503697581006492
1284	 LLH-1	0.0012503697581006492	0.0012503697581006492
1285	 LLH-1	0.0012503869452003913	0.0012503869452003913
1286	 LLH-4	0.0012494431705763714	0.0012494431705763714
1288	 LLH-4	0.0012494431705763714	0.0012494431705763714
1293	 LLH-6	0.0012503795185453243	0.0012503795185453243
1294	 LLH-2	0.0012721027866874832	0.0012503795185453243
1295	 LLH-1	0.0012503795185453243	0.0012503795185453243
1296	 LLH-3	0.0013077476635911752	0.0012503795185453243
1297	 LLH-6	0.0012489568458327498	0.0012489568458327498
1298	 LLH-5	0.0012488757018936176	0.0012488757018936176
1299	 LLH-5	0.0012484369516403732	0.0012484369516403732
1300	 LLH-4	0.0012474652312072505	0.0012474652312072505
1302	 LLH-3	0.0012459989511526813	0.0012459989511526813
1303	 LLH-5	0.0012458517907741038	0.0012458517907741038
1304	 LLH-2	0.0012490646769747207	0.0012458517907741038
1305	 LLH-1	0.0012456610333800777	0.0012456610333800777
1306	 LLH-6	0.0012455952367969448	0.0012455952367969448
1307	 LLH-1	0.0012455507886954876	0.0012455507886954876
1308	 LLH-4	0.0012448679761336986	0.0012448679761336986
1312	 LLH-6	0.0012451424747513885	0.0012451424747513885
1313	 LLH-5	0.001245773988235136	0.001245773988235136
1314	 LLH-2	0.0012635880782851728	0.001245773988235136
1315	 LLH-6	0.0012453314758601843	0.0012453314758601843
1316	 LLH-5	0.001244881355679121	0.001244881355679121
1317	 LLH-2	0.0012637279350573825	0.001244881355679121
1318	 LLH-0	0.00124532437110509	0.00124532437110509
1319	 LLH-3	0.0012441623333895539	0.0012441623333895539
1320	 LLH-4	0.0012441623333895539	0.0012441623333895539
1325	 LLH-5	0.001243652849018214	0.001243652849018214
1326	 LLH-2	0.0012602797774009607	0.001243652849018214
1327	 LLH-3	0.0012461736149496643	0.001243652849018214
1328	 LLH-5	0.0012449923229767088	0.0012449923229767088
1329	 LLH-1	0.0012453254446888342	0.0012453254446888342
1330	 LLH-0	0.0012458801575199012	0.0012458801575199012
1331	 LLH-4	0.001245366756433365	0.001245366756433365
1336	 LLH-1	0.001245366756433365	0.001245366756433365
1337	 LLH-6	0.0012461723341236017	0.001245366756433365
1338	 LLH-0	0.001244649181760473	0.001244649181760473
1339	 LLH-3	0.0012889877384476794	0.001244649181760473
1340	 LLH-2	0.0012561102093745983	0.001244649181760473
1341	 LLH-3	0.0012833675654629181	0.001244649181760473
1342	 LLH-4	0.0012441174603694345	0.0012441174603694345
1344	 LLH-2	0.0012558827146419693	0.0012441174603694345
1345	 LLH-6	0.0012434200034522247	0.0012434200034522247
1346	 LLH-1	0.0012434200034522247	0.0012434200034522247
1347	 LLH-5	0.001243393241642776	0.001243393241642776
1348	 LLH-6	0.001243137122623489	0.001243137122623489
1349	 LLH-5	0.001243429040069416	0.001243429040069416
1350	 LLH-4	0.001243429040069416	0.001243429040069416
1355	 LLH-5	0.0012436966031886413	0.0012436966031886413
1356	 LLH-3	0.0012806384849648302	0.0012436966031886413
1357	 LLH-3	0.0012599090415015093	0.0012436966031886413
1358	 LLH-0	0.0012445173325771111	0.0012445173325771111
1359	 LLH-6	0.001244099897436671	0.001244099897436671
1360	 LLH-4	0.001244099897436671	0.001244099897436671
1365	 LLH-1	0.001244099897436671	0.001244099897436671
1366	 LLH-2	0.0012575398680657651	0.001244099897436671
1367	 LLH-3	0.0012510155519984956	0.001244099897436671
1368	 LLH-2	0.0012562599001136835	0.001244099897436671
1369	 LLH-4	0.001244099897436671	0.001244099897436671
1374	 LLH-3	0.0012796953150832123	0.001244099897436671
1375	 LLH-0	0.001244730920390455	0.001244730920390455
1376	 LLH-5	0.001244976788279783	0.001244976788279783
1377	 LLH-0	0.001245589370095113	0.001244976788279783
1378	 LLH-3	0.0012501108049845244	0.001244976788279783
1379	 LLH-1	0.001244976788279783	0.001244976788279783
1380	 LLH-2	0.001253730527824249	0.001244976788279783
1381	 LLH-2	0.0012460716432908365	0.0012460716432908365
1382	 LLH-0	0.0012465847908370838	0.0012465847908370838
1383	 LLH-3	0.0012857269730763173	0.0012465847908370838
1384	 LLH-3	0.0012418795583330532	0.0012418795583330532
1385	 LLH-1	0.001241838441459801	0.001241838441459801
1386	 LLH-4	0.001241838441459801	0.001241838441459801
1391	 LLH-2	0.0012535304218070662	0.001241838441459801
1392	 LLH-2	0.001246519649282517	0.001241838441459801
1393	 LLH-1	0.001241838441459801	0.001241838441459801
1394	 LLH-1	0.001241838441459801	0.001241838441459801
1395	 LLH-5	0.001242409881702223	0.001242409881702223
1396	 LLH-3	0.001296507023090409	0.001242409881702223
1397	 LLH-1	0.001242409881702223	0.001242409881702223
1398	 LLH-0	0.0012578609326091535	0.001242409881702223
1399	 LLH-4	0.001242409881702223	0.001242409881702223
1404	 LLH-2	0.001261565273948708	0.001242409881702223
1405	 LLH-6	0.0012424954220744597	0.0012424954220744597
1406	 LLH-1	0.001242711773540271	0.001242711773540271
1407	 LLH-6	0.0012436533236628935	0.001242711773540271
1408	 LLH-5	0.001242320732604931	0.001242320732604931
1409	 LLH-0	0.0012431356882769062	0.001242320732604931
1410	 LLH-5	0.0012426881057844997	0.0012426881057844997
1411	 LLH-1	0.0012426881057844997	0.0012426881057844997
1412	 LLH-2	0.0012580900584238804	0.0012426881057844997
1413	 LLH-1	0.0012426881057844997	0.0012426881057844997
1414	 LLH-0	0.0012434490416025445	0.0012434490416025445
1415	 LLH-5	0.0012448487733241248	0.0012434490416025445
1416	 LLH-1	0.0012434490416025445	0.0012434490416025445
1417	 LLH-3	0.0012422858823764355	0.0012422858823764355
1418	 LLH-4	0.0012422858823764355	0.0012422858823764355
1423	 LLH-5	0.0012422625714156668	0.0012422625714156668
1424	 LLH-2	0.0012584071634795643	0.0012422625714156668
1425	 LLH-0	0.001241861841933937	0.001241861841933937
1426	 LLH-4	0.001241861841933937	0.001241861841933937
1431	 LLH-4	0.001241861841933937	0.001241861841933937
1436	 LLH-3	0.0012454786260793355	0.001241861841933937
1437	 LLH-0	0.0012424145960535252	0.0012424145960535252
1438	 LLH-4	0.0012424145960535252	0.0012424145960535252
1443	 LLH-0	0.0012429131189002178	0.0012424145960535252
1444	 LLH-6	0.0012425202015958468	0.0012425202015958468
1445	 LLH-2	0.0012576068175724536	0.0012425202015958468
1446	 LLH-5	0.0012422870969565746	0.0012422870969565746
1447	 LLH-0	0.0012431717728886456	0.0012431717728886456
1448	 LLH-0	0.001243596148904314	0.0012431717728886456
1449	 LLH-5	0.001242721031749501	0.001242721031749501
1450	 LLH-2	0.001260187576581003	0.001242721031749501
1451	 LLH-0	0.001243369534800256	0.001243369534800256
1452	 LLH-0	0.0012426520398923291	0.0012426520398923291
1453	 LLH-2	0.001258669065761198	0.0012426520398923291
1454	 LLH-4	0.0012426520398923291	0.0012426520398923291
1459	 LLH-5	0.001243786650996131	0.0012426520398923291
1460	 LLH-5	0.0012431217959461976	0.0012431217959461976
1461	 LLH-4	0.0012431217959461976	0.0012431217959461976
1466	 LLH-2	0.0012488481252684073	0.0012431217959461976
1467	 LLH-3	0.0012495119286176362	0.0012431217959461976
1468	 LLH-0	0.0012437242218484726	0.0012431217959461976
1469	 LLH-5	0.0012433040970311622	0.0012433040970311622
1470	 LLH-6	0.0012431982229314696	0.0012431982229314696
1471	 LLH-0	0.001243693143287296	0.0012431982229314696
1472	 LLH-0	0.0012439976413303599	0.0012439976413303599
1473	 LLH-5	0.0012439307227073194	0.0012439307227073194
1474	 LLH-1	0.0012439307227073194	0.0012439307227073194
1475	 LLH-0	0.0012443371987344292	0.0012439307227073194
1476	 LLH-1	0.0012439307227073194	0.0012439307227073194
1477	 LLH-3	0.0012469182348145535	0.0012439307227073194
1478	 LLH-5	0.0012443398802235845	0.0012443398802235845
1479	 LLH-4	0.0012443398802235845	0.0012443398802235845
1484	 LLH-2	0.0012570195467515644	0.0012443398802235845
1485	 LLH-4	0.0012433854368953969	0.0012433854368953969
1489	 LLH-2	0.0012607367259964198	0.0012433854368953969
1490	 LLH-0	0.0012441365386468817	0.0012441365386468817
1491	 LLH-4	0.0012441365386468817	0.0012441365386468817
1496	 LLH-6	0.0012437881801435717	0.0012437881801435717
1497	 LLH-1	0.0012437881801435717	0.0012437881801435717
1498	 LLH-0	0.001244275181634456	0.001244275181634456
1499	 LLH-6	0.0012445703798371105	0.0012445703798371105
1500	 LLH-6	0.0012443041582371006	0.0012443041582371006
1501	 LLH-1	0.0012443041582371006	0.0012443041582371006
1502	 LLH-1	0.0012443041582371006	0.0012443041582371006
1503	 LLH-0	0.0012448480021938566	0.0012448480021938566
1504	 LLH-0	0.0012452350152254588	0.0012448480021938566
1505	 LLH-3	0.0012916995415661733	0.0012448480021938566
1506	 LLH-4	0.0012442732819416577	0.0012442732819416577
1508	 LLH-5	0.0012438682588294826	0.0012438682588294826
1509	 LLH-1	0.0012438682588294826	0.0012438682588294826
1510	 LLH-1	0.0012438682588294826	0.0012438682588294826
1511	 LLH-3	0.0012680342740999666	0.0012438682588294826
1512	 LLH-4	0.0012438682588294826	0.0012438682588294826
1517	 LLH-6	0.0012443255949420415	0.0012443255949420415
1518	 LLH-2	0.0012530100663335334	0.0012443255949420415
1519	 LLH-5	0.0012450885821590396	0.0012443255949420415
1520	 LLH-5	0.0012445109697371208	0.0012445109697371208
1521	 LLH-3	0.0012455479176641427	0.0012445109697371208
1522	 LLH-3	0.001276708497081404	0.0012445109697371208
1523	 LLH-2	0.0012515765862137914	0.0012445109697371208
1524	 LLH-4	0.0012440879662125241	0.0012440879662125241
1526	 LLH-5	0.0012442043051780706	0.0012440879662125241
1527	 LLH-0	0.0012444962161994116	0.0012444962161994116
1528	 LLH-4	0.0012444962161994116	0.0012444962161994116
1533	 LLH-3	0.0012760495528792832	0.0012444962161994116
1534	 LLH-4	0.0012444962161994116	0.0012444962161994116
1539	 LLH-0	0.0012450627718505413	0.0012444962161994116
1540	 LLH-1	0.0012444962161994116	0.0012444962161994116
1541	 LLH-4	0.0012444962161994116	0.0012444962161994116
1546	 LLH-4	0.0012444962161994116	0.0012444962161994116
1551	 LLH-2	0.0012522551785144078	0.0012444962161994116
1552	 LLH-4	0.0012444962161994116	0.0012444962161994116
1557	 LLH-0	0.00124508054746754	0.0012444962161994116
1558	 LLH-5	0.0012452744563351628	0.0012444962161994116
1559	 LLH-0	0.001245318017064179	0.0012444962161994116
1560	 LLH-3	0.0012918172722757644	0.0012444962161994116
1561	 LLH-1	0.0012444962161994116	0.0012444962161994116
1562	 LLH-0	0.0012449553755543477	0.0012449553755543477
1563	 LLH-2	0.0012497580088102092	0.0012449553755543477
1564	 LLH-2	0.0012597937562949712	0.0012449553755543477
1565	 LLH-2	0.0012516535900203186	0.0012449553755543477
1566	 LLH-3	0.00124743172445374	0.0012449553755543477
1567	 LLH-5	0.00124549451115434	0.0012449553755543477
1568	 LLH-1	0.0012449553755543477	0.0012449553755543477
1569	 LLH-5	0.0012446675791811526	0.0012446675791811526
1570	 LLH-6	0.0012445667584374811	0.0012445667584374811
1571	 LLH-2	0.0012509951013570243	0.0012445667584374811
1572	 LLH-4	0.0012441114372177507	0.0012441114372177507
1574	 LLH-4	0.0012436315780812134	0.0012436315780812134
1579	 LLH-5	0.001244399119652629	0.0012436315780812134
1580	 LLH-2	0.0012486633138383742	0.0012436315780812134
1581	 LLH-2	0.0012606484713530844	0.0012436315780812134
1582	 LLH-5	0.0012432536333371032	0.0012432536333371032
1583	 LLH-1	0.0012432536333371032	0.0012432536333371032
1584	 LLH-1	0.0012432536333371032	0.0012432536333371032
1585	 LLH-5	0.001242941161582697	0.001242941161582697
1586	 LLH-0	0.0012433712673870316	0.001242941161582697
1587	 LLH-0	0.0012434034237521394	0.001242941161582697
1588	 LLH-0	0.0012435593792321214	0.001242941161582697
1589	 LLH-2	0.0012511841671209042	0.001242941161582697
1590	 LLH-6	0.0012435172451060364	0.001242941161582697
1591	 LLH-0	0.0012433233518096896	0.0012433233518096896
1592	 LLH-4	0.001242914363828977	0.001242914363828977
1594	 LLH-1	0.001242914363828977	0.001242914363828977
1595	 LLH-6	0.0012439353961618738	0.001242914363828977
1596	 LLH-0	0.0012433697154557626	0.001242914363828977
1597	 LLH-0	0.0012436604796544814	0.001242914363828977
1598	 LLH-0	0.001243336447760558	0.001242914363828977
1599	 LLH-5	0.0012428548596793384	0.0012428548596793384
1600	 LLH-2	0.001256317942404996	0.0012428548596793384
1601	 LLH-6	0.0012429375563650681	0.0012429375563650681
1602	 LLH-3	0.0012507909435557052	0.0012429375563650681
1603	 LLH-4	0.001242461746333342	0.001242461746333342
1608	 LLH-5	0.001242619850413664	0.001242619850413664
1609	 LLH-5	0.0012427886080385118	0.0012427886080385118
1610	 LLH-0	0.001243496315167839	0.0012427886080385118
1611	 LLH-5	0.0012426107864833519	0.0012426107864833519
1612	 LLH-1	0.0012424216307247715	0.0012424216307247715
1613	 LLH-3	0.001270861207538054	0.0012424216307247715
1614	 LLH-4	0.0012424216307247715	0.0012424216307247715
1619	 LLH-5	0.0012427911506712275	0.0012427911506712275
1620	 LLH-3	0.0012721856444052897	0.0012427911506712275
1621	 LLH-6	0.0012421431869230053	0.0012421431869230053
1622	 LLH-3	0.0012486632561811385	0.0012421431869230053
1623	 LLH-6	0.0012418685347393593	0.0012418685347393593
1624	 LLH-6	0.001242218577149954	0.001242218577149954
1625	 LLH-6	0.0012422287673475936	0.0012422287673475936
1626	 LLH-2	0.0012577785504741185	0.0012422287673475936
1627	 LLH-0	0.001242770582578312	0.0012422287673475936
1628	 LLH-4	0.0012422287673475936	0.0012422287673475936
1633	 LLH-6	0.0012429570797454384	0.0012422287673475936
1634	 LLH-1	0.0012422287673475936	0.0012422287673475936
1635	 LLH-5	0.0012420975009006813	0.0012420975009006813
1636	 LLH-0	0.0012415855322221838	0.0012415855322221838
1637	 LLH-1	0.0012415855322221838	0.0012415855322221838
1638	 LLH-3	0.001264026429016242	0.0012415855322221838
1639	 LLH-3	0.0012488910620970075	0.0012415855322221838
1640	 LLH-3	0.0012747465513595806	0.0012415855322221838
1641	 LLH-6	0.0012418592492755658	0.0012415855322221838
1642	 LLH-6	0.0012414141124255885	0.0012414141124255885
1643	 LLH-2	0.0012551351720323331	0.0012414141124255885
1644	 LLH-5	0.0012417006651730864	0.0012414141124255885
1645	 LLH-2	0.0012456648477611348	0.0012414141124255885
1646	 LLH-6	0.0012423463842501444	0.0012414141124255885
1647	 LLH-3	0.0012700262728442577	0.0012414141124255885
1648	 LLH-0	0.0012419220239220832	0.0012414141124255885
1649	 LLH-2	0.0012540891037650492	0.0012414141124255885
1650	 LLH-0	0.0012418425331648304	0.0012414141124255885
1651	 LLH-6	0.0012416863115183448	0.0012416863115183448
1652	 LLH-5	0.0012422374852585083	0.0012422374852585083
1653	 LLH-4	0.0012417256945866728	0.0012417256945866728
1657	 LLH-4	0.0012417256945866728	0.0012417256945866728
1662	 LLH-4	0.0012417256945866728	0.0012417256945866728
1667	 LLH-4	0.0012417256945866728	0.0012417256945866728
1672	 LLH-4	0.0012417256945866728	0.0012417256945866728
1677	 LLH-6	0.001241878183016346	0.001241878183016346
1678	 LLH-4	0.001241878183016346	0.001241878183016346
1683	 LLH-6	0.0012418268054744386	0.0012418268054744386
1684	 LLH-6	0.0012418351315865617	0.0012418351315865617
1685	 LLH-5	0.001241796281536954	0.001241796281536954
1686	 LLH-4	0.001241796281536954	0.001241796281536954
1691	 LLH-3	0.0012460008428677738	0.001241796281536954
1692	 LLH-4	0.001241796281536954	0.001241796281536954
1697	 LLH-3	0.001268074104408098	0.001241796281536954
1698	 LLH-6	0.0012418031547905956	0.0012418031547905956
1699	 LLH-6	0.0012420783555995864	0.0012420783555995864
1700	 LLH-4	0.0012420783555995864	0.0012420783555995864
1705	 LLH-4	0.0012420783555995864	0.0012420783555995864
1710	 LLH-1	0.0012420783555995864	0.0012420783555995864
1711	 LLH-0	0.0012427899245981225	0.0012420783555995864
1712	 LLH-6	0.0012428220970176606	0.0012420783555995864
1713	 LLH-6	0.0012420159008815484	0.0012420159008815484
1714	 LLH-0	0.0012424487732330353	0.0012420159008815484
1715	 LLH-0	0.0012567953137002975	0.0012420159008815484
1716	 LLH-3	0.0012470561107577353	0.0012420159008815484
1717	 LLH-0	0.0012425856102620157	0.0012420159008815484
1718	 LLH-2	0.0012557797611094962	0.0012420159008815484
1719	 LLH-3	0.001261007634350572	0.0012420159008815484
1720	 LLH-3	0.0012843279433684077	0.0012420159008815484
1721	 LLH-5	0.0012423833768392227	0.0012420159008815484
1722	 LLH-4	0.0012420159008815484	0.0012420159008815484
1727	 LLH-3	0.0012795673590615564	0.0012420159008815484
1728	 LLH-0	0.00124243925582853	0.0012420159008815484
1729	 LLH-2	0.0012547165146774594	0.0012420159008815484
1730	 LLH-4	0.0012420159008815484	0.0012420159008815484
1735	 LLH-6	0.0012423107506423694	0.0012420159008815484
1736	 LLH-4	0.0012420159008815484	0.0012420159008815484
1741	 LLH-3	0.0012913404313085078	0.0012420159008815484
1742	 LLH-4	0.0012420159008815484	0.0012420159008815484
1747	 LLH-5	0.001241797880619691	0.001241797880619691
1748	 LLH-0	0.0012421753557851321	0.001241797880619691
1749	 LLH-2	0.00125548476642572	0.001241797880619691
1750	 LLH-3	0.0012458145081981065	0.001241797880619691
1751	 LLH-2	0.0012516785069237501	0.001241797880619691
1752	 LLH-5	0.001241861282527542	0.001241861282527542
1753	 LLH-2	0.0012548311515886053	0.001241861282527542
1754	 LLH-5	0.0012416543697392616	0.0012416543697392616
1755	 LLH-0	0.0012421669264285635	0.0012416543697392616
1756	 LLH-4	0.0012416543697392616	0.0012416543697392616
1761	 LLH-1	0.0012416543697392616	0.0012416543697392616
1762	 LLH-6	0.0012410845212646744	0.0012410845212646744
1763	 LLH-3	0.0012696454692663437	0.0012410845212646744
1764	 LLH-5	0.0012412527734332979	0.0012412527734332979
1765	 LLH-4	0.0012412527734332979	0.0012412527734332979
1770	 LLH-3	0.0012475780450745182	0.0012412527734332979
1771	 LLH-1	0.0012412527734332979	0.0012412527734332979
1772	 LLH-3	0.0012493762433895819	0.0012412527734332979
1773	 LLH-5	0.0012412799291583287	0.0012412799291583287
1774	 LLH-2	0.0012510082079968568	0.0012412799291583287
1775	 LLH-4	0.0012412799291583287	0.0012412799291583287
1780	 LLH-1	0.0012412799291583287	0.0012412799291583287
1781	 LLH-3	0.0012464645380557767	0.0012412799291583287
1782	 LLH-5	0.0012414972741230817	0.0012412799291583287
1783	 LLH-2	0.0012568144742300294	0.0012412799291583287
1784	 LLH-2	0.0012489510481097207	0.0012412799291583287
1785	 LLH-2	0.0012492968659049105	0.0012412799291583287
1786	 LLH-4	0.0012412799291583287	0.0012412799291583287
1791	 LLH-5	0.0012417074148480293	0.0012412799291583287
1792	 LLH-4	0.0012412799291583287	0.0012412799291583287
1797	 LLH-5	0.001241779248727149	0.0012412799291583287
1798	 LLH-6	0.0012422146798079516	0.0012412799291583287
1799	 LLH-1	0.0012411487133396919	0.0012411487133396919
1800	 LLH-2	0.0012534746165361705	0.0012411487133396919
1801	 LLH-1	0.0012411487133396919	0.0012411487133396919
1802	 LLH-0	0.0012418820097101246	0.0012411487133396919
1803	 LLH-0	0.0012416432949927706	0.0012411487133396919
1804	 LLH-1	0.0012411487133396919	0.0012411487133396919
1805	 LLH-1	0.0012411487133396919	0.0012411487133396919
1806	 LLH-4	0.0012411487133396919	0.0012411487133396919
1811	 LLH-6	0.0012408871526901353	0.0012408871526901353
1812	 LLH-6	0.0012408900871641556	0.0012408900871641556
1813	 LLH-5	0.001240603235579812	0.001240603235579812
1814	 LLH-2	0.0012460940781765142	0.001240603235579812
1815	 LLH-2	0.0012556842381760758	0.001240603235579812
1816	 LLH-5	0.001240693961750546	0.001240693961750546
1817	 LLH-4	0.001240693961750546	0.001240693961750546
1822	 LLH-6	0.001241283970123261	0.001240693961750546
1823	 LLH-3	0.0012791404066825607	0.001240693961750546
1824	 LLH-3	0.0012791185730921311	0.001240693961750546
1825	 LLH-4	0.001240693961750546	0.001240693961750546
1830	 LLH-3	0.0012847026162581682	0.001240693961750546
1831	 LLH-6	0.0012395338075359241	0.0012395338075359241
1832	 LLH-1	0.0012395338075359241	0.0012395338075359241
1833	 LLH-4	0.0012395338075359241	0.0012395338075359241
1838	 LLH-6	0.0012400939212276663	0.0012395338075359241
1839	 LLH-0	0.0012400712180931296	0.0012395338075359241
1840	 LLH-6	0.001239615084065023	0.001239615084065023
1841	 LLH-4	0.001239615084065023	0.001239615084065023
1846	 LLH-3	0.0012650988080568832	0.001239615084065023
1847	 LLH-6	0.0012400465308578326	0.001239615084065023
1848	 LLH-6	0.0012399437910790233	0.0012399437910790233
1849	 LLH-4	0.0012399437910790233	0.0012399437910790233
1854	 LLH-5	0.0012403752894241528	0.0012403752894241528
1855	 LLH-2	0.0012481618073534376	0.0012403752894241528
1856	 LLH-1	0.0012403752894241528	0.0012403752894241528
1857	 LLH-5	0.0012404346392779937	0.0012403752894241528
1858	 LLH-0	0.0012407755520777045	0.0012403752894241528
1859	 LLH-4	0.0012403752894241528	0.0012403752894241528
1864	 LLH-4	0.0012403752894241528	0.0012403752894241528
1869	 LLH-1	0.0012403752894241528	0.0012403752894241528
1870	 LLH-2	0.0012498482236351811	0.0012403752894241528
1871	 LLH-6	0.0012401166513427255	0.0012401166513427255
1872	 LLH-4	0.0012401166513427255	0.0012401166513427255
1877	 LLH-2	0.0012500586802814935	0.0012401166513427255
1878	 LLH-6	0.0012402387615324034	0.0012401166513427255
1879	 LLH-6	0.0012406521204852174	0.0012401166513427255
1880	 LLH-4	0.0012401166513427255	0.0012401166513427255
1885	 LLH-4	0.0012401166513427255	0.0012401166513427255
1890	 LLH-3	0.001243901474401902	0.0012401166513427255
1891	 LLH-5	0.001240491347665225	0.001240491347665225
1892	 LLH-0	0.0012412503420206424	0.001240491347665225
1893	 LLH-2	0.0012535444486601313	0.001240491347665225
1894	 LLH-3	0.0012458405890300819	0.001240491347665225
1895	 LLH-0	0.00124092597791319	0.001240491347665225
1896	 LLH-6	0.0012411546092544843	0.001240491347665225
1897	 LLH-1	0.001240491347665225	0.001240491347665225
1898	 LLH-0	0.0012409496357482046	0.001240491347665225
1899	 LLH-0	0.001240940279832477	0.001240491347665225
1900	 LLH-0	0.0012409421472302437	0.001240491347665225
1901	 LLH-3	0.001268199041806903	0.001240491347665225
1902	 LLH-2	0.0012544720008886947	0.001240491347665225
1903	 LLH-1	0.001240491347665225	0.001240491347665225
1904	 LLH-4	0.001240491347665225	0.001240491347665225
1909	 LLH-5	0.0012414510014166409	0.001240491347665225
1910	 LLH-0	0.0012414988818146711	0.001240491347665225
1911	 LLH-4	0.001240491347665225	0.001240491347665225
1916	 LLH-4	0.001240491347665225	0.001240491347665225
1921	 LLH-2	0.001255603091425355	0.001240491347665225
1922	 LLH-6	0.001240324924753861	0.001240324924753861
1923	 LLH-3	0.00124450428638982	0.001240324924753861
1924	 LLH-2	0.0012550884089284225	0.001240324924753861
1925	 LLH-5	0.0012406434484066296	0.001240324924753861
1926	 LLH-6	0.001241261103000272	0.001240324924753861
1927	 LLH-3	0.0012448478304360798	0.001240324924753861
1928	 LLH-4	0.001240324924753861	0.001240324924753861
1933	 LLH-0	0.0012407623631649307	0.001240324924753861
1934	 LLH-5	0.0012400942530712258	0.0012400942530712258
1935	 LLH-6	0.0012408460447215415	0.0012400942530712258
1936	 LLH-4	0.0012400942530712258	0.0012400942530712258
1941	 LLH-3	0.0012473731229171252	0.0012400942530712258
1942	 LLH-4	0.0012400942530712258	0.0012400942530712258
1947	 LLH-6	0.0012405180387015774	0.0012400942530712258
1948	 LLH-5	0.0012397288680769801	0.0012397288680769801
1949	 LLH-4	0.0012397288680769801	0.0012397288680769801
1954	 LLH-5	0.0012396710522382017	0.0012396710522382017
1955	 LLH-6	0.001239941930694715	0.0012396710522382017
1956	 LLH-3	0.0012463081738731479	0.0012396710522382017
1957	 LLH-3	0.0012597557482476728	0.0012396710522382017
1958	 LLH-6	0.0012401206441061477	0.0012396710522382017
1959	 LLH-0	0.0012401243060141814	0.0012396710522382017
1960	 LLH-1	0.0012396710522382017	0.0012396710522382017
1961	 LLH-0	0.0012403886612424822	0.0012396710522382017
1962	 LLH-1	0.001239653594594192	0.001239653594594192
1963	 LLH-0	0.0012403339591624258	0.0012403339591624258
1964	 LLH-3	0.001247176606261255	0.0012403339591624258
1965	 LLH-3	0.0012624008530448924	0.0012403339591624258
1966	 LLH-5	0.0012409448249291262	0.0012403339591624258
1967	 LLH-3	0.0012703488586972738	0.0012403339591624258
1968	 LLH-5	0.0012405179014452637	0.0012403339591624258
1969	 LLH-0	0.0012410907389394051	0.0012403339591624258
1970	 LLH-0	0.0012408659926233263	0.0012403339591624258
1971	 LLH-2	0.0012587939168925831	0.0012403339591624258
1972	 LLH-0	0.0012399279362378236	0.0012399279362378236
1973	 LLH-6	0.0012402552832616626	0.0012399279362378236
1974	 LLH-6	0.0012404504804140965	0.0012399279362378236
1975	 LLH-3	0.0012445744766301351	0.0012399279362378236
1976	 LLH-3	0.001261505046392147	0.0012399279362378236
1977	 LLH-6	0.0012403874983094333	0.0012399279362378236
1978	 LLH-5	0.0012399539522070485	0.0012399539522070485
1979	 LLH-3	0.0012445009668921952	0.0012399539522070485
1980	 LLH-3	0.0012436033743369935	0.0012399539522070485
1981	 LLH-5	0.0012401039528383163	0.0012399539522070485
1982	 LLH-2	0.0012538593284959001	0.0012399539522070485
1983	 LLH-0	0.001240909899173486	0.0012399539522070485
1984	 LLH-4	0.0012399539522070485	0.0012399539522070485
1989	 LLH-4	0.0012399539522070485	0.0012399539522070485
1994	 LLH-6	0.0012404888163194923	0.0012399539522070485
1995	 LLH-1	0.0012399539522070485	0.0012399539522070485
1996	 LLH-3	0.00127432755265342	0.0012399539522070485
1997	 LLH-6	0.0012415982327398589	0.0012399539522070485
1998	 LLH-1	0.0012399539522070485	0.0012399539522070485
1999	 LLH-3	0.0012618690530097798	0.0012399539522070485
GRID-Start
0.0	0.0
0.0	308.0385
0.0	616.077
0.0	924.1155
0.0	1232.154
0.0	1540.1925
0.0	1848.2310000000002
0.0	2156.2695000000003
0.0	2464.3080000000004
0.0	2772.3465000000006
0.0	3080.3850000000007
0.0	3388.423500000001
0.0	3696.462000000001
0.0	4004.500500000001
0.0	4312.539000000001
0.0	4620.5775
0.0	4928.616
0.0	5236.6545
0.0	5544.692999999999
0.0	5852.731499999999
0.0	6160.769999999999
0.0	6468.808499999998
308.0385	0.0
308.0385	308.0385
308.0385	616.077
308.0385	924.1155
308.0385	1232.154
308.0385	1540.1925
308.0385	1848.2310000000002
308.0385	2156.2695000000003
308.0385	2464.3080000000004
308.0385	2772.3465000000006
308.0385	3080.3850000000007
308.0385	3388.423500000001
308.0385	3696.462000000001
308.0385	4004.500500000001
308.0385	4312.539000000001
308.0385	4620.5775
308.0385	4928.616
308.0385	5236.6545
308.0385	5544.692999999999
308.0385	5852.731499999999
308.0385	6160.769999999999
308.0385	6468.808499999998
616.077	0.0
616.077	308.0385
616.077	616.077
616.077	924.1155
616.077	1232.154
616.077	1540.1925
616.077	1848.2310000000002
616.077	2156.2695000000003
616.077	2464.3080000000004
616.077	2772.3465000000006
616.077	3080.3850000000007
616.077	3388.423500000001
616.077	3696.462000000001
616.077	4004.500500000001
616.077	4312.539000000001
616.077	4620.5775
616.077	4928.616
616.077	5236.6545
616.077	5544.692999999999
616.077	5852.731499999999
616.077	6160.769999999999
616.077	6468.808499999998
924.1155	0.0
924.1155	308.0385
924.1155	616.077
924.1155	924.1155
924.1155	1232.154
924.1155	1540.1925
924.1155	1848.2310000000002
924.1155	2156.2695000000003
924.1155	2464.3080000000004
924.1155	2772.3465000000006
924.1155	3080.3850000000007
924.1155	3388.423500000001
924.1155	3696.462000000001
924.1155	4004.500500000001
924.1155	4312.539000000001
924.1155	4620.5775
924.1155	4928.616
924.1155	5236.6545
924.1155	5544.692999999999
924.1155	5852.731499999999
924.1155	6160.769999999999
924.1155	6468.808499999998
1232.154	0.0
1232.154	308.0385
1232.154	616.077
1232.154	924.1155
1232.154	1232.154
1232.154	1540.1925
1232.154	1848.2310000000002
1232.154	2156.2695000000003
1232.154	2464.3080000000004
1232.154	2772.3465000000006
1232.154	3080.3850000000007
1232.154	4620.5775
1232.154	4928.616
1232.154	5236.6545
1232.154	5544.692999999999
1232.154	5852.731499999999
1232.154	6160.769999999999
1232.154	6468.808499999998
1540.1925	0.0
1540.1925	308.0385
1540.1925	616.077
1540.1925	924.1155
1540.1925	1232.154
1540.1925	1540.1925
1540.1925	1848.2310000000002
1540.1925	2156.2695000000003
1540.1925	2464.3080000000004
1540.1925	2772.3465000000006
1540.1925	3080.3850000000007
1540.1925	4620.5775
1540.1925	4928.616
1540.1925	5236.6545
1540.1925	5544.692999999999
1540.1925	5852.731499999999
1540.1925	6160.769999999999
1540.1925	6468.808499999998
1848.2310000000002	0.0
1848.2310000000002	308.0385
1848.2310000000002	616.077
1848.2310000000002	924.1155
1848.2310000000002	1232.154
1848.2310000000002	1540.1925
1848.2310000000002	1848.2310000000002
1848.2310000000002	2156.2695000000003
1848.2310000000002	2464.3080000000004
1848.2310000000002	2772.3465000000006
1848.2310000000002	3080.3850000000007
1848.2310000000002	4620.5775
1848.2310000000002	4928.616
1848.2310000000002	5236.6545
1848.2310000000002	5544.692999999999
1848.2310000000002	5852.731499999999
1848.2310000000002	6160.769999999999
1848.2310000000002	6468.808499999998
2156.2695000000003	0.0
2156.2695000000003	308.0385
2156.2695000000003	616.077
2156.2695000000003	924.1155
2156.2695000000003	1232.154
2156.2695000000003	1540.1925
2156.2695000000003	1848.2310000000002
2156.2695000000003	2156.2695000000003
2156.2695000000003	2464.3080000000004
2156.2695000000003	2772.3465000000006
2156.2695000000003	3080.3850000000007
2156.2695000000003	4620.5775
2156.2695000000003	4928.616
2156.2695000000003	5236.6545
2156.2695000000003	5544.692999999999
2156.2695000000003	5852.731499999999
2156.2695000000003	6160.769999999999
2156.2695000000003	6468.808499999998
2464.3080000000004	0.0
2464.3080000000004	2464.3080000000004
2464.3080000000004	2772.3465000000006
2464.3080000000004	3080.3850000000007
2464.3080000000004	3388.423500000001
2464.3080000000004	3696.462000000001
2464.3080000000004	4004.500500000001
2464.3080000000004	4312.539000000001
2464.3080000000004	4620.5775
2464.3080000000004	4928.616
2464.3080000000004	5236.6545
2464.3080000000004	5544.692999999999
2464.3080000000004	5852.731499999999
2464.3080000000004	6160.769999999999
2464.3080000000004	6468.808499999998
2772.3465000000006	0.0
2772.3465000000006	2464.3080000000004
2772.3465000000006	2772.3465000000006
2772.3465000000006	3080.3850000000007
2772.3465000000006	3388.423500000001
2772.3465000000006	3696.462000000001
2772.3465000000006	4004.500500000001
2772.3465000000006	4312.539000000001
2772.3465000000006	4620.5775
2772.3465000000006	4928.616
2772.3465000000006	5236.6545
2772.3465000000006	5544.692999999999
2772.3465000000006	5852.731499999999
2772.3465000000006	6160.769999999999
2772.3465000000006	6468.808499999998
3080.3850000000007	0.0
3080.3850000000007	2464.3080000000004
3080.3850000000007	2772.3465000000006
3080.3850000000007	3080.3850000000007
3080.3850000000007	3388.423500000001
3080.3850000000007	3696.462000000001
3080.3850000000007	4004.500500000001
3080.3850000000007	4312.539000000001
3080.3850000000007	4620.5775
3080.3850000000007	4928.616
3080.3850000000007	5236.6545
3080.3850000000007	5544.692999999999
3080.3850000000007	5852.731499999999
3080.3850000000007	6160.769999999999
3080.3850000000007	6468.808499999998
3388.423500000001	0.0
3388.423500000001	2464.3080000000004
3388.423500000001	2772.3465000000006
3388.423500000001	3080.3850000000007
3388.423500000001	3388.423500000001
3388.423500000001	3696.462000000001
3388.423500000001	4004.500500000001
3388.423500000001	4312.539000000001
3388.423500000001	4620.5775
3388.423500000001	4928.616
3388.423500000001	5236.6545
3388.423500000001	5544.692999999999
3388.423500000001	5852.731499999999
3388.423500000001	6160.769999999999
3388.423500000001	6468.808499999998
3696.462000000001	0.0
3696.462000000001	308.0385
3696.462000000001	616.077
3696.462000000001	924.1155
3696.462000000001	1232.154
3696.462000000001	1540.1925
3696.462000000001	1848.2310000000002
3696.462000000001	2156.2695000000003
3696.462000000001	3388.423500000001
3696.462000000001	3696.462000000001
3696.462000000001	4004.500500000001
3696.462000000001	4312.539000000001
3696.462000000001	4620.5775
3696.462000000001	4928.616
3696.462000000001	5236.6545
3696.462000000001	5544.692999999999
3696.462000000001	5852.731499999999
3696.462000000001	6160.769999999999
3696.462000000001	6468.808499999998
4004.500500000001	0.0
4004.500500000001	308.0385
4004.500500000001	616.077
4004.500500000001	924.1155
4004.500500000001	1232.154
4004.500500000001	1540.1925
4004.500500000001	1848.2310000000002
4004.500500000001	2156.2695000000003
4004.500500000001	3388.423500000001
4004.500500000001	3696.462000000001
4004.500500000001	4004.500500000001
4004.500500000001	4312.539000000001
4004.500500000001	4620.5775
4004.500500000001	4928.616
4004.500500000001	5236.6545
4004.500500000001	5544.692999999999
4004.500500000001	5852.731499999999
4004.500500000001	6160.769999999999
4004.500500000001	6468.808499999998
4312.539000000001	0.0
4312.539000000001	308.0385
4312.539000000001	616.077
4312.539000000001	924.1155
4312.539000000001	1232.154
4312.539000000001	1540.1925
4312.539000000001	1848.2310000000002
4312.539000000001	2156.2695000000003
4312.539000000001	3388.423500000001
4312.539000000001	3696.462000000001
4312.539000000001	4004.500500000001
4312.539000000001	4312.539000000001
4312.539000000001	4620.5775
4312.539000000001	4928.616
4312.539000000001	5236.6545
4312.539000000001	5544.692999999999
4312.539000000001	5852.731499999999
4312.539000000001	6160.769999999999
4312.539000000001	6468.808499999998
4620.5775	0.0
4620.5775	308.0385
4620.5775	616.077
4620.5775	924.1155
4620.5775	1232.154
4620.5775	1540.1925
4620.5775	1848.2310000000002
4620.5775	2156.2695000000003
4620.5775	2464.3080000000004
4620.5775	2772.3465000000006
4620.5775	3080.3850000000007
4620.5775	3388.423500000001
4620.5775	3696.462000000001
4620.5775	4004.500500000001
4620.5775	4312.539000000001
4620.5775	4620.5775
4620.5775	4928.616
4620.5775	5236.6545
4620.5775	5544.692999999999
4620.5775	5852.731499999999
4620.5775	6160.769999999999
4620.5775	6468.808499999998
4928.616	0.0
4928.616	308.0385
4928.616	616.077
4928.616	924.1155
4928.616	1232.154
4928.616	1540.1925
4928.616	1848.2310000000002
4928.616	2156.2695000000003
4928.616	2464.3080000000004
4928.616	2772.3465000000006
4928.616	3080.3850000000007
4928.616	3388.423500000001
4928.616	3696.462000000001
4928.616	4004.500500000001
4928.616	4312.539000000001
4928.616	4620.5775
4928.616	4928.616
4928.616	5236.6545
4928.616	5544.692999999999
4928.616	5852.731499999999
4928.616	6160.769999999999
4928.616	6468.808499999998
5236.6545	0.0
5236.6545	308.0385
5236.6545	616.077
5236.6545	924.1155
5236.6545	1232.154
5236.6545	1540.1925
5236.6545	1848.2310000000002
5236.6545	2156.2695000000003
5236.6545	2464.3080000000004
5236.6545	2772.3465000000006
5236.6545	3080.3850000000007
5236.6545	3388.423500000001
5236.6545	3696.462000000001
5236.6545	4004.500500000001
5236.6545	4312.539000000001
5236.6545	4620.5775
5236.6545	4928.616
5236.6545	5236.6545
5236.6545	5544.692999999999
5236.6545	5852.731499999999
5236.6545	6160.769999999999
5236.6545	6468.808499999998
5544.692999999999	0.0
5544.692999999999	308.0385
5544.692999999999	616.077
5544.692999999999	924.1155
5544.692999999999	1232.154
5544.692999999999	1540.1925
5544.692999999999	1848.2310000000002
5544.692999999999	2156.2695000000003
5544.692999999999	2464.3080000000004
5544.692999999999	2772.3465000000006
5544.692999999999	3080.3850000000007
5544.692999999999	3388.423500000001
5544.692999999999	3696.462000000001
5544.692999999999	4004.500500000001
5544.692999999999	4312.539000000001
5544.692999999999	4620.5775
5544.692999999999	4928.616
5544.692999999999	5236.6545
5544.692999999999	5544.692999999999
5544.692999999999	5852.731499999999
5544.692999999999	6160.769999999999
5544.692999999999	6468.808499999998
5852.731499999999	0.0
5852.731499999999	308.0385
5852.731499999999	616.077
5852.731499999999	924.1155
5852.731499999999	1232.154
5852.731499999999	1540.1925
5852.731499999999	1848.2310000000002
5852.731499999999	2156.2695000000003
5852.731499999999	2464.3080000000004
5852.731499999999	2772.3465000000006
5852.731499999999	3080.3850000000007
5852.731499999999	3388.423500000001
5852.731499999999	3696.462000000001
5852.731499999999	4004.500500000001
5852.731499999999	4312.539000000001
5852.731499999999	4620.5775
5852.731499999999	4928.616
5852.731499999999	5236.6545
5852.731499999999	5544.692999999999
5852.731499999999	5852.731499999999
5852.731499999999	6160.769999999999
5852.731499999999	6468.808499999998
6160.769999999999	0.0
6160.769999999999	308.0385
6160.769999999999	616.077
6160.769999999999	924.1155
6160.769999999999	1232.154
6160.769999999999	1540.1925
6160.769999999999	1848.2310000000002
6160.769999999999	2156.2695000000003
6160.769999999999	2464.3080000000004
6160.769999999999	2772.3465000000006
6160.769999999999	3080.3850000000007
6160.769999999999	3388.423500000001
6160.769999999999	3696.462000000001
6160.769999999999	4004.500500000001
6160.769999999999	4312.539000000001
6160.769999999999	4620.5775
6160.769999999999	4928.616
6160.769999999999	5236.6545
6160.769999999999	5544.692999999999
6160.769999999999	5852.731499999999
6160.769999999999	6160.769999999999
6160.769999999999	6468.808499999998
6468.808499999998	0.0
6468.808499999998	308.0385
6468.808499999998	616.077
6468.808499999998	924.1155
6468.808499999998	1232.154
6468.808499999998	1540.1925
6468.808499999998	1848.2310000000002
6468.808499999998	2156.2695000000003
6468.808499999998	2464.3080000000004
6468.808499999998	2772.3465000000006
6468.808499999998	3080.3850000000007
6468.808499999998	3388.423500000001
6468.808499999998	3696.462000000001
6468.808499999998	4004.500500000001
6468.808499999998	4312.539000000001
6468.808499999998	4620.5775
6468.808499999998	4928.616
6468.808499999998	5236.6545
6468.808499999998	5544.692999999999
6468.808499999998	5852.731499999999
6468.808499999998	6160.769999999999
6468.808499999998	6468.808499999998
6776.846999999998	0.0
6776.846999999998	308.0385
6776.846999999998	616.077
6776.846999999998	924.1155
6776.846999999998	1232.154
6776.846999999998	1540.1925
6776.846999999998	1848.2310000000002
6776.846999999998	2156.2695000000003
6776.846999999998	2464.3080000000004
6776.846999999998	2772.3465000000006
6776.846999999998	3080.3850000000007
6776.846999999998	3388.423500000001
6776.846999999998	3696.462000000001
6776.846999999998	4004.500500000001
6776.846999999998	4312.539000000001
6776.846999999998	4620.5775
6776.846999999998	4928.616
6776.846999999998	5236.6545
6776.846999999998	5544.692999999999
6776.846999999998	5852.731499999999
6776.846999999998	6160.769999999999
6776.846999999998	6468.808499999998
7084.885499999998	0.0
7084.885499999998	308.0385
7084.885499999998	616.077
7084.885499999998	924.1155
7084.885499999998	1232.154
7084.885499999998	1540.1925
7084.885499999998	1848.2310000000002
7084.885499999998	2156.2695000000003
7084.885499999998	2464.3080000000004
7084.885499999998	2772.3465000000006
7084.885499999998	3080.3850000000007
7084.885499999998	3388.423500000001
7084.885499999998	3696.462000000001
7084.885499999998	4004.500500000001
7084.885499999998	4312.539000000001
7084.885499999998	4620.5775
7084.885499999998	4928.616
7084.885499999998	5236.6545
7084.885499999998	5544.692999999999
7084.885499999998	5852.731499999999
7084.885499999998	6160.769999999999
7084.885499999998	6468.808499999998
7392.923999999997	0.0
7392.923999999997	308.0385
7392.923999999997	616.077
7392.923999999997	924.1155
7392.923999999997	1232.154
7392.923999999997	1540.1925
7392.923999999997	1848.2310000000002
7392.923999999997	2156.2695000000003
7392.923999999997	2464.3080000000004
7392.923999999997	2772.3465000000006
7392.923999999997	3080.3850000000007
7392.923999999997	3388.423500000001
7392.923999999997	3696.462000000001
7392.923999999997	4004.500500000001
7392.923999999997	4312.539000000001
7392.923999999997	4620.5775
7392.923999999997	4928.616
7392.923999999997	5236.6545
7392.923999999997	5544.692999999999
7392.923999999997	5852.731499999999
7392.923999999997	6160.769999999999
7392.923999999997	6468.808499999998
7700.962499999997	0.0
7700.962499999997	308.0385
7700.962499999997	616.077
7700.962499999997	924.1155
7700.962499999997	1232.154
7700.962499999997	1540.1925
7700.962499999997	1848.2310000000002
7700.962499999997	2156.2695000000003
7700.962499999997	2464.3080000000004
7700.962499999997	2772.3465000000006
7700.962499999997	3080.3850000000007
7700.962499999997	3388.423500000001
7700.962499999997	3696.462000000001
7700.962499999997	4004.500500000001
7700.962499999997	4312.539000000001
7700.962499999997	4620.5775
7700.962499999997	4928.616
7700.962499999997	5236.6545
7700.962499999997	5544.692999999999
7700.962499999997	5852.731499999999
7700.962499999997	6160.769999999999
7700.962499999997	6468.808499999998
8009.000999999997	0.0
8009.000999999997	308.0385
8009.000999999997	616.077
8009.000999999997	924.1155
8009.000999999997	1232.154
8009.000999999997	1540.1925
8009.000999999997	1848.2310000000002
8009.000999999997	2156.2695000000003
8009.000999999997	2464.3080000000004
8009.000999999997	2772.3465000000006
8009.000999999997	3080.3850000000007
8009.000999999997	3388.423500000001
8009.000999999997	3696.462000000001
8009.000999999997	4004.500500000001
8009.000999999997	4312.539000000001
8009.000999999997	4620.5775
8009.000999999997	4928.616
8009.000999999997	5236.6545
8009.000999999997	5544.692999999999
8009.000999999997	5852.731499999999
8009.000999999997	6160.769999999999
8009.000999999997	6468.808499999998
8317.039499999997	0.0
8317.039499999997	308.0385
8317.039499999997	616.077
8317.039499999997	924.1155
8317.039499999997	1232.154
8317.039499999997	1540.1925
8317.039499999997	1848.2310000000002
8317.039499999997	2156.2695000000003
8317.039499999997	2464.3080000000004
8317.039499999997	2772.3465000000006
8317.039499999997	3080.3850000000007
8317.039499999997	3388.423500000001
8317.039499999997	3696.462000000001
8317.039499999997	4004.500500000001
8317.039499999997	4312.539000000001
8317.039499999997	4620.5775
8317.039499999997	4928.616
8317.039499999997	5236.6545
8317.039499999997	5544.692999999999
8317.039499999997	5852.731499999999
8317.039499999997	6160.769999999999
8317.039499999997	6468.808499999998
8625.077999999998	0.0
8625.077999999998	308.0385
8625.077999999998	616.077
8625.077999999998	924.1155
8625.077999999998	1232.154
8625.077999999998	1540.1925
8625.077999999998	1848.2310000000002
8625.077999999998	2156.2695000000003
8625.077999999998	2464.3080000000004
8625.077999999998	2772.3465000000006
8625.077999999998	3080.3850000000007
8625.077999999998	3388.423500000001
8625.077999999998	3696.462000000001
8625.077999999998	4004.500500000001
8625.077999999998	4312.539000000001
8625.077999999998	4620.5775
8625.077999999998	4928.616
8625.077999999998	5236.6545
8625.077999999998	5544.692999999999
8625.077999999998	5852.731499999999
8625.077999999998	6160.769999999999
8625.077999999998	6468.808499999998
8933.116499999998	0.0
8933.116499999998	308.0385
8933.116499999998	616.077
8933.116499999998	924.1155
8933.116499999998	1232.154
8933.116499999998	1540.1925
8933.116499999998	1848.2310000000002
8933.116499999998	2156.2695000000003
8933.116499999998	2464.3080000000004
8933.116499999998	2772.3465000000006
8933.116499999998	3080.3850000000007
8933.116499999998	3388.423500000001
8933.116499999998	3696.462000000001
8933.116499999998	4004.500500000001
8933.116499999998	4312.539000000001
8933.116499999998	4620.5775
8933.116499999998	4928.616
8933.116499999998	5236.6545
8933.116499999998	5544.692999999999
8933.116499999998	5852.731499999999
8933.116499999998	6160.769999999999
8933.116499999998	6468.808499999998
GRID-End
num_of_evaluations 2000
best obj 0.0012395338075359241
LLH0	57
LLH1	28
LLH2	52
LLH3	57
LLH4	113
LLH5	95
LLH6	79