Initial objective 0.0013063706683263364	 Seed value 118671567
1	 LLH-2	0.0012950242981637971	0.0012950242981637971
2	 LLH-4	0.0012938394093721464	0.0012938394093721464
4	 LLH-2	0.0012949811487087827	0.0012949811487087827
5	 LLH-6	0.0012934958654710952	0.0012934958654710952
6	 LLH-6	0.0012948273598550615	0.0012948273598550615
7	 LLH-3	0.0012604811877440132	0.0012604811877440132
8	 LLH-2	0.0012763664551363506	0.0012763664551363506
9	 LLH-2	0.001285688044025173	0.001285688044025173
10	 LLH-0	0.001284614875565004	0.001284614875565004
11	 LLH-1	0.0012844341082245809	0.0012844341082245809
12	 LLH-2	0.0012711893939343663	0.0012711893939343663
13	 LLH-4	0.0012700209375520349	0.0012700209375520349
17	 LLH-3	0.0013384002447734274	0.0013384002447734274
18	 LLH-2	0.0013300587471127517	0.0013300587471127517
19	 LLH-0	0.0013316398902147451	0.0013316398902147451
20	 LLH-6	0.0013337600606985796	0.0013337600606985796
21	 LLH-4	0.0013320186263769285	0.0013320186263769285
25	 LLH-0	0.0013301402596247484	0.0013301402596247484
26	 LLH-6	0.0013272809038566374	0.0013272809038566374
27	 LLH-3	0.001470654068478815	0.001470654068478815
28	 LLH-3	0.0016449134133671515	0.0016449134133671515
29	 LLH-5	0.0016459224799968246	0.0016459224799968246
30	 LLH-5	0.0016457272017223485	0.0016457272017223485
31	 LLH-6	0.0016470611393087646	0.0016470611393087646
32	 LLH-1	0.0016470611393087646	0.0016470611393087646
33	 LLH-4	0.0016410440603086395	0.0016410440603086395
36	 LLH-0	0.0016474715896970561	0.0016474715896970561
37	 LLH-4	0.0016404970717145387	0.0016404970717145387
39	 LLH-1	0.0016404970717145387	0.0016404970717145387
40	 LLH-3	0.0019428367238409387	0.0019428367238409387
41	 LLH-6	0.0019416854846661022	0.0019416854846661022
42	 LLH-5	0.0019442070964581404	0.0019442070964581404
43	 LLH-2	0.001628431174731642	0.001628431174731642
44	 LLH-1	0.001628431174731642	0.001628431174731642
45	 LLH-2	0.0015695437508240616	0.0015695437508240616
46	 LLH-5	0.0015704108986240141	0.0015704108986240141
47	 LLH-4	0.0015651957463944633	0.0015651957463944633
49	 LLH-5	0.0015668485394108261	0.0015668485394108261
50	 LLH-4	0.0015614390444891298	0.0015614390444891298
52	 LLH-5	0.001561249323438633	0.001561249323438633
53	 LLH-0	0.0015565324939477568	0.0015565324939477568
54	 LLH-5	0.0015550080767011273	0.0015550080767011273
55	 LLH-1	0.0015550080767011273	0.0015550080767011273
56	 LLH-2	0.0014141286175650164	0.0014141286175650164
57	 LLH-4	0.0014109467489491845	0.0014109467489491845
59	 LLH-5	0.0014115582533980858	0.0014115582533980858
60	 LLH-1	0.0014115582533980858	0.0014115582533980858
61	 LLH-3	0.001289430656683511	0.001289430656683511
62	 LLH-3	0.0012684494405837358	0.0012684494405837358
63	 LLH-4	0.0012674970755890695	0.0012674970755890695
67	 LLH-4	0.001266384592667364	0.001266384592667364
70	 LLH-4	0.0012655436365333504	0.0012655436365333504
74	 LLH-0	0.00126640525222159	0.00126640525222159
75	 LLH-0	0.001265469281124642	0.001265469281124642
76	 LLH-3	0.0012514262708593284	0.0012514262708593284
77	 LLH-2	0.0012711403445776121	0.0012711403445776121
78	 LLH-6	0.0012703029724621799	0.0012703029724621799
79	 LLH-1	0.0012702536031110154	0.0012702536031110154
80	 LLH-0	0.0012711557679237146	0.0012711557679237146
81	 LLH-5	0.001270038590679872	0.001270038590679872
82	 LLH-6	0.0012707032699555523	0.0012707032699555523
83	 LLH-6	0.0012710177661840016	0.0012710177661840016
84	 LLH-1	0.0012710177661840016	0.0012710177661840016
85	 LLH-2	0.0012747766797275067	0.0012747766797275067
86	 LLH-3	0.0013384886223984159	0.0013384886223984159
87	 LLH-4	0.0013366256561192667	0.0013366256561192667
90	 LLH-0	0.0013385796484287548	0.0013385796484287548
91	 LLH-6	0.0013360694636542956	0.0013360694636542956
92	 LLH-1	0.0013360694636542956	0.0013360694636542956
93	 LLH-5	0.0013361099664995272	0.0013361099664995272
94	 LLH-5	0.0013369529828097639	0.0013369529828097639
95	 LLH-3	0.0012701782274242774	0.0012701782274242774
96	 LLH-1	0.0012701782274242774	0.0012701782274242774
97	 LLH-4	0.0012701782274242774	0.0012701782274242774
102	 LLH-4	0.0012701782274242774	0.0012701782274242774
107	 LLH-1	0.0012699268502765855	0.0012699268502765855
108	 LLH-4	0.0012699268502765855	0.0012699268502765855
113	 LLH-4	0.0012699268502765855	0.0012699268502765855
118	 LLH-5	0.0012712697709542458	0.0012712697709542458
119	 LLH-5	0.001270765355133268	0.001270765355133268
120	 LLH-0	0.0012719118915602572	0.0012719118915602572
121	 LLH-3	0.001257005796269519	0.001257005796269519
122	 LLH-5	0.0012586705380031704	0.0012586705380031704
123	 LLH-2	0.0012554965026585721	0.0012554965026585721
124	 LLH-6	0.0012560370048578676	0.0012560370048578676
125	 LLH-3	0.0013134703469104762	0.0013134703469104762
126	 LLH-3	0.0012798768317197637	0.0012798768317197637
127	 LLH-4	0.0012788853749201045	0.0012788853749201045
132	 LLH-5	0.0012773148082652662	0.0012773148082652662
133	 LLH-3	0.0013317906299311012	0.0013317906299311012
134	 LLH-3	0.0014456402300397572	0.0014456402300397572
135	 LLH-2	0.0014239369212396583	0.0014239369212396583
136	 LLH-5	0.0014236807303950147	0.0014236807303950147
137	 LLH-1	0.0014236807303950147	0.0014236807303950147
138	 LLH-4	0.0014206773154250786	0.0014206773154250786
141	 LLH-6	0.0014219119165584373	0.0014219119165584373
142	 LLH-2	0.0013793433148648275	0.0013793433148648275
143	 LLH-2	0.001390581011927735	0.001390581011927735
144	 LLH-5	0.0013908153539594532	0.0013908153539594532
145	 LLH-6	0.0013897537879690332	0.0013897537879690332
146	 LLH-4	0.0013873820844209066	0.0013873820844209066
150	 LLH-2	0.0013494831471803483	0.0013494831471803483
151	 LLH-2	0.0013401511439862935	0.0013401511439862935
152	 LLH-1	0.0013401511439862935	0.0013401511439862935
153	 LLH-4	0.0013377980639054316	0.0013377980639054316
156	 LLH-4	0.0013360346977570662	0.0013360346977570662
158	 LLH-1	0.0013360346977570662	0.0013360346977570662
159	 LLH-4	0.0013344053980262833	0.0013344053980262833
161	 LLH-6	0.0013328420702650259	0.0013328420702650259
162	 LLH-2	0.0013064734935686838	0.0013064734935686838
163	 LLH-2	0.0013195383467830661	0.0013195383467830661
164	 LLH-3	0.0012726065760202013	0.0012726065760202013
165	 LLH-1	0.0012729779702397343	0.0012729779702397343
166	 LLH-3	0.0013517787447312295	0.0013517787447312295
167	 LLH-4	0.0013517787447312295	0.0013517787447312295
172	 LLH-4	0.0013496530183798696	0.0013496530183798696
174	 LLH-1	0.0013496530183798696	0.0013496530183798696
175	 LLH-2	0.0013336176275220324	0.0013336176275220324
176	 LLH-3	0.001443988694883735	0.0013336176275220324
177	 LLH-1	0.001333810954587926	0.001333810954587926
178	 LLH-2	0.0013296578695625838	0.0013296578695625838
179	 LLH-5	0.001330199170603043	0.001330199170603043
180	 LLH-4	0.0013285963421964453	0.0013285963421964453
183	 LLH-5	0.001327805770095385	0.001327805770095385
184	 LLH-0	0.001329440082759599	0.001329440082759599
185	 LLH-3	0.0012733674243664006	0.0012733674243664006
186	 LLH-4	0.0012720175911118173	0.0012720175911118173
189	 LLH-3	0.0013475848771346778	0.0013475848771346778
190	 LLH-6	0.0013486390035211166	0.0013486390035211166
191	 LLH-3	0.0014917102503620991	0.0013486390035211166
192	 LLH-5	0.0013472994303820056	0.0013472994303820056
193	 LLH-3	0.0014785156322730808	0.0014785156322730808
194	 LLH-3	0.0016228573845691555	0.0014785156322730808
195	 LLH-5	0.0014783470788008743	0.0014783470788008743
196	 LLH-5	0.0014761240885457663	0.0014761240885457663
197	 LLH-1	0.0014764969338051572	0.0014764969338051572
198	 LLH-2	0.0014348040041649423	0.0014348040041649423
199	 LLH-1	0.001434536266580092	0.001434536266580092
200	 LLH-2	0.001402595124774915	0.001402595124774915
201	 LLH-3	0.0013083996782627045	0.0013083996782627045
202	 LLH-4	0.0013068688194808856	0.0013068688194808856
204	 LLH-1	0.0013068688194808856	0.0013068688194808856
205	 LLH-6	0.0013068944134987021	0.0013068944134987021
206	 LLH-3	0.0014295644000458841	0.0013068944134987021
207	 LLH-1	0.0013064247668866593	0.0013064247668866593
208	 LLH-2	0.0013239331616876993	0.0013239331616876993
209	 LLH-1	0.0013239331616876993	0.0013239331616876993
210	 LLH-6	0.0013225629777998652	0.0013225629777998652
211	 LLH-6	0.0013208807142203493	0.0013208807142203493
212	 LLH-6	0.0013208714352248845	0.0013208714352248845
213	 LLH-4	0.0013192091181130606	0.0013192091181130606
217	 LLH-0	0.001320521919682785	0.001320521919682785
218	 LLH-2	0.001324472589191872	0.001324472589191872
219	 LLH-1	0.001324472589191872	0.001324472589191872
220	 LLH-3	0.0014094830144606016	0.0014094830144606016
221	 LLH-6	0.0014107526878510586	0.0014107526878510586
222	 LLH-5	0.0014104801498411729	0.0014104801498411729
223	 LLH-4	0.0014078858551178277	0.0014078858551178277
225	 LLH-0	0.0014049412212315494	0.0014049412212315494
226	 LLH-0	0.0014076969909629275	0.0014076969909629275
227	 LLH-0	0.0014104180986315691	0.0014104180986315691
228	 LLH-4	0.0014077364391477994	0.0014077364391477994
232	 LLH-0	0.0014050219349857232	0.0014050219349857232
233	 LLH-6	0.0014040447598255945	0.0014040447598255945
234	 LLH-2	0.001385747007524989	0.001385747007524989
235	 LLH-3	0.0012767533866573971	0.0012767533866573971
236	 LLH-4	0.0012753202372435574	0.0012753202372435574
238	 LLH-3	0.0013705018067366329	0.0013705018067366329
239	 LLH-1	0.0013705018067366329	0.0013705018067366329
240	 LLH-6	0.001369825896172308	0.001369825896172308
241	 LLH-2	0.001345952755727696	0.001345952755727696
242	 LLH-1	0.001345952755727696	0.001345952755727696
243	 LLH-5	0.0013459067721465338	0.0013459067721465338
244	 LLH-1	0.001346105541100327	0.001346105541100327
245	 LLH-2	0.0013327916213718026	0.0013327916213718026
246	 LLH-5	0.0013333299845862897	0.0013333299845862897
247	 LLH-6	0.001334510160116862	0.001334510160116862
248	 LLH-4	0.001332729606742489	0.001332729606742489
252	 LLH-0	0.0013346585609197623	0.0013346585609197623
253	 LLH-5	0.0013350860697292184	0.0013350860697292184
254	 LLH-6	0.0013357083517733103	0.0013350860697292184
255	 LLH-1	0.0013350860697292184	0.0013350860697292184
256	 LLH-0	0.0013369243849781574	0.0013369243849781574
257	 LLH-3	0.001487265249147786	0.0013369243849781574
258	 LLH-6	0.0013364769188343572	0.0013364769188343572
259	 LLH-2	0.0013315485144132697	0.0013315485144132697
260	 LLH-0	0.001329914605881105	0.001329914605881105
261	 LLH-4	0.0013276966971087862	0.0013276966971087862
264	 LLH-4	0.0013257206193751996	0.0013257206193751996
266	 LLH-0	0.0013273902107342945	0.0013273902107342945
267	 LLH-1	0.0013273902107342945	0.0013273902107342945
268	 LLH-2	0.0013210298251966162	0.0013210298251966162
269	 LLH-2	0.0013094544491113237	0.0013094544491113237
270	 LLH-6	0.0013095347451637597	0.0013095347451637597
271	 LLH-5	0.0013104381095676103	0.0013104381095676103
272	 LLH-3	0.0012681411257027932	0.0012681411257027932
273	 LLH-2	0.0012686707098723345	0.0012686707098723345
274	 LLH-5	0.001269586197017562	0.001269586197017562
275	 LLH-6	0.0012682594860378166	0.0012682594860378166
276	 LLH-3	0.0012637393271231158	0.0012637393271231158
277	 LLH-1	0.0012637393271231158	0.0012637393271231158
278	 LLH-3	0.001296414308291442	0.001296414308291442
279	 LLH-4	0.001296414308291442	0.001296414308291442
284	 LLH-5	0.0012958483511614394	0.0012958483511614394
285	 LLH-0	0.0012971848753894123	0.0012971848753894123
286	 LLH-5	0.001297654140375137	0.001297654140375137
287	 LLH-4	0.0012963556722701524	0.0012963556722701524
290	 LLH-0	0.0012948436890992713	0.0012948436890992713
291	 LLH-5	0.0012952535528297545	0.0012952535528297545
292	 LLH-3	0.0013700393641679818	0.0013700393641679818
293	 LLH-3	0.0015055088714937036	0.0015055088714937036
294	 LLH-3	0.0013153631407207202	0.0013153631407207202
295	 LLH-4	0.001314061239921137	0.001314061239921137
299	 LLH-5	0.0013141758137623512	0.0013141758137623512
300	 LLH-0	0.0013123769391298133	0.0013123769391298133
301	 LLH-2	0.001312690737970657	0.001312690737970657
302	 LLH-6	0.0013126280713848968	0.0013126280713848968
303	 LLH-3	0.0012698952677144418	0.0012698952677144418
304	 LLH-4	0.0012688337368663683	0.0012688337368663683
308	 LLH-5	0.0012693675588749222	0.0012693675588749222
309	 LLH-0	0.001268262511602849	0.001268262511602849
310	 LLH-4	0.0012671532379266034	0.0012671532379266034
315	 LLH-6	0.001267579242246094	0.001267579242246094
316	 LLH-0	0.0012685529134621996	0.0012685529134621996
317	 LLH-5	0.0012692370281739212	0.0012692370281739212
318	 LLH-6	0.0012704917803919558	0.0012704917803919558
319	 LLH-5	0.0012701660012037937	0.0012701660012037937
320	 LLH-1	0.0012701660012037937	0.0012701660012037937
321	 LLH-6	0.001269568693048388	0.001269568693048388
322	 LLH-1	0.001269568693048388	0.001269568693048388
323	 LLH-6	0.0012701091250559267	0.0012701091250559267
324	 LLH-6	0.0012702395159623443	0.0012702395159623443
325	 LLH-6	0.0012694343863588063	0.0012694343863588063
326	 LLH-0	0.001268621869503899	0.001268621869503899
327	 LLH-3	0.0013411242815065672	0.0013411242815065672
328	 LLH-3	0.0014627717413924616	0.0013411242815065672
329	 LLH-6	0.0013403110999465385	0.0013403110999465385
330	 LLH-3	0.0012788598516722807	0.0012788598516722807
331	 LLH-5	0.00127711838357526	0.00127711838357526
332	 LLH-4	0.0012761575238089925	0.0012761575238089925
334	 LLH-3	0.0012562425137889062	0.0012562425137889062
335	 LLH-2	0.0012611945273760692	0.0012611945273760692
336	 LLH-6	0.0012607839092617118	0.0012607839092617118
337	 LLH-0	0.0012598280695674134	0.0012598280695674134
338	 LLH-2	0.0012708018086768993	0.0012708018086768993
339	 LLH-6	0.0012707861210869097	0.0012707861210869097
340	 LLH-5	0.0012701925422829287	0.0012701925422829287
341	 LLH-6	0.0012710342577203226	0.0012710342577203226
342	 LLH-1	0.0012710342577203226	0.0012710342577203226
343	 LLH-4	0.001270074163186511	0.001270074163186511
346	 LLH-4	0.001270074163186511	0.001270074163186511
351	 LLH-0	0.001269315194809327	0.001269315194809327
352	 LLH-5	0.001269315194809327	0.001269315194809327
353	 LLH-2	0.0012870430177614367	0.0012870430177614367
354	 LLH-2	0.0013009724442619574	0.0013009724442619574
355	 LLH-4	0.0012996723124407848	0.0012996723124407848
359	 LLH-1	0.0013003781337626663	0.0013003781337626663
360	 LLH-2	0.001291688269523478	0.001291688269523478
361	 LLH-5	0.0012919225053336565	0.0012919225053336565
362	 LLH-1	0.0012917864578540369	0.0012917864578540369
363	 LLH-6	0.0012904654548399795	0.0012904654548399795
364	 LLH-2	0.0013011884392255366	0.0013011884392255366
365	 LLH-1	0.0013011884392255366	0.0013011884392255366
366	 LLH-1	0.0013011386386869985	0.0013011386386869985
367	 LLH-2	0.001297016852591605	0.001297016852591605
368	 LLH-2	0.0013019459209800408	0.0013019459209800408
369	 LLH-0	0.001303380773825395	0.001303380773825395
370	 LLH-0	0.0013047997655275046	0.0013047997655275046
371	 LLH-4	0.0013030894005763944	0.0013030894005763944
373	 LLH-0	0.0013041439733327096	0.0013041439733327096
374	 LLH-0	0.0013057615301898487	0.0013057615301898487
375	 LLH-3	0.0014108965318022763	0.0014108965318022763
376	 LLH-6	0.0014106736989195332	0.0014106736989195332
377	 LLH-4	0.0014078432047560626	0.0014078432047560626
379	 LLH-4	0.001405329179327988	0.001405329179327988
381	 LLH-5	0.0014066103078640738	0.0014066103078640738
382	 LLH-6	0.0014044764289511708	0.0014044764289511708
383	 LLH-6	0.0014055365138117672	0.0014055365138117672
384	 LLH-6	0.0014052643355830416	0.0014052643355830416
385	 LLH-3	0.0012906477625103687	0.0012906477625103687
386	 LLH-0	0.00129180132217542	0.00129180132217542
387	 LLH-0	0.0012905819322002329	0.0012905819322002329
388	 LLH-5	0.001290576204590959	0.001290576204590959
389	 LLH-3	0.0013699070709363387	0.0013699070709363387
390	 LLH-2	0.0013575084145229423	0.0013575084145229423
391	 LLH-3	0.0015054527792576298	0.0015054527792576298
392	 LLH-0	0.0015089912512040297	0.0015089912512040297
393	 LLH-1	0.0015089912512040297	0.0015089912512040297
394	 LLH-0	0.001504511062441072	0.001504511062441072
395	 LLH-4	0.0015003011705119092	0.0015003011705119092
397	 LLH-6	0.0014980804704806598	0.0014980804704806598
398	 LLH-4	0.0014938862516555274	0.0014938862516555274
401	 LLH-1	0.0014939347287654479	0.0014939347287654479
402	 LLH-2	0.0014232843666375937	0.0014232843666375937
403	 LLH-4	0.0014207596425326952	0.0014207596425326952
406	 LLH-6	0.0014216861482969348	0.0014216861482969348
407	 LLH-2	0.0014023348503990568	0.0014023348503990568
408	 LLH-0	0.0013997895374923475	0.0013997895374923475
409	 LLH-2	0.0013674765497534692	0.0013674765497534692
410	 LLH-6	0.0013677988094237896	0.0013677988094237896
411	 LLH-2	0.0013801854305235128	0.0013801854305235128
412	 LLH-3	0.0014996274276109747	0.0014996274276109747
413	 LLH-2	0.0014827686442814595	0.0014827686442814595
414	 LLH-2	0.0014099065943024456	0.0014099065943024456
415	 LLH-0	0.0014067678760857217	0.0014067678760857217
416	 LLH-0	0.0014385319571835475	0.0014385319571835475
417	 LLH-2	0.0013744686496966255	0.0013744686496966255
418	 LLH-4	0.0013722670388290389	0.0013722670388290389
420	 LLH-5	0.001372509627588721	0.001372509627588721
421	 LLH-2	0.0013623949005586002	0.0013623949005586002
422	 LLH-2	0.0013543521412207253	0.0013543521412207253
423	 LLH-0	0.001352385639147682	0.001352385639147682
424	 LLH-5	0.0013531479259900143	0.0013531479259900143
425	 LLH-1	0.001353199635512951	0.001353199635512951
426	 LLH-5	0.0013523278758178143	0.0013523278758178143
427	 LLH-5	0.0013503563533389914	0.0013503563533389914
428	 LLH-3	0.001289005867717046	0.001289005867717046
429	 LLH-4	0.001288202238353135	0.001288202238353135
431	 LLH-0	0.001287018896336066	0.001287018896336066
432	 LLH-4	0.001285930627881757	0.001285930627881757
436	 LLH-5	0.001286922755463391	0.001286922755463391
437	 LLH-0	0.0012879846301482307	0.0012879846301482307
438	 LLH-5	0.001288989973172563	0.001288989973172563
439	 LLH-6	0.001289616446319423	0.001289616446319423
440	 LLH-4	0.0012886843675585348	0.0012886843675585348
445	 LLH-1	0.0012886843675585348	0.0012886843675585348
446	 LLH-4	0.001287714219043735	0.001287714219043735
450	 LLH-3	0.001255838618813236	0.001255838618813236
451	 LLH-2	0.0012611288102043984	0.0012611288102043984
452	 LLH-6	0.001260310276486552	0.001260310276486552
453	 LLH-5	0.0012604169936231958	0.0012604169936231958
454	 LLH-1	0.0012604169936231958	0.0012604169936231958
455	 LLH-4	0.001259293724368516	0.001259293724368516
460	 LLH-0	0.0012584833824403907	0.0012584833824403907
461	 LLH-3	0.0012587637756761943	0.0012587637756761943
462	 LLH-2	0.0012515714992481666	0.0012515714992481666
463	 LLH-4	0.001250711512795952	0.001250711512795952
466	 LLH-2	0.0012617438029542858	0.0012617438029542858
467	 LLH-2	0.0012784877963819676	0.0012784877963819676
468	 LLH-5	0.001277489380944413	0.001277489380944413
469	 LLH-3	0.001348988116522698	0.001277489380944413
470	 LLH-1	0.001277489380944413	0.001277489380944413
471	 LLH-0	0.0012782080672690366	0.0012782080672690366
472	 LLH-1	0.0012782080672690366	0.0012782080672690366
473	 LLH-2	0.001267016988963031	0.001267016988963031
474	 LLH-0	0.001267908449087832	0.001267908449087832
475	 LLH-5	0.0012686058619288197	0.0012686058619288197
476	 LLH-3	0.001265538343741413	0.001265538343741413
477	 LLH-6	0.0012642115208781857	0.0012642115208781857
478	 LLH-6	0.0012631602051355354	0.0012631602051355354
479	 LLH-6	0.0012639239747787932	0.0012639239747787932
480	 LLH-4	0.0012629800496802505	0.0012629800496802505
482	 LLH-2	0.0012633512803172308	0.0012633512803172308
483	 LLH-0	0.0012642420631917082	0.0012642420631917082
484	 LLH-6	0.0012643192519832499	0.0012643192519832499
485	 LLH-2	0.0012731704263644371	0.0012731704263644371
486	 LLH-0	0.001272046128111721	0.001272046128111721
487	 LLH-1	0.001272255182572357	0.001272255182572357
488	 LLH-5	0.0012724059307003316	0.0012724059307003316
489	 LLH-0	0.0012734746005609236	0.0012734746005609236
490	 LLH-3	0.00135974849966069	0.0012734746005609236
491	 LLH-5	0.0012731118336393326	0.0012731118336393326
492	 LLH-3	0.001332378360180822	0.001332378360180822
493	 LLH-2	0.0013457182478485614	0.0013457182478485614
494	 LLH-5	0.00134746832448489	0.00134746832448489
495	 LLH-4	0.0013450703426527903	0.0013450703426527903
497	 LLH-1	0.0013450703426527903	0.0013450703426527903
498	 LLH-1	0.0013455846383095967	0.0013455846383095967
499	 LLH-3	0.0012640725767338597	0.0012640725767338597
500	 LLH-3	0.0012608921230174233	0.0012608921230174233
501	 LLH-5	0.0012604298690308486	0.0012604298690308486
502	 LLH-2	0.0012628489646343021	0.0012628489646343021
503	 LLH-0	0.0012638201618877533	0.0012638201618877533
504	 LLH-4	0.0012627148129867043	0.0012627148129867043
508	 LLH-0	0.00126373105817665	0.00126373105817665
509	 LLH-6	0.0012641363089271197	0.0012641363089271197
510	 LLH-3	0.0013193025482313061	0.0013193025482313061
511	 LLH-6	0.0013195338646859553	0.0013195338646859553
512	 LLH-1	0.001319614890485792	0.001319614890485792
513	 LLH-6	0.0013204391121805167	0.0013204391121805167
514	 LLH-0	0.0013217977961092042	0.0013217977961092042
515	 LLH-2	0.001317752358336905	0.001317752358336905
516	 LLH-3	0.0014113032216285628	0.0014113032216285628
517	 LLH-3	0.0015900045750830006	0.0014113032216285628
518	 LLH-1	0.001411466348454478	0.001411466348454478
519	 LLH-5	0.0014133390447007015	0.0014133390447007015
520	 LLH-6	0.0014120188453727901	0.0014120188453727901
521	 LLH-5	0.0014095017139305322	0.0014095017139305322
522	 LLH-4	0.0014072252031678818	0.0014072252031678818
524	 LLH-0	0.001404880475452332	0.001404880475452332
525	 LLH-5	0.0014047385565614332	0.0014047385565614332
526	 LLH-1	0.0014047385565614332	0.0014047385565614332
527	 LLH-0	0.0014016714043119359	0.0014016714043119359
528	 LLH-2	0.0013798372434158635	0.0013798372434158635
529	 LLH-6	0.0013800431096333923	0.0013800431096333923
530	 LLH-3	0.001286506577200781	0.001286506577200781
531	 LLH-6	0.001289473343212631	0.001289473343212631
532	 LLH-1	0.001289473343212631	0.001289473343212631
533	 LLH-5	0.001288402398212381	0.001288402398212381
534	 LLH-0	0.0012894377516925234	0.0012894377516925234
535	 LLH-1	0.0012896800652549222	0.0012896800652549222
536	 LLH-3	0.0013413634180946953	0.0013413634180946953
537	 LLH-3	0.0012822445226442606	0.0012822445226442606
538	 LLH-4	0.0012810516719836081	0.0012810516719836081
542	 LLH-6	0.0012811049722148003	0.0012811049722148003
543	 LLH-0	0.001282358288967401	0.001282358288967401
544	 LLH-4	0.0012813567741339264	0.0012813567741339264
548	 LLH-5	0.0012780207748656438	0.0012780207748656438
549	 LLH-5	0.001278272502687821	0.001278272502687821
550	 LLH-6	0.0012796608283219544	0.0012796608283219544
551	 LLH-3	0.0013538186139636246	0.0012796608283219544
552	 LLH-6	0.0012789223271711112	0.0012789223271711112
553	 LLH-3	0.0012556164585192583	0.0012556164585192583
554	 LLH-3	0.001259952908384012	0.001259952908384012
555	 LLH-1	0.001259952908384012	0.001259952908384012
556	 LLH-1	0.001259952908384012	0.001259952908384012
557	 LLH-0	0.001260477895456335	0.001260477895456335
558	 LLH-6	0.001260533361374053	0.001260533361374053
559	 LLH-0	0.0012444830727242654	0.0012444830727242654
560	 LLH-0	0.0012450462540846618	0.0012450462540846618
561	 LLH-2	0.0012511784291642817	0.0012511784291642817
562	 LLH-3	0.0012964287542485938	0.0012964287542485938
563	 LLH-2	0.0013052968764208637	0.0013052968764208637
564	 LLH-0	0.0013038028811991668	0.0013038028811991668
565	 LLH-5	0.001305315825868322	0.001305315825868322
566	 LLH-1	0.0013051665907443024	0.0013051665907443024
567	 LLH-2	0.0013087955717656476	0.0013087955717656476
568	 LLH-3	0.0012762300848138067	0.0012762300848138067
569	 LLH-0	0.0012771855028657875	0.0012771855028657875
570	 LLH-5	0.0012773479957098616	0.0012773479957098616
571	 LLH-2	0.0012723255460988696	0.0012723255460988696
572	 LLH-5	0.0012722227275543986	0.0012722227275543986
573	 LLH-3	0.0012508203596288089	0.0012508203596288089
574	 LLH-5	0.0012510657369456336	0.0012510657369456336
575	 LLH-5	0.0012515598820469574	0.0012515598820469574
576	 LLH-5	0.0012520952902344876	0.0012520952902344876
577	 LLH-2	0.0012719499525951211	0.0012520952902344876
578	 LLH-5	0.001250888810027229	0.001250888810027229
579	 LLH-6	0.0012507189598691601	0.0012507189598691601
580	 LLH-5	0.0012504401938416782	0.0012504401938416782
581	 LLH-1	0.001250552475811816	0.001250552475811816
582	 LLH-4	0.001249782618289378	0.001249782618289378
586	 LLH-0	0.0012503052035961059	0.0012503052035961059
587	 LLH-6	0.0012513315537341111	0.0012513315537341111
588	 LLH-3	0.0013100056351806814	0.0012513315537341111
589	 LLH-1	0.0012513315537341111	0.0012513315537341111
590	 LLH-1	0.0012513315537341111	0.0012513315537341111
591	 LLH-6	0.001250494243772374	0.001250494243772374
592	 LLH-6	0.0012501480468040122	0.0012501480468040122
593	 LLH-1	0.0012503867763079858	0.0012503867763079858
594	 LLH-5	0.0012501535114487579	0.0012501535114487579
595	 LLH-3	0.001245508288296195	0.001245508288296195
596	 LLH-6	0.0012458768996963343	0.0012458768996963343
597	 LLH-1	0.0012458768996963343	0.0012458768996963343
598	 LLH-4	0.0012458768996963343	0.0012458768996963343
603	 LLH-5	0.0012461868827525861	0.0012461868827525861
604	 LLH-0	0.0012471233286724098	0.0012471233286724098
605	 LLH-6	0.0012470393878525228	0.0012470393878525228
606	 LLH-1	0.0012470393878525228	0.0012470393878525228
607	 LLH-3	0.0012809940683710316	0.0012470393878525228
608	 LLH-5	0.0012466820606537527	0.0012466820606537527
609	 LLH-2	0.0012584939006480742	0.0012584939006480742
610	 LLH-2	0.001255335327312294	0.001255335327312294
611	 LLH-4	0.001255335327312294	0.001255335327312294
616	 LLH-5	0.0012544024432368406	0.0012544024432368406
617	 LLH-3	0.001251448259684653	0.001251448259684653
618	 LLH-3	0.0012868461030397112	0.001251448259684653
619	 LLH-3	0.0012429155812103193	0.0012429155812103193
620	 LLH-4	0.0012429155812103193	0.0012429155812103193
625	 LLH-1	0.0012429155812103193	0.0012429155812103193
626	 LLH-2	0.001249203952492491	0.0012429155812103193
627	 LLH-5	0.0012425879316274567	0.0012425879316274567
628	 LLH-1	0.0012425879316274567	0.0012425879316274567
629	 LLH-0	0.001243350258212885	0.001243350258212885
630	 LLH-1	0.001243350258212885	0.001243350258212885
631	 LLH-3	0.001274729207448369	0.001243350258212885
632	 LLH-5	0.0012430736511774877	0.0012430736511774877
633	 LLH-4	0.0012430736511774877	0.0012430736511774877
638	 LLH-2	0.0012599683578205403	0.0012599683578205403
639	 LLH-2	0.0012592376408732903	0.0012592376408732903
640	 LLH-2	0.0012802081424761048	0.0012802081424761048
641	 LLH-4	0.001279366398932051	0.001279366398932051
643	 LLH-6	0.0012790748139046258	0.0012790748139046258
644	 LLH-5	0.001279446083780356	0.001279446083780356
645	 LLH-6	0.0012797020595282163	0.0012797020595282163
646	 LLH-2	0.001271114954908557	0.001271114954908557
647	 LLH-3	0.0012498035044645906	0.0012498035044645906
648	 LLH-4	0.0012498035044645906	0.0012498035044645906
653	 LLH-4	0.001249184409324069	0.001249184409324069
656	 LLH-0	0.001249948464408279	0.001249948464408279
657	 LLH-0	0.0012491422961113943	0.0012491422961113943
658	 LLH-5	0.0012486163235509132	0.0012486163235509132
659	 LLH-5	0.001248623821274627	0.001248623821274627
660	 LLH-2	0.0012625123612754695	0.0012625123612754695
661	 LLH-6	0.0012625717908537229	0.0012625717908537229
662	 LLH-6	0.001261645284655829	0.001261645284655829
663	 LLH-4	0.0012609759332464832	0.0012609759332464832
665	 LLH-3	0.001253184885821628	0.001253184885821628
666	 LLH-2	0.0012519378046710172	0.0012519378046710172
667	 LLH-0	0.0012525674806781414	0.0012525674806781414
668	 LLH-3	0.0012990032128787725	0.0012990032128787725
669	 LLH-4	0.001297799862046731	0.001297799862046731
671	 LLH-2	0.0013013810703668839	0.0013013810703668839
672	 LLH-6	0.0013027045866803129	0.0013027045866803129
673	 LLH-4	0.0013012854122634492	0.0013012854122634492
678	 LLH-6	0.0013004021898281376	0.0013004021898281376
679	 LLH-5	0.001301093972967561	0.001301093972967561
680	 LLH-2	0.001301699297239413	0.001301699297239413
681	 LLH-4	0.0013004301414512316	0.0013004301414512316
683	 LLH-3	0.0012626172589940254	0.0012626172589940254
684	 LLH-3	0.0012537241188186905	0.0012537241188186905
685	 LLH-2	0.0012677852737263515	0.0012677852737263515
686	 LLH-2	0.0012771068557734999	0.0012677852737263515
687	 LLH-2	0.0012598211058998797	0.0012598211058998797
688	 LLH-3	0.0012492517249522203	0.0012492517249522203
689	 LLH-4	0.0012492517249522203	0.0012492517249522203
694	 LLH-0	0.001249869641789715	0.001249869641789715
695	 LLH-1	0.0012499002680247222	0.0012499002680247222
696	 LLH-0	0.001250711703033126	0.001250711703033126
697	 LLH-6	0.001251456385794797	0.001251456385794797
698	 LLH-5	0.001251690159543151	0.001251690159543151
699	 LLH-6	0.0012525304791007152	0.0012525304791007152
700	 LLH-3	0.001242719545419122	0.001242719545419122
701	 LLH-4	0.001242719545419122	0.001242719545419122
706	 LLH-1	0.001242719545419122	0.001242719545419122
707	 LLH-2	0.001247762385011572	0.001247762385011572
708	 LLH-5	0.0012477294952959604	0.0012477294952959604
709	 LLH-2	0.001251407265204234	0.001251407265204234
710	 LLH-0	0.0012521025763742352	0.0012521025763742352
711	 LLH-4	0.0012514437635926675	0.0012514437635926675
713	 LLH-1	0.0012514437635926675	0.0012514437635926675
714	 LLH-3	0.0013016622463808774	0.0012514437635926675
715	 LLH-3	0.0013041248822869846	0.0012514437635926675
716	 LLH-0	0.0012520382133000693	0.0012520382133000693
717	 LLH-0	0.0012529802548656877	0.0012529802548656877
718	 LLH-1	0.0012529802548656877	0.0012529802548656877
719	 LLH-0	0.0012536833665904256	0.0012536833665904256
720	 LLH-6	0.0012545357314778524	0.0012545357314778524
721	 LLH-4	0.0012539722826020447	0.0012539722826020447
724	 LLH-5	0.0012544100609481227	0.0012544100609481227
725	 LLH-6	0.0012542515776443005	0.0012542515776443005
726	 LLH-1	0.0012542515776443005	0.0012542515776443005
727	 LLH-4	0.0012542515776443005	0.0012542515776443005
732	 LLH-0	0.0012535515472135376	0.0012535515472135376
733	 LLH-4	0.0012535515472135376	0.0012535515472135376
738	 LLH-3	0.0012542254844729265	0.0012542254844729265
739	 LLH-4	0.0012536957610995172	0.0012536957610995172
744	 LLH-6	0.0012532879452724095	0.0012532879452724095
745	 LLH-5	0.0012532263778438745	0.0012532263778438745
746	 LLH-5	0.001252466660050641	0.001252466660050641
747	 LLH-2	0.001262689371731604	0.001262689371731604
748	 LLH-5	0.001262689371731604	0.001262689371731604
749	 LLH-4	0.0012620247783552128	0.0012620247783552128
754	 LLH-6	0.0012607675495906918	0.0012607675495906918
755	 LLH-3	0.0013127186282733988	0.0012607675495906918
756	 LLH-6	0.001260838658120738	0.001260838658120738
757	 LLH-0	0.0012600968890329955	0.0012600968890329955
758	 LLH-2	0.0012576051772137718	0.0012576051772137718
759	 LLH-1	0.0012576051772137718	0.0012576051772137718
760	 LLH-5	0.0012575037380633599	0.0012575037380633599
761	 LLH-0	0.0012581643918392702	0.0012581643918392702
762	 LLH-1	0.0012580325227175288	0.0012580325227175288
763	 LLH-4	0.0012570014094650745	0.0012570014094650745
766	 LLH-2	0.0012572124198739687	0.0012572124198739687
767	 LLH-1	0.0012575686511099799	0.0012575686511099799
768	 LLH-4	0.001256826351099535	0.001256826351099535
770	 LLH-4	0.0012557455953455408	0.0012557455953455408
773	 LLH-4	0.0012557455953455408	0.0012557455953455408
778	 LLH-6	0.0012560316262167064	0.0012560316262167064
779	 LLH-3	0.0012484803555817174	0.0012484803555817174
780	 LLH-5	0.0012482066709510672	0.0012482066709510672
781	 LLH-4	0.001247392045989999	0.001247392045989999
783	 LLH-1	0.001247242663641455	0.001247242663641455
784	 LLH-4	0.001246493876036901	0.001246493876036901
786	 LLH-6	0.0012462041609052942	0.0012462041609052942
787	 LLH-0	0.0012471674417318496	0.0012471674417318496
788	 LLH-4	0.0012471674417318496	0.0012471674417318496
793	 LLH-5	0.0012469644175505548	0.0012469644175505548
794	 LLH-6	0.0012475971379635274	0.0012475971379635274
795	 LLH-5	0.001247356615673424	0.001247356615673424
796	 LLH-1	0.0012474806602473822	0.0012474806602473822
797	 LLH-1	0.0012475374752476981	0.0012475374752476981
798	 LLH-2	0.0012543980913327557	0.0012543980913327557
799	 LLH-3	0.0012581243147644383	0.0012581243147644383
800	 LLH-1	0.0012580714924563697	0.0012580714924563697
801	 LLH-5	0.001258379899359244	0.001258379899359244
802	 LLH-0	0.0012574390033282528	0.0012574390033282528
803	 LLH-1	0.0012574390033282528	0.0012574390033282528
804	 LLH-4	0.0012574390033282528	0.0012574390033282528
809	 LLH-4	0.0012566469301091272	0.0012566469301091272
811	 LLH-4	0.0012559640678590429	0.0012559640678590429
813	 LLH-1	0.0012562026396069975	0.0012562026396069975
814	 LLH-6	0.0012561697368912053	0.0012561697368912053
815	 LLH-4	0.0012555712947504472	0.0012555712947504472
820	 LLH-1	0.0012555712947504472	0.0012555712947504472
821	 LLH-5	0.0012552445212463148	0.0012552445212463148
822	 LLH-5	0.0012545082599867438	0.0012545082599867438
823	 LLH-4	0.0012545082599867438	0.0012545082599867438
828	 LLH-6	0.0012551376420353174	0.0012551376420353174
829	 LLH-0	0.0012543820959577305	0.0012543820959577305
830	 LLH-0	0.0012550064298102884	0.0012550064298102884
831	 LLH-6	0.0012550226796113457	0.0012550226796113457
832	 LLH-1	0.0012550226796113457	0.0012550226796113457
833	 LLH-4	0.001254572348377623	0.001254572348377623
838	 LLH-5	0.0012545326669340922	0.0012545326669340922
839	 LLH-0	0.0012550829617644925	0.0012550829617644925
840	 LLH-5	0.001255074181838316	0.001255074181838316
841	 LLH-3	0.001255325861113549	0.001255325861113549
842	 LLH-3	0.0012974411238986013	0.001255325861113549
843	 LLH-1	0.0012551184126570302	0.0012551184126570302
844	 LLH-1	0.0012551184126570302	0.0012551184126570302
845	 LLH-4	0.0012546167672820834	0.0012546167672820834
848	 LLH-3	0.0012693982708041295	0.0012693982708041295
849	 LLH-3	0.0013666660479130204	0.0012693982708041295
850	 LLH-2	0.0012791813599767972	0.0012791813599767972
851	 LLH-0	0.0012805997401468382	0.0012805997401468382
852	 LLH-0	0.0012816271810601363	0.0012816271810601363
853	 LLH-6	0.0012817197697504454	0.0012817197697504454
854	 LLH-1	0.0012818671050190695	0.0012818671050190695
855	 LLH-4	0.0012807135181293395	0.0012807135181293395
858	 LLH-2	0.0012833233638349854	0.0012807135181293395
859	 LLH-1	0.0012807135181293395	0.0012807135181293395
860	 LLH-0	0.0012819052284174513	0.0012819052284174513
861	 LLH-5	0.0012806947634435046	0.0012806947634435046
862	 LLH-5	0.0012810021718528254	0.0012810021718528254
863	 LLH-2	0.001283986919938807	0.001283986919938807
864	 LLH-6	0.0012841101235092699	0.0012841101235092699
865	 LLH-1	0.001284392699318182	0.001284392699318182
866	 LLH-2	0.0012737578892060306	0.0012737578892060306
867	 LLH-0	0.0012943271707308707	0.0012943271707308707
868	 LLH-2	0.0012957258943205824	0.0012957258943205824
869	 LLH-5	0.0012955043218528114	0.0012955043218528114
870	 LLH-2	0.0012907084583588023	0.0012907084583588023
871	 LLH-2	0.0012871952550675167	0.0012871952550675167
872	 LLH-5	0.0012867715759465898	0.0012867715759465898
873	 LLH-5	0.0012881119899091644	0.0012881119899091644
874	 LLH-4	0.0012869045209280756	0.0012869045209280756
877	 LLH-6	0.001287098248062419	0.001287098248062419
878	 LLH-3	0.0012724162913176277	0.0012724162913176277
879	 LLH-4	0.0012544349819653025	0.0012544349819653025
881	 LLH-0	0.0012552098480947686	0.0012552098480947686
882	 LLH-1	0.0012552098480947686	0.0012552098480947686
883	 LLH-1	0.0012552098480947686	0.0012552098480947686
884	 LLH-5	0.0012539500142792449	0.0012539500142792449
885	 LLH-1	0.0012538318846029375	0.0012538318846029375
886	 LLH-6	0.001255146590175576	0.001255146590175576
887	 LLH-3	0.0012464991858173232	0.0012464991858173232
888	 LLH-6	0.0012456077151416817	0.0012456077151416817
889	 LLH-4	0.0012447371286225324	0.0012447371286225324
891	 LLH-1	0.0012444434736488938	0.0012444434736488938
892	 LLH-3	0.0013026974393193292	0.0012444434736488938
893	 LLH-5	0.0012447509883546524	0.0012447509883546524
894	 LLH-4	0.0012447509883546524	0.0012447509883546524
899	 LLH-4	0.0012447509883546524	0.0012447509883546524
904	 LLH-1	0.0012447509883546524	0.0012447509883546524
905	 LLH-5	0.001243829109081182	0.001243829109081182
906	 LLH-2	0.0012488037294165494	0.0012488037294165494
907	 LLH-2	0.0012673686944318682	0.0012488037294165494
908	 LLH-3	0.0012470944291451485	0.0012470944291451485
909	 LLH-5	0.0012474323587022339	0.0012474323587022339
910	 LLH-0	0.0012479661882732612	0.0012479661882732612
911	 LLH-5	0.0012484656833439025	0.0012484656833439025
912	 LLH-0	0.001249040190221092	0.001249040190221092
913	 LLH-6	0.0012489813365370416	0.0012489813365370416
914	 LLH-0	0.0012498369382696762	0.0012498369382696762
915	 LLH-2	0.0012585793312653581	0.0012498369382696762
916	 LLH-1	0.0012498240934081446	0.0012498240934081446
917	 LLH-5	0.0012504972636135862	0.0012504972636135862
918	 LLH-3	0.0012926803082686465	0.0012504972636135862
919	 LLH-4	0.0012500168384309853	0.0012500168384309853
924	 LLH-3	0.0012486628802121996	0.0012486628802121996
925	 LLH-2	0.0012547540774566562	0.0012547540774566562
926	 LLH-6	0.0012543656228251661	0.0012543656228251661
927	 LLH-0	0.0012534835290439511	0.0012534835290439511
928	 LLH-1	0.0012534835290439511	0.0012534835290439511
929	 LLH-1	0.0012534835290439511	0.0012534835290439511
930	 LLH-1	0.0012534835290439511	0.0012534835290439511
931	 LLH-4	0.0012534835290439511	0.0012534835290439511
936	 LLH-3	0.001284018705898383	0.0012534835290439511
937	 LLH-1	0.0012534835290439511	0.0012534835290439511
938	 LLH-6	0.0012521553242303993	0.0012521553242303993
939	 LLH-3	0.0012449159736579733	0.0012449159736579733
940	 LLH-2	0.0012466191167909138	0.0012466191167909138
941	 LLH-6	0.0012469987278550443	0.0012469987278550443
942	 LLH-4	0.0012465012981309597	0.0012465012981309597
946	 LLH-5	0.0012463711100264925	0.0012463711100264925
947	 LLH-5	0.001245906712550835	0.001245906712550835
948	 LLH-5	0.0012474375244524176	0.0012474375244524176
949	 LLH-1	0.001247617868547061	0.001247617868547061
950	 LLH-6	0.00124858029357772	0.00124858029357772
951	 LLH-6	0.0012481828480103336	0.0012481828480103336
952	 LLH-0	0.0012486780579582751	0.0012486780579582751
953	 LLH-2	0.0012606297289123939	0.0012486780579582751
954	 LLH-0	0.0012491396539354815	0.0012491396539354815
955	 LLH-6	0.0012483541205195357	0.0012483541205195357
956	 LLH-1	0.0012485102494916162	0.0012485102494916162
957	 LLH-2	0.0012607976311583742	0.0012607976311583742
958	 LLH-4	0.0012598735188741749	0.0012598735188741749
961	 LLH-1	0.0012599030134766898	0.0012599030134766898
962	 LLH-0	0.0012608088581174239	0.0012608088581174239
963	 LLH-1	0.0012608336355865507	0.0012608336355865507
964	 LLH-4	0.001259965634528855	0.001259965634528855
966	 LLH-5	0.0012603594153651897	0.0012603594153651897
967	 LLH-1	0.0012604288742994751	0.0012604288742994751
968	 LLH-3	0.0012978276277486977	0.0012604288742994751
969	 LLH-5	0.0012599791763785349	0.0012599791763785349
970	 LLH-1	0.0012599791763785349	0.0012599791763785349
971	 LLH-1	0.0012601594555931126	0.0012601594555931126
972	 LLH-1	0.0012601594555931126	0.0012601594555931126
973	 LLH-6	0.001260533852975201	0.001260533852975201
974	 LLH-3	0.0012950328137183273	0.001260533852975201
975	 LLH-2	0.0012622297864865197	0.001260533852975201
976	 LLH-4	0.0012598847660784404	0.0012598847660784404
978	 LLH-1	0.0012598847660784404	0.0012598847660784404
979	 LLH-1	0.0012598847660784404	0.0012598847660784404
980	 LLH-1	0.0012597482329391875	0.0012597482329391875
981	 LLH-3	0.0013099922738758398	0.0012597482329391875
982	 LLH-4	0.0012597482329391875	0.0012597482329391875
987	 LLH-4	0.001258803494608745	0.001258803494608745
989	 LLH-2	0.001258977388299975	0.001258977388299975
990	 LLH-3	0.0012863578990020797	0.001258977388299975
991	 LLH-1	0.001258977388299975	0.001258977388299975
992	 LLH-4	0.001258977388299975	0.001258977388299975
997	 LLH-2	0.0012679597909365375	0.0012679597909365375
998	 LLH-6	0.001267668299850396	0.001267668299850396
999	 LLH-5	0.0012679533546863507	0.001267668299850396
1000	 LLH-6	0.0012686119998405476	0.0012686119998405476
1001	 LLH-2	0.0012622418924217332	0.0012622418924217332
1002	 LLH-0	0.0012614245682549127	0.0012614245682549127
1003	 LLH-1	0.0012614245682549127	0.0012614245682549127
1004	 LLH-5	0.0012621003023544656	0.0012621003023544656
1005	 LLH-3	0.001264916133972853	0.0012621003023544656
1006	 LLH-3	0.001256981416181343	0.001256981416181343
1007	 LLH-0	0.001257589612285864	0.001257589612285864
1008	 LLH-3	0.001293138721450017	0.001257589612285864
1009	 LLH-2	0.001268610637350933	0.001257589612285864
1010	 LLH-4	0.0012568861326711295	0.0012568861326711295
1015	 LLH-5	0.001257372885550547	0.001257372885550547
1016	 LLH-4	0.0012565618770653876	0.0012565618770653876
1020	 LLH-3	0.0013053064322334062	0.0012565618770653876
1021	 LLH-1	0.0012564951671879753	0.0012564951671879753
1022	 LLH-5	0.0012580229386626384	0.0012580229386626384
1023	 LLH-3	0.0012513084745772347	0.0012513084745772347
1024	 LLH-1	0.0012511995941776619	0.0012511995941776619
1025	 LLH-3	0.0012959500768151028	0.0012511995941776619
1026	 LLH-1	0.0012511995941776619	0.0012511995941776619
1027	 LLH-3	0.0012891057216076768	0.0012511995941776619
1028	 LLH-6	0.0012519328406435542	0.0012519328406435542
1029	 LLH-4	0.0012514296529226995	0.0012514296529226995
1032	 LLH-0	0.0012509298156781123	0.0012509298156781123
1033	 LLH-6	0.001250819898803902	0.001250819898803902
1034	 LLH-2	0.0012668131313988765	0.001250819898803902
1035	 LLH-1	0.0012506769497510097	0.0012506769497510097
1036	 LLH-3	0.001249318067121039	0.001249318067121039
1037	 LLH-6	0.0012484210658592404	0.0012484210658592404
1038	 LLH-0	0.0012488611352554641	0.0012488611352554641
1039	 LLH-3	0.0012524819168359047	0.0012524819168359047
1040	 LLH-3	0.001275751612406781	0.0012524819168359047
1041	 LLH-6	0.0012521423645578767	0.0012521423645578767
1042	 LLH-0	0.0012526237627473184	0.0012526237627473184
1043	 LLH-4	0.0012526237627473184	0.0012526237627473184
1048	 LLH-6	0.001252467417807585	0.001252467417807585
1049	 LLH-3	0.0012660047560620216	0.0012660047560620216
1050	 LLH-4	0.0012660047560620216	0.0012660047560620216
1055	 LLH-4	0.0012660047560620216	0.0012660047560620216
1060	 LLH-4	0.0012660047560620216	0.0012660047560620216
1065	 LLH-5	0.0012666563908323451	0.0012666563908323451
1066	 LLH-4	0.0012666563908323451	0.0012666563908323451
1071	 LLH-4	0.0012666563908323451	0.0012666563908323451
1076	 LLH-0	0.0012675413456802002	0.0012666563908323451
1077	 LLH-2	0.0012942713883194808	0.0012666563908323451
1078	 LLH-2	0.001288909041213867	0.0012666563908323451
1079	 LLH-3	0.0013362434436862925	0.0012666563908323451
1080	 LLH-2	0.0012722646523522334	0.0012722646523522334
1081	 LLH-6	0.0012720541302784708	0.0012720541302784708
1082	 LLH-6	0.0012705648926517538	0.0012705648926517538
1083	 LLH-5	0.001270254529897066	0.001270254529897066
1084	 LLH-3	0.0012642990885983149	0.0012642990885983149
1085	 LLH-5	0.0012638378840854878	0.0012638378840854878
1086	 LLH-5	0.0012635764015213175	0.0012635764015213175
1087	 LLH-4	0.0012629420894484987	0.0012629420894484987
1089	 LLH-6	0.001262252516751105	0.001262252516751105
1090	 LLH-0	0.0012630796745840337	0.0012630796745840337
1091	 LLH-3	0.0012481534571421604	0.0012481534571421604
1092	 LLH-2	0.001251359244901286	0.001251359244901286
1093	 LLH-1	0.0012514155042410318	0.0012514155042410318
1094	 LLH-0	0.001252299403589223	0.001252299403589223
1095	 LLH-6	0.0012521035157332314	0.0012521035157332314
1096	 LLH-6	0.0012525179920835948	0.0012525179920835948
1097	 LLH-2	0.0012667031817533616	0.0012525179920835948
1098	 LLH-4	0.001251726547230368	0.001251726547230368
1102	 LLH-0	0.0012511887089986466	0.0012511887089986466
1103	 LLH-2	0.0012588171791475646	0.0012511887089986466
1104	 LLH-3	0.0012921175060428363	0.0012511887089986466
1105	 LLH-2	0.001259854854062529	0.0012511887089986466
1106	 LLH-1	0.0012511887089986466	0.0012511887089986466
1107	 LLH-6	0.001250923559403145	0.001250923559403145
1108	 LLH-2	0.001254480287637915	0.001250923559403145
1109	 LLH-2	0.0012574314308228998	0.001250923559403145
1110	 LLH-6	0.0012512787177896	0.0012512787177896
1111	 LLH-5	0.0012509269570326648	0.0012509269570326648
1112	 LLH-6	0.0012512014963520644	0.0012512014963520644
1113	 LLH-1	0.0012510446265887438	0.0012510446265887438
1114	 LLH-3	0.0012498267213440488	0.0012498267213440488
1115	 LLH-4	0.0012493636522750598	0.0012493636522750598
1118	 LLH-2	0.0012565954826314553	0.0012493636522750598
1119	 LLH-4	0.0012486005542952702	0.0012486005542952702
1124	 LLH-5	0.0012484045256638948	0.0012484045256638948
1125	 LLH-2	0.0012503016010778423	0.0012503016010778423
1126	 LLH-4	0.001249484408620355	0.001249484408620355
1130	 LLH-0	0.001250156417384717	0.001250156417384717
1131	 LLH-0	0.0012494224115810193	0.0012494224115810193
1132	 LLH-0	0.0012487654268469553	0.0012487654268469553
1133	 LLH-2	0.0012514197657358043	0.0012487654268469553
1134	 LLH-6	0.0012489710297429416	0.0012489710297429416
1135	 LLH-2	0.0012673029151913837	0.0012489710297429416
1136	 LLH-6	0.001249760023179984	0.001249760023179984
1137	 LLH-1	0.0012496791521202514	0.0012496791521202514
1138	 LLH-4	0.0012489494999863462	0.0012489494999863462
1142	 LLH-0	0.001248107617529913	0.001248107617529913
1143	 LLH-3	0.0012943475935682748	0.001248107617529913
1144	 LLH-0	0.001248741788849204	0.001248741788849204
1145	 LLH-4	0.001248741788849204	0.001248741788849204
1150	 LLH-4	0.0012479429114562817	0.0012479429114562817
1152	 LLH-4	0.0012479429114562817	0.0012479429114562817
1157	 LLH-0	0.0012489213306071181	0.0012479429114562817
1158	 LLH-1	0.001247867099161102	0.001247867099161102
1159	 LLH-4	0.001247867099161102	0.001247867099161102
1164	 LLH-3	0.0012431856976957629	0.0012431856976957629
1165	 LLH-2	0.0012568316665691507	0.0012431856976957629
1166	 LLH-4	0.0012431856976957629	0.0012431856976957629
1171	 LLH-5	0.0012428485357105167	0.0012428485357105167
1172	 LLH-6	0.0012426356352448825	0.0012426356352448825
1173	 LLH-4	0.0012426356352448825	0.0012426356352448825
1178	 LLH-4	0.0012426356352448825	0.0012426356352448825
1183	 LLH-4	0.0012426356352448825	0.0012426356352448825
1188	 LLH-0	0.0012432308890780413	0.0012432308890780413
1189	 LLH-4	0.0012432308890780413	0.0012432308890780413
1194	 LLH-2	0.0012644757582095495	0.0012432308890780413
1195	 LLH-5	0.001243180941257351	0.001243180941257351
1196	 LLH-5	0.0012435829340681648	0.001243180941257351
1197	 LLH-3	0.0012772413401985073	0.001243180941257351
1198	 LLH-6	0.0012424728161229174	0.0012424728161229174
1199	 LLH-0	0.0012419945781328363	0.0012419945781328363
1200	 LLH-5	0.001242033562025546	0.001242033562025546
1201	 LLH-3	0.0012418856035954174	0.0012418856035954174
1202	 LLH-0	0.0012423092581483831	0.0012423092581483831
1203	 LLH-0	0.00124191803166857	0.00124191803166857
1204	 LLH-2	0.0012535049969552713	0.00124191803166857
1205	 LLH-2	0.0012470303651735389	0.00124191803166857
1206	 LLH-5	0.001241718521013122	0.001241718521013122
1207	 LLH-4	0.001241718521013122	0.001241718521013122
1212	 LLH-1	0.001241718521013122	0.001241718521013122
1213	 LLH-6	0.0012423242762297645	0.0012423242762297645
1214	 LLH-1	0.0012423242762297645	0.0012423242762297645
1215	 LLH-0	0.0012428440057607286	0.0012428440057607286
1216	 LLH-2	0.001250848111153113	0.0012428440057607286
1217	 LLH-1	0.0012428440057607286	0.0012428440057607286
1218	 LLH-1	0.0012428440057607286	0.0012428440057607286
1219	 LLH-6	0.0012428898278387104	0.0012428898278387104
1220	 LLH-2	0.0012499777728245932	0.0012428898278387104
1221	 LLH-5	0.0012435520502867541	0.0012435520502867541
1222	 LLH-6	0.0012427094227606917	0.0012427094227606917
1223	 LLH-4	0.0012422443647987901	0.0012422443647987901
1225	 LLH-0	0.001242722908415753	0.001242722908415753
1226	 LLH-2	0.001252032339410217	0.001242722908415753
1227	 LLH-0	0.0012431671314985496	0.0012431671314985496
1228	 LLH-5	0.0012437904167903464	0.0012437904167903464
1229	 LLH-4	0.0012437904167903464	0.0012437904167903464
1234	 LLH-6	0.0012438528665378512	0.0012438528665378512
1235	 LLH-5	0.0012433279326938564	0.0012433279326938564
1236	 LLH-3	0.0012821398493674707	0.0012433279326938564
1237	 LLH-4	0.0012433279326938564	0.0012433279326938564
1242	 LLH-6	0.001242763140936441	0.001242763140936441
1243	 LLH-5	0.0012432676987189535	0.001242763140936441
1244	 LLH-6	0.0012432339815217988	0.0012432339815217988
1245	 LLH-3	0.0012443647287114059	0.0012443647287114059
1246	 LLH-2	0.0012554926613464151	0.0012443647287114059
1247	 LLH-4	0.0012438603436667672	0.0012438603436667672
1252	 LLH-0	0.0012442575160553698	0.0012442575160553698
1253	 LLH-5	0.0012445237211086944	0.0012445237211086944
1254	 LLH-5	0.001244478362607824	0.001244478362607824
1255	 LLH-1	0.001244478362607824	0.001244478362607824
1256	 LLH-3	0.00125241961348064	0.001244478362607824
1257	 LLH-3	0.001265557673729232	0.001244478362607824
1258	 LLH-6	0.0012442679576685127	0.0012442679576685127
1259	 LLH-2	0.001249226020448733	0.0012442679576685127
1260	 LLH-0	0.0012446346667508593	0.0012446346667508593
1261	 LLH-6	0.0012452438785323418	0.0012452438785323418
1262	 LLH-0	0.001245723644905836	0.001245723644905836
1263	 LLH-1	0.001245723644905836	0.001245723644905836
1264	 LLH-1	0.0012458631163448325	0.0012458631163448325
1265	 LLH-2	0.001256955510934658	0.0012458631163448325
1266	 LLH-5	0.0012456932388794422	0.0012456932388794422
1267	 LLH-4	0.0012456932388794422	0.0012456932388794422
1272	 LLH-3	0.00127893618796209	0.0012456932388794422
1273	 LLH-5	0.0012457652196026774	0.0012457652196026774
1274	 LLH-5	0.0012457417369249324	0.0012457417369249324
1275	 LLH-2	0.0012470319404482564	0.0012470319404482564
1276	 LLH-2	0.0012626789657035125	0.0012470319404482564
1277	 LLH-0	0.0012478136030714283	0.0012470319404482564
1278	 LLH-0	0.0012475394659640993	0.0012475394659640993
1279	 LLH-0	0.0012470341803968474	0.0012470341803968474
1280	 LLH-3	0.0012453607378758126	0.0012453607378758126
1281	 LLH-3	0.0012455429869820905	0.0012455429869820905
1282	 LLH-6	0.0012455811444527893	0.0012455811444527893
1283	 LLH-2	0.0012551216852325557	0.0012455811444527893
1284	 LLH-1	0.0012455811444527893	0.0012455811444527893
1285	 LLH-0	0.001246023816124363	0.001246023816124363
1286	 LLH-3	0.001260028445649818	0.001246023816124363
1287	 LLH-3	0.001255092775456435	0.001246023816124363
1288	 LLH-5	0.0012457131920648172	0.0012457131920648172
1289	 LLH-2	0.0012440337976538753	0.0012440337976538753
1290	 LLH-1	0.001243970842534261	0.001243970842534261
1291	 LLH-1	0.001243970842534261	0.001243970842534261
1292	 LLH-4	0.001243970842534261	0.001243970842534261
1297	 LLH-0	0.0012443939464201195	0.0012443939464201195
1298	 LLH-2	0.0012621689830375911	0.0012443939464201195
1299	 LLH-5	0.0012431185150395692	0.0012431185150395692
1300	 LLH-6	0.0012430743516029666	0.0012430743516029666
1301	 LLH-0	0.0012425663968238358	0.0012425663968238358
1302	 LLH-1	0.0012425663968238358	0.0012425663968238358
1303	 LLH-3	0.0012417757026305831	0.0012417757026305831
1304	 LLH-4	0.0012417757026305831	0.0012417757026305831
1309	 LLH-6	0.0012417987378083829	0.0012417987378083829
1310	 LLH-4	0.0012417987378083829	0.0012417987378083829
1315	 LLH-0	0.001242540786807462	0.001242540786807462
1316	 LLH-3	0.0012744191382133402	0.001242540786807462
1317	 LLH-1	0.001242540786807462	0.001242540786807462
1318	 LLH-0	0.0012429773481503117	0.0012429773481503117
1319	 LLH-2	0.0012546975079803313	0.0012429773481503117
1320	 LLH-3	0.001249307551300197	0.0012429773481503117
1321	 LLH-1	0.0012429773481503117	0.0012429773481503117
1322	 LLH-0	0.0012433960667630028	0.0012433960667630028
1323	 LLH-6	0.0012437595742654977	0.0012437595742654977
1324	 LLH-1	0.0012437595742654977	0.0012437595742654977
1325	 LLH-6	0.001244152731343989	0.0012437595742654977
1326	 LLH-0	0.0012443746948411327	0.0012443746948411327
1327	 LLH-4	0.0012438783353117514	0.0012438783353117514
1331	 LLH-1	0.0012438783353117514	0.0012438783353117514
1332	 LLH-0	0.0012446037658466952	0.0012446037658466952
1333	 LLH-4	0.0012446037658466952	0.0012446037658466952
1338	 LLH-4	0.0012441099973268448	0.0012441099973268448
1340	 LLH-2	0.0012547091737662996	0.0012441099973268448
1341	 LLH-2	0.0012476695901893564	0.0012441099973268448
1342	 LLH-5	0.0012444252039140197	0.0012444252039140197
1343	 LLH-6	0.0012450698599522313	0.0012450698599522313
1344	 LLH-5	0.0012457412536153519	0.0012457412536153519
1345	 LLH-1	0.0012457412536153519	0.0012457412536153519
1346	 LLH-1	0.0012455111754729568	0.0012455111754729568
1347	 LLH-4	0.0012447694158045353	0.0012447694158045353
1351	 LLH-1	0.0012447694158045353	0.0012447694158045353
1352	 LLH-3	0.0012864731394510312	0.0012447694158045353
1353	 LLH-4	0.0012442839593584376	0.0012442839593584376
1355	 LLH-4	0.0012442839593584376	0.0012442839593584376
1360	 LLH-3	0.0012701522535258395	0.0012442839593584376
1361	 LLH-2	0.001255670921175378	0.0012442839593584376
1362	 LLH-3	0.001271571517136188	0.0012442839593584376
1363	 LLH-4	0.001243503832497393	0.001243503832497393
1367	 LLH-6	0.0012439234344413675	0.0012439234344413675
1368	 LLH-4	0.0012439234344413675	0.0012439234344413675
1373	 LLH-4	0.0012439234344413675	0.0012439234344413675
1378	 LLH-5	0.0012439538650720016	0.0012439538650720016
1379	 LLH-6	0.0012440670174697546	0.0012440670174697546
1380	 LLH-6	0.0012441682024377106	0.0012441682024377106
1381	 LLH-3	0.0012821830527076263	0.0012441682024377106
1382	 LLH-4	0.0012441682024377106	0.0012441682024377106
1387	 LLH-5	0.0012441363202957423	0.0012441363202957423
1388	 LLH-6	0.0012440876472501435	0.0012440876472501435
1389	 LLH-3	0.0012505461909752952	0.0012440876472501435
1390	 LLH-4	0.0012440876472501435	0.0012440876472501435
1395	 LLH-0	0.00124448952349371	0.0012440876472501435
1396	 LLH-5	0.00124394411624379	0.00124394411624379
1397	 LLH-5	0.0012433599313496368	0.0012433599313496368
1398	 LLH-6	0.0012434974435601702	0.0012434974435601702
1399	 LLH-5	0.0012435405720803271	0.0012435405720803271
1400	 LLH-4	0.0012435405720803271	0.0012435405720803271
1405	 LLH-1	0.0012435405720803271	0.0012435405720803271
1406	 LLH-2	0.0012544737389501663	0.0012435405720803271
1407	 LLH-6	0.0012433071543691257	0.0012433071543691257
1408	 LLH-4	0.0012433071543691257	0.0012433071543691257
1413	 LLH-2	0.0012479808217658915	0.0012433071543691257
1414	 LLH-3	0.0012803977265328041	0.0012433071543691257
1415	 LLH-3	0.001284904351517633	0.0012433071543691257
1416	 LLH-1	0.0012433071543691257	0.0012433071543691257
1417	 LLH-2	0.0012557145404515303	0.0012433071543691257
1418	 LLH-1	0.0012431672907529745	0.0012431672907529745
1419	 LLH-4	0.0012431672907529745	0.0012431672907529745
1424	 LLH-0	0.001243546795982728	0.001243546795982728
1425	 LLH-2	0.0012515379858663849	0.001243546795982728
1426	 LLH-4	0.00124289732367906	0.00124289732367906
1430	 LLH-2	0.0012517875202046817	0.00124289732367906
1431	 LLH-2	0.001245376122134013	0.00124289732367906
1432	 LLH-2	0.0012482098691020554	0.00124289732367906
1433	 LLH-1	0.00124289732367906	0.00124289732367906
1434	 LLH-1	0.00124289732367906	0.00124289732367906
1435	 LLH-3	0.0012504848217623644	0.00124289732367906
1436	 LLH-3	0.0012476890672024597	0.00124289732367906
1437	 LLH-6	0.0012420770608325958	0.0012420770608325958
1438	 LLH-4	0.0012420770608325958	0.0012420770608325958
1443	 LLH-3	0.0012459639686059356	0.0012420770608325958
1444	 LLH-2	0.0012544537671394865	0.0012420770608325958
1445	 LLH-5	0.0012425045454663762	0.0012425045454663762
1446	 LLH-0	0.0012428879183294646	0.0012428879183294646
1447	 LLH-2	0.0012595172083153003	0.0012428879183294646
1448	 LLH-0	0.0012432936184309502	0.0012428879183294646
1449	 LLH-6	0.0012422393595630445	0.0012422393595630445
1450	 LLH-0	0.0012426633783187363	0.0012426633783187363
1451	 LLH-0	0.0012431359804496512	0.0012426633783187363
1452	 LLH-0	0.0012431270554934903	0.0012431270554934903
1453	 LLH-6	0.001242314983711231	0.001242314983711231
1454	 LLH-6	0.001242332247678731	0.001242332247678731
1455	 LLH-0	0.0012427729365320445	0.001242332247678731
1456	 LLH-4	0.0012418138341281477	0.0012418138341281477
1458	 LLH-4	0.0012413691741212274	0.0012413691741212274
1460	 LLH-5	0.001241521730520166	0.001241521730520166
1461	 LLH-2	0.0012491459846523123	0.001241521730520166
1462	 LLH-6	0.0012418939796873373	0.001241521730520166
1463	 LLH-1	0.001241521730520166	0.001241521730520166
1464	 LLH-5	0.0012418184270421555	0.0012418184270421555
1465	 LLH-3	0.0012507605019865377	0.0012418184270421555
1466	 LLH-2	0.0012577084698270232	0.0012418184270421555
1467	 LLH-4	0.0012410594931274957	0.0012410594931274957
1472	 LLH-3	0.0012483576724142266	0.0012410594931274957
1473	 LLH-6	0.0012411476564408953	0.0012411476564408953
1474	 LLH-3	0.0012837716284078613	0.0012411476564408953
1475	 LLH-5	0.001241863032238257	0.001241863032238257
1476	 LLH-5	0.0012415091930595785	0.0012415091930595785
1477	 LLH-6	0.001242140353644163	0.001242140353644163
1478	 LLH-6	0.0012426881659520555	0.001242140353644163
1479	 LLH-4	0.001242140353644163	0.001242140353644163
1484	 LLH-4	0.001242140353644163	0.001242140353644163
1489	 LLH-1	0.001242140353644163	0.001242140353644163
1490	 LLH-0	0.0012426024568907331	0.0012426024568907331
1491	 LLH-6	0.0012429778090765468	0.0012429778090765468
1492	 LLH-5	0.0012426464888663903	0.0012426464888663903
1493	 LLH-5	0.0012424705769006434	0.0012424705769006434
1494	 LLH-0	0.0012418377900157787	0.0012418377900157787
1495	 LLH-0	0.0012426158765203713	0.0012426158765203713
1496	 LLH-5	0.0012426884057977438	0.0012426884057977438
1497	 LLH-2	0.0012524271880476785	0.0012426884057977438
1498	 LLH-1	0.0012427117831777187	0.0012427117831777187
1499	 LLH-3	0.0012726565186636167	0.0012427117831777187
1500	 LLH-1	0.0012427117831777187	0.0012427117831777187
1501	 LLH-1	0.0012427117831777187	0.0012427117831777187
1502	 LLH-6	0.0012437129580596747	0.0012427117831777187
1503	 LLH-1	0.0012427117831777187	0.0012427117831777187
1504	 LLH-2	0.0012481884972153376	0.0012427117831777187
1505	 LLH-6	0.0012430331918889242	0.0012430331918889242
1506	 LLH-6	0.0012438378870033933	0.0012430331918889242
1507	 LLH-0	0.0012426297892169798	0.0012426297892169798
1508	 LLH-0	0.001257080644312748	0.0012426297892169798
1509	 LLH-0	0.0012431548320436137	0.0012426297892169798
1510	 LLH-6	0.001243223706899582	0.001243223706899582
1511	 LLH-2	0.001254144078070454	0.001243223706899582
1512	 LLH-2	0.0012583355398071365	0.001243223706899582
1513	 LLH-6	0.001241426784530152	0.001241426784530152
1514	 LLH-2	0.0012511018769916908	0.001241426784530152
1515	 LLH-6	0.0012406264628639049	0.0012406264628639049
1516	 LLH-0	0.0012553729593797682	0.0012406264628639049
1517	 LLH-5	0.0012404043397333388	0.0012404043397333388
1518	 LLH-4	0.0012404043397333388	0.0012404043397333388
1523	 LLH-4	0.0012404043397333388	0.0012404043397333388
1528	 LLH-5	0.0012404793689660529	0.0012404793689660529
1529	 LLH-4	0.0012404793689660529	0.0012404793689660529
1534	 LLH-2	0.0012542968403991162	0.0012404793689660529
1535	 LLH-2	0.0012568573263007708	0.0012404793689660529
1536	 LLH-4	0.0012404793689660529	0.0012404793689660529
1541	 LLH-3	0.0012715072857851539	0.0012404793689660529
1542	 LLH-4	0.0012404793689660529	0.0012404793689660529
1547	 LLH-3	0.0012694745183125975	0.0012404793689660529
1548	 LLH-3	0.0012708496213625139	0.0012404793689660529
1549	 LLH-3	0.0012697484352632298	0.0012404793689660529
1550	 LLH-0	0.0012409867107989784	0.0012404793689660529
1551	 LLH-0	0.0012410243861476601	0.0012404793689660529
1552	 LLH-6	0.0012406612068552691	0.0012406612068552691
1553	 LLH-3	0.0012452635667746781	0.0012406612068552691
1554	 LLH-1	0.001240804999382743	0.001240804999382743
1555	 LLH-0	0.0012415079441942193	0.0012415079441942193
1556	 LLH-1	0.0012415260688551318	0.0012415260688551318
1557	 LLH-5	0.0012415168413450882	0.0012415168413450882
1558	 LLH-1	0.0012415168413450882	0.0012415168413450882
1559	 LLH-2	0.0012550710244697582	0.0012415168413450882
1560	 LLH-5	0.0012418484316572768	0.0012418484316572768
1561	 LLH-2	0.0012502325009090545	0.0012418484316572768
1562	 LLH-3	0.001266355836377902	0.0012418484316572768
1563	 LLH-6	0.0012411932596024626	0.0012411932596024626
1564	 LLH-5	0.0012414241032524544	0.0012411932596024626
1565	 LLH-1	0.0012411932596024626	0.0012411932596024626
1566	 LLH-5	0.0012412007698587944	0.0012411932596024626
1567	 LLH-1	0.0012410433661384933	0.0012410433661384933
1568	 LLH-0	0.0012415529211682289	0.0012415529211682289
1569	 LLH-1	0.0012415529211682289	0.0012415529211682289
1570	 LLH-1	0.0012415529211682289	0.0012415529211682289
1571	 LLH-3	0.0012502279786116692	0.0012415529211682289
1572	 LLH-2	0.0012521254117267172	0.0012415529211682289
1573	 LLH-3	0.0012450743479006123	0.0012415529211682289
1574	 LLH-1	0.0012415529211682289	0.0012415529211682289
1575	 LLH-6	0.0012415167147065045	0.0012415167147065045
1576	 LLH-1	0.0012415167147065045	0.0012415167147065045
1577	 LLH-1	0.0012415167147065045	0.0012415167147065045
1578	 LLH-6	0.001242422702321092	0.0012415167147065045
1579	 LLH-5	0.0012423692955228123	0.0012415167147065045
1580	 LLH-4	0.0012411250931720177	0.0012411250931720177
1585	 LLH-6	0.0012411769546816429	0.0012411769546816429
1586	 LLH-1	0.0012411044541634248	0.0012411044541634248
1587	 LLH-6	0.0012415362306996943	0.0012415362306996943
1588	 LLH-5	0.0012420774880820909	0.0012420774880820909
1589	 LLH-0	0.0012425298959538483	0.0012425298959538483
1590	 LLH-1	0.0012425298959538483	0.0012425298959538483
1591	 LLH-4	0.0012425298959538483	0.0012425298959538483
1596	 LLH-6	0.0012428963589082387	0.0012425298959538483
1597	 LLH-3	0.001249103317276884	0.0012425298959538483
1598	 LLH-1	0.0012425298959538483	0.0012425298959538483
1599	 LLH-6	0.001241936356381001	0.001241936356381001
1600	 LLH-3	0.001246088270584946	0.001241936356381001
1601	 LLH-5	0.0012422651423696818	0.0012422651423696818
1602	 LLH-1	0.0012422651423696818	0.0012422651423696818
1603	 LLH-2	0.001254035238696935	0.0012422651423696818
1604	 LLH-2	0.0012539528229239666	0.0012422651423696818
1605	 LLH-5	0.0012429016420710032	0.0012422651423696818
1606	 LLH-3	0.001270490559016481	0.0012422651423696818
1607	 LLH-0	0.0012428121753629009	0.0012422651423696818
1608	 LLH-1	0.0012422651423696818	0.0012422651423696818
1609	 LLH-0	0.0012427084674786206	0.0012427084674786206
1610	 LLH-4	0.0012422340991598462	0.0012422340991598462
1612	 LLH-6	0.0012429592861409914	0.0012422340991598462
1613	 LLH-6	0.0012422331475656283	0.0012422331475656283
1614	 LLH-3	0.0012448508781063186	0.0012422331475656283
1615	 LLH-6	0.001243476157320178	0.0012422331475656283
1616	 LLH-0	0.001243012388269941	0.001243012388269941
1617	 LLH-1	0.001243012388269941	0.001243012388269941
1618	 LLH-2	0.0012577153214802848	0.001243012388269941
1619	 LLH-1	0.001243012388269941	0.001243012388269941
1620	 LLH-0	0.0012434393454898557	0.0012434393454898557
1621	 LLH-4	0.0012427060950162688	0.0012427060950162688
1625	 LLH-3	0.0012477337177649087	0.0012427060950162688
1626	 LLH-4	0.001242207939989759	0.001242207939989759
1631	 LLH-0	0.001242624604970615	0.001242207939989759
1632	 LLH-0	0.0012426411099077897	0.001242207939989759
1633	 LLH-0	0.0012427248922250124	0.001242207939989759
1634	 LLH-4	0.001242207939989759	0.001242207939989759
1639	 LLH-4	0.001242207939989759	0.001242207939989759
1644	 LLH-3	0.001267384688575714	0.001242207939989759
1645	 LLH-6	0.0012432141668722175	0.001242207939989759
1646	 LLH-4	0.001241754209098898	0.001241754209098898
1651	 LLH-6	0.0012416466828302929	0.0012416466828302929
1652	 LLH-6	0.0012429056994228364	0.0012416466828302929
1653	 LLH-0	0.0012420767236646117	0.0012416466828302929
1654	 LLH-4	0.0012416466828302929	0.0012416466828302929
1659	 LLH-2	0.001251887149065332	0.0012416466828302929
1660	 LLH-6	0.001242571940632252	0.0012416466828302929
1661	 LLH-0	0.0012422347638582887	0.0012416466828302929
1662	 LLH-5	0.0012417158627661927	0.0012417158627661927
1663	 LLH-2	0.0012579451766350231	0.0012417158627661927
1664	 LLH-6	0.0012412219720465958	0.0012412219720465958
1665	 LLH-0	0.0012417105410630275	0.0012412219720465958
1666	 LLH-4	0.0012412219720465958	0.0012412219720465958
1671	 LLH-4	0.0012406469174795337	0.0012406469174795337
1674	 LLH-6	0.0012404490194168258	0.0012404490194168258
1675	 LLH-1	0.0012404490194168258	0.0012404490194168258
1676	 LLH-5	0.0012410605760403042	0.0012404490194168258
1677	 LLH-0	0.0012409508939454415	0.0012404490194168258
1678	 LLH-1	0.0012404490194168258	0.0012404490194168258
1679	 LLH-2	0.0012539673912050633	0.0012404490194168258
1680	 LLH-2	0.001253804831403214	0.0012404490194168258
1681	 LLH-5	0.001240838015797031	0.0012404490194168258
1682	 LLH-5	0.00124048642309691	0.0012404490194168258
1683	 LLH-3	0.0012440824737550437	0.0012404490194168258
1684	 LLH-2	0.0012465439291407235	0.0012404490194168258
1685	 LLH-1	0.0012404490194168258	0.0012404490194168258
1686	 LLH-0	0.0012408453983318354	0.0012404490194168258
1687	 LLH-5	0.0012404783285240525	0.0012404783285240525
1688	 LLH-6	0.0012406865252374843	0.0012406865252374843
1689	 LLH-1	0.0012406865252374843	0.0012406865252374843
1690	 LLH-4	0.0012406865252374843	0.0012406865252374843
1695	 LLH-1	0.0012406865252374843	0.0012406865252374843
1696	 LLH-0	0.001241059329776555	0.001241059329776555
1697	 LLH-4	0.001241059329776555	0.001241059329776555
1702	 LLH-6	0.0012418221866618182	0.001241059329776555
1703	 LLH-0	0.0012415171719646068	0.001241059329776555
1704	 LLH-3	0.0012636014615465937	0.001241059329776555
1705	 LLH-3	0.0012708048391022666	0.001241059329776555
1706	 LLH-0	0.0012415353560005186	0.001241059329776555
1707	 LLH-2	0.0012458218183830385	0.001241059329776555
1708	 LLH-5	0.0012403770181683882	0.0012403770181683882
1709	 LLH-6	0.0012411869335801485	0.0012403770181683882
1710	 LLH-6	0.0012415330724357158	0.0012403770181683882
1711	 LLH-2	0.0012476097099096348	0.0012403770181683882
1712	 LLH-1	0.0012404371366526409	0.0012403770181683882
1713	 LLH-6	0.0012408302120752413	0.0012403770181683882
1714	 LLH-6	0.0012408731686871415	0.0012403770181683882
1715	 LLH-5	0.0012407936799995899	0.0012407936799995899
1716	 LLH-0	0.0012412831034266018	0.0012407936799995899
1717	 LLH-3	0.001282421394762216	0.0012407936799995899
1718	 LLH-5	0.001241203584921913	0.0012407936799995899
1719	 LLH-4	0.001240283113995095	0.001240283113995095
1722	 LLH-5	0.001240951519326772	0.001240283113995095
1723	 LLH-5	0.0012404279640056283	0.0012404279640056283
1724	 LLH-6	0.0012410000306018979	0.0012404279640056283
1725	 LLH-0	0.0012408569150874457	0.0012404279640056283
1726	 LLH-3	0.0012460848415696802	0.0012404279640056283
1727	 LLH-3	0.0012427468337938945	0.0012404279640056283
1728	 LLH-6	0.0012415802608530505	0.0012415802608530505
1729	 LLH-3	0.0012856660930086815	0.0012415802608530505
1730	 LLH-6	0.0012426409662826448	0.0012415802608530505
1731	 LLH-3	0.0012692774588350514	0.0012415802608530505
1732	 LLH-0	0.001242030790832469	0.0012415802608530505
1733	 LLH-6	0.0012419367622899123	0.0012419367622899123
1734	 LLH-3	0.0012447887470335111	0.0012419367622899123
1735	 LLH-6	0.0012425866239952961	0.0012419367622899123
1736	 LLH-4	0.0012419367622899123	0.0012419367622899123
1741	 LLH-6	0.0012419820812994131	0.0012419820812994131
1742	 LLH-4	0.0012419820812994131	0.0012419820812994131
1747	 LLH-4	0.0012419820812994131	0.0012419820812994131
1752	 LLH-1	0.0012419820812994131	0.0012419820812994131
1753	 LLH-2	0.001259670936655656	0.0012419820812994131
1754	 LLH-4	0.0012419820812994131	0.0012419820812994131
1759	 LLH-3	0.0012449502806809337	0.0012419820812994131
1760	 LLH-0	0.0012426985363008917	0.0012419820812994131
1761	 LLH-0	0.0012424890130150804	0.0012419820812994131
1762	 LLH-6	0.0012427550701582198	0.0012419820812994131
1763	 LLH-2	0.0012494245018617128	0.0012419820812994131
1764	 LLH-0	0.001242360216155414	0.0012419820812994131
1765	 LLH-2	0.0012478979635467179	0.0012419820812994131
1766	 LLH-6	0.0012420059704412495	0.0012420059704412495
1767	 LLH-4	0.0012420059704412495	0.0012420059704412495
1772	 LLH-4	0.0012420059704412495	0.0012420059704412495
1777	 LLH-0	0.0012427180419300014	0.0012420059704412495
1778	 LLH-3	0.0012471624760273625	0.0012420059704412495
1779	 LLH-5	0.0012424025563810607	0.0012420059704412495
1780	 LLH-5	0.0012419391395682075	0.0012419391395682075
1781	 LLH-5	0.0012416607197342933	0.0012416607197342933
1782	 LLH-1	0.0012416607197342933	0.0012416607197342933
1783	 LLH-2	0.0012522127858002525	0.0012416607197342933
1784	 LLH-6	0.0012418929331840332	0.0012416607197342933
1785	 LLH-5	0.0012419154909623913	0.0012416607197342933
1786	 LLH-0	0.0012421535591638938	0.0012416607197342933
1787	 LLH-0	0.0012563496856019196	0.0012416607197342933
1788	 LLH-5	0.0012424789395528428	0.0012416607197342933
1789	 LLH-0	0.001242110017013796	0.0012416607197342933
1790	 LLH-3	0.0012460978040732804	0.0012416607197342933
1791	 LLH-0	0.0012421063183475774	0.0012421063183475774
1792	 LLH-3	0.0012463211576677314	0.0012421063183475774
1793	 LLH-4	0.0012421063183475774	0.0012421063183475774
1798	 LLH-4	0.0012421063183475774	0.0012421063183475774
1803	 LLH-0	0.001242651121999947	0.0012421063183475774
1804	 LLH-6	0.0012426226043376679	0.0012421063183475774
1805	 LLH-2	0.0012467314369538993	0.0012421063183475774
1806	 LLH-2	0.0012479851635203631	0.0012421063183475774
1807	 LLH-1	0.0012421063183475774	0.0012421063183475774
1808	 LLH-5	0.0012420343159754788	0.0012420343159754788
1809	 LLH-4	0.0012416378019032628	0.0012416378019032628
1812	 LLH-2	0.0012478119670588362	0.0012416378019032628
1813	 LLH-1	0.0012416378019032628	0.0012416378019032628
1814	 LLH-4	0.0012416378019032628	0.0012416378019032628
1819	 LLH-3	0.0012829907049307125	0.0012416378019032628
1820	 LLH-4	0.0012416378019032628	0.0012416378019032628
1825	 LLH-3	0.0012478883693455393	0.0012416378019032628
1826	 LLH-3	0.00125072293316175	0.0012416378019032628
1827	 LLH-4	0.0012416378019032628	0.0012416378019032628
1832	 LLH-4	0.0012416378019032628	0.0012416378019032628
1837	 LLH-6	0.0012419069426898557	0.0012416378019032628
1838	 LLH-6	0.0012417881807252622	0.0012417881807252622
1839	 LLH-5	0.0012422196770073813	0.0012417881807252622
1840	 LLH-2	0.0012492159241958858	0.0012417881807252622
1841	 LLH-4	0.0012417881807252622	0.0012417881807252622
1846	 LLH-0	0.0012422414943882396	0.0012417881807252622
1847	 LLH-0	0.001242399883830785	0.0012417881807252622
1848	 LLH-0	0.0012424997342668099	0.0012417881807252622
1849	 LLH-5	0.0012419734289990667	0.0012417881807252622
1850	 LLH-5	0.001242312752201101	0.0012417881807252622
1851	 LLH-3	0.0012921502836445457	0.0012417881807252622
1852	 LLH-3	0.0012813785301325575	0.0012417881807252622
1853	 LLH-1	0.0012417881807252622	0.0012417881807252622
1854	 LLH-2	0.0012536097512256884	0.0012417881807252622
1855	 LLH-2	0.0012569506334335948	0.0012417881807252622
1856	 LLH-5	0.0012416110432505692	0.0012416110432505692
1857	 LLH-4	0.0012416110432505692	0.0012416110432505692
1862	 LLH-1	0.0012416110432505692	0.0012416110432505692
1863	 LLH-2	0.0012534471293173866	0.0012416110432505692
1864	 LLH-3	0.001246181987153613	0.0012416110432505692
1865	 LLH-5	0.0012415310483012071	0.0012415310483012071
1866	 LLH-2	0.0012508798917305066	0.0012415310483012071
1867	 LLH-5	0.0012416159868185275	0.0012415310483012071
1868	 LLH-4	0.0012415310483012071	0.0012415310483012071
1873	 LLH-1	0.0012415310483012071	0.0012415310483012071
1874	 LLH-4	0.0012415310483012071	0.0012415310483012071
1879	 LLH-3	0.0012476914347591282	0.0012415310483012071
1880	 LLH-5	0.0012417911031511433	0.0012415310483012071
1881	 LLH-3	0.0012762026358495828	0.0012415310483012071
1882	 LLH-5	0.0012414478314208201	0.0012414478314208201
1883	 LLH-1	0.0012414478314208201	0.0012414478314208201
1884	 LLH-6	0.0012411754178112931	0.0012411754178112931
1885	 LLH-2	0.0012506307197997788	0.0012411754178112931
1886	 LLH-6	0.00124131225918012	0.00124131225918012
1887	 LLH-2	0.0012535542649383116	0.00124131225918012
1888	 LLH-0	0.00124182035535624	0.00124182035535624
1889	 LLH-2	0.0012567663302443207	0.00124182035535624
1890	 LLH-1	0.00124182035535624	0.00124182035535624
1891	 LLH-4	0.0012414471052306438	0.0012414471052306438
1896	 LLH-2	0.0012443837996565694	0.0012414471052306438
1897	 LLH-0	0.0012418715354184943	0.0012414471052306438
1898	 LLH-2	0.0012442324477490848	0.0012414471052306438
1899	 LLH-0	0.0012419719164331097	0.0012414471052306438
1900	 LLH-2	0.0012506531145472226	0.0012414471052306438
1901	 LLH-3	0.0012451437294896794	0.0012414471052306438
1902	 LLH-1	0.0012416250180084388	0.0012414471052306438
1903	 LLH-6	0.0012413933338138764	0.0012413933338138764
1904	 LLH-0	0.0012418083753390893	0.0012413933338138764
1905	 LLH-2	0.0012604988127141131	0.0012413933338138764
1906	 LLH-0	0.0012418291149957283	0.0012413933338138764
1907	 LLH-0	0.0012418526092980644	0.0012413933338138764
1908	 LLH-3	0.0012784579937963904	0.0012413933338138764
1909	 LLH-1	0.0012413933338138764	0.0012413933338138764
1910	 LLH-6	0.0012418301429396833	0.0012413933338138764
1911	 LLH-5	0.0012419864624555873	0.0012413933338138764
1912	 LLH-3	0.0012736624319019216	0.0012413933338138764
1913	 LLH-1	0.0012413933338138764	0.0012413933338138764
1914	 LLH-4	0.0012413933338138764	0.0012413933338138764
1919	 LLH-6	0.0012419620593816685	0.0012413933338138764
1920	 LLH-5	0.0012413306746886477	0.0012413306746886477
1921	 LLH-2	0.001255926760710228	0.0012413306746886477
1922	 LLH-3	0.0012884754192085163	0.0012413306746886477
1923	 LLH-5	0.0012414202716205405	0.0012413306746886477
1924	 LLH-0	0.001241802531897331	0.0012413306746886477
1925	 LLH-0	0.0012417474794877278	0.0012413306746886477
1926	 LLH-1	0.0012413306746886477	0.0012413306746886477
1927	 LLH-3	0.0012869933410888962	0.0012413306746886477
1928	 LLH-0	0.0012418522611629757	0.0012413306746886477
1929	 LLH-5	0.0012414689602368613	0.0012413306746886477
1930	 LLH-5	0.0012414572935254484	0.0012413306746886477
1931	 LLH-1	0.0012413306746886477	0.0012413306746886477
1932	 LLH-4	0.0012413306746886477	0.0012413306746886477
1937	 LLH-1	0.0012413306746886477	0.0012413306746886477
1938	 LLH-4	0.0012413306746886477	0.0012413306746886477
1943	 LLH-2	0.001248387501387231	0.0012413306746886477
1944	 LLH-1	0.0012413306746886477	0.0012413306746886477
1945	 LLH-6	0.0012411450837664711	0.0012411450837664711
1946	 LLH-5	0.0012417152441433167	0.0012411450837664711
1947	 LLH-0	0.0012418440014881587	0.0012411450837664711
1948	 LLH-2	0.0012484389614299486	0.0012411450837664711
1949	 LLH-6	0.0012408501895198557	0.0012408501895198557
1950	 LLH-2	0.0012474394012783395	0.0012408501895198557
1951	 LLH-3	0.0012441209889000246	0.0012408501895198557
1952	 LLH-6	0.0012409831300368651	0.0012408501895198557
1953	 LLH-4	0.0012408501895198557	0.0012408501895198557
1958	 LLH-6	0.001242444270426086	0.0012408501895198557
1959	 LLH-5	0.0012414836279707844	0.0012408501895198557
1960	 LLH-1	0.0012408501895198557	0.0012408501895198557
1961	 LLH-6	0.0012411276265835557	0.0012408501895198557
1962	 LLH-0	0.0012414405220479425	0.0012408501895198557
1963	 LLH-3	0.0012494889044611878	0.0012408501895198557
1964	 LLH-6	0.001241502103466382	0.0012408501895198557
1965	 LLH-1	0.0012408501895198557	0.0012408501895198557
1966	 LLH-5	0.001241223854472384	0.0012408501895198557
1967	 LLH-5	0.001241773659752776	0.0012408501895198557
1968	 LLH-2	0.0012538293881194215	0.0012408501895198557
1969	 LLH-1	0.0012408501895198557	0.0012408501895198557
1970	 LLH-5	0.0012405334879997986	0.0012405334879997986
1971	 LLH-3	0.0012757622856461662	0.0012405334879997986
1972	 LLH-2	0.0012473724648089804	0.0012405334879997986
1973	 LLH-3	0.0012887432422594718	0.0012405334879997986
1974	 LLH-2	0.001251052202888937	0.0012405334879997986
1975	 LLH-0	0.001241108727146543	0.0012405334879997986
1976	 LLH-1	0.0012405334879997986	0.0012405334879997986
1977	 LLH-6	0.001240913797143933	0.0012405334879997986
1978	 LLH-6	0.001241742074237792	0.0012405334879997986
1979	 LLH-0	0.0012412105829580468	0.0012405334879997986
1980	 LLH-2	0.0012454310227789415	0.0012405334879997986
1981	 LLH-4	0.0012405334879997986	0.0012405334879997986
1986	 LLH-6	0.0012407514079889005	0.0012405334879997986
1987	 LLH-0	0.0012410058754996226	0.0012405334879997986
1988	 LLH-0	0.001241295233898114	0.0012405334879997986
1989	 LLH-0	0.0012410381640041012	0.0012405334879997986
1990	 LLH-5	0.001240517636339155	0.001240517636339155
1991	 LLH-4	0.001240517636339155	0.001240517636339155
1996	 LLH-0	0.0012409800962855748	0.001240517636339155
1997	 LLH-2	0.0012544264544080957	0.001240517636339155
1998	 LLH-5	0.0012410084893437923	0.001240517636339155
1999	 LLH-1	0.001240517636339155	0.001240517636339155
GRID-Start
0.0	0.0
0.0	308.0385
0.0	616.077
0.0	924.1155
0.0	1232.154
0.0	1540.1925
0.0	1848.2310000000002
0.0	2156.2695000000003
0.0	2464.3080000000004
0.0	2772.3465000000006
0.0	3080.3850000000007
0.0	3388.423500000001
0.0	3696.462000000001
0.0	4004.500500000001
0.0	4312.539000000001
0.0	4620.5775
0.0	4928.616
0.0	5236.6545
0.0	5544.692999999999
0.0	5852.731499999999
0.0	6160.769999999999
0.0	6468.808499999998
308.0385	0.0
308.0385	308.0385
308.0385	616.077
308.0385	924.1155
308.0385	1232.154
308.0385	1540.1925
308.0385	1848.2310000000002
308.0385	2156.2695000000003
308.0385	2464.3080000000004
308.0385	2772.3465000000006
308.0385	3080.3850000000007
308.0385	3388.423500000001
308.0385	3696.462000000001
308.0385	4004.500500000001
308.0385	4312.539000000001
308.0385	4620.5775
308.0385	4928.616
308.0385	5236.6545
308.0385	5544.692999999999
308.0385	5852.731499999999
308.0385	6160.769999999999
308.0385	6468.808499999998
616.077	0.0
616.077	308.0385
616.077	616.077
616.077	924.1155
616.077	1232.154
616.077	1540.1925
616.077	1848.2310000000002
616.077	2156.2695000000003
616.077	2464.3080000000004
616.077	2772.3465000000006
616.077	3080.3850000000007
616.077	3388.423500000001
616.077	3696.462000000001
616.077	4004.500500000001
616.077	4312.539000000001
616.077	4620.5775
616.077	4928.616
616.077	5236.6545
616.077	5544.692999999999
616.077	5852.731499999999
616.077	6160.769999999999
616.077	6468.808499999998
924.1155	0.0
924.1155	308.0385
924.1155	616.077
924.1155	924.1155
924.1155	1232.154
924.1155	1540.1925
924.1155	1848.2310000000002
924.1155	2156.2695000000003
924.1155	2464.3080000000004
924.1155	2772.3465000000006
924.1155	3080.3850000000007
924.1155	3388.423500000001
924.1155	3696.462000000001
924.1155	4004.500500000001
924.1155	4312.539000000001
924.1155	4620.5775
924.1155	4928.616
924.1155	5236.6545
924.1155	5544.692999999999
924.1155	5852.731499999999
924.1155	6160.769999999999
924.1155	6468.808499999998
1232.154	0.0
1232.154	308.0385
1232.154	616.077
1232.154	924.1155
1232.154	1232.154
1232.154	1540.1925
1232.154	1848.2310000000002
1232.154	2156.2695000000003
1232.154	2464.3080000000004
1232.154	2772.3465000000006
1232.154	3080.3850000000007
1232.154	4620.5775
1232.154	4928.616
1232.154	5236.6545
1232.154	5544.692999999999
1232.154	5852.731499999999
1232.154	6160.769999999999
1232.154	6468.808499999998
1540.1925	0.0
1540.1925	308.0385
1540.1925	616.077
1540.1925	924.1155
1540.1925	1232.154
1540.1925	1540.1925
1540.1925	1848.2310000000002
1540.1925	2156.2695000000003
1540.1925	2464.3080000000004
1540.1925	2772.3465000000006
1540.1925	3080.3850000000007
1540.1925	4620.5775
1540.1925	4928.616
1540.1925	5236.6545
1540.1925	5544.692999999999
1540.1925	5852.731499999999
1540.1925	6160.769999999999
1540.1925	6468.808499999998
1848.2310000000002	0.0
1848.2310000000002	308.0385
1848.2310000000002	616.077
1848.2310000000002	924.1155
1848.2310000000002	1232.154
1848.2310000000002	1540.1925
1848.2310000000002	1848.2310000000002
1848.2310000000002	2156.2695000000003
1848.2310000000002	2464.3080000000004
1848.2310000000002	2772.3465000000006
1848.2310000000002	3080.3850000000007
1848.2310000000002	4620.5775
1848.2310000000002	4928.616
1848.2310000000002	5236.6545
1848.2310000000002	5544.692999999999
1848.2310000000002	5852.731499999999
1848.2310000000002	6160.769999999999
1848.2310000000002	6468.808499999998
2156.2695000000003	0.0
2156.2695000000003	308.0385
2156.2695000000003	616.077
2156.2695000000003	924.1155
2156.2695000000003	1232.154
2156.2695000000003	1540.1925
2156.2695000000003	1848.2310000000002
2156.2695000000003	2156.2695000000003
2156.2695000000003	2464.3080000000004
2156.2695000000003	2772.3465000000006
2156.2695000000003	3080.3850000000007
2156.2695000000003	4620.5775
2156.2695000000003	4928.616
2156.2695000000003	5236.6545
2156.2695000000003	5544.692999999999
2156.2695000000003	5852.731499999999
2156.2695000000003	6160.769999999999
2156.2695000000003	6468.808499999998
2464.3080000000004	0.0
2464.3080000000004	2464.3080000000004
2464.3080000000004	2772.3465000000006
2464.3080000000004	3080.3850000000007
2464.3080000000004	3388.423500000001
2464.3080000000004	3696.462000000001
2464.3080000000004	4004.500500000001
2464.3080000000004	4312.539000000001
2464.3080000000004	4620.5775
2464.3080000000004	4928.616
2464.3080000000004	5236.6545
2464.3080000000004	5544.692999999999
2464.3080000000004	5852.731499999999
2464.3080000000004	6160.769999999999
2464.3080000000004	6468.808499999998
2772.3465000000006	0.0
2772.3465000000006	2464.3080000000004
2772.3465000000006	2772.3465000000006
2772.3465000000006	3080.3850000000007
2772.3465000000006	3388.423500000001
2772.3465000000006	3696.462000000001
2772.3465000000006	4004.500500000001
2772.3465000000006	4312.539000000001
2772.3465000000006	4620.5775
2772.3465000000006	4928.616
2772.3465000000006	5236.6545
2772.3465000000006	5544.692999999999
2772.3465000000006	5852.731499999999
2772.3465000000006	6160.769999999999
2772.3465000000006	6468.808499999998
3080.3850000000007	0.0
3080.3850000000007	2464.3080000000004
3080.3850000000007	2772.3465000000006
3080.3850000000007	3080.3850000000007
3080.3850000000007	3388.423500000001
3080.3850000000007	3696.462000000001
3080.3850000000007	4004.500500000001
3080.3850000000007	4312.539000000001
3080.3850000000007	4620.5775
3080.3850000000007	4928.616
3080.3850000000007	5236.6545
3080.3850000000007	5544.692999999999
3080.3850000000007	5852.731499999999
3080.3850000000007	6160.769999999999
3080.3850000000007	6468.808499999998
3388.423500000001	0.0
3388.423500000001	2464.3080000000004
3388.423500000001	2772.3465000000006
3388.423500000001	3080.3850000000007
3388.423500000001	3388.423500000001
3388.423500000001	3696.462000000001
3388.423500000001	4004.500500000001
3388.423500000001	4312.539000000001
3388.423500000001	4620.5775
3388.423500000001	4928.616
3388.423500000001	5236.6545
3388.423500000001	5544.692999999999
3388.423500000001	5852.731499999999
3388.423500000001	6160.769999999999
3388.423500000001	6468.808499999998
3696.462000000001	0.0
3696.462000000001	308.0385
3696.462000000001	616.077
3696.462000000001	924.1155
3696.462000000001	1232.154
3696.462000000001	1540.1925
3696.462000000001	1848.2310000000002
3696.462000000001	2156.2695000000003
3696.462000000001	3388.423500000001
3696.462000000001	3696.462000000001
3696.462000000001	4004.500500000001
3696.462000000001	4312.539000000001
3696.462000000001	4620.5775
3696.462000000001	4928.616
3696.462000000001	5236.6545
3696.462000000001	5544.692999999999
3696.462000000001	5852.731499999999
3696.462000000001	6160.769999999999
3696.462000000001	6468.808499999998
4004.500500000001	0.0
4004.500500000001	308.0385
4004.500500000001	616.077
4004.500500000001	924.1155
4004.500500000001	1232.154
4004.500500000001	1540.1925
4004.500500000001	1848.2310000000002
4004.500500000001	2156.2695000000003
4004.500500000001	3388.423500000001
4004.500500000001	3696.462000000001
4004.500500000001	4004.500500000001
4004.500500000001	4312.539000000001
4004.500500000001	4620.5775
4004.500500000001	4928.616
4004.500500000001	5236.6545
4004.500500000001	5544.692999999999
4004.500500000001	5852.731499999999
4004.500500000001	6160.769999999999
4004.500500000001	6468.808499999998
4312.539000000001	0.0
4312.539000000001	308.0385
4312.539000000001	616.077
4312.539000000001	924.1155
4312.539000000001	1232.154
4312.539000000001	1540.1925
4312.539000000001	1848.2310000000002
4312.539000000001	2156.2695000000003
4312.539000000001	3388.423500000001
4312.539000000001	3696.462000000001
4312.539000000001	4004.500500000001
4312.539000000001	4312.539000000001
4312.539000000001	4620.5775
4312.539000000001	4928.616
4312.539000000001	5236.6545
4312.539000000001	5544.692999999999
4312.539000000001	5852.731499999999
4312.539000000001	6160.769999999999
4312.539000000001	6468.808499999998
4620.5775	0.0
4620.5775	308.0385
4620.5775	616.077
4620.5775	924.1155
4620.5775	1232.154
4620.5775	1540.1925
4620.5775	1848.2310000000002
4620.5775	2156.2695000000003
4620.5775	2464.3080000000004
4620.5775	2772.3465000000006
4620.5775	3080.3850000000007
4620.5775	3388.423500000001
4620.5775	3696.462000000001
4620.5775	4004.500500000001
4620.5775	4312.539000000001
4620.5775	4620.5775
4620.5775	4928.616
4620.5775	5236.6545
4620.5775	5544.692999999999
4620.5775	5852.731499999999
4620.5775	6160.769999999999
4620.5775	6468.808499999998
4928.616	0.0
4928.616	308.0385
4928.616	616.077
4928.616	924.1155
4928.616	1232.154
4928.616	1540.1925
4928.616	1848.2310000000002
4928.616	2156.2695000000003
4928.616	2464.3080000000004
4928.616	2772.3465000000006
4928.616	3080.3850000000007
4928.616	3388.423500000001
4928.616	3696.462000000001
4928.616	4004.500500000001
4928.616	4312.539000000001
4928.616	4620.5775
4928.616	4928.616
4928.616	5236.6545
4928.616	5544.692999999999
4928.616	5852.731499999999
4928.616	6160.769999999999
4928.616	6468.808499999998
5236.6545	0.0
5236.6545	308.0385
5236.6545	616.077
5236.6545	924.1155
5236.6545	1232.154
5236.6545	1540.1925
5236.6545	1848.2310000000002
5236.6545	2156.2695000000003
5236.6545	2464.3080000000004
5236.6545	2772.3465000000006
5236.6545	3080.3850000000007
5236.6545	3388.423500000001
5236.6545	3696.462000000001
5236.6545	4004.500500000001
5236.6545	4312.539000000001
5236.6545	4620.5775
5236.6545	4928.616
5236.6545	5236.6545
5236.6545	5544.692999999999
5236.6545	5852.731499999999
5236.6545	6160.769999999999
5236.6545	6468.808499999998
5544.692999999999	0.0
5544.692999999999	308.0385
5544.692999999999	616.077
5544.692999999999	924.1155
5544.692999999999	1232.154
5544.692999999999	1540.1925
5544.692999999999	1848.2310000000002
5544.692999999999	2156.2695000000003
5544.692999999999	2464.3080000000004
5544.692999999999	2772.3465000000006
5544.692999999999	3080.3850000000007
5544.692999999999	3388.423500000001
5544.692999999999	3696.462000000001
5544.692999999999	4004.500500000001
5544.692999999999	4312.539000000001
5544.692999999999	4620.5775
5544.692999999999	4928.616
5544.692999999999	5236.6545
5544.692999999999	5544.692999999999
5544.692999999999	5852.731499999999
5544.692999999999	6160.769999999999
5544.692999999999	6468.808499999998
5852.731499999999	0.0
5852.731499999999	308.0385
5852.731499999999	616.077
5852.731499999999	924.1155
5852.731499999999	1232.154
5852.731499999999	1540.1925
5852.731499999999	1848.2310000000002
5852.731499999999	2156.2695000000003
5852.731499999999	2464.3080000000004
5852.731499999999	2772.3465000000006
5852.731499999999	3080.3850000000007
5852.731499999999	3388.423500000001
5852.731499999999	3696.462000000001
5852.731499999999	4004.500500000001
5852.731499999999	4312.539000000001
5852.731499999999	4620.5775
5852.731499999999	4928.616
5852.731499999999	5236.6545
5852.731499999999	5544.692999999999
5852.731499999999	5852.731499999999
5852.731499999999	6160.769999999999
5852.731499999999	6468.808499999998
6160.769999999999	0.0
6160.769999999999	308.0385
6160.769999999999	616.077
6160.769999999999	924.1155
6160.769999999999	1232.154
6160.769999999999	1540.1925
6160.769999999999	1848.2310000000002
6160.769999999999	2156.2695000000003
6160.769999999999	2464.3080000000004
6160.769999999999	2772.3465000000006
6160.769999999999	3080.3850000000007
6160.769999999999	3388.423500000001
6160.769999999999	3696.462000000001
6160.769999999999	4004.500500000001
6160.769999999999	4312.539000000001
6160.769999999999	4620.5775
6160.769999999999	4928.616
6160.769999999999	5236.6545
6160.769999999999	5544.692999999999
6160.769999999999	5852.731499999999
6160.769999999999	6160.769999999999
6160.769999999999	6468.808499999998
6468.808499999998	0.0
6468.808499999998	308.0385
6468.808499999998	616.077
6468.808499999998	924.1155
6468.808499999998	1232.154
6468.808499999998	1540.1925
6468.808499999998	1848.2310000000002
6468.808499999998	2156.2695000000003
6468.808499999998	2464.3080000000004
6468.808499999998	2772.3465000000006
6468.808499999998	3080.3850000000007
6468.808499999998	3388.423500000001
6468.808499999998	3696.462000000001
6468.808499999998	4004.500500000001
6468.808499999998	4312.539000000001
6468.808499999998	4620.5775
6468.808499999998	4928.616
6468.808499999998	5236.6545
6468.808499999998	5544.692999999999
6468.808499999998	5852.731499999999
6468.808499999998	6160.769999999999
6468.808499999998	6468.808499999998
6776.846999999998	0.0
6776.846999999998	308.0385
6776.846999999998	616.077
6776.846999999998	924.1155
6776.846999999998	1232.154
6776.846999999998	1540.1925
6776.846999999998	1848.2310000000002
6776.846999999998	2156.2695000000003
6776.846999999998	2464.3080000000004
6776.846999999998	2772.3465000000006
6776.846999999998	3080.3850000000007
6776.846999999998	3388.423500000001
6776.846999999998	3696.462000000001
6776.846999999998	4004.500500000001
6776.846999999998	4312.539000000001
6776.846999999998	4620.5775
6776.846999999998	4928.616
6776.846999999998	5236.6545
6776.846999999998	5544.692999999999
6776.846999999998	5852.731499999999
6776.846999999998	6160.769999999999
6776.846999999998	6468.808499999998
7084.885499999998	0.0
7084.885499999998	308.0385
7084.885499999998	616.077
7084.885499999998	924.1155
7084.885499999998	1232.154
7084.885499999998	1540.1925
7084.885499999998	1848.2310000000002
7084.885499999998	2156.2695000000003
7084.885499999998	2464.3080000000004
7084.885499999998	2772.3465000000006
7084.885499999998	3080.3850000000007
7084.885499999998	3388.423500000001
7084.885499999998	3696.462000000001
7084.885499999998	4004.500500000001
7084.885499999998	4312.539000000001
7084.885499999998	4620.5775
7084.885499999998	4928.616
7084.885499999998	5236.6545
7084.885499999998	5544.692999999999
7084.885499999998	5852.731499999999
7084.885499999998	6160.769999999999
7084.885499999998	6468.808499999998
7392.923999999997	0.0
7392.923999999997	308.0385
7392.923999999997	616.077
7392.923999999997	924.1155
7392.923999999997	1232.154
7392.923999999997	1540.1925
7392.923999999997	1848.2310000000002
7392.923999999997	2156.2695000000003
7392.923999999997	2464.3080000000004
7392.923999999997	2772.3465000000006
7392.923999999997	3080.3850000000007
7392.923999999997	3388.423500000001
7392.923999999997	3696.462000000001
7392.923999999997	4004.500500000001
7392.923999999997	4312.539000000001
7392.923999999997	4620.5775
7392.923999999997	4928.616
7392.923999999997	5236.6545
7392.923999999997	5544.692999999999
7392.923999999997	5852.731499999999
7392.923999999997	6160.769999999999
7392.923999999997	6468.808499999998
7700.962499999997	0.0
7700.962499999997	308.0385
7700.962499999997	616.077
7700.962499999997	924.1155
7700.962499999997	1232.154
7700.962499999997	1540.1925
7700.962499999997	1848.2310000000002
7700.962499999997	2156.2695000000003
7700.962499999997	2464.3080000000004
7700.962499999997	2772.3465000000006
7700.962499999997	3080.3850000000007
7700.962499999997	3388.423500000001
7700.962499999997	3696.462000000001
7700.962499999997	4004.500500000001
7700.962499999997	4312.539000000001
7700.962499999997	4620.5775
7700.962499999997	4928.616
7700.962499999997	5236.6545
7700.962499999997	5544.692999999999
7700.962499999997	5852.731499999999
7700.962499999997	6160.769999999999
7700.962499999997	6468.808499999998
8009.000999999997	0.0
8009.000999999997	308.0385
8009.000999999997	616.077
8009.000999999997	924.1155
8009.000999999997	1232.154
8009.000999999997	1540.1925
8009.000999999997	1848.2310000000002
8009.000999999997	2156.2695000000003
8009.000999999997	2464.3080000000004
8009.000999999997	2772.3465000000006
8009.000999999997	3080.3850000000007
8009.000999999997	3388.423500000001
8009.000999999997	3696.462000000001
8009.000999999997	4004.500500000001
8009.000999999997	4312.539000000001
8009.000999999997	4620.5775
8009.000999999997	4928.616
8009.000999999997	5236.6545
8009.000999999997	5544.692999999999
8009.000999999997	5852.731499999999
8009.000999999997	6160.769999999999
8009.000999999997	6468.808499999998
8317.039499999997	0.0
8317.039499999997	308.0385
8317.039499999997	616.077
8317.039499999997	924.1155
8317.039499999997	1232.154
8317.039499999997	1540.1925
8317.039499999997	1848.2310000000002
8317.039499999997	2156.2695000000003
8317.039499999997	2464.3080000000004
8317.039499999997	2772.3465000000006
8317.039499999997	3080.3850000000007
8317.039499999997	3388.423500000001
8317.039499999997	3696.462000000001
8317.039499999997	4004.500500000001
8317.039499999997	4312.539000000001
8317.039499999997	4620.5775
8317.039499999997	4928.616
8317.039499999997	5236.6545
8317.039499999997	5544.692999999999
8317.039499999997	5852.731499999999
8317.039499999997	6160.769999999999
8317.039499999997	6468.808499999998
8625.077999999998	0.0
8625.077999999998	308.0385
8625.077999999998	616.077
8625.077999999998	924.1155
8625.077999999998	1232.154
8625.077999999998	1540.1925
8625.077999999998	1848.2310000000002
8625.077999999998	2156.2695000000003
8625.077999999998	2464.3080000000004
8625.077999999998	2772.3465000000006
8625.077999999998	3080.3850000000007
8625.077999999998	3388.423500000001
8625.077999999998	3696.462000000001
8625.077999999998	4004.500500000001
8625.077999999998	4312.539000000001
8625.077999999998	4620.5775
8625.077999999998	4928.616
8625.077999999998	5236.6545
8625.077999999998	5544.692999999999
8625.077999999998	5852.731499999999
8625.077999999998	6160.769999999999
8625.077999999998	6468.808499999998
8933.116499999998	0.0
8933.116499999998	308.0385
8933.116499999998	616.077
8933.116499999998	924.1155
8933.116499999998	1232.154
8933.116499999998	1540.1925
8933.116499999998	1848.2310000000002
8933.116499999998	2156.2695000000003
8933.116499999998	2464.3080000000004
8933.116499999998	2772.3465000000006
8933.116499999998	3080.3850000000007
8933.116499999998	3388.423500000001
8933.116499999998	3696.462000000001
8933.116499999998	4004.500500000001
8933.116499999998	4312.539000000001
8933.116499999998	4620.5775
8933.116499999998	4928.616
8933.116499999998	5236.6545
8933.116499999998	5544.692999999999
8933.116499999998	5852.731499999999
8933.116499999998	6160.769999999999
8933.116499999998	6468.808499999998
GRID-End
num_of_evaluations 2000
best obj 0.001240283113995095
LLH0	43
LLH1	27
LLH2	49
LLH3	53
LLH4	116
LLH5	87
LLH6	82